0.3936119203333333
0.32572504599999996
0.2563175721333333
0.18240765266666664
0.12442995386666664
0.1478676211333333
0.1467107877333333
0.12403817326666665
0.10974391859999999
0.13648024633333333
0.1609644845333333
0.1596760316
0.13867145139999998
0.11123006706666666
0.07861809960000002
0.05208499433333334
0.057367800133333334
0.0675203882
0.0822925782
0.09139723320000001
0.10012986900000002
0.10241809893333334
0.10118867766666666
0.09432669693333333
0.07714157606666668
0.05264734926666666
0.044650110800000004
0.049807115066666664
0.05879565806666666
0.0708867922
0.08264115653333333
0.08805384206666665
0.084615505
0.0771215776
0.07037223473333333
0.06020931606666666
0.05366402179999999
0.057816023666666654
0.06261215106666666
0.06863448973333333
0.0744923994
0.07452985686666666
0.07044165753333333
0.06823466766666668
0.0653654622
0.0600222924
0.052068929199999996
0.050913014733333324
0.05495665546666666
0.057459736666666664
0.06249737653333332
0.07011722066666666
0.07373588806666667
0.0699355654
0.06705981313333334
0.0613852022
0.05870162093333334
0.057969181133333346
0.05393391960000001
0.04790193706666667
0.04616670266666667
0.04793197426666666
0.047470789000000006
0.04454072513333332
0.04519077453333332
0.04442493413333333
0.0347149858
0.024197322333333337
0.02378313406666667
0.025316224200000004
0.029897932600000007
0.033366218333333336
0.03870743566666667
0.046159375066666675
0.056357953066666674
0.06417393853333334
0.0620564574
0.05888876760000001
0.056351314000000007
0.05294018933333334
0.05028011533333334
0.05212772666666667
0.054356508866666674
0.05875138946666668
0.06024719573333335
0.06260428053333335
0.06655620560000002
0.0662616266
0.059801864266666664
0.05129643479999999
0.04505796166666666
0.04913710739999999
0.05176069086666666
0.051830351266666665
0.05321086473333333
0.05536923153333333
0.05721167133333333
0.05783651746666666
0.05374155886666667
0.04930925733333334
0.04638001293333333
0.042816875066666656
0.04249899746666666
0.0427764642
0.04493235466666667
0.0444180808
0.0395075762
0.038831964200000006
0.041045766600000005
0.03820173993333333
0.03499624586666666
0.0349570144
0.0355284478
0.0387711102
0.04250978800000001
0.04182772986666668
0.040590644066666674
0.037834406999999994
0.03628587253333334
0.03185310326666667
0.028332518866666666
0.02808403926666667
0.029916402533333334
0.03150651473333333
0.03787066073333333
0.04566597646666667
0.04898689393333333
0.04987866053333333
0.049786231733333325
0.0491953898
0.050687008
0.0487522542
0.0472335534
0.046205781933333336
0.0470919468
0.050439703466666666
0.05315143213333333
0.0531071854
0.05296857373333333
0.051626006466666666
0.0481272892
0.042321465999999995
0.039194510933333336
0.03438442426666667
0.02967619653333333
0.026306399
0.026154609400000004
0.026873745
0.027316743666666674
0.027986496066666665
0.027414399533333335
0.027082152333333328
0.027813150533333334
0.027236130266666665
0.02559362586666667
