0.5695343035
0.5208689309000001
0.4827765727
0.451001956
0.4359130265
0.5131028501
0.48840261789999995
0.4513602013
0.4170556785
0.4429477792
0.4336914071
0.4172714223
0.394893905
0.3690637229
0.3521935535
0.3492083573
0.3667273553
0.36244703229999997
0.36102603429999996
0.3515957112
0.3458294155
0.3408215455
0.335197902
0.3277689575
0.310526173
0.29375369949999997
0.2965469013
0.29791190489999997
0.3046810948
0.3042983157
0.3144566319
0.31090933499999995
0.31277780149999995
0.3103208595
0.306671186
0.29830833659999995
0.2957871377
0.2982366291
0.2906193397
0.29499293290000006
0.29047002650000003
0.2902235569
0.2865027308
0.2824015928
0.2791417287
0.27438623669999995
0.2654183024
0.2618652277
0.26725468020000004
0.2685539409
0.2636097029
0.2606073551
0.2561926405
0.2557205448
0.2510341186
0.2490276999
0.250424115
0.25738068180000007
0.2510928812
0.2536574831000001
0.25942713770000003
0.25425738789999996
0.24302684680000003
0.23745902619999998
0.23199145329999998
0.22531634489999997
0.21944855359999998
0.2106052424
0.2103652567
0.20723622570000005
0.20662766360000004
0.2025411
0.2009966231
0.19877253239999998
0.20515920140000002
0.20420101340000002
0.20061576720000002
0.20133560409999998
0.2099568643
0.21761034610000002
0.22622895030000004
0.22873791240000002
0.22672450400000002
0.21686355670000004
0.20816320610000005
0.20115754140000003
0.19783650339999997
0.19353093400000002
0.1897770536
0.1796916436
0.1712629444
0.18045645400000002
0.1881441072
0.19572278579999997
0.1941044837
0.2009516823
0.20688753199999996
0.2018969974
0.186869708
0.1775783356
0.1733851891
0.16528689400000002
0.1614257029
0.1588626236
0.1579189248
0.1558403291
0.1517377304
0.1551385731
0.1612747537
0.1641082265
0.165327418
0.1603103127
0.15807261420000002
0.15343058620000002
0.15025282599999998
0.1438683284
0.14030009699999998
0.1404115665
0.1451324168
0.14846731929999998
0.14336045459999996
0.14866734929999997
0.14992454499999996
0.15332880459999998
0.152702779
0.15004035720000003
0.1476081642
0.14908406710000005
0.14224977519999998
0.1416366113
0.15267025979999999
0.1553352252
0.1564011753
0.1593771916
0.1657857799
0.17080998
0.16849110850000001
0.16013062020000002
0.15748893570000003
0.1549619296
0.1463401121
0.1403318348
0.13817427080000003
0.13194661489999998
0.1291972195
0.1281829117
0.12552513599999998
0.1254752695
0.12191950500000001
0.11555063970000004
0.1088618412
0.10463512439999997
0.10201413909999998
0.1043794321
0.1057741118
0.1050318661
0.1106650433
0.1127993628
0.1131648332
0.11314139959999998
