0.61619583896
0.59389294972
0.5679666537199999
0.5424573911599999
0.5238912863599999
0.53610574804
0.5271550653999999
0.5158833870799999
0.5100221435200001
0.52424247676
0.52451399952
0.5171181474400001
0.50045948876
0.4861470472399999
0.4671590403199999
0.45473070047999997
0.4581702202
0.45798472804
0.45950488196
0.45974795256000006
0.46446475052
0.46372688324
0.45516393080000006
0.44434180564000003
0.4320860524
0.41871202764
0.41681657488
0.41932392247999994
0.4195096701999999
0.4205793590399999
0.42735342243999996
0.4269364769999999
0.4225197267599999
0.4162055349199999
0.4099575636
0.3954375006
0.38933570184
0.39284955752
0.39059854092
0.39118241260000003
0.3905539512800001
0.3914235190800001
0.38725460508000004
0.38061416112
0.3791227818399999
0.37507681911999996
0.36566423015999994
0.36030934271999987
0.36008657283999995
0.35664647544
0.35358297144
0.35001162204
0.3461017450400001
0.3440104522800001
0.3412353709200001
0.33746353512000016
0.32939059048000013
0.3238214561200001
0.3207724494
0.3212157772000001
0.3223611692000001
0.31794486868000005
0.31287132324
0.31154048395999995
0.31394226348
0.31372293511999993
0.30755746264
0.29895894304
0.29365585624
0.286530871
0.27971714976
0.27903574332000003
0.27896991104
0.27987648152
0.28009341295999995
0.27910777988
0.27945931532
0.27746484892
0.27430799844000003
0.26795828367999996
0.26498814876
0.26806279455999993
0.26619334695999997
0.26177077076
0.25561892836
0.25560014436
0.25532162488
0.25132232035999996
0.24510839775999999
0.23670051879999998
0.23026358776
0.23010028608
0.2314211245599999
0.23267185347999994
0.23140476215999997
0.23455314111999997
0.23147614652
0.23092983076000004
0.22209259512
0.21833583800000003
0.21476528376
0.20987188828
0.20719870808000004
0.20772820088
0.20989716647999998
0.2070967418
0.2046987258
0.20673406276
0.20776189208
0.20540615264
0.19993936071999996
0.19785400395999997
0.19931999047999993
0.19890179323999999
0.20043568291999997
0.20358756019999993
0.20469183404
0.20408770203999996
0.20447340611999998
0.20443988532
0.20031978647999998
0.19884153387999998
0.19486675452
0.19617469236
0.19770873348
0.19903493852000004
0.19880132368000003
0.19827646592000003
0.19383671184000004
0.19068814208000004
0.18961499756000003
0.18466128624000003
0.18080707764
0.17756736960000002
0.17764086652
0.17839654111999997
0.17695075608
0.17392606844
0.17304552356
0.17205076632000002
0.16602422311999998
0.16263159575999997
0.16075633256
0.15654208328
0.15355286436
