0.7385718466
0.6335195223000001
0.547046637
0.5711526721
0.5121178361000001
0.4482611202999999
0.381020566
0.3149734545
0.25228170910000003
0.18977487769999998
0.1492206721
0.17435787390000002
0.176086054
0.17862352609999999
0.18239177329999998
0.17424526179999997
0.1528089345
0.1284147197
0.1060335747
0.0876770566
0.07575290850000001
0.0743765559
0.09684713419999999
0.094454573
0.09679340500000001
0.0936297926
0.10548277970000002
0.10712899979999999
0.10219560760000002
0.09269951559999999
0.0790761801
0.0697743888
0.0748503584
0.0836943072
0.08069331969999999
0.07659541559999998
0.08265435679999998
0.08606430749999999
0.0855403793
0.0896778033
0.09630206890000001
0.1029186559
0.09877233490000001
0.1051988492
0.10122918110000001
0.09971083680000001
0.07956463040000002
0.07689764080000001
0.08134481840000002
0.0922656401
0.09543270559999999
0.08888548260000001
0.082837384
0.0804063685
0.0894608204
0.087723771
0.0904621642
0.09105000510000001
0.08542521300000001
0.0662314289
0.0628817099
0.071198669
0.0811305827
0.0872034138
0.08520330990000001
0.089002734
0.08498417030000001
0.0849024367
0.09434267150000002
0.10257748580000003
0.09591637550000001
0.0884034284
0.0826590601
0.07849479029999999
0.08636973550000002
0.084816213
0.0865526356
0.0757601674
0.0674658039
0.0650758703
0.06451062900000001
0.06176582109999999
0.0576802587
0.0547138911
0.05734773960000002
0.0683529876
0.075001171
0.0873910464
0.0880966989
0.0848847916
0.087862593
0.0870754127
0.0823273168
0.0794701731
0.07164578469999999
0.06399933020000001
0.0628316255
0.05791398799999999
0.053445812599999996
0.05237852430000001
0.059482486900000006
0.058991921
0.0622267358
0.0704057892
0.069218713
0.06886085620000001
0.0651376598
0.06220282070000001
0.0654338333
0.06267664240000001
0.051592954
0.0516478521
0.049900417600000004
0.0451662442
0.044069581700000006
0.045056106400000004
0.047310145199999994
0.051310451599999994
0.0471019105
0.045531963200000004
0.0427749901
0.0367837492
0.0368111952
0.0362746801
0.0392870523
0.04105215720000001
0.0422664902
0.0432118195
0.050104914300000004
0.0579676258
0.060604698400000004
0.06160591099999999
0.05693449399999999
0.05341181939999999
0.048903677699999995
0.0455865018
0.0438603578
0.0412690939
0.035619507
0.0306876186
0.0322578196
0.03583645170000001
0.040592117500000004
0.0449649147
0.043713619700000005
0.0412566419
0.0395633195
0.03933427120000001
0.04171016970000001
0.0439301804
0.04376937000000001
0.0454379834
0.044385406599999996
0.04146503950000001
0.043631012399999995
0.047499944700000005
0.0480591926
0.0481327578
0.0476224477
0.0480617519
