0.5689357702
0.5538745648
0.5936914568
0.8463056380000001
0.9295467892000001
0.908207923
0.7131644798
0.5004018172
0.2959997062
0.09468888299999999
-0.011685682399999998
0.0488766522
0.1295450918
0.20856371199999998
0.2848608724
0.31012702659999997
0.2998390956
0.2226270162
0.14868334019999999
0.07992267420000002
0.038363497
0.005778773400000001
0.0342024232
0.0633838092
0.095431439
0.11314231999999999
0.1429743384
0.15949184519999998
0.1255253368
0.09815537099999999
0.0741172652
0.067991221
0.0547661544
0.0788658784
0.08724366019999999
0.08403509499999999
0.07155755659999999
0.0949345624
0.08852273600000002
0.07414297920000001
0.06915573620000001
0.093751157
0.07719405260000001
0.0825580226
0.1052126274
0.12344840160000001
0.11208615479999999
0.1203506172
0.12783967580000002
0.09724573480000001
0.075973272
0.04704310600000001
0.033444664400000004
0.034849961
0.0872855454
0.1148921392
0.13072785920000002
0.1322301036
0.125962776
0.09163609539999999
0.060555402800000005
0.0501964692
0.0498699066
0.04488765
0.04082676240000001
0.06520801700000001
0.0922008688
0.1123912588
0.1295191776
0.12957985740000003
0.112797451
0.0777674718
0.05741361460000001
0.059166165400000005
0.0755751142
0.0790353
0.09903938500000001
0.1079045056
0.0978234152
0.09716435679999999
0.090597126
0.0740658862
0.0436158292
0.03710819259999999
0.032987383800000006
0.038424132
0.049465756
0.07174468819999999
0.0723195896
0.0817080954
0.0982818432
0.100536586
0.1030374046
0.1038738082
0.0880614878
0.07744334280000001
0.0736142394
0.061617228999999996
0.05506653800000001
0.0552300816
0.050555317599999997
0.05204901159999999
0.054210747000000004
0.051825087199999995
0.04952696699999999
0.0684096562
0.0659348304
0.0702427246
0.0889864912
0.088910459
0.0693120562
0.0643404892
0.054162916799999995
0.041881175400000005
0.0364428258
0.0338738518
0.038955215
0.0456379184
0.048451312999999996
0.05169633760000001
0.056238361
0.0556650754
0.056982984800000004
0.045752508
0.0393675888
0.0293116192
0.017902423
0.0166394056
0.0267968522
0.039206515799999994
0.0527926952
0.0666305574
0.06978423339999999
0.0734129764
0.07672873579999999
0.06841670159999999
0.0565812646
0.0440847546
0.0334106624
0.021078619599999997
0.022756302
0.031139451000000002
0.0384534332
0.0378283516
0.0402966176
0.0417593372
0.040533452399999996
0.0427308018
0.052101477800000004
0.0471306218
0.0407539466
0.0385931866
0.035937740600000004
0.031318861600000004
0.040729739
0.0467847934
0.052282780200000004
0.05283307260000001
0.051611217400000006
0.0465322858
0.048215096
0.04383560500000001
0.043432443
0.043633677999999995
0.049591218
