0.7899724592
0.6968594206
0.6375098337999999
0.6872366464999999
0.6428862367999999
0.6012826887999999
0.5548747675
0.5059707771
0.46326230719999995
0.42365389929999997
0.4027756592
0.43948482489999996
0.4316160538
0.418899036
0.4287610338
0.42840060319999995
0.41135732649999995
0.3903662768999999
0.3672182642
0.3485396175
0.33956167839999996
0.3305929806
0.35442773710000003
0.32901606930000005
0.3169734967
0.3068325155
0.3153452339
0.32432627950000004
0.3239999453
0.3133636242
0.30013455229999997
0.2967491019
0.2906760422
0.30421085969999995
0.3034140274
0.28728173979999994
0.28601243109999996
0.2831959687
0.2790176876
0.27970829799999997
0.278870773
0.28059874249999994
0.28963323459999996
0.30262846979999997
0.2825733516
0.27948579490000003
0.26445276370000004
0.2588565514
0.2665230535
0.27449865430000003
0.2760000036
0.27394150450000004
0.267145682
0.2636088703
0.2870515493
0.2847907803
0.2739281441
0.269974649
0.2577965411
0.24123411949999998
0.2366306615
0.232812829
0.23774503069999997
0.2416017563
0.235636651
0.24124739159999997
0.23849596339999998
0.23113480540000003
0.2364554482
0.2424954483
0.2338815359
0.23092441400000002
0.224906513
0.21694071630000003
0.22337029400000002
0.22387388630000005
0.22445157780000002
0.22171484879999998
0.2055519629
0.1979517843
0.19923759279999997
0.19859145169999998
0.19411902069999998
0.19073315789999998
0.1878765851
0.1915102512
0.2040364819
0.2108305459
0.21887551730000002
0.21140732499999998
0.207657231
0.1988312624
0.1921991161
0.1896082512
0.1853000351
0.1799397123
0.17826227040000003
0.1726873798
0.1664827429
0.17430991010000002
0.18588709009999999
0.1866621306
0.1856585737
0.1876799045
0.18573359279999999
0.18157674620000003
0.1726353497
0.1673472557
0.1724754194
0.16295273889999998
0.1522741205
0.15680938429999997
0.16084059850000001
0.16087711779999997
0.1597107644
0.15973046179999997
0.16349997019999998
0.16724822439999998
0.1589027254
0.15878216160000003
0.1538276912
0.1468910554
0.14115464849999998
0.1409364655
0.14176486920000003
0.14262066639999998
0.1419097549
0.1442054709
0.15044162519999998
0.1553572519
0.1566228506
0.15456230310000002
0.15040512030000003
0.14743472130000002
0.1411062827
0.1369128071
0.13300826850000003
0.130522596
0.12644890469999998
0.1257931511
0.1303030206
0.12907653030000002
0.1340779594
0.1341567511
0.1325994729
0.13101004130000002
0.12645481900000002
0.12586505890000002
0.1233465431
0.12331311340000002
0.12019106390000003
0.12750753070000004
0.12208942330000001
0.1153253017
0.1207556044
0.1267480103
0.13156314749999998
0.13239245759999999
0.1291716266
0.1278658206
