0.6893184179999999
0.6833484086
0.7264384452
0.9195879299999999
0.9672479558000001
0.932825034
0.7680090288000001
0.645213461
0.5759038287999999
0.4530724098
0.43501243619999996
0.5319556139999999
0.5753154452
0.577346424
0.640608379
0.6321721962
0.6137253568000001
0.525891238
0.492107136
0.4535284528
0.4625430736
0.4512698472
0.5058525894000001
0.49727600680000006
0.5004836968
0.4807167802
0.46736370120000004
0.469479853
0.4003071428
0.3648612066
0.35642458860000004
0.38030222999999996
0.3971235152
0.46895194780000005
0.48539803260000003
0.46693217639999995
0.44675046399999996
0.4081608514
0.3613842128
0.3520846724
0.3256636066
0.334853342
0.36135123199999997
0.3976968942
0.40086833980000003
0.4217846602
0.4044371524
0.40857755000000007
0.41046640300000004
0.33834880479999996
0.3132865226
0.3061788756
0.28717152339999996
0.2959613726
0.38015595299999994
0.40554684639999994
0.42213542340000004
0.42271987720000004
0.40722108599999995
0.38972627719999997
0.35089863400000004
0.2982251966
0.28481532960000006
0.273494247
0.26005558379999993
0.2848890058
0.311783569
0.33067353600000005
0.34549707659999995
0.33820464520000004
0.3385399368
0.31215396759999997
0.2720418304
0.2650954048
0.28186449059999996
0.2650082912
0.2889818978
0.3174060174
0.3049680716
0.300059435
0.3113087778
0.2836486496
0.26044746859999995
0.23386930660000002
0.22023769359999998
0.2127973472
0.24073798579999997
0.25311445079999995
0.2725053404
0.2779266488
0.2860171532
0.288710691
0.282127075
0.28316501279999995
0.2635251878
0.24129244620000004
0.21587468420000003
0.20974634219999996
0.2018566202
0.21581805639999999
0.2299217718
0.2487198786
0.2444911744
0.2412376762
0.24423772139999994
0.2566768104
0.24152404499999997
0.2384050534
0.23839921319999996
0.2299381364
0.205788888
0.2006132
0.19012342499999998
0.20142152060000001
0.18689243219999999
0.18992601920000002
0.2045806408
0.2287941934
0.221108736
0.2327014994
0.22901033380000002
0.22203042580000001
0.206783967
0.191585417
0.182158939
0.1777080376
0.1703195172
0.16854809899999998
0.1834527448
0.19014886140000004
0.1930189786
0.1970630752
0.2026358916
0.2015526876
0.20289488259999997
0.1995446454
0.1903503738
0.1789278018
0.1766542304
0.1616720472
0.15604771899999997
0.15479195639999999
0.16054835039999998
0.15447945999999996
0.16928621319999998
0.1839494732
0.1780103858
0.1813542646
0.18266797699999998
0.16532395679999998
0.15032257580000002
0.1477333214
0.1438568608
0.13309569000000002
0.1522265706
0.1580438924
0.18069602499999998
0.170450122
0.1669364226
0.1647635446
0.1710380508
0.1601587052
0.17052638299999998
0.16440647320000001
0.158381753
