0.6723320210999999
0.64925960205
0.61821464735
0.6412363297
0.62861429935
0.615638185
0.5912399617
0.5630681834
0.5356583489
0.5119232346
0.50261112155
0.5160786298000001
0.5191347814
0.49175917739999997
0.4898704338
0.48296415965
0.47816528379999995
0.4745867989
0.46466055835
0.4510678471999999
0.44165415469999986
0.4364215605999999
0.4451542022499999
0.43197982755000003
0.42570690210000006
0.40743428795
0.40731743430000006
0.40902886290000007
0.4070850494000001
0.40080306285
0.39270125795000005
0.3915857971
0.39380328715
0.40962486445
0.3941749624
0.3819167414499999
0.3730549584999999
0.36631528919999995
0.36637722064999995
0.36786444249999994
0.36657040895
0.36690119835
0.36995504565
0.3778364389500001
0.3772748437000001
0.3728791658
0.35774416200000003
0.3508210700500001
0.3467857771500001
0.3420716547
0.33865525220000003
0.33458076615000004
0.33134506655
0.33054344555
0.3420356148
0.34496860575
0.33607453914999996
0.32756264329999996
0.3228269536
0.3174627492
0.30983396695
0.30278615775000006
0.30123417835
0.29726369999999996
0.29504603865
0.29993650290000007
0.2991420210000001
0.2951422131
0.2873574649
0.2850915661000001
0.28191358825
0.28138062520000007
0.2757524418
0.26910953085
0.27002206700000003
0.2687828923500001
0.27551980605000004
0.27827375295
0.27362693285000006
0.2654372413
0.26285393110000005
0.25724300265
0.25135883415
0.24784906999999995
0.24437689665
0.2425071796
0.24851080990000002
0.2473697606
0.24969116240000006
0.25037690360000003
0.25347704540000005
0.2487073247
0.24369241125000002
0.24116463059999999
0.23837977550000003
0.23341997910000006
0.22668295195000004
0.22069149875
0.22072875755000002
0.21922158659999996
0.22057837235000002
0.22385944109999997
0.22545346155000004
0.2255417865
0.22344244734999993
0.22035051284999999
0.21718707789999997
0.21602665969999996
0.21312872169999997
0.20792275174999997
0.20060831964999998
0.19938594594999998
0.19856242109999997
0.19939210459999995
0.19797543299999995
0.19741584229999995
0.19849841475
0.20169053774999995
0.19942489635
0.20197604560000001
0.19982049885000003
0.19494084799999997
0.18922393985000002
0.18831126995000003
0.18421868255
0.18157984515
0.17813123065
0.17766503570000003
0.1790347807
0.18100050110000002
0.18314020405000003
0.18005394780000003
0.18086657710000004
0.17883858875000003
0.17479427495
0.17246610335
0.16772150935000002
0.1661718194
0.16172433935000002
0.16212719695
0.1620909151
0.16530792215000004
0.16405239945000002
0.15929488740000003
0.16290007130000003
0.16583849805
0.16664960935000003
0.16654690760000002
0.1617766407
0.16017395625000003
