0.6054313230333332
0.5859453261000002
0.5746985053000001
0.5770880780666666
0.5633003501333335
0.5499490181333334
0.5354376296666669
0.5198126836333334
0.5019820810333334
0.4829920296000001
0.4723002085333334
0.48189453553333345
0.4803039153666667
0.4662288117
0.46616074003333335
0.45407540360000004
0.4490441568666666
0.4446432131666666
0.4362872234
0.42620406683333323
0.4190108142666666
0.41416278946666657
0.42509093183333324
0.42268043456666665
0.4070074588333333
0.39413472243333325
0.3899809608666667
0.38864408750000007
0.38912799553333344
0.3869528348666667
0.3816064001333334
0.3824429145666668
0.3808507582000001
0.3902803194000001
0.3910970133000001
0.38068540769999987
0.36876340899999993
0.3621327272666665
0.3577040359333333
0.3535399384999999
0.3503448792666666
0.3462689264999999
0.34921817469999994
0.3550561799
0.35122660063333344
0.3524909343000001
0.34248569743333335
0.33433327443333344
0.33295593166666676
0.3313926257666667
0.32636153946666674
0.32324315500000006
0.319138019
0.31537287643333334
0.3250110641333333
0.3260319153333333
0.31948811733333327
0.3146840098666666
0.3050241987666666
0.29835802089999997
0.2939069988
0.28925521106666674
0.28641643880000006
0.28257157450000003
0.2797247495
0.28309341866666676
0.28766946013333344
0.28596839636666677
0.28418336880000006
0.2803030168333334
0.27582732540000005
0.27168464600000003
0.2658138640666667
0.26024329273333335
0.25990525203333337
0.25772429790000007
0.2611122978333334
0.2612220880666667
0.2562670046333334
0.25363412383333334
0.2563357177666667
0.25320265570000006
0.24805526073333334
0.24517219489999997
0.24194724073333335
0.23874906946666669
0.23936341410000003
0.23633458680000002
0.2397642305666667
0.2363896971666667
0.23493718146666667
0.23333718993333333
0.2322812105666667
0.23119812983333332
0.22885217226666665
0.2254360449
0.22222381239999997
0.21972402589999993
0.21593486386666663
0.21529113079999995
0.21483864346666665
0.21463128456666664
0.21285765203333334
0.2128675513
0.21101293163333332
0.20868817793333336
0.20602181733333333
0.20588177156666668
0.2062533865333333
0.2041224585
0.1991661504333333
0.1974928721333333
0.19596889629999997
0.19596255606666663
0.19274477696666661
0.19087595559999995
0.18985599819999996
0.19103971719999993
0.18813887929999998
0.18981040713333333
0.1898798646
0.18542762236666663
0.1831330624
0.18173208613333333
0.1785808167
0.1767652382666667
0.17304477163333332
0.17264521136666666
0.1719837983
0.17359208863333336
0.1734878807333334
0.17477418960000002
0.17296221520000005
0.16923107793333336
0.16936120250000003
0.16982439276666667
0.1686234612666667
0.16761063043333335
0.1630400422
0.16194234756666667
