0.6390434191600001
0.6191440651600001
0.6059771491600001
0.62289026948
0.6135837110800001
0.5997563936400002
0.5776860633600002
0.5559507908
0.52042418024
0.49486096243999994
0.48611171700000005
0.5019559038800001
0.5072742950800001
0.49958161476
0.5015591047200001
0.49203421088000016
0.48414421112000006
0.4734368604400001
0.45579091516
0.44360910204
0.43085805027999996
0.42869051463999996
0.4416210817999998
0.4380210120799998
0.4334558497999999
0.4225548343599999
0.41832848731999994
0.4201467078
0.41894168844000007
0.39899880492
0.3875259796
0.3854111707600001
0.38337401956
0.39788910912
0.40210934788
0.39727363612000005
0.3935863626
0.3878536910400001
0.3846021170000001
0.3821984098400001
0.37302146484000004
0.36250501332
0.3623917454
0.36681606728000005
0.36290113064
0.36408945212000005
0.35698311511999997
0.35476851544
0.35402132092000005
0.34876926708
0.34620334756
0.3378458541599999
0.32715966791999995
0.3249273923999999
0.3377790296399999
0.3365961504799999
0.3341578896399999
0.33275517283999995
0.32653256631999994
0.32121784472000003
0.31742990752
0.3054949036
0.29976336432
0.29121684168
0.28627558948
0.28903206312
0.29408096672
0.29312904676
0.29070618936
0.29012542868
0.28929983428
0.28960631831999994
0.2838399962
0.27869532176000006
0.27557493699999996
0.26958586192
0.26969406656
0.27071647052
0.26554943036
0.26194628344000004
0.26247867232
0.26167265500000003
0.2565807234
0.253267644
0.25105410744000006
0.25190589320000006
0.25380941628000003
0.25193866132000003
0.25346072436000006
0.25244183148
0.24984231704000004
0.24465400648000002
0.23885980904
0.23920503272000002
0.23400147072
0.23058032979999996
0.22783874484
0.22806746271999997
0.22638143819999995
0.22742788808
0.22802454200000002
0.22933038668000003
0.22748445532000003
0.2244329558
0.22080582196
0.21772688564000003
0.21366735168
0.21190529283999995
0.2119992688
0.20894364840000001
0.20347647764
0.20306348748000003
0.20345618056000003
0.20422354692
0.20332823568000002
0.20236896364
0.20169944456
0.20197201555999997
0.19946354535999994
0.19829844035999997
0.19540666239999996
0.19119071883999997
0.18766357288000002
0.18557027808
0.18500490975999997
0.18571961548000002
0.18186103663999997
0.18224040171999994
0.18355109356
0.18139985471999992
0.17979581088
0.17695381112000003
0.17700265808
0.17332024884
0.17436570092
0.17359147512
0.17461543259999998
0.17133336776
0.16686629232000003
0.16699730568000004
0.16801919100000004
0.16824674880000004
0.16910121168
0.16392453756000003
0.16577719084
