0.8123435223
0.7280806727
0.6913861356
0.7547550379
0.7175527832
0.6930843532
0.6603047701
0.6213073616999999
0.588536665
0.5595015555999999
0.5469664272
0.5860273440999999
0.5604050123
0.5454672653999999
0.5580551624999999
0.5587285313000001
0.5446595569
0.5291472141000001
0.5080430983
0.4905143690999999
0.48587669799999994
0.47300297750000003
0.5025741262000001
0.46148405770000006
0.4454878134000001
0.43001426690000005
0.4351102695
0.4446290004
0.44648340109999995
0.4374912673
0.4237788962999999
0.4264501395
0.41502253580000004
0.42695350229999995
0.4313719046
0.4088322604
0.402863871
0.3962719791
0.3915657587
0.38779702520000003
0.38503009
0.3801202474
0.3959218325
0.41592003150000006
0.3789886263
0.37754652130000005
0.3648046178
0.3569564706
0.3611543003
0.36712155859999995
0.3668112713
0.37325495770000006
0.3638964585
0.3606344725
0.3954902796
0.38751760939999996
0.3691847458999999
0.3625668504
0.34927089769999997
0.33335136149999994
0.32587180039999997
0.3113557523
0.3135590401
0.3151137685
0.30422416830000004
0.3179847968000001
0.31847234950000003
0.30784163880000004
0.31119834430000004
0.31618337380000006
0.3088132672
0.3077415541
0.30192311409999995
0.2924324138
0.2982430026999999
0.2948776712
0.2923775813
0.29540569949999995
0.2763580957
0.26673167919999996
0.268607391
0.2689924386
0.26350153519999997
0.25970495530000004
0.2556203214
0.2555466173
0.2716342891
0.2737506198
0.28380996869999997
0.27747253709999997
0.26936929379999996
0.2575050991
0.2518101982
0.24830644680000002
0.24573551069999996
0.24176036229999998
0.23790739579999998
0.23377493209999994
0.22886321939999998
0.2369409288
0.2506777494
0.2526659556
0.2484611765
0.24613633069999996
0.2429705493
0.23701650280000003
0.22644581730000005
0.21919924930000004
0.2245484271
0.2129887296
0.2022327088
0.2067076105
0.21407262330000001
0.21611175330000001
0.2149376786
0.2148248562
0.2191960496
0.2233718139
0.21137625449999997
0.2127463888
0.2096267519
0.20247891289999997
0.1933695074
0.1929077959
0.19073032960000003
0.18930758849999998
0.1869987076
0.1883904896
0.1956128085
0.19927658359999997
0.1986216978
0.19652604950000002
0.19436605610000002
0.19320911850000003
0.1863757095
0.18205817069999997
0.17702568889999998
0.17459110409999995
0.16947858119999998
0.1691293638
0.1732014858
0.1696000298
0.1740427793
0.171595125
0.1704999247
0.17059962310000001
0.1668866436
0.1667172204
0.1622827228
0.1641323075
0.15898723759999997
0.1688846975
0.16112290469999999
0.1539008054
0.163270211
0.16918014809999998
0.1747583937
0.1746124401
0.16971984029999998
0.1649044343
