0.38301042879999997
0.3048995227
0.22472590580000001
0.1991779583
0.1947556745
0.19190881259999998
0.1954856516
0.19605176139999997
0.19352426139999998
0.1961136154
0.1911906538
0.18899035300000003
0.1878049894
0.1859714391
0.18559763070000002
0.1860220527
0.18200941040000002
0.18117105269999997
0.1812200699
0.1773563839
0.17425613439999998
0.17063299959999997
0.16844748329999998
0.16752594059999998
0.16567545830000002
0.16444272759999998
0.1642214479
0.16530607630000002
0.1641129408
0.1627977216
0.1632528358
0.16335759570000002
0.161420956
0.15858135610000001
0.1582976916
0.15580773070000004
0.15569800809999998
0.153603339
0.1535749656
0.1526414524
0.15276508570000003
0.1514850517
0.15201766860000002
0.15252381659999997
0.15399155920000002
0.15599756150000002
0.1581344617
0.1598366719
0.1593503215
0.16045149820000001
0.1596364602
0.1602892012
0.1612216788
0.16097268560000003
0.1601845691
0.1591618926
0.1583230893
0.15662703090000002
0.1562110364
0.15619965549999998
0.1577477203
0.15858523009999997
0.15924379130000002
0.16095747190000004
0.1588303905
0.1579091314
0.15486988340000002
0.1549751972
0.15531926089999998
0.15477904899999997
0.1531364938
0.1513795479
0.1498149855
0.1483581195
0.14954884940000002
0.1514571944
0.15420421150000002
0.1554097545
0.157734086
0.15876169629999998
0.1566184563
0.15629086399999997
0.1570764207
0.15822279579999998
0.1593068306
0.1590855763
0.1581030885
0.1574307467
0.1549513932
0.1546643855
0.1562703145
0.156841679
0.1573204787
0.15822011900000002
0.15819134880000002
0.1590340367
0.15985518849999997
0.16127817260000002
0.1627591366
0.1611129024
0.1607620928
0.16120463859999998
0.16243175929999998
0.1608542872
0.1602632898
0.1600500067
0.1602923425
0.15788908250000003
0.15783223640000002
0.16047569909999998
0.1643682752
0.166234601
0.164764738
0.16475462200000002
0.16396772440000001
0.1624714934
0.16217891950000002
0.1625360875
0.16088904529999998
0.16193189730000002
0.15969936570000004
0.15889204920000002
0.1583221144
0.16014310980000002
0.1615301359
0.1632210688
0.1633707405
0.1638340358
0.16622142769999998
0.1656516372
0.1666150737
0.1665178038
0.167280985
0.1682349329
0.16873230359999997
0.16964993429999997
0.17052865489999997
0.1697327031
0.1668118259
0.1633873463
0.16152892569999996
0.16089376359999996
0.16003426699999998
0.1588007991
0.1597618255
0.1596246534
0.159152215
0.1622946484
0.16434810179999998
0.1661768776
0.16732980379999998
0.16809548149999998
0.1684863187
0.1675321064
0.1655122677
0.1636756958
0.16156660350000002
0.1596541435
0.1588860127
0.1582216119
0.15875320580000002
0.15973657879999997
0.15988557749999996
0.16079596789999998
0.16201741600000003
0.16292520949999997
0.16534094419999998
0.165644976
0.1676248421
0.16816877660000001
0.16752211369999997
0.16537038129999998
0.1647648317
0.1613067732
0.1578021537
0.1555124053
0.15391641439999998
0.1547645849
0.15263010370000002
0.15130144619999997
0.1504864151
0.15392808870000002
0.15750183880000004
0.16095482180000004
0.16375096910000003
0.1654798424
0.1672963107
0.1650237419
0.16554368530000002
0.1683540691
0.1675274661
0.165211661
