0.5430378256000001
0.4957715704666667
0.4416163956
0.4005604619333333
0.3783222418666667
0.3615174259333333
0.3572525023333334
0.35871805813333335
0.3513984664
0.35715364060000004
0.35895414573333334
0.3555268757333333
0.34797245133333327
0.3372405328
0.3376105836666667
0.33852368573333336
0.34359150706666663
0.3534145374666666
0.36726196059999994
0.3674276972
0.36965457939999996
0.36540323
0.36319231699999993
0.3588590004666666
0.3535449805333332
0.34492902213333326
0.3359166616
0.325971556
0.3148849265333333
0.3040581464666667
0.29361473206666666
0.28698560599999995
0.28224125533333333
0.2759553166666667
0.27055718380000005
0.2646777806
0.2571263029333334
0.24800179126666672
0.2458018024666667
0.24634542766666667
0.2500983380666667
0.2558198660666667
0.2625936594
0.2686907601333333
0.26889543926666665
0.27736468206666665
0.27979827246666666
0.2820029190666667
0.2871499200666667
0.2952935348666666
0.3002717787333333
0.3074499109333334
0.31255643326666677
0.3136804015333334
0.3080262888
0.3026319807333333
0.2970557269333333
0.2939518174
0.2955754468
0.2923743048666666
0.2806047448
0.27145026953333334
0.26881319473333337
0.2669025944000001
0.26494500633333334
0.2638250220666667
0.2573234728
0.25096730213333335
0.2431819852
0.23716012679999998
0.2409912022
0.24177844146666666
0.24507718099999998
0.24737289093333334
0.25008986046666665
0.25737277506666667
0.2631390768
0.2624324654
0.2605730335333333
0.2545794448666666
0.2536305386
0.25851004413333334
0.2664559428
0.27547281213333336
0.28225702399999997
0.27758700940000003
0.27511312880000005
0.2702549804
0.26491744693333336
0.26383379400000007
0.261448742
0.2589688805333334
0.26095472766666666
0.2604553938
0.26136254533333336
0.25746116593333335
0.2502142486
0.24709863973333332
0.2440737964
0.2407344816
0.24156199233333334
0.2391648418
0.23411402853333332
0.23099030739999998
0.23364194846666664
0.23857271106666664
0.2432377647333333
0.24260911986666664
0.24264005279999998
0.2431274673333333
0.24175509419999994
0.24481455666666666
0.24043010926666666
0.2373853761333333
0.24241178039999997
0.24475655113333333
0.25032727579999997
0.25706951139999995
0.26054920759999994
0.259314269
0.25358937466666664
0.24851063773333334
0.2449973388
0.2439688297333333
0.24235575706666665
0.24681912686666668
0.24817046406666668
0.253315433
0.25810432893333335
0.2581525726
0.2589498433333334
0.2582298242666667
0.25620148140000004
0.2518922302666667
0.246223412
0.24635400586666673
0.24727437886666667
0.2502327988
0.25450635619999995
0.2583679099333333
0.2592953627333333
0.2575207134
0.258497997
0.2587174684666667
0.25317342926666664
0.24975133160000001
0.2436742282
0.2396902188
0.24280288566666666
0.24785812939999996
0.24996599906666664
0.25101406833333334
0.24974468533333333
0.24934319646666664
0.24675415779999998
0.24458911059999996
0.24443836266666666
0.2337093623333333
0.22755470346666665
0.22466975559999997
0.2221913997333333
0.2279711207333333
0.2293307412
0.2297843658
0.22994047173333335
0.2294879912666667
0.23177025113333335
0.22684499953333334
0.21788531786666668
0.21404915173333333
0.21258777566666665
0.2151098346666667
0.2223830596
0.2271683934
0.23327095606666667
0.23383451060000002
0.23125981739999996
0.2350557188
0.23571231393333333
0.23731627073333336
0.23496507893333335
0.2339540701333334
0.23840795686666666
0.24530528306666669
0.2512667158666667
0.2523749969333334
0.25192115406666665
