0.6596872778666667
0.61864357
0.5673275118
0.5233925294666668
0.5076795971333333
0.4904623187333334
0.48971594726666673
0.4929909428666667
0.48547651486666676
0.5050445488666668
0.5129637214666667
0.5085794868
0.49516552760000004
0.47656799079999995
0.4774199781333333
0.48173006293333326
0.4930564383333333
0.5154170091999999
0.5438040365333333
0.5455581622666666
0.5567775453999999
0.5551213174666666
0.5537363314666667
0.5512915218
0.5494125225999998
0.5436185022666666
0.5398654408
0.5368339129999999
0.5318850096
0.5250921166
0.5152331274
0.511351965
0.5064059524666666
0.4963097509333334
0.4935467014666667
0.4810792986
0.466963385
0.45543802273333334
0.45218892400000005
0.4505990302000001
0.45401214326666667
0.4608846945333333
0.4675920597333334
0.47403235820000006
0.47158499080000005
0.48757561886666667
0.49136256333333334
0.49550419760000003
0.5054639255333332
0.5144414674666665
0.5208911237333332
0.5319896304666666
0.5432847533999999
0.5491854789333334
0.5454389470666666
0.5416406781333333
0.5364561700666667
0.5356537524666667
0.5351329624000001
0.5318413031999999
0.504650598
0.4843487600666666
0.47600062479999994
0.4701761622666666
0.46502140579999995
0.46780291546666664
0.4552642046666666
0.43593593453333335
0.41168432153333334
0.3914369378
0.3971568642666667
0.3935054402
0.3941528851333333
0.3993365694666667
0.39803492426666665
0.41852032600000005
0.4319352982666667
0.4341743198
0.4321472607333333
0.4265389387333333
0.4295184322666666
0.4445409538666666
0.4669641816
0.4960244191333333
0.5179658786666665
0.5072613765333334
0.5083588010666666
0.5039436252666667
0.49637587206666656
0.49700952246666663
0.4915636106
0.485812513
0.4873953155333334
0.4836532576666667
0.48255025160000004
0.4715564220000001
0.4532436651333334
0.4426902588
0.42855091706666665
0.4139712898
0.41662909693333333
0.40423570793333324
0.38633279253333336
0.3745899629333333
0.3755892469333333
0.3818153917333334
0.3884704156
0.3884556732
0.3921237938666666
0.3933018090666666
0.3917599835333333
0.40167839906666664
0.3986484886
0.40075098820000005
0.4124780016666667
0.41640958520000004
0.4305491325999999
0.44977873620000003
0.46117117020000004
0.463867478
0.45960012046666665
0.4568272132666666
0.4550808658
0.45404361606666666
0.4516637066666666
0.45662425799999995
0.4489914526666666
0.4459632728
0.44389729706666664
0.44034608379999995
0.4402833555333333
0.4394469888666666
0.43261549326666665
0.4243844042666666
0.4148740976
0.4103061547333333
0.41205268640000003
0.40836596373333334
0.4119110446666667
0.4159179604666667
0.4188888786
0.4273925034
0.4386712796666667
0.44676946026666664
0.4472047854
0.44621744146666664
0.44248657706666666
0.4375064989333334
0.4434697559333333
0.44875270273333334
0.45282718819999995
0.44544426919999996
0.4452916489333333
0.4465848678
0.44410338699999996
0.4406477012666666
0.43871023646666657
0.41661508039999995
0.40152580299999996
0.386343271
0.3748757357333333
0.37849977726666667
0.3765061594
0.3779896122666667
0.37911381660000004
0.3752843874666667
0.3850197079333334
0.3703778216000001
0.3482870274666668
0.34051386766666675
0.3391308816000001
0.34267049780000003
0.3592032426
0.37167347033333337
0.3874442178
0.3914119102666666
0.3870128778
0.4008115296
0.4030316382666666
0.40718485386666664
0.4103624302
0.40679453839999996
0.42166419513333336
0.4445055424666667
0.4589007358666667
0.4657916178666667
0.46969554246666667
