0.6378150436666666
0.5954049412
0.543493049
0.4989131754
0.48131073053333334
0.4640453044
0.46190141473333335
0.46406533546666673
0.4561787097999999
0.47118741766666655
0.4777765277999999
0.47372465513333334
0.46161206279999994
0.44446214919999993
0.44438537906666664
0.44683165613333325
0.4557278617999999
0.4739046692666666
0.49815971100000006
0.498564453
0.5064387061333333
0.5036388587999999
0.5015387518666666
0.4974448918666666
0.49354675206666665
0.48517896740000005
0.4776661947333334
0.47058651273333335
0.4619435856666666
0.45231870113333333
0.4406194320000001
0.43474532020000006
0.4288755716
0.4197653963333334
0.4147810042000001
0.4037228529333333
0.3907299144666666
0.3794371710666667
0.376774192
0.37624390700000004
0.38005833180000004
0.3874388164666667
0.3946528567333333
0.4022765404
0.40103140153333333
0.41589011400000003
0.4201435918
0.4246047019333334
0.4334943148
0.442637501
0.4485909050666666
0.4583917722666666
0.4674933707999999
0.47135532299999994
0.46563406533333324
0.4608735853333333
0.45496429199999994
0.4535868481333333
0.4542163517999999
0.44983801366666665
0.426818083
0.4091711160666666
0.4018134784666667
0.3967264658
0.3925217334
0.39402681660000005
0.3838009328666667
0.36902758186666673
0.35091865753333334
0.3362333207333333
0.34178146126666664
0.3401674516
0.3415703296666666
0.345315062
0.34655535239999996
0.3635995799333333
0.37526082446666664
0.37696153346666667
0.37515553453333333
0.369276613
0.3710322267999999
0.3824312776666666
0.3999194542
0.4218817878666667
0.4383845464666667
0.42958301680000005
0.42873871273333336
0.4235779857333333
0.41567900753333326
0.4151631248666667
0.4096577106
0.40442194866666664
0.4056679067333333
0.40249351233333325
0.4020482323333333
0.3926567638
0.37772873173333327
0.3694882832666666
0.35900938786666664
0.34845075226666666
0.34989975013333324
0.34086736979999993
0.32724417033333336
0.318792154
0.3209254901333333
0.32694707780000004
0.3328500450666667
0.3325204880666667
0.33457740773333333
0.33561761380000005
0.3347248546666666
0.3421985913333333
0.3381865314
0.33752793373333334
0.3466406686
0.3499638846666666
0.3608522155999999
0.3756316155333333
0.38358524899999996
0.38398209466666666
0.37876565833333325
0.3747628986
0.37223829459999996
0.37153915393333325
0.3687883665999999
0.3735483701999999
0.3693076135999999
0.3697616189333333
0.3706851885999999
0.36853110159999997
0.36903391333333335
0.3683324346000001
0.36319289906666674
0.3562534736666667
0.3476836194
0.3452306102666666
0.3469645473333333
0.3460310374666667
0.3501295305333333
0.3544908844666666
0.35712434313333336
0.3620525372000001
0.36979074233333337
0.3753450072
0.3728954255333334
0.3704514330000001
0.3658003675333334
0.3604756182
0.3659777506666667
0.371275251
0.3745073423333333
0.37045218
0.3697888139333333
0.3707917492000001
0.3683152441333334
0.36459576479999994
0.3632620431333334
0.34452290853333334
0.33232950519999993
0.3216747660666667
0.3136551452666667
0.31854853806666666
0.3187036256666667
0.32034270626666667
0.3223918168666667
0.32025285053333336
0.32800016846666663
0.3172261514666666
0.3002239644666666
0.2940834693333334
0.29311180513333335
0.2965530193333334
0.3103095558666667
0.3202827607333333
0.3336904028
0.3367151456
0.33328788319999997
0.34388093413333337
0.3454122008
0.3485802412
0.3489526426000001
0.3459279626666667
0.3570451086
0.37363865799999996
0.3852737392666666
0.38994320146666667
0.3921682439333333
