0.55644395225
0.5331371885
0.5095488836999998
0.49421739380000007
0.48658378090000004
0.48068853684999996
0.47632929734999996
0.4750360547
0.4677741943999999
0.4794935139499999
0.4827189098999999
0.4806026688
0.47272139899999993
0.4612937208499999
0.45550869034999997
0.45791169909999996
0.46431262669999995
0.47808316084999997
0.49311618115
0.4957607970500001
0.4965387841
0.48815288235
0.47992693765000005
0.47209785130000004
0.4653419765500001
0.45485108805
0.4513681676
0.4481690306
0.4427711561999999
0.43330540920000005
0.4255800967000001
0.4155641662
0.40723253719999997
0.40207704190000004
0.40402038755
0.40175350335
0.4010028506
0.3997625163
0.4007215877
0.39595546365000006
0.402884448
0.40822621540000004
0.41368267249999996
0.42143420305
0.4260445091
0.43155870150000003
0.43329900525
0.4361958866
0.4407694869
0.4421601834000001
0.44461655265
0.44917863375
0.4553747740999999
0.4588032075499999
0.45115104365
0.43795426139999993
0.42452544009999993
0.4190531388
0.4172716470999999
0.41966225799999995
0.41516122845000003
0.40604201105
0.3945130465500001
0.37883774395
0.36235704820000003
0.36450946980000004
0.36051039325000006
0.3609324932500001
0.36427301180000005
0.36184200894999996
0.36499875735
0.36474783945
0.36158415279999995
0.35797603414999996
0.3592412074999999
0.37332183629999993
0.38598713225
0.39309252834999997
0.3977042355
0.39675415799999997
0.39117661994999997
0.39421372814999994
0.40184529615000003
0.41284327429999995
0.42103936205
0.41590594435000006
0.41293871225
0.40965733559999995
0.40085987189999994
0.40086086744999994
0.3951147242
0.3878380627
0.3874875907
0.38559462549999995
0.38113476245
0.37532726245
0.36304079724999994
0.3473388332499999
0.3355260489
0.3329450698
0.3389289901
0.3410222115
0.34136421235000003
0.34003367205
0.34120173415000005
0.33891508225000005
0.3411705447000001
0.33687655920000004
0.33687044155
0.33957908965000005
0.34330760309999997
0.35038341014999996
0.35194633244999995
0.35395794475
0.35959357659999996
0.36057842124999995
0.3664438580999999
0.37510980554999995
0.3795939219999999
0.3770988914999999
0.3738660515499999
0.3685137210999999
0.36480740734999995
0.36395127719999987
0.36426420549999994
0.36903939709999994
0.3699837925999999
0.3707011082
0.3680020997
0.3603757897
0.35702846545000005
0.3560281069000001
0.352909372
0.35450213315
0.35498048385
0.35763506514999993
0.35898095004999997
0.36297174315
0.36680566714999996
0.3673444997
0.3667166942000001
0.36735335805
0.36373660765000004
0.36447152125000004
0.36243390175
0.3611335372000001
0.35761791595000003
0.35785630815
0.3654058398000001
0.37045420240000004
0.37215893105
0.3712040719
0.36184064644999997
0.3534556481500001
0.34273241090000006
0.3341147958
0.33472535870000003
0.32542127015
0.32321979554999997
0.32455619525
0.32348460035000004
0.32926776665
0.32541920809999997
0.31609050014999995
0.31256036615
0.31111227815
0.3157797014
0.31723120289999995
0.31557390679999997
0.31676377990000004
0.31320433140000004
0.31224473875000003
0.32493978935
0.33303181725000003
0.34473530160000004
0.34995772334999997
0.34980233510000003
0.35417532030000004
0.35606246394999996
0.35972180794999997
0.36338004135
0.363905758
