0.5782946041500001
0.5575272814500001
0.5366232739
0.5227932539500001
0.51768415285
0.5123840498500001
0.5074821411
0.5053744159500001
0.4980624103000001
0.5131632648500001
0.51795388175
0.51748715925
0.5111780537499999
0.5010751394999999
0.4959292971
0.5011123048000001
0.5098855920500001
0.5264298886500001
0.5437174982000001
0.54898384695
0.5522511875
0.5450942612499999
0.5382566435499999
0.53286878135
0.52819894065
0.5196559362000001
0.5195665179
0.5196083723999999
0.5158814596
0.5080243396
0.50062423155
0.49031580205000014
0.4814456488
0.4750061638000001
0.4777644979
0.4751771359
0.47441679405
0.47364843975
0.47492440865
0.46982829179999996
0.4776237736500001
0.48318935980000005
0.4886110858500001
0.49606564655000013
0.50003635275
0.5048677288000001
0.5057940511500001
0.5091047495000001
0.5146629598
0.5166836820999999
0.5205981705499999
0.5265363828499999
0.53381023705
0.53713243745
0.5307599965500001
0.5156026146999999
0.5007874089500001
0.49491750965000003
0.4931734996
0.49511366399999995
0.4900382012500001
0.47872028215
0.46442855219999996
0.4443282568
0.42443028485
0.42779747595
0.42267324014999996
0.42196133585
0.42474575535000003
0.4202069794500001
0.42326235060000006
0.4223967551
0.41880793515
0.41593422335
0.41613689065
0.43368907695000003
0.44886442750000005
0.4576512197999999
0.46371444944999995
0.46413863950000006
0.45739132175
0.4624941874499999
0.47296710389999996
0.4882644182499999
0.49938641794999994
0.49406741035
0.49162705970000004
0.4887397579500001
0.4791717394999999
0.47952338615
0.47346614895000005
0.46484570265
0.46403817405000014
0.46101719170000005
0.4547129028
0.44772432025
0.432265253
0.41249356210000004
0.39718857609999997
0.39260394414999994
0.39998292175
0.4017107706
0.4021237939000001
0.40098268085
0.40174260109999993
0.39861342865000005
0.40174511720000006
0.39747805385
0.3988404896
0.40215871535
0.40636419265
0.4152443536
0.41780992015
0.42165376595000004
0.4300260853
0.4322111894000001
0.44115439959999997
0.45368484885000004
0.46057292070000005
0.4587984459
0.45472007835
0.447135895
0.44060875355
0.43767061700000004
0.43744192139999993
0.44275672165
0.44357079595000004
0.44328517365
0.4393788279999999
0.4318231572499999
0.42763361654999993
0.42728206495
0.4226252695
0.42362782655000003
0.4228363077499999
0.4241866469500001
0.42505986260000006
0.42830156395
0.4322150001500001
0.4340977304500001
0.43495160925
0.43869213924999995
0.43694259324999996
0.4390581721499999
0.43812812144999996
0.43704149105
0.4317800252
0.43213238625
0.4402781741999999
0.44475827479999996
0.44694280685
0.44505302515
0.43448840145
0.4244260689
0.41191671334999996
0.40194175209999994
0.4020225946499999
0.39031875304999997
0.38747328615
0.38705989485
0.38384170055
0.38867987335000004
0.38178587825000004
0.3688911278500001
0.36357914850000006
0.3616705769000001
0.36797269660000015
0.36992209670000015
0.3682425208000001
0.3694223364500001
0.3650149088500001
0.36324957565
0.37846608995
0.3886026626
0.4026910819999999
0.41045672139999995
0.4099009442
0.41565440505
0.41877807549999996
0.4234193379500001
0.4295509997
0.4314795725000001
