0.55127880864
0.5304323398399999
0.5092287494399999
0.49588604467999997
0.49014938527999996
0.48406004072
0.4813107798399999
0.48123872527999995
0.4765770426799999
0.48137053599999985
0.48440549351999984
0.48249551931999995
0.4763008463199999
0.4646320949999999
0.46187691812
0.45969716288
0.45978909196000006
0.46548482768000005
0.4737042908400001
0.4727541676400001
0.4700045172800001
0.46501712312000004
0.46012486696000005
0.4547290546
0.44752668792
0.43997328859999996
0.43269867491999997
0.4269959112799999
0.42401932067999987
0.4209920348799999
0.41963316827999997
0.4188156647599999
0.41793374015999996
0.41617438848
0.41423433676000004
0.415675362
0.41491996292000005
0.41396443699999996
0.41635870836
0.41698113728
0.41802045120000003
0.42113402144000006
0.42514002612
0.42966636308000006
0.4289812534000001
0.43178566028
0.43094704784
0.43276050608000005
0.4368449617600001
0.4352685424400001
0.4295325000399999
0.42598468387999994
0.4273902214399999
0.4283300726399999
0.42674783312
0.4264015420799999
0.4189512912799999
0.4097648612
0.3988516333599999
0.3901024049199999
0.38732046863999997
0.38296136371999995
0.38293988272
0.38393741008000004
0.37761925328
0.37853770496000005
0.37610611520000004
0.3730711190400001
0.37061019956
0.36893336171999996
0.3724967269599999
0.37543148268
0.3775644248399999
0.37945089499999995
0.38323032459999995
0.38897942892
0.39470192172000007
0.3959985870800001
0.39530893512000004
0.39120408816
0.38791624136
0.3884787246799999
0.39505531396000004
0.40155511244
0.40842230868000007
0.4030219084800001
0.39796825076000003
0.39431519699999995
0.38766749052
0.38436756452000004
0.38075953104
0.37406584892000005
0.36616816920000006
0.3614909068
0.3621934144399999
0.36146515195999995
0.35872998511999993
0.35461593427999993
0.34917248436000003
0.34676214907999997
0.34610701120000004
0.34604417792
0.3430803244
0.34077684624
0.3432540907600001
0.34494323548000005
0.34792400908000004
0.34814639448
0.35014594880000005
0.35135373184
0.35313048867999997
0.35695048523999995
0.35626594108
0.356690344
0.35896471768
0.36029618323999996
0.36310832419999994
0.36859079355999996
0.3719126669999999
0.3718174576399999
0.3701953367999999
0.3692134427999999
0.3665498410799999
0.36315158835999994
0.3585933351999999
0.35943394203999995
0.3598100588399999
0.36097264472
0.36425130208
0.3636748472
0.36459245832
0.36382851716000003
0.36508626964
0.36696852192000007
0.36516545616
0.36520680159999996
0.36383592416000005
0.35949223524000007
0.3598147464
0.36008546584
0.36000932532
0.36049679868000006
0.36098896171999995
0.36431523843999997
0.36354533272000006
0.3619295692000001
0.3607862822800001
0.35388427532
0.3526141408400001
0.34956014416000003
0.3462615226
0.3467863186
0.3430957881599999
0.3419426518400001
0.3408260252800001
0.33788642975999994
0.34006537744000004
0.3294502072
0.31924261279999994
0.316258159
0.31552579248
0.31923787336
0.32378463792
0.32519714688
0.32700923524
0.32358620456
0.32448774051999996
0.3275510602799999
0.3267149228
0.32898502352000003
0.32850055644000004
0.32966492916000006
0.33696352724000006
0.34402810448000004
0.35441754292000005
0.3612986262
0.36340969688
