0.5782655319600001
0.55817796968
0.53780358616
0.5253986224800001
0.52165120484
0.5164921124
0.5148277482
0.5161426592
0.5133692453600001
0.5208220626800001
0.52621491148
0.5260643380400001
0.5208361484000001
0.5095516882400001
0.5085956178800001
0.5086242666
0.5109110921600002
0.5195074268800001
0.5304941105600001
0.5320987165200001
0.5313545976
0.5278093588399999
0.5241916649599999
0.5198691870000001
0.5139233542399999
0.5070842577600001
0.50109467696
0.49699964548
0.49492424816
0.49250304912000004
0.49199351480000003
0.49160804588000007
0.4908124572
0.48863110356
0.4877148136399999
0.4898334416799999
0.48955410635999996
0.48925238464000004
0.4923726292400001
0.49294072116000004
0.49344783064000014
0.49636919076000013
0.5008701497200001
0.5053045297600002
0.5047111474
0.5078380452400001
0.5066705689200001
0.5083611372000001
0.51192503044
0.51069157468
0.50397622132
0.4999853313999999
0.5015899458799999
0.5031649722
0.50159414652
0.50172229396
0.4929968968400001
0.4818764746
0.46789570776000006
0.4566223156
0.4535867924800001
0.44795629504000006
0.44755034972
0.44824861680000005
0.4408476487600001
0.44255374268000003
0.43995273208
0.43612368572
0.43294204128
0.43025414152
0.43444894644000004
0.43784776712
0.44066273208
0.4444305818
0.44829706088000004
0.4551532596000001
0.4623623196400001
0.4643161499999999
0.4639684426799999
0.4600405187600001
0.45681015976000006
0.45828171708
0.46699931431999997
0.47612340296
0.4849221298
0.4790886810800001
0.47369070208
0.46978515628000017
0.46195919036
0.45785888020000004
0.45401852216
0.44574256543999996
0.43561123364000004
0.429434064
0.4294707036799999
0.42818833543999996
0.42463939412
0.41989420928
0.41378302780000004
0.41012368804
0.40978784528000006
0.4096824608800001
0.4066080742800001
0.40458426004000003
0.40713996772
0.40892610692000003
0.41258453720000005
0.41304128604
0.41594481152
0.41826103952
0.42101455452000003
0.426789523
0.42732857348000003
0.4290786472
0.43273913816000004
0.43378494192000006
0.43653590772
0.44238636244000007
0.44616866052000004
0.44599406984000006
0.44400688520000003
0.44317048116
0.4395371780800001
0.43530117776000005
0.4312044126399999
0.43214225723999994
0.43301409539999997
0.4331590585599999
0.4357746810799999
0.43480311343999994
0.43527251795999994
0.43464193019999997
0.43572188852000004
0.43752763456
0.43599645428
0.4359772778000001
0.4345660994400001
0.42899255795999996
0.42895686168
0.42945781027999996
0.42986401535999996
0.43088578531999994
0.4327560842399999
0.43738722351999987
0.43705749535999994
0.43549112539999996
0.43419987875999994
0.4261216408
0.4238124738
0.41887795832
0.4147190264
0.41443435396000006
0.40987667536000005
0.40860400224000004
0.40737532396
0.40370132068
0.4054621080399999
0.3917800093999999
0.37829776383999986
0.3730429447199999
0.37123918947999995
0.37431023120000007
0.37913968700000006
0.3807347024400001
0.38209286736000003
0.3778698596400001
0.3793755191200001
0.3831886037600001
0.3824720645200001
0.3852242040800001
0.38553015804000007
0.38631268919999995
0.39480947823999996
0.40408560751999995
0.41657742363999994
0.42578871875999996
0.42902769032000004
