0.26646638232000003
0.23281045528
0.19942204816
0.18814313196000004
0.1858619254
0.1840888506
0.18399671963999997
0.18385842887999998
0.18282473575999997
0.18193757971999996
0.17903930183999997
0.17653922536000002
0.17565411636
0.17411712496
0.17307874424000003
0.17262645988
0.17114549728
0.17000610671999997
0.16884757364
0.1668112102
0.16488613259999998
0.16322228739999997
0.1619734562
0.16115853556
0.15989627291999997
0.15932367307999998
0.1589357538
0.15834475308
0.15736907232
0.15746528032
0.15758270344000003
0.15822287224
0.15852913164000002
0.15788828792
0.15780668888000002
0.15740116612
0.15736285512
0.15671099408000003
0.15611297024
0.15642001932
0.15594632616
0.15620906968
0.1566115616
0.15694016004
0.15696747444
0.15817716196
0.15851774391999998
0.15896717500000002
0.15906597276000004
0.15889559456000002
0.15800394444
0.15756300235999998
0.15779457304
0.15805833776000003
0.15728247035999998
0.15703273488
0.1558157784
0.15495850044
0.15466909196
0.15453453504
0.15473223812000003
0.15512900648
0.15546980332000004
0.15676289792000003
0.15671332124000004
0.15601536036
0.15500288828000003
0.15513825636000003
0.15547379572000003
0.15577740508000001
0.15526738052000003
0.15493614984000004
0.15474458548000003
0.15436046644000004
0.15504691924000005
0.15535983360000002
0.15579160652000001
0.15607636896000002
0.15663413896
0.157142325
0.15762639768
0.15832640608
0.15932986032
0.16012087328
0.15967254043999998
0.15908179296
0.15859177736
0.15888517088
0.15788221944
0.1577429624
0.15899901784
0.15992699748
0.15965492503999998
0.15996464952
0.16014008784
0.16119487251999998
0.16184438235999998
0.1618187674
0.16180351095999998
0.16146429796
0.16147948939999998
0.16206189368
0.16174116856
0.16103222004000003
0.16163630724000005
0.16146100412000003
0.16145912664
0.16063634412000002
0.16075710024000003
0.16163119136000004
0.16246307980000002
0.16292833444000002
0.16230207916
0.16317907624
0.1637916462
0.16408703092
0.16394931116
0.16439310512
0.16491817883999998
0.16493383316
0.16457574344
0.16464595599999998
0.16428926519999998
0.16400195780000001
0.16355949496
0.16371000384
0.16343524880000002
0.16339237692
0.16408288036
0.16406580444000002
0.16454585852
0.16475002232000002
0.16587827880000003
0.16568395460000004
0.16541819164000005
0.16535349784
0.16532514520000002
0.16525329008000003
0.16460715184000005
0.16401005664000007
0.16337010736000004
0.1627695422
0.1628275422
0.16194438652
0.16121391496
0.16099480644
0.16100831476
0.16131443984000002
0.16220080864
0.16346208452
0.16392862088
0.16454841443999998
0.1650718258
0.16547400371999998
0.16457669539999997
0.16415379055999998
0.16349558127999997
0.16230251316
0.1609842772
0.16011219495999998
0.15920166148
0.1588767876
0.15958313227999998
0.15951320264
0.1588923668
0.15887807827999997
0.16044017536
0.16144159128
0.16181180083999996
0.16232393784
0.16189231611999996
0.16190068035999997
0.16163839804
0.16141228959999998
0.16142702803999998
0.16071898091999998
0.16038846208
