0.5423233499
0.5255664015
0.5086988591333331
0.49853644319999996
0.48993759176666657
0.48524200526666655
0.4827701367666666
0.48280204366666657
0.47681180083333324
0.4823670848666666
0.4814777475999999
0.47569542493333333
0.46609928776666665
0.4532028674333333
0.4483520401
0.44372554406666675
0.44523659100000007
0.4513901204333334
0.4589625536666667
0.4566727286000001
0.45508077953333337
0.4471843866333333
0.44048796146666663
0.4371095419333333
0.43489532953333326
0.4326186495999999
0.43255250559999986
0.43261968473333323
0.43211006303333316
0.4266750513333333
0.428254773
0.4274444559999999
0.4267401367666666
0.42662985556666666
0.42870925260000003
0.426156879
0.4245608433666667
0.42346527093333336
0.42406475750000006
0.42093898616666675
0.4204659585666667
0.42120155423333344
0.42411985243333333
0.4282464461000001
0.4254347076000001
0.4213540985
0.41465735393333336
0.4132090902
0.4151103903
0.41757961720000003
0.42130886083333324
0.4210963525666666
0.4182604763333332
0.41113699026666656
0.40093369303333326
0.4013275232999999
0.39756587179999986
0.3975785888999999
0.3997657068999999
0.3981966830333333
0.39520883146666663
0.3922159702666666
0.3893875059666667
0.3859410001666667
0.38089917320000005
0.38252952170000004
0.3831161052666667
0.38447351803333335
0.38640022269999996
0.38730893359999996
0.38568223903333326
0.3844530821666667
0.3825741577
0.3804970347666667
0.3808592386333333
0.3866286452666667
0.3898413865666667
0.39131472010000007
0.3888245234333334
0.3856624226666667
0.38184449530000003
0.3800800047
0.38470386873333334
0.39044558786666667
0.39341764936666673
0.3897413834666668
0.3848030412666668
0.37541107803333335
0.36723558076666674
0.36804430750000006
0.3683023942
0.3686359968666667
0.36909419740000005
0.3685354600333334
0.36883292306666665
0.36369080923333336
0.35996366153333337
0.35383740733333335
0.3482686608
0.3475457104333334
0.3499318174
0.35085979269999995
0.35143789293333333
0.3511887015
0.3524537924000001
0.3528563680666667
0.3538064718333334
0.3523793913333334
0.3530582808333334
0.35220299020000007
0.35413661243333333
0.35575310246666664
0.3539740751666667
0.35410656116666667
0.35758588509999994
0.3594988989999999
0.36459232509999995
0.3694122572999999
0.36991936133333325
0.36583285703333324
0.3619981342999999
0.3608637229666665
0.3591346660333332
0.3608343422333332
0.36163962553333323
0.36533635666666664
0.36568007539999997
0.36977618063333334
0.37301509790000004
0.37071326356666673
0.36974267316666676
0.36706640106666677
0.3618342586333334
0.36111561216666677
0.35947943520000003
0.3598689763
0.3587083636666667
0.3579099257000001
0.3604606398666667
0.3614030643
0.36086005396666665
0.36265729016666676
0.35715682543333327
0.3538372562
0.34728509580000005
0.3420532891333334
0.34217445280000003
0.3395896219333333
0.3431602284666667
0.3468335339333333
0.34738009643333334
0.34922617423333335
0.3435074827
0.33550785683333345
0.3311993567333334
0.3288537849666666
0.3299075312333334
0.32741623220000005
0.32630613296666666
0.32768258443333337
0.3251851454333334
0.32591821063333337
0.33129227990000004
0.33287745353333337
0.3354860290333333
0.3346027465666666
0.33696406556666664
0.33713563003333324
0.33693131123333325
0.3396786043
0.3415275033
0.34436063163333336
