0.4407807556666668
0.41968153876666675
0.3975154665333334
0.3839112112666667
0.3728749695333334
0.3655860026666667
0.36132786616666673
0.36095518756666667
0.35512873343333334
0.35534931056666674
0.35194158393333325
0.34572176866666665
0.3369720036666667
0.3260627296666667
0.3208343650666667
0.3160692089
0.3152885565333333
0.3178278964
0.3216086386333333
0.3189924404999999
0.31716617999999996
0.3112647664666666
0.3055970541333332
0.3023304014666666
0.2999452040999999
0.29751368009999996
0.29586826383333337
0.2942826077
0.2917878433333333
0.2864767928666667
0.28548970706666665
0.28339193923333333
0.28212208720000004
0.28155261836666673
0.2829253593333334
0.28247477966666673
0.28228810693333334
0.2802791122666667
0.279741102
0.2771858582333334
0.27636515940000006
0.2764377965
0.27827273840000005
0.2821331034666667
0.28063487206666676
0.2789847134333333
0.275624271
0.27540805690000003
0.2770262572333334
0.28011927059999997
0.28204840039999995
0.2823866918666667
0.28176186770000006
0.2784311933666667
0.2725932078
0.2718115914666666
0.26941708419999993
0.2695144991999999
0.27147416886666664
0.27123208266666665
0.2689887599333333
0.2672946731666667
0.2656228300666667
0.2637378139666667
0.2597622256
0.2587277803333333
0.2579167584666667
0.2587116224666667
0.25932739866666665
0.25970857540000003
0.2592891058
0.25844578513333333
0.2576660807
0.25614516893333333
0.25696182723333333
0.25941075853333334
0.2610539786666667
0.2616935965333333
0.26051421366666666
0.2579709951
0.25554585226666665
0.25436214636666665
0.25677729126666665
0.25977330426666667
0.2614957528
0.25957450086666667
0.2571389853
0.2521845044666667
0.2479538771666667
0.24873787123333332
0.25001072653333334
0.25110332263333335
0.2517819237666667
0.2515477233
0.25224500633333335
0.24960813006666666
0.24751440263333332
0.24376437450000002
0.24072958626666668
0.241573131
0.24315927173333335
0.24474605880000003
0.24559176996666665
0.2457697575
0.24647810873333334
0.24608104286666663
0.2458742012333333
0.24380322933333334
0.24330444126666664
0.2427416122
0.24428711053333332
0.24649251036666664
0.24687277113333334
0.24774485253333334
0.2502821765
0.2518531972333334
0.2542785500333333
0.25663549640000005
0.2562207189333333
0.2527688405
0.24997169026666669
0.2478925083
0.2476150688
0.24923759296666664
0.2503618335
0.25305724479999997
0.2528455887333333
0.25590671499999995
0.2584108987
0.25566300093333333
0.25435058746666667
0.25095202623333335
0.2479458501
0.2473475579666667
0.2470407707
0.2481600024666667
0.24914422360000002
0.24998874206666669
0.2519247763333333
0.2525610338666667
0.2519422366666667
0.25097953803333334
0.24610367966666669
0.24313608596666672
0.23892159243333336
0.2359713656666667
0.23582267446666672
0.23451048000000002
0.23629362573333337
0.23889930056666667
0.23972699516666668
0.24139215973333336
0.23829484243333338
0.2336142571666667
0.2304016547666667
0.22858844313333332
0.22977409866666668
0.22804621096666666
0.22736154843333328
0.2289703558333333
0.22801295516666667
0.2296154690666667
0.23219323000000003
0.23274833986666668
0.23362837123333335
0.23222653510000002
0.23286216063333334
0.23262647820000001
0.23159530046666668
0.23265793380000005
0.23248138630000004
0.23351549436666671
