0.5707086704000001
0.5558500041666667
0.5413722605
0.533598283
0.5266188797000001
0.5236199320666668
0.5224186323666667
0.5233636371666668
0.5183840183333335
0.5272285357333335
0.5282911118666668
0.5242224638
0.5159997203000001
0.5042265002
0.5012560473666667
0.49848159516666674
0.5022042016666668
0.5109114808333334
0.5200568937333334
0.5195524318666667
0.518928422
0.5110423512333333
0.5045871771
0.5017402229000001
0.5000057764
0.4988153227666667
0.5003750676666666
0.5022129863666666
0.5029586839
0.49833855369999996
0.5014043731333333
0.5013572641666667
0.5009550750333334
0.5008868382333334
0.5039940844666666
0.5009852111666667
0.49947650773333335
0.4993613880666667
0.5006872014666668
0.4980189886333334
0.4978264107000001
0.4986704323000001
0.5016229061000002
0.5045826603000001
0.501713147
0.4961131084333334
0.48785566170000005
0.48575241120000007
0.4878200439
0.4897314366333333
0.4943470196
0.49362691756666666
0.48961034396666664
0.48043490023333335
0.4684379424333334
0.4693987712
0.4649808051333334
0.4649033188000001
0.4672347659333334
0.4649381137333334
0.4615854620000001
0.45814202916666674
0.4550874723
0.45116171150000006
0.4457801722666667
0.4486606738666667
0.44990257926666666
0.45145005806666666
0.45385437033333337
0.4547014082333334
0.45220912040000005
0.4509321206333334
0.4490482552
0.4478562207666667
0.4475222233666667
0.45504196830000004
0.4588739056333334
0.4607848176666666
0.4579002592
0.45454459516666673
0.45053742713333345
0.4488923095
0.45482722020000005
0.46228766810000005
0.46596858423333326
0.4619452367333334
0.45629725449999997
0.4451382089000001
0.43548291749999996
0.43629938469999996
0.43668950116666666
0.43714146429999995
0.4379254943666667
0.43788852576666665
0.43792603033333327
0.4316582027666667
0.4274610321
0.42066937370000007
0.4146509526333334
0.41322464573333334
0.4165193410666667
0.41739242026666673
0.41805576436666675
0.4178805665666667
0.41972836246666667
0.42070775610000005
0.4226488144333334
0.4217682695
0.42308370496666664
0.42248275786666667
0.4241921207666667
0.42533492586666666
0.4223058807
0.42232414263333334
0.4264120427333334
0.42834647036666673
0.43499806073333336
0.44119711473333345
0.4427777872333334
0.4393707878
0.4349531376
0.4344399498333333
0.4317234147666667
0.4329773303666667
0.4337908335666666
0.4377565683
0.43819197803333326
0.4423172762333333
0.4453333786666666
0.44377543459999996
0.44325039850000003
0.4409667829666667
0.43506099610000004
0.4339270801
0.43181340016666664
0.4315666714666667
0.4287484778
0.42682880633333325
0.42924795623333334
0.4300106737333333
0.42976828993333327
0.43305136993333326
0.42764318003333324
0.4241476316333333
0.4167740282
0.4105465886
0.41049317716666667
0.4070063291666667
0.4107296841
0.4139332596666667
0.41405578783333336
0.4152319885666667
0.40783473526666664
0.3974359476333333
0.39230862733333327
0.3898892914333333
0.3906903671333332
0.3879091614999999
0.3865996366666665
0.3868937443999999
0.383143823
0.3827563275333334
0.38865884450000004
0.39051062526666674
0.3931493352333334
0.3928234088333334
0.3959071231666667
0.39602100836666676
0.3963962849666667
0.39970730176666674
0.40246124973333336
0.40618302013333335
