0.8336398958
0.7468445098000001
0.6459995284000001
0.6083334457999999
0.5327728706
0.489424564
0.48414322400000004
0.5153080304000001
0.53771033
0.5848179186
0.5903806711999999
0.5552270898
0.46917158819999993
0.3506957504
0.3263414024
0.312330678
0.3463339304
0.40771638779999997
0.480130049
0.5024029320000001
0.5306182342
0.5196129452
0.5079482124
0.5025606482
0.5044118028
0.49754605620000003
0.5012367098
0.5060494076000001
0.5117884358
0.4888786242
0.491151828
0.4900669214000001
0.4906186356
0.4779855916000001
0.4873498292000001
0.46683901800000005
0.441694953
0.415091495
0.39605672960000005
0.38072765000000003
0.36386745
0.3724740862
0.3809165842
0.3852538678
0.37626553339999996
0.3804620908
0.3580207042
0.342303434
0.3490119786
0.37173853760000003
0.39584545460000004
0.431821659
0.460738552
0.47256377480000006
0.4550901336
0.47136279659999997
0.4705884122
0.4707721198
0.47890719099999995
0.5010838318
0.4785644640000001
0.47276524560000005
0.47096944060000007
0.4625950032
0.4407282306
0.4326934954
0.42153921820000007
0.41901898400000004
0.4211468612
0.4077019786
0.3691962896
0.33320888439999996
0.31545201079999996
0.306437533
0.329134991
0.3801906648
0.39665469600000003
0.37261175080000003
0.3251715784
0.2718629926
0.2759574294
0.29063877439999997
0.3366472274
0.40433607460000004
0.4386680736
0.4346506456
0.43848900300000004
0.42162562219999994
0.39595895059999997
0.39729877280000003
0.40248860540000003
0.4181660556
0.44148551300000005
0.46535033840000006
0.47918679300000006
0.4516097994
0.4295610796
0.4076228219999999
0.3857277336
0.3690038088
0.374874727
0.3655387108
0.36789538520000004
0.35640246500000006
0.35795409520000004
0.351485765
0.3380864048
0.3329466426
0.334897965
0.3183943528
0.3233387584
0.31897699379999994
0.2808904832
0.26507603199999996
0.28642802240000004
0.30601671
0.3414867366
0.38372433840000003
0.4037582262
0.4020304662
0.3748190956
0.3661320436
0.34994477259999995
0.343749543
0.3514635172
0.3690558484
0.3749378666
0.3932257356
0.4032479778
0.39845230060000003
0.39242203100000006
0.3832187856
0.3735443756
0.367619941
0.356449282
0.3591672312
0.3497661886
0.34251474560000006
0.34118764700000004
0.3506917222
0.3555124778
0.3720123296
0.37351957599999996
0.35995283299999997
0.33590985399999995
0.32101212180000005
0.31911512380000007
0.3220587908
0.3492481116
0.3768710772
0.3948484298
0.3950301582
0.4137938601999999
0.416834077
0.4059053454
0.39549374739999993
0.38325582059999996
0.3455742036
0.3318510634
0.3310493304
0.3331798497999999
0.3330705612
0.349998378
0.36369010719999995
0.36799105660000003
0.3651136972
0.3734597476
0.337996144
0.30144734500000003
0.26598391120000003
0.24267188879999999
0.2491153054
0.26811635500000003
0.29589066659999996
0.33320048280000003
0.35297296559999997
0.3614254524
0.3455659554
0.3033338818
0.283066014
0.283690561
0.2791183002
0.3172463572
0.3616237338
0.3848047116
0.37348191020000004
0.359319897
0.3688304898
0.37127898680000004
0.377869998
0.3896854566
0.3993456908
0.3850584788
0.3880132534
0.39314650819999997
0.4066622376
0.41783914400000005
