0.576470181
0.40906215240000005
0.24266461259999997
0.19122699720000003
0.1823696284
0.1895506766
0.20073689300000003
0.206787199
0.20712891939999997
0.2071417206
0.1942669486
0.1902344102
0.18531632380000002
0.1799196034
0.1850855102
0.18811435899999998
0.18774629580000002
0.190293655
0.1920232748
0.1861097512
0.18392974639999998
0.17627252499999999
0.1720484504
0.17041686499999997
0.1686030166
0.1645825224
0.1649934742
0.1648465162
0.1646350162
0.1627479
0.1643029328
0.1634494216
0.16576563640000003
0.1635908654
0.1628475432
0.16220273880000002
0.16326576980000002
0.15707627559999998
0.1535718468
0.15374784
0.1494127226
0.1481302464
0.1501304024
0.15357808439999998
0.1515350648
0.1561174488
0.15483985699999997
0.15390493479999998
0.1514695488
0.1564480536
0.15587767419999998
0.1614290664
0.16576840899999998
0.1672310942
0.16445494280000003
0.1633952462
0.15914933599999997
0.1566749486
0.15471427699999998
0.15591419539999998
0.154928539
0.1574968426
0.1565791132
0.1577077958
0.1564851156
0.1605669016
0.1596736176
0.1619084694
0.164207148
0.1611756654
0.1552513612
0.1500661492
0.14804192500000002
0.1464313738
0.1483824326
0.1510216264
0.15269294660000002
0.151588046
0.1502848652
0.15071526620000003
0.1518927624
0.1557154764
0.159231463
0.16518330679999998
0.1668081264
0.16134415019999998
0.1568662516
0.1549213784
0.1512622848
0.15180553479999997
0.1568270024
0.1593399254
0.159940115
0.1586405016
0.1575232362
0.15571362660000002
0.1543434326
0.15470084239999998
0.15779973639999997
0.1588594614
0.1623544468
0.16536694439999997
0.16785550279999997
0.16771853679999998
0.16336634339999997
0.15916973880000002
0.1570423328
0.1570080158
0.15399003760000002
0.1571602362
0.1609302746
0.1635423522
0.15877014920000002
0.1616744352
0.16379116200000002
0.16780627580000002
0.1689268498
0.1707593268
0.1678348088
0.16414428679999998
0.15713671099999998
0.1554309892
0.15431284819999996
0.1539432818
0.1597195078
0.16226202039999998
0.16235310919999998
0.16233138060000002
0.1663429378
0.16334076400000003
0.1641801172
0.16438837180000002
0.165336691
0.1660999176
0.1679625104
0.1690500302
0.16864723580000002
0.169225279
0.1703699482
0.1695020968
0.17024983840000002
0.172410074
0.1702401272
0.1632537036
0.1572725958
0.152808013
0.1493774532
0.14982840679999998
0.15434789459999998
0.1622510552
0.1664412938
0.1689269768
0.17476089
0.174348309
0.1701027
0.16821831380000002
0.1672639862
0.1622117474
0.16071590379999998
0.1609218354
0.15913307780000002
0.1558692208
0.15709653959999997
0.1570561216
0.15552138840000002
0.1583733338
0.16360393680000002
0.1626746154
0.16453581420000002
0.1685134436
0.1674770852
0.1670779516
0.1686153366
0.17071387000000002
0.1678241096
0.16756714219999996
0.16366281099999996
0.1609143268
0.15189967640000002
0.14778019779999998
0.14345766840000002
0.1441700178
0.148614843
0.153360531
0.1548226946
0.15751516179999997
0.1636861596
0.16638883459999998
0.1685491126
0.17267924360000003
0.173444523
0.17090646179999996
0.16365864919999998
0.16253825800000002
0.1640288946
0.1616104092
0.15951686020000003
