0.49863178190000007
0.4282870953000001
0.3691883671
0.33159200340000006
0.323676486
0.39365989490000003
0.36268420370000004
0.3028167442
0.2727042863
0.28472145050000003
0.26459036650000006
0.23926290199999997
0.21517037919999998
0.173816258
0.13471536850000004
0.1257973276
0.1429366744
0.16514861990000002
0.1551059945
0.1550324423
0.17011941889999999
0.1766268275
0.1589275034
0.15592660499999997
0.1642823102
0.1567058816
0.1567934517
0.1562191611
0.1651884565
0.16871724999999999
0.16645480969999998
0.16086694769999998
0.15927321759999996
0.1477527769
0.1231725599
0.1082851068
0.0804421265
0.07697936870000001
0.10133450750000002
0.10914128139999998
0.10966433500000002
0.1071991011
0.11405279339999999
0.11280597379999999
0.1140971345
0.1130815239
0.11006516
0.1028241911
0.0794668928
0.0754966164
0.0853101275
0.08902764739999999
0.0808692114
0.0824571714
0.0745358138
0.0623155189
0.05864795480000001
0.057542162200000004
0.05304194179999999
0.049868972399999996
0.056683166099999995
0.0730508922
0.07957299879999999
0.0745685233
0.0787942533
0.08624149369999999
0.0831142954
0.0727988188
0.07268924949999998
0.06113272509999999
0.0461449581
0.032555732500000004
0.0448623633
0.0667399665
0.07872134689999999
0.0740860996
0.0767254241
0.07672292819999998
0.07221746739999998
0.077793544
0.0820629224
0.06965787050000001
0.05675235610000001
0.0411859097
0.031461420000000004
0.038165947900000004
0.0365857038
0.0392082825
0.0418786751
0.0366978454
0.0375256136
0.0477679951
0.050628611700000006
0.0440716883
0.043020322699999995
0.0409590316
0.0456950094
0.05296778390000001
0.0496929029
0.048398294900000007
0.0411123335
0.036649278199999996
0.038473868099999996
0.0408857998
0.038035010200000004
0.0355115051
0.032408461900000005
0.023753284000000003
0.0244386011
0.0286485191
0.031619162
0.0331467394
0.0303963751
0.0281369912
0.0261783237
0.027280691200000002
0.0228161043
0.026598123600000002
0.024371565700000004
0.0211055602
0.0211375198
0.019909996300000003
0.0170644669
0.020251197399999997
0.0268087916
0.027513316500000003
0.032154540200000005
0.033282943
0.035720234100000005
0.0384898309
0.03768120480000001
0.034981536900000006
0.034827168500000005
0.0322164161
0.0290724889
0.0270144602
0.023400895799999998
0.020960081100000003
0.022389371600000003
0.0216975384
0.025504144100000004
0.0305039406
0.030157003099999996
0.030570571899999992
0.0299806756
0.027100752899999997
0.0305656422
0.033137833000000005
0.030874715900000006
0.0319098079
0.029241220599999996
0.025913723300000004
0.027431777400000003
0.028142485199999994
0.025182555899999997
0.028098054699999996
0.027484256000000002
0.0241550994
0.025376693800000006
0.023263471900000002
0.023509485500000003
0.024821164
0.023929106700000004
