0.5035761622
0.4339228274000001
0.3746080343
0.3369594501
0.32862670169999997
0.3991920937
0.37381933149999996
0.3166594376
0.2833786841
0.2965038315
0.2770021807
0.25231840229999997
0.22907764750000004
0.18925995039999996
0.14883535650000002
0.13839733730000003
0.14889149299999999
0.1672025297
0.1624476443
0.1575163089
0.17354706800000003
0.17058726380000003
0.1535247337
0.1501269088
0.15977269300000002
0.1530417152
0.1563007515
0.15786017759999998
0.16475505769999998
0.17026627599999997
0.16614809989999996
0.17041443669999995
0.1691287459
0.15229402099999997
0.1245029959
0.10535792349999999
0.07768756019999999
0.0744624187
0.10077507319999998
0.108291905
0.1085788056
0.10426664379999999
0.1078990228
0.1133816559
0.11799654469999998
0.11844369649999997
0.11928746019999999
0.1146607153
0.08718541999999999
0.08329679409999999
0.09252086179999999
0.0978365201
0.09203068969999999
0.08868064210000001
0.081431229626
0.07313181602600001
0.068090606626
0.065932725526
0.066968065426
0.06717776192599999
0.079987940226
0.095563785926
0.100592835226
0.10015125332599999
0.0991700676
0.0995688164
0.0911293249
0.08291615869999999
0.0811494794
0.07562117010000001
0.059600866800000006
0.0428768341
0.0542700886
0.0720921455
0.0843016274
0.0839367631
0.08801937099999999
0.0837823237
0.07625592979999998
0.07451278269999999
0.0784214643
0.07541392409999999
0.0686551966
0.052978254200000005
0.0503785397
0.05112876679999999
0.0473486174
0.0467604947
0.0464929303
0.037031442500000004
0.03480085000000001
0.0447416748
0.0495253423
0.0470533727
0.0420519133
0.0462241253
0.0524244225
0.0588606697
0.058881160099999996
0.06073175360000001
0.054245909599999996
0.0422817246
0.0368491173
0.0381555374
0.0388537637
0.0365224283
0.0346278159
0.029063079199999998
0.029827953499999997
0.034535650200000004
0.0381767183
0.0407208907
0.035232866300000006
0.0345442972
0.032762620099999994
0.030726096400000003
0.0266021896
0.0301749245
0.030554475799999998
0.0255484992
0.023872418700000002
0.0227638219
0.026685804400000002
0.030849223800000002
0.0327802741
0.0327136669
0.035764066899999995
0.03857686379999999
0.040756353
0.0449950041
0.041822726399999996
0.0388733088
0.0354845639
0.030938148499999995
0.030613724900000007
0.030584177499999997
0.029844120600000006
0.025355527
0.022657706799999996
0.0214349624
0.0283033101
0.0333578508
0.0336451173
0.03177615809999999
0.027798643899999996
0.0299333394
0.029680589
0.031892998500000005
0.0319754178
0.031391831700000004
0.029194662899999994
0.027666287300000002
0.030745607200000004
0.0322215552
0.033054819199999995
0.0321887659
0.03237039030000001
0.031104975400000002
0.028988860600000006
0.027649698099999998
0.0255079139
0.023491610300000004
0.021180329200000004
