0.4897686184
0.43803394166666665
0.3712675263333333
0.31317131560000006
0.2726834502
0.2814860771333334
0.24878885900000006
0.22018280066666668
0.20557038286666668
0.22272541980000002
0.24121231553333336
0.2478003277333333
0.23524102819999998
0.19551397633333334
0.16025408773333336
0.13245909313333332
0.1247506082
0.12425664013333333
0.12771859533333335
0.14243265959999998
0.16928932559999996
0.19282069419999998
0.1959402161333333
0.18976210866666665
0.18292200873333334
0.1595640812
0.13670412373333335
0.12033970526666667
0.12281645026666667
0.12119273799999998
0.12806645086666665
0.12869756019999998
0.1413081263333333
0.15336737699999997
0.14616132286666664
0.12820305013333333
0.10364122333333332
0.09222879346666665
0.08789479513333333
0.08477932766666665
0.09248426033333333
0.09482970173333331
0.10367544199999998
0.10784345426666665
0.11437736053333333
0.11288639726666666
0.10936490393333333
0.09482202193333333
0.0753099044
0.06170901593333333
0.060918382933333334
0.06246227086666667
0.06600168786666667
0.06800076626666667
0.0715585858
0.07528749206666667
0.0846887254
0.07932122706666668
0.07204432473333332
0.06390744053333333
0.061539293733333326
0.05852003619999999
0.06062142613333332
0.06148881833333333
0.06262319333333334
0.0645071182
0.06729391053333332
0.07086802780000001
0.08117634119999999
0.08314235686666667
0.07314124940000001
0.060969724133333326
0.05872137906666666
0.05992144773333333
0.061956053799999994
0.06172140400000001
0.0583229606
0.060170386
0.060174114666666674
0.06336148680000002
0.06782190926666669
0.06365637166666667
0.05495199186666667
0.043347253466666666
0.03394038613333334
0.03734774666666666
0.039018007933333335
0.042774175
0.04141026193333333
0.040179339266666676
0.0404193154
0.04768113093333334
0.05242894373333334
0.049018582266666666
0.045231636066666664
0.03931200373333332
0.03906039086666667
0.0422845654
0.04074834506666667
0.041070782466666664
0.03907657639999999
0.03744144213333333
0.03451205859999999
0.035929857466666666
0.03565043366666667
0.033085424
0.030694877533333335
0.027236959533333334
0.026377737266666666
0.026257468333333332
0.029855481533333336
0.028219326200000002
0.0265948956
0.024920368066666667
0.02436413366666667
0.023502767133333335
0.022362567133333337
0.022777748133333338
0.023586134800000005
0.025030983333333336
0.027118251200000002
0.02755786006666667
0.0285192742
0.029975863333333335
0.03257180513333333
0.030436442866666674
0.03047285553333334
0.02826377806666667
0.028816035066666672
0.030342269133333332
0.03103621146666667
0.029885126400000003
0.031116350333333338
0.031401312800000004
0.029164303
0.029096994600000002
0.029372455799999996
0.02617981813333333
0.02538292693333333
0.02466949893333333
0.023982576866666664
0.026941196599999998
0.029990126666666665
0.030506845999999997
0.031055849
0.03058150153333333
0.03104767413333333
0.030494282333333334
0.029218335999999998
0.02699284393333333
0.025711850599999992
0.024928073533333334
0.025988857533333333
0.027044260599999995
0.0265777132
0.02818732326666666
0.027218021999999998
0.024355131466666666
