0.3816110742
0.33377499865000004
0.29217937315000003
0.25270413070000003
0.22919592725
0.25972861125
0.25281043905
0.23398268205
0.2139051404
0.21987694639999997
0.21735489270000002
0.20794486474999996
0.1870489413
0.1648714315
0.14949883935000002
0.1412516046
0.14986506304999997
0.16068389049999998
0.1601472255
0.16187484615
0.16828711429999996
0.16874688759999998
0.15910036049999995
0.15183969095
0.14372743505000002
0.1324954942
0.11861778910000002
0.11659926489999999
0.133261482
0.1389292657
0.13805957235
0.1340330244
0.1366630055
0.13027937534999998
0.11863484719999999
0.11068331535
0.09525364324999999
0.08990177989999999
0.09040070014999999
0.09231894889999999
0.09748723125
0.09811337424999998
0.09746100239999998
0.0976315726
0.09431647415
0.08769852139999999
0.0843565574
0.08018317665
0.0662544173
0.06268279439999999
0.0709966468
0.08103926980000001
0.0802211051
0.07851284735
0.07666503355
0.0742785063
0.07088112510000001
0.06517049050000003
0.06286559565000001
0.05550084875
0.05141406209999999
0.05280331235
0.06221768104999999
0.0706542449
0.0787578001
0.08016379665
0.07991985975
0.07476087350000002
0.07245335844999999
0.06946313455
0.06410394025
0.0511068015
0.0508073597
0.0539629381
0.055091383449999996
0.05612602375000001
0.05665556395000001
0.057965605350000005
0.05704807125000001
0.057245694700000016
0.05979426800000002
0.05871293279999999
0.053690483899999995
0.042628799
0.03724087135
0.03956248975
0.041140356600000004
0.0460880332
0.045785789
0.042548070150000006
0.03931897355
0.042208636650000006
0.0445512399
0.042478744049999996
0.04052766644999999
0.03823526834999999
0.039051735649999995
0.03836053395
0.037065752
0.038523406999999996
0.036365747749999996
0.03489800879999999
0.03443512159999999
0.0345113955
0.03210666695
0.03139609815
0.027612283100000006
0.025175703800000004
0.024405083400000003
0.024877039650000002
0.0263783409
0.026528367850000005
0.023730421000000005
0.024194094300000003
0.026493557650000006
0.027397003850000008
0.027485322250000006
0.029940533300000006
0.030045899900000006
0.02979769555000001
0.029409362300000002
0.027445766599999998
0.025945817700000002
0.026233806749999998
0.02794064025
0.027263888350000005
0.027777718000000007
0.027121512049999998
0.02905480285
0.03009368465
0.031592674450000004
0.03274273875
0.03249208580000001
0.03139349400000001
0.02952658225
0.027057606549999995
0.026983268999999994
0.02704895705
0.02663204375
0.026803673150000002
0.027372682350000004
0.028208831950000006
0.028794390250000006
0.02935652855
0.02758161575
0.027599403799999995
0.029024949099999996
0.028646466199999998
0.02812570485
0.027586639899999994
0.026375353049999994
0.025367443649999998
0.025680442049999995
