0.31111385576666667
0.28139227493333324
0.2477620832333333
0.22044495546666665
0.20755805489999996
0.22538770136666664
0.22080477659999997
0.20806150839999998
0.19766624576666664
0.20282371426666665
0.2003881983666667
0.1922522257333333
0.17779036673333332
0.1591652133
0.14072341286666668
0.130262772
0.1267240842
0.13278238323333333
0.14054298616666666
0.14429699123333334
0.14874618786666666
0.14823095876666667
0.14408450479999999
0.13882845189999998
0.1338506682
0.12602417076666667
0.11576691273333335
0.11200757363333332
0.11532995226666665
0.11778504926666665
0.12047642406666667
0.11903123206666667
0.11806507413333334
0.1143386407
0.1039351694
0.09456071653333334
0.0830517471
0.07911524066666667
0.07794778070000001
0.07816895673333332
0.08388587620000001
0.08975921356666668
0.09149833453333332
0.08994388949999998
0.08914240053333335
0.08721284549999998
0.08394247006666665
0.07772172403333334
0.06839936136666667
0.062166104633333344
0.06271275056666667
0.0648780907
0.06843485783333335
0.07458855373333334
0.07735047133333332
0.07421437073333333
0.07282922476666667
0.06902130306666668
0.06598288623333333
0.06293174716666666
0.06163034886666666
0.0584214984
0.06039590606666666
0.0608314665
0.06299234006666667
0.06616451373333333
0.06547514110000001
0.06291000983333335
0.062261797333333334
0.05854137150000001
0.05524449803333334
0.049993866033333334
0.05074777703333334
0.050665854833333336
0.05106769653333333
0.0510703597
0.053002045766666665
0.05629966486666667
0.05459634846666667
0.05429656143333333
0.053566956500000006
0.05135838126666666
0.048618278633333324
0.04204779926666667
0.0375055843
0.03821216153333333
0.038229725033333335
0.038643116799999995
0.038670059699999995
0.037914886466666665
0.0367523697
0.039188004233333344
0.03983295163333334
0.03769815976666667
0.035744552199999995
0.034583742633333324
0.03363985853333333
0.0344397305
0.03283435656666667
0.03271745806666666
0.031289671766666666
0.029902004633333326
0.028644903366666658
0.029757996133333332
0.030340708499999997
0.030101837599999997
0.029126368800000003
0.027878116866666667
0.028176800300000002
0.029414636733333333
0.030145962199999998
0.029346090866666667
0.027429336833333335
0.026868201566666673
0.027353201400000006
0.027269489300000005
0.026123846766666674
0.02694704923333334
0.0274937238
0.027097643166666675
0.028107622900000004
0.02846515793333333
0.02734954616666667
0.027679395133333333
0.028620652033333326
0.027209509866666662
0.028707026066666665
0.029126952366666663
0.02966144053333333
0.03069905906666667
0.030808856500000002
0.030466400266666673
0.030805316333333343
0.030309824400000008
0.02807857346666667
0.027404422600000002
0.027150264666666667
0.02608433783333334
0.026213593766666668
0.02562360606666667
0.026084950066666668
0.027079609299999998
0.027172629066666665
