0.3283124737666666
0.29615192576666666
0.2648522434333333
0.23669730786666668
0.22144389250000002
0.23488525750000003
0.22974268076666673
0.2179572466000001
0.20650989406666673
0.21007374793333342
0.20712603083333342
0.1979509227000001
0.18354995160000004
0.16485854633333333
0.14566777423333332
0.13124744139999997
0.12319606289999997
0.12782467189999996
0.13726300936666663
0.1425026653333333
0.1469119856333333
0.1454001520333333
0.14042932713333334
0.13427315826666666
0.13042299686666664
0.12365097486666664
0.11531616936666665
0.11027698646666666
0.11025005226666669
0.11259428740000002
0.1145470611
0.115424068
0.11400124943333334
0.10985898096666666
0.1017263196
0.09375211063333332
0.0852901164
0.08221830566666667
0.08163562410000003
0.08059440193333332
0.08561809493333335
0.09189949989999999
0.09348986716666666
0.09362391546666667
0.09302258396666666
0.09209528066666664
0.08923461833333331
0.0836136039
0.07543444146666665
0.07150920200000001
0.0711490576
0.07310285056666667
0.07559731256666667
0.08127744073333334
0.08371962393333335
0.08065034039999999
0.07878246763333334
0.07658866433333333
0.07458107156666666
0.07372317526666666
0.0725140513
0.07033016563333333
0.07109567826666667
0.07189197983333333
0.0743982419
0.07598214346666668
0.07373235233333333
0.0695532565666667
0.06818731766666668
0.06417249576666668
0.06170285600000001
0.05793799756666667
0.058812020033333336
0.05733468010000001
0.05734431316666668
0.05770241303333335
0.05976622520000001
0.06134011760000001
0.059412424966666676
0.05845672179999999
0.05747161456666667
0.055231828399999995
0.052975266199999996
0.04674555706666667
0.042659491400000006
0.042943475
0.04348225173333333
0.04254024763333333
0.0427672777
0.041641285466666664
0.04128368386666667
0.042964112666666665
0.041527569666666674
0.04015179903333334
0.03732095283333334
0.035480472333333325
0.03480613723333333
0.035907498833333336
0.03566242553333333
0.03628588293333333
0.03479538166666667
0.03217116913333333
0.03210464053333333
0.033298130233333334
0.03364591686666667
0.03238371033333333
0.030642084899999995
0.030600056666666663
0.030773447866666668
0.031041721300000002
0.030626969700000003
0.0301096671
0.029906292466666668
0.0295873978
0.029851642200000004
0.02925023836666667
0.027654776733333337
0.027070698700000003
0.02594758416666667
0.025000936166666668
0.0251254407
0.025646518766666668
0.025912236833333335
0.026601206300000003
0.027617721333333338
0.028479482266666672
0.028792180133333338
0.028021382100000002
0.02732226883333333
0.027936830099999994
0.027829990599999996
0.027501381699999994
0.027379866833333332
0.026552980299999994
0.0258517152
0.026983662066666657
0.028046813466666657
0.026502667633333327
0.025542016499999994
0.0240343902
0.0241713257
0.024897744366666665
0.0246672644
