0.6819860654000001
0.5887334176000001
0.5081690906
0.3941053742
0.2486074496
0.3152774984000001
0.26784077300000003
0.2302076436
0.2690786326
0.3987455224
0.47204229140000004
0.4575276344
0.37542584479999996
0.27632994
0.17069737860000003
0.0571384416
0.020998169599999998
0.054914913600000004
0.071302576
0.0987333584
0.1944562136
0.26487517920000003
0.2753823262
0.23890941299999996
0.21133152620000004
0.14578262420000002
0.08837847580000001
0.0424726806
0.072943797
0.11723309419999998
0.16762913899999998
0.22520842759999998
0.2699656416
0.25743311599999996
0.2202014058
0.1652804804
0.0965254678
0.048580793600000005
0.038072437800000004
0.026143714000000002
0.05128973320000001
0.0643587852
0.10537794380000001
0.1645965772
0.1921388488
0.16803893679999998
0.150039417
0.12272764300000001
0.06101537039999999
0.0360554202
0.058124111
0.07009090300000001
0.08292073920000001
0.0979184152
0.1149378126
0.11249614399999999
0.10796439180000002
0.0788176836
0.06699592759999999
0.034133815
0.012134893799999998
0.0093315178
0.0362666408
0.039087956
0.0656041298
0.1012314384
0.1367702666
0.12287935680000002
0.11004909059999998
0.0919843768
0.071251549
0.029458324200000004
0.0227182808
0.0353294084
0.030281073399999997
0.021038367199999998
0.0356531408
0.0670064458
0.0981505246
0.1271616204
0.127133832
0.11779770739999999
0.0864394106
0.0462844102
0.028425467599999997
0.036992012799999995
0.0215180336
0.027065301599999998
0.0360874092
0.034497372400000004
0.039339883
0.051653373999999995
0.0513512634
0.04766994100000001
0.0388983184
0.03571134420000001
0.0438826162
0.049905960000000006
0.0404734356
0.047142327000000005
0.04620671899999999
0.0475074026
0.05602960779999999
0.058912370199999994
0.0496542628
0.036017948
0.0257911538
0.0209181284
0.0228592294
0.0264157576
0.035005062200000006
0.03902577
0.026588439600000003
0.0260179728
0.030881280599999998
0.0282332618
0.027267708799999995
0.034204310599999996
0.0302560096
0.0214753668
0.026328120599999998
0.0183644998
0.0189919366
0.0184871218
0.020735753599999997
0.015946918999999997
0.021455492799999996
0.015136997200000002
0.022015273000000002
0.0328818296
0.039079714
0.04285358760000001
0.0514288888
0.0494251952
0.044097832200000006
0.036282695600000005
0.027109486199999998
0.0182254482
0.015007637
0.0140471456
0.017746224799999998
0.0196923054
0.023694714
0.029771106199999998
0.0293479312
0.0332620634
0.0413155758
0.0366192922
0.0313700376
0.030613420000000002
0.0209394424
0.019815708600000002
0.029656373800000004
0.0303793942
0.033206195800000005
0.0375429988
0.032011738
0.025207181000000002
0.025905576200000002
0.017158916
0.0186531106
0.022956774000000003
0.023103017800000004
0.024847811400000003
0.0293680278
0.028365860400000005
0.026685554
0.0247551956
