0.7120710118
0.6146321552
0.5327099858
0.42453273319999996
0.28976506020000004
0.33573755820000006
0.2945699016
0.2575192984
0.29005181420000004
0.4056128814
0.48724009960000003
0.49326524520000004
0.42156165320000005
0.3128169622
0.19520362940000002
0.081635431
0.027618066799999997
0.0526766418
0.0838454008
0.1176501596
0.20028778760000004
0.25678965119999997
0.2736634308
0.24627832340000003
0.21483468839999995
0.1529029544
0.0900365346
0.05098245060000001
0.06265861340000001
0.10559693600000002
0.1515077142
0.2161766852
0.25134000479999996
0.2434082504
0.22154419279999998
0.1691821982
0.10381935319999999
0.0510755284
0.0401437278
0.019177039200000003
0.031968563
0.0447360864
0.087209975
0.1472437404
0.17621297600000002
0.1756226964
0.16084260159999997
0.1283045732
0.0659062942
0.0451721488
0.060721723000000005
0.0762857552
0.09274938679999999
0.10213968739999998
0.1078624316
0.09827947179999999
0.09068392639999999
0.0733280284
0.06031218559999999
0.040389129200000005
0.026738011399999994
0.0353729756
0.0606423422
0.0740681092
0.0947526868
0.120378104
0.1434756542
0.11870489740000001
0.11207347599999999
0.0937461314
0.0708316774
0.028746796999999998
0.027952395399999996
0.0381068964
0.047132684200000004
0.049945358
0.064051995
0.0802068252
0.10096428980000001
0.1184346804
0.1177294198
0.11036345759999999
0.0986974974
0.06196147240000001
0.0478837396
0.0494617372
0.0399701144
0.040370112
0.0441776352
0.044439529
0.047546564400000005
0.05578609579999999
0.051387812
0.05184013620000001
0.03339821
0.0347023792
0.048709525600000005
0.0542574782
0.046957650600000005
0.052777035800000004
0.04682901960000001
0.039716162799999996
0.0431209808
0.050573365599999996
0.053807136
0.048560567199999995
0.0368456142
0.0300177168
0.0249630824
0.023651298
0.030560582399999998
0.039865997599999994
0.036087386
0.0380917962
0.041774504000000004
0.03950299040000001
0.03686128
0.0342940442
0.028484763200000002
0.0185175332
0.012727295200000002
0.006838243199999999
0.017667387
0.024903895199999998
0.0271877906
0.0305918352
0.032899717
0.0314403284
0.0327718788
0.0369372394
0.032358991600000005
0.030541657399999998
0.0340934776
0.0354252714
0.0381819626
0.0380201234
0.033651107400000005
0.025855131600000004
0.017846782
0.016510823400000003
0.0223001944
0.025136655400000003
0.019073823400000002
0.0162529144
0.012670267800000001
0.014754204399999998
0.0248117322
0.027343273
0.03240649599999999
0.0342182442
0.032851544600000004
0.0257122114
0.030322258599999995
0.0292302704
0.0291024432
0.0266948852
0.0251549264
0.027591236799999995
0.028156147600000004
0.024426549999999998
0.0272810204
0.033814248000000005
0.028830282400000008
0.0293594886
0.027278012600000002
0.021146105199999998
0.014756692800000002
0.0148427122
