1.0
0.999991374
0.88986027
0.658510027
0.658510027
0.658510027
0.658510027
0.658510027
0.658510027
0.658510027
0.658510027
0.658510027
0.579586415
0.485623856
0.485623856
0.485623856
0.485623856
0.485623856
0.485623856
0.485623856
0.485623856
0.485623856
0.485623856
0.485623856
0.374943178
0.374943178
0.374943178
0.371729616
0.343287869
0.318807672
0.311721752
0.306233209
0.306233209
0.306233209
0.289024236
0.289024236
0.289024236
0.282921006
0.282921006
0.282921006
0.282921006
0.282921006
0.282921006
0.282921006
0.282921006
0.282921006
0.274957921
0.273080464
0.273080464
0.273080464
0.273080464
0.273080464
0.273080464
0.273080464
0.273080464
0.273080464
0.256380965
0.250333818
0.250333818
0.228479089
0.228479089
0.228479089
0.228479089
0.228479089
0.228479089
0.228479089
0.228479089
0.228479089
0.228479089
0.220448555
0.220448555
0.220448555
0.220448555
0.220448555
0.220448555
0.220448555
0.220448555
0.220448555
0.220448555
0.220448555
0.210808847
0.205028706
0.197940347
0.197940347
0.197940347
0.197940347
0.193343676
0.193343676
0.192189407
0.192189407
0.192189407
0.188880696
0.188880696
0.188880696
0.184615935
0.184615935
0.181945976
0.181945976
0.181945976
0.181945976
0.181945976
0.181945976
0.181945976
0.181945976
0.172764038
0.172764038
0.172764038
0.172764038
0.172764038
0.172764038
0.172764038
0.172764038
0.172764038
0.172764038
0.172764038
0.170292106
0.170292106
0.170292106
0.170292106
0.170292106
0.170292106
0.170292106
0.170292106
0.169983527
0.169983527
0.169983527
0.169983527
0.169983527
0.15703803
0.155121634
0.155121634
0.155121634
0.155121634
0.155121634
0.155121634
0.155121634
0.154632479
0.150455067
0.150113026
0.150113026
0.150113026
0.150113026
0.150113026
0.150113026
0.150113026
0.150113026
0.149586768
0.149586768
0.149586768
0.149586768
0.149586768
0.149586768
0.149586768
0.149586768
0.149274642
0.149274642
0.149274642
0.149274642
0.149274642
0.149274642
0.149274642
0.149274642
0.147841263
0.147841263
0.147841263
0.147841263
0.147841263
0.147841263
0.147841263
0.147841263
0.144701064
0.133253559
0.133253559
0.133253559
0.133253559
0.133253559
0.133253559
0.126448043
