1.0
0.999992352
0.898064399
0.695918629
0.695918629
0.695918629
0.695918629
0.695918629
0.695918629
0.695918629
0.695918629
0.695918629
0.623795557
0.551150007
0.551150007
0.551150007
0.551150007
0.551150007
0.551150007
0.551150007
0.551150007
0.551150007
0.551150007
0.551150007
0.437272694
0.437272694
0.437272694
0.415996468
0.383114968
0.372700787
0.372700787
0.366833396
0.362778314
0.362778314
0.335623522
0.335623522
0.335623522
0.308842367
0.308842367
0.308842367
0.308842367
0.308842367
0.308842367
0.308842367
0.308842367
0.308842367
0.308842367
0.304046297
0.304046297
0.304046297
0.304046297
0.304046297
0.304046297
0.304046297
0.304046297
0.304046297
0.284195791
0.271680971
0.253849048
0.24810955
0.24810955
0.24810955
0.24810955
0.24810955
0.244849983
0.244849983
0.244849983
0.244849983
0.244849983
0.244849983
0.244849983
0.244849983
0.244849983
0.244849983
0.244849983
0.244849983
0.244849983
0.244849983
0.244849983
0.235423463
0.23181603
0.23181603
0.23181603
0.23181603
0.23181603
0.23181603
0.227238456
0.227238456
0.225744492
0.224475479
0.220416899
0.208602598
0.208602598
0.208602598
0.208602598
0.208602598
0.207487841
0.207487841
0.207487841
0.207487841
0.207487841
0.207487841
0.207487841
0.207487841
0.207487841
0.207487841
0.207487841
0.207487841
0.207487841
0.207487841
0.207487841
0.207487841
0.207487841
0.207487841
0.207487841
0.196292885
0.196292885
0.196292885
0.196292885
0.196292885
0.19280913
0.19280913
0.19280913
0.186328116
0.186328116
0.186328116
0.186328116
0.179041613
0.174820511
0.174820511
0.174244449
0.174244449
0.169103296
0.169103296
0.168339738
0.168339738
0.168339738
0.168339738
0.168339738
0.168339738
0.168339738
0.168339738
0.168339738
0.168339738
0.168339738
0.168339738
0.168339738
0.168339738
0.168007528
0.168007528
0.168007528
0.168007528
0.168007528
0.168007528
0.168007528
0.162592144
0.162592144
0.162592144
0.162592144
0.162592144
0.162592144
0.162592144
0.160158008
0.156448618
0.152131248
0.152131248
0.152131248
0.152131248
0.152131248
0.152131248
0.15080078
0.14679351
0.14679351
0.140534737
0.13972707
0.13972707
0.138259237
0.137124744
