1.0
0.999979615
0.831075356
0.456499003
0.456499003
0.456499003
0.456499003
0.456499003
0.456499003
0.456499003
0.456499003
0.456499003
0.394063283
0.367863135
0.367863135
0.367863135
0.367863135
0.367863135
0.367863135
0.367863135
0.367863135
0.367863135
0.367863135
0.367863135
0.283195308
0.283195308
0.283195308
0.264993306
0.253968441
0.223074725
0.223074725
0.219069934
0.213156226
0.213156226
0.205253583
0.200510764
0.189379418
0.187316922
0.187316922
0.187316922
0.187316922
0.187316922
0.187316922
0.187316922
0.187316922
0.187316922
0.187316922
0.186590095
0.186590095
0.186590095
0.186590095
0.186590095
0.186590095
0.186590095
0.186590095
0.186590095
0.17985955
0.168029389
0.158000523
0.146718758
0.146501076
0.146501076
0.146501076
0.144430503
0.14148183
0.14148183
0.139377833
0.139377833
0.139377833
0.139377833
0.139377833
0.139377833
0.139377833
0.139377833
0.139377833
0.139377833
0.139377833
0.139377833
0.139377833
0.139377833
0.139377833
0.139377833
0.132232033
0.132232033
0.132232033
0.132232033
0.132232033
0.131457475
0.127225423
0.127225423
0.125029368
0.123905991
0.123905991
0.123905991
0.123905991
0.123905991
0.117666432
0.117666432
0.117666432
0.117666432
0.117666432
0.117666432
0.117666432
0.117666432
0.117666432
0.117666432
0.117666432
0.117666432
0.117666432
0.117666432
0.117666432
0.117666432
0.117666432
0.117666432
0.1144173
0.1144173
0.1144173
0.1144173
0.1144173
0.1144173
0.1144173
0.1144173
0.1144173
0.112122337
0.112122337
0.107658266
0.104404306
0.104404306
0.103284063
0.103284063
0.099884467
0.09844037
0.098106928
0.098106928
0.098106928
0.098106928
0.098106928
0.098106928
0.098106928
0.098106928
0.098106928
0.098106928
0.098106928
0.098106928
0.098106928
0.098106928
0.098106928
0.098106928
0.097284642
0.097284642
0.097284642
0.097284642
0.0969167
0.096525531
0.094170748
0.093615591
0.093615591
0.093615591
0.093615591
0.093615591
0.093615591
0.093615591
0.093615591
0.093615591
0.089611038
0.089611038
0.089611038
0.089611038
0.089611038
0.089611038
0.089611038
0.089611038
0.089611038
0.085495745
0.085495745
0.083310077
0.083156738
0.083156738
