1.0
0.705502371
0.705502371
0.705502371
0.692754808
0.618341843
0.611939656
0.549599373
0.476041835
0.44392069
0.44392069
0.411574823
0.411574823
0.411574823
0.411574823
0.411574823
0.411574823
0.411574823
0.398904231
0.361157383
0.352470682
0.308566451
0.296082516
0.276334182
0.276334182
0.276334182
0.253973894
0.253973894
0.253973894
0.253973894
0.253973894
0.253973894
0.253973894
0.253973894
0.253973894
0.253973894
0.253973894
0.253973894
0.253973894
0.25031287
0.249452121
0.249452121
0.248562931
0.248562931
0.243252027
0.239456053
0.239456053
0.235376703
0.232520525
0.228106012
0.221037685
0.221037685
0.213944395
0.208085049
0.189397617
0.189397617
0.189397617
0.189397617
0.189397617
0.189397617
0.189397617
0.189397617
0.189397617
0.189397617
0.189397617
0.189397617
0.189397617
0.189397617
0.189397617
0.189397617
0.189397617
0.189397617
0.189397617
0.189397617
0.184663808
0.184528434
0.184528434
0.184528434
0.184528434
0.181350531
0.171328023
0.171328023
0.166372429
0.165977963
0.156950898
0.156950898
0.156950898
0.152336681
0.152336681
0.152336681
0.152336681
0.152336681
0.152336681
0.152336681
0.152336681
0.152336681
0.152336681
0.152336681
0.152336681
0.152336681
0.152336681
0.152336681
0.152336681
0.147686681
0.147405162
0.147020215
0.147020215
0.147020215
0.146902246
0.146902246
0.142640849
0.141959198
0.140995065
0.140995065
0.140995065
0.140995065
0.140995065
0.134920776
0.133887936
0.133887936
0.133887936
0.133887936
0.133887936
0.133887936
0.133887936
0.133887936
0.133887936
0.133887936
0.130781658
0.130781658
0.130781658
0.130781658
0.130781658
0.130781658
0.130781658
0.130781658
0.130781658
0.130781658
0.127865156
0.125613284
0.125613284
0.125613284
0.125613284
0.125613284
0.124453211
0.122264363
0.122264363
0.122264363
0.122264363
0.122264363
0.122264363
0.122264363
0.122264363
0.121976662
0.120291905
0.118861397
0.118521676
0.118521676
0.118521676
0.118521676
0.118521676
0.118521676
0.118521676
0.118521676
0.117329912
0.117329912
0.117329912
0.117329912
0.117329912
0.117329912
0.117329912
0.111540921
0.109907988
0.109907988
0.109907988
0.109907988
0.109907988
0.109907988
