1.0
0.763054983
0.763054983
0.763054983
0.763054983
0.763054983
0.763054983
0.73960821
0.659581541
0.630314551
0.630314551
0.607605466
0.607605466
0.607605466
0.607605466
0.607605466
0.607605466
0.607605466
0.586392218
0.563941991
0.563941991
0.498464402
0.498464402
0.498464402
0.498464402
0.498464402
0.42138629
0.42138629
0.42138629
0.397090222
0.397090222
0.397090222
0.397090222
0.397090222
0.397090222
0.397090222
0.397090222
0.397090222
0.397090222
0.397090222
0.397090222
0.397090222
0.385871443
0.385871443
0.385871443
0.380427549
0.380427549
0.380427549
0.380427549
0.362447035
0.358008638
0.358008638
0.358008638
0.358008638
0.33950996
0.325582533
0.325582533
0.325582533
0.325582533
0.325582533
0.325582533
0.325582533
0.325582533
0.325582533
0.325582533
0.325582533
0.325582533
0.325582533
0.325582533
0.325582533
0.325582533
0.325582533
0.31381239
0.310475889
0.303996941
0.303996941
0.303996941
0.303996941
0.303996941
0.303996941
0.303996941
0.303996941
0.295344814
0.295344814
0.275007402
0.275007402
0.275007402
0.259704208
0.255809041
0.249784957
0.249784957
0.249784957
0.249784957
0.249784957
0.249784957
0.249784957
0.248512999
0.248512999
0.248512999
0.248512999
0.248512999
0.248512999
0.248512999
0.248512999
0.248512999
0.247753229
0.247753229
0.247753229
0.247753229
0.247753229
0.247753229
0.240384616
0.236864552
0.236864552
0.236864552
0.232346044
0.224378045
0.223056968
0.223056968
0.223056968
0.223056968
0.215579254
0.215579254
0.215579254
0.215579254
0.215579254
0.215579254
0.215579254
0.215579254
0.215579254
0.215579254
0.215579254
0.215579254
0.215579254
0.215579254
0.215579254
0.215579254
0.215579254
0.208869855
0.203904802
0.203904802
0.203904802
0.202157322
0.202157322
0.201983701
0.193018793
0.192079159
0.192079159
0.192079159
0.192079159
0.192079159
0.192079159
0.192079159
0.192079159
0.192079159
0.192079159
0.192079159
0.192079159
0.192079159
0.192079159
0.192079159
0.192079159
0.192079159
0.192079159
0.192079159
0.191290496
0.191290496
0.191290496
0.191290496
0.191290496
0.191290496
0.189816191
0.186453966
0.179719053
0.179719053
0.179719053
0.179719053
0.174647859
