1.0
0.729857223
0.729857223
0.729857223
0.729857223
0.729857223
0.729857223
0.700147137
0.604071424
0.587983182
0.587983182
0.559567229
0.559567229
0.559567229
0.559567229
0.559567229
0.559567229
0.559567229
0.54587672
0.489665218
0.489303128
0.424152309
0.424152309
0.424152309
0.424152309
0.424152309
0.359610078
0.359610078
0.359610078
0.351789233
0.351789233
0.351789233
0.351789233
0.351789233
0.351789233
0.351789233
0.351789233
0.351789233
0.351789233
0.351789233
0.351789233
0.351789233
0.345360935
0.345360935
0.345360935
0.332698228
0.332698228
0.332698228
0.329990719
0.326645317
0.318473545
0.318473545
0.318473545
0.303853558
0.291486475
0.278856495
0.278856495
0.278856495
0.278856495
0.278856495
0.278856495
0.278856495
0.278856495
0.278856495
0.278856495
0.278856495
0.278856495
0.278856495
0.278856495
0.278856495
0.278856495
0.278856495
0.271179385
0.267417159
0.266237105
0.266237105
0.266237105
0.266237105
0.266237105
0.266237105
0.258987368
0.258987368
0.25458578
0.25458578
0.234409738
0.234292593
0.234292593
0.224797823
0.224797823
0.224797823
0.221388719
0.221388719
0.221388719
0.221388719
0.220509039
0.220509039
0.220509039
0.220509039
0.220509039
0.219765188
0.219765188
0.219765188
0.219765188
0.218185003
0.218185003
0.218185003
0.218185003
0.218185003
0.218185003
0.218185003
0.218185003
0.217993386
0.207764001
0.207764001
0.207764001
0.206170933
0.202433295
0.202433295
0.202433295
0.202433295
0.198220613
0.198220613
0.198220613
0.198220613
0.191712364
0.186072855
0.186072855
0.186072855
0.179954447
0.179954447
0.179954447
0.179954447
0.179954447
0.179954447
0.179954447
0.177392664
0.177392664
0.177392664
0.177392664
0.177392664
0.171855164
0.171855164
0.171855164
0.170028552
0.170028552
0.168137882
0.168137882
0.168137882
0.168137882
0.168137882
0.168137882
0.164534204
0.164534204
0.164534204
0.164534204
0.163452805
0.163452805
0.163452805
0.163452805
0.163452805
0.163452805
0.163452805
0.163452805
0.163452805
0.163452805
0.161389738
0.161389738
0.161389738
0.161389738
0.161389738
0.157756895
0.153140956
0.143536332
0.140649806
0.140649806
0.140649806
0.140649806
0.140649806
