1.0
0.721019032
0.721019032
0.721019032
0.64787683
0.618807677
0.618807677
0.618807677
0.618807677
0.618807677
0.618807677
0.618807677
0.618807677
0.558709533
0.558709533
0.524715785
0.520985531
0.520985531
0.520615247
0.506455426
0.506455426
0.506455426
0.506455426
0.456485042
0.432578614
0.432578614
0.387715054
0.387715054
0.369199723
0.361611629
0.361611629
0.361611629
0.361611629
0.361611629
0.361611629
0.361611629
0.361611629
0.361611629
0.361611629
0.361611629
0.361611629
0.361611629
0.361611629
0.361611629
0.361611629
0.359635001
0.359635001
0.359635001
0.359635001
0.343608357
0.335413298
0.335413298
0.335413298
0.326120586
0.305604186
0.305604186
0.305604186
0.270731281
0.270731281
0.270731281
0.270731281
0.270731281
0.270731281
0.270731281
0.270731281
0.270731281
0.270731281
0.270731281
0.270731281
0.270731281
0.270731281
0.270731281
0.270731281
0.270731281
0.270731281
0.270731281
0.265264309
0.265264309
0.265264309
0.265264309
0.261043587
0.261043587
0.255817287
0.254727352
0.237931074
0.237931074
0.237931074
0.237882147
0.237882147
0.229121552
0.222428512
0.222428512
0.222428512
0.222428512
0.222428512
0.222428512
0.222428512
0.222428512
0.222428512
0.222428512
0.222428512
0.222428512
0.222428512
0.214901554
0.214901554
0.214901554
0.214901554
0.214901554
0.214901554
0.214901554
0.214399343
0.210371065
0.210371065
0.210371065
0.210371065
0.207748225
0.207748225
0.207748225
0.202851617
0.202851617
0.202851617
0.200081179
0.200081179
0.200081179
0.200081179
0.190490396
0.190490396
0.190490396
0.190490396
0.190490396
0.190490396
0.190490396
0.190490396
0.190490396
0.190490396
0.190490396
0.190490396
0.190490396
0.190490396
0.190490396
0.188141582
0.188141582
0.188141582
0.188141582
0.185134051
0.179162478
0.178760665
0.178760665
0.178010388
0.178010388
0.17628611
0.17628611
0.17628611
0.17628611
0.17628611
0.174390733
0.174390733
0.174390733
0.174390733
0.174390733
0.174390733
0.174390733
0.174390733
0.174390733
0.169577373
0.169577373
0.168368828
0.168368828
0.168368828
0.16504464
0.16504464
0.161568433
0.159128241
0.158753739
0.158486452
0.158486452
0.155043164
0.155043164
