1.0
0.713280459
0.713280459
0.713280459
0.641383298
0.581515528
0.581515528
0.581515528
0.581515528
0.581515528
0.581515528
0.581515528
0.581515528
0.522958135
0.522958135
0.502208234
0.502208234
0.502208234
0.502208234
0.481857869
0.481857869
0.481857869
0.481857869
0.41903961
0.396719511
0.396719511
0.363337173
0.363337173
0.341867615
0.341867615
0.341867615
0.331717433
0.331717433
0.331717433
0.331717433
0.331717433
0.331717433
0.331717433
0.331717433
0.331717433
0.331717433
0.331717433
0.331717433
0.331717433
0.331717433
0.324663144
0.324663144
0.324663144
0.324663144
0.323697916
0.303256551
0.303256551
0.303256551
0.288368968
0.276532962
0.268033426
0.268033426
0.263872766
0.263872766
0.263872766
0.263872766
0.263872766
0.254994859
0.254994859
0.254994859
0.254994859
0.254994859
0.254994859
0.254994859
0.254994859
0.254994859
0.254994859
0.253014003
0.253014003
0.253014003
0.253014003
0.253014003
0.246384149
0.246384149
0.246384149
0.238874016
0.23841246
0.23841246
0.23841246
0.22342376
0.22342376
0.22342376
0.22342376
0.218107112
0.218107112
0.218107112
0.218107112
0.218107112
0.218107112
0.218107112
0.218107112
0.218107112
0.218107112
0.218107112
0.218107112
0.218107112
0.218107112
0.218107112
0.218107112
0.210039003
0.210039003
0.210039003
0.210039003
0.210039003
0.210039003
0.210039003
0.200834852
0.199154582
0.195977757
0.195977757
0.195977757
0.195977757
0.190641408
0.190641408
0.190505119
0.190505119
0.190505119
0.189236478
0.187901321
0.187669536
0.187669536
0.187669536
0.187669536
0.180455789
0.180455789
0.180455789
0.180455789
0.180455789
0.180455789
0.180455789
0.180455789
0.180455789
0.180455789
0.17443443
0.173413203
0.171912264
0.171912264
0.171912264
0.171912264
0.171912264
0.170056498
0.170056498
0.168945618
0.168945618
0.168945618
0.168945618
0.168945618
0.168945618
0.168945618
0.166502988
0.166502988
0.165441867
0.164778306
0.164778306
0.164778306
0.164778306
0.164778306
0.163262597
0.162554053
0.157106056
0.156833067
0.156833067
0.156833067
0.156725852
0.156725852
0.156725852
0.155400872
0.154721973
0.151174724
0.151174724
0.151174724
0.151174724
0.151152655
