1.0
0.72594398
0.72594398
0.72594398
0.72594398
0.622415299
0.622415299
0.622415299
0.622415299
0.578352584
0.578352584
0.522878545
0.522878545
0.522878545
0.522878545
0.486554379
0.486554379
0.486554379
0.486554379
0.456414287
0.452049202
0.452049202
0.452049202
0.452049202
0.400592408
0.384288418
0.384288418
0.363230889
0.338768783
0.338768783
0.338768783
0.338768783
0.338768783
0.33576066
0.33576066
0.33576066
0.333608495
0.333608495
0.333608495
0.333608495
0.333608495
0.333608495
0.333608495
0.332187889
0.332187889
0.332187889
0.332187889
0.332187889
0.332187889
0.332187889
0.322497316
0.312930625
0.312930625
0.308859537
0.302284221
0.285566889
0.285566889
0.285566889
0.279374051
0.268880193
0.265247971
0.265247971
0.265247971
0.265247971
0.265247971
0.265247971
0.265247971
0.265247971
0.265247971
0.265247971
0.26473394
0.26473394
0.26473394
0.26473394
0.26473394
0.26473394
0.261839077
0.261839077
0.257916425
0.257916425
0.257916425
0.257916425
0.256901505
0.248355527
0.242155033
0.232937496
0.232937496
0.232937496
0.222304407
0.219247219
0.219247219
0.219247219
0.219247219
0.219247219
0.219247219
0.219247219
0.219247219
0.219247219
0.219247219
0.219247219
0.21397265
0.21397265
0.21397265
0.21397265
0.2083125
0.2083125
0.2083125
0.2083125
0.2083125
0.2083125
0.2083125
0.2083125
0.2083125
0.2083125
0.2083125
0.205893639
0.205893639
0.205893639
0.199692222
0.199692222
0.199692222
0.199692222
0.199692222
0.199692222
0.193217662
0.187980882
0.185831297
0.185584158
0.184190721
0.184190721
0.184190721
0.184190721
0.184190721
0.184190721
0.181740342
0.181740342
0.181740342
0.181740342
0.181740342
0.181740342
0.181740342
0.174328684
0.174139902
0.172260583
0.172260583
0.171226755
0.171226755
0.171226755
0.171226755
0.171226755
0.171226755
0.171226755
0.171226755
0.167494877
0.167494877
0.166725043
0.166725043
0.166725043
0.166725043
0.166725043
0.166725043
0.162495543
0.16143223
0.16143223
0.16143223
0.16143223
0.158516529
0.158516529
0.158516529
0.158307241
0.154506426
0.154506426
0.154506426
0.153409347
0.153409347
0.146688023
0.145755264
0.145755264
