1.0
0.610673266
0.610673266
0.610673266
0.610673266
0.46900258
0.46900258
0.46900258
0.46900258
0.437065733
0.437065733
0.380989718
0.380989718
0.380989718
0.371142469
0.365564505
0.365564505
0.365564505
0.365564505
0.342076338
0.322961297
0.322961297
0.322961297
0.322141208
0.298278857
0.288538857
0.288538857
0.268238708
0.25212857
0.25212857
0.25212857
0.25212857
0.25212857
0.250435402
0.250435402
0.250435402
0.247991074
0.247991074
0.247991074
0.247991074
0.247991074
0.247991074
0.247991074
0.247802758
0.240442642
0.240442642
0.233931286
0.233931286
0.233931286
0.233931286
0.230900722
0.230900722
0.230900722
0.225995594
0.213557321
0.21289431
0.21289431
0.19879729
0.19879729
0.19879729
0.19879729
0.19879729
0.192749128
0.192749128
0.192749128
0.192749128
0.192749128
0.192749128
0.192749128
0.192749128
0.192137372
0.192137372
0.192137372
0.192137372
0.192137372
0.192137372
0.186747778
0.186747778
0.179044246
0.178739971
0.177685115
0.174833494
0.174833494
0.174176221
0.170267796
0.170267796
0.170267796
0.170267796
0.170267796
0.161893496
0.161543512
0.161543512
0.161543512
0.161543512
0.161543512
0.161543512
0.161543512
0.161543512
0.161543512
0.161543512
0.161543512
0.161543512
0.158814781
0.158344395
0.154191104
0.154191104
0.153461331
0.153461331
0.153461331
0.153461331
0.153380376
0.152043414
0.152043414
0.152043414
0.152043414
0.152043414
0.152043414
0.152043414
0.152043414
0.152043414
0.150181736
0.150181736
0.150181736
0.150181736
0.150181736
0.147134188
0.143361548
0.140515466
0.140515466
0.140515466
0.140515466
0.139043991
0.139043991
0.139043991
0.138383032
0.138383032
0.138383032
0.138383032
0.138383032
0.138383032
0.138383032
0.138383032
0.138383032
0.138383032
0.138383032
0.136845438
0.135436511
0.135436511
0.135436511
0.135436511
0.135436511
0.135436511
0.135436511
0.135436511
0.135436511
0.135436511
0.132843652
0.132308641
0.132308641
0.132308641
0.131087953
0.130754196
0.130651059
0.130651059
0.129063744
0.12843626
0.12843626
0.126268632
0.126268632
0.126268632
0.125024332
0.124218303
0.12384894
0.122196892
0.121500653
0.121396484
0.121396484
0.121396484
