1.0
0.492728691
0.492728691
0.492728691
0.28368687
0.247048477
0.228704526
0.228704526
0.228704526
0.200168087
0.200168087
0.198034122
0.194080703
0.194080703
0.170515213
0.160814218
0.159424477
0.159424477
0.150587248
0.14524733
0.14372583
0.14372583
0.14372583
0.135689072
0.134376283
0.134376283
0.134376283
0.127011813
0.127011813
0.127011813
0.127011813
0.122645739
0.122645739
0.122645739
0.119461204
0.119461204
0.115287508
0.113047145
0.110749625
0.110749625
0.110749625
0.110749625
0.106616104
0.106616104
0.106616104
0.106616104
0.104175747
0.104175747
0.104175747
0.103976688
0.103976688
0.101970044
0.101970044
0.101970044
0.100080997
0.097451845
0.097451845
0.094401083
0.091094099
0.091094099
0.08945882
0.088466725
0.087506869
0.087506869
0.087506869
0.087506869
0.087506869
0.087506869
0.086675093
0.085811259
0.085811259
0.085811259
0.085811259
0.08542005
0.08542005
0.08542005
0.085323554
0.084692843
0.084692843
0.084692843
0.084692843
0.084250151
0.082176396
0.081436068
0.078162947
0.078162947
0.078162947
0.078162947
0.075094224
0.072545462
0.072077359
0.072077359
0.072077359
0.072077359
0.072077359
0.072077359
0.072077359
0.072077359
0.072077359
0.070816899
0.070816899
0.070816899
0.070816899
0.070028479
0.068241386
0.068241386
0.068241386
0.068241386
0.068241386
0.068241386
0.068241386
0.066922537
0.066601396
0.066601396
0.066601396
0.066581414
0.066581414
0.065200477
0.06446522
0.06446522
0.06446522
0.06446522
0.06446522
0.06446522
0.06295542
0.06295542
0.060995737
0.060180883
0.057337131
0.056383536
0.056364337
0.056364337
0.056364337
0.056364337
0.056364337
0.056364337
0.056364337
0.056364337
0.056364337
0.055820608
0.055652054
0.055652054
0.055652054
0.055652054
0.055043216
0.054829929
0.054829929
0.054829929
0.054829929
0.054829929
0.054829929
0.054829929
0.054823446
0.054823446
0.054359552
0.054359552
0.053287777
0.052806244
0.052806244
0.05271901
0.05271901
0.052112969
0.052026231
0.051851498
0.05148702
0.050146521
0.049559493
0.049559493
0.049404195
0.049322109
0.049236747
0.04735981
0.046599224
0.045494301
0.045377033
0.045377033
0.045132476
0.044216574
