1.0
0.745975059
0.745975059
0.745975059
0.745975059
0.650884994
0.650884994
0.650884994
0.650884994
0.5953974
0.5953974
0.551894702
0.551894702
0.551894702
0.551894702
0.551894702
0.551894702
0.551894702
0.551894702
0.511910107
0.505356847
0.505356847
0.505356847
0.505356847
0.437918705
0.434320063
0.434320063
0.415457955
0.401037276
0.401037276
0.401037276
0.401037276
0.401037276
0.38315469
0.377912495
0.377912495
0.376687448
0.376687448
0.376687448
0.376687448
0.376687448
0.376687448
0.376687448
0.370116052
0.357768425
0.357768425
0.357768425
0.357768425
0.357768425
0.353428071
0.340968442
0.330935053
0.330935053
0.330935053
0.30888025
0.30888025
0.30888025
0.298554159
0.289252501
0.289252501
0.289252501
0.289252501
0.289252501
0.289252501
0.289252501
0.289252501
0.289252501
0.289252501
0.289252501
0.289252501
0.289252501
0.289252501
0.289252501
0.289252501
0.289252501
0.289252501
0.283835485
0.276976472
0.276976472
0.276976472
0.276976472
0.276976472
0.276976472
0.267754955
0.262532392
0.250944093
0.250944093
0.250944093
0.247759953
0.238679246
0.238679246
0.238679246
0.238679246
0.238679246
0.238679246
0.238679246
0.236641471
0.236641471
0.236641471
0.236641471
0.236641471
0.233606595
0.233606595
0.233606595
0.232887077
0.230469417
0.230469417
0.230469417
0.230469417
0.230469417
0.230469417
0.228627354
0.228627354
0.228627354
0.228627354
0.228139261
0.228139261
0.228139261
0.216917563
0.216917563
0.216917563
0.216917563
0.216917563
0.216917563
0.210205737
0.201719728
0.200473259
0.200473259
0.200473259
0.200473259
0.200473259
0.200473259
0.200308628
0.200308628
0.200308628
0.200308628
0.200308628
0.200308628
0.200308628
0.200308628
0.199203007
0.195093875
0.195093875
0.195093875
0.195093875
0.19241956
0.19241956
0.19241956
0.19241956
0.191690658
0.191690658
0.191690658
0.191690658
0.191690658
0.191690658
0.191690658
0.191690658
0.178960249
0.178960249
0.178960249
0.178960249
0.178960249
0.177120316
0.177120316
0.177120316
0.177120316
0.175671307
0.175671307
0.175671307
0.175671307
0.175671307
0.175671307
0.175671307
0.171431897
0.16983685
0.16983685
0.164303432
0.164303432
