1.0
0.42035743
0.42035743
0.42035743
0.238267943
0.238267943
0.238267943
0.238267943
0.208453057
0.194217783
0.194217783
0.188523417
0.188523417
0.18501922
0.16392995
0.16362375
0.16362375
0.162391156
0.15819904
0.151304701
0.145728448
0.145728448
0.145728448
0.144349677
0.138338206
0.138338206
0.131753237
0.125265937
0.125265937
0.125265937
0.12459487
0.12459487
0.123358314
0.123358314
0.118618162
0.118618162
0.111725254
0.110760221
0.110410136
0.110410136
0.109604439
0.109604439
0.107237469
0.107237469
0.107237469
0.107237469
0.106674218
0.106248082
0.106248082
0.106248082
0.106248082
0.106248082
0.105203035
0.103128324
0.101635146
0.101635146
0.101635146
0.099559707
0.093749196
0.093749196
0.091853611
0.090477289
0.089758087
0.089758087
0.089758087
0.089758087
0.089758087
0.089758087
0.089758087
0.088567487
0.087806516
0.087806516
0.087806516
0.086515789
0.086485827
0.086258055
0.086258055
0.086258055
0.086258055
0.085551146
0.085551146
0.085231296
0.084528037
0.083696601
0.082054817
0.080115772
0.079129416
0.079129416
0.078620423
0.077493488
0.074072596
0.070878268
0.070878268
0.070878268
0.070878268
0.070878268
0.070878268
0.070878268
0.070878268
0.070231034
0.068484844
0.068484844
0.068484844
0.068484844
0.067036992
0.067036992
0.067036992
0.066940447
0.06692885
0.06692885
0.06692885
0.06692885
0.06692885
0.06692885
0.06692885
0.06692885
0.06692885
0.06692885
0.064542423
0.064542423
0.064542423
0.064542423
0.064542423
0.064542423
0.064237286
0.063917795
0.061882271
0.061417751
0.059474758
0.059100272
0.059100272
0.059100272
0.059100272
0.05882553
0.05882553
0.05882553
0.058210544
0.058210544
0.058210544
0.058210544
0.058210544
0.058210544
0.057771608
0.057765438
0.057765438
0.057765438
0.057765438
0.057765438
0.057765438
0.057765438
0.057765438
0.057765438
0.057765438
0.057765438
0.057122574
0.057122574
0.056885415
0.056192669
0.056192669
0.056192669
0.056192669
0.056192669
0.05549149
0.05549149
0.054367345
0.051634545
0.051431928
0.051431928
0.051431928
0.051374129
0.050646988
0.050033395
0.049500038
0.047436738
0.047258937
0.047258937
0.047258937
0.047258937
