1.0
0.704834545
0.699188404
0.682869349
0.678136147
0.678136147
0.678136147
0.617178004
0.617178004
0.60569523
0.60569523
0.54396186
0.54396186
0.54396186
0.54396186
0.54396186
0.54396186
0.54396186
0.54396186
0.53308881
0.496482435
0.496482435
0.496482435
0.493249544
0.462312775
0.438675537
0.428835174
0.396302008
0.396302008
0.396302008
0.396302008
0.396302008
0.396302008
0.396302008
0.384127244
0.384127244
0.384127244
0.384127244
0.384127244
0.384127244
0.384127244
0.369835766
0.361188516
0.358656856
0.358656856
0.358656856
0.358656856
0.358656856
0.358656856
0.358656856
0.356350583
0.356350583
0.34770341
0.34770341
0.34770341
0.34770341
0.34770341
0.326710671
0.321556758
0.321556758
0.319099953
0.319099953
0.319099953
0.319099953
0.319099953
0.319099953
0.319099953
0.313481807
0.313481807
0.313481807
0.313481807
0.313481807
0.313481807
0.313481807
0.313481807
0.309201824
0.303899545
0.303899545
0.303899545
0.303899545
0.303899545
0.301329
0.301329
0.290578572
0.286851698
0.285083179
0.280349634
0.280349634
0.280349634
0.27494703
0.26879485
0.268286636
0.268286636
0.268286636
0.268286636
0.268286636
0.268286636
0.266843272
0.266802729
0.266802729
0.26223761
0.26223761
0.26223761
0.261992449
0.261768338
0.261768338
0.261768338
0.257039514
0.257039514
0.257039514
0.254043061
0.254043061
0.254043061
0.254043061
0.246101587
0.246101587
0.245754544
0.245754544
0.245754544
0.245754544
0.245754544
0.245754544
0.245754544
0.245754544
0.236147031
0.232026064
0.225800451
0.21978887
0.21978887
0.21978887
0.21978887
0.218612331
0.218612331
0.218612331
0.218612331
0.218612331
0.218612331
0.218612331
0.217859638
0.217859638
0.217859638
0.214822923
0.211850842
0.211850842
0.211850842
0.211850842
0.211850842
0.211850842
0.211850842
0.211850842
0.211850842
0.211850842
0.211850842
0.211850842
0.21130731
0.21130731
0.207047043
0.207047043
0.207047043
0.207047043
0.207047043
0.201916409
0.201916409
0.201916409
0.193300242
0.193300242
0.191326326
0.191326326
0.191326326
0.191326326
0.189087421
0.186347769
0.186347769
0.186347769
0.186347769
0.184226139
0.184226139
0.178416949
