1.0
0.92235485
0.688566966
0.688566966
0.606419753
0.606419753
0.606419753
0.606419753
0.606419753
0.606419753
0.572401595
0.480277746
0.480277746
0.480277746
0.465954546
0.465954546
0.465954546
0.465954546
0.465954546
0.465954546
0.446204908
0.446204908
0.446204908
0.417903022
0.417903022
0.401046336
0.383636562
0.352150487
0.352150487
0.345612136
0.345612136
0.332156746
0.332156746
0.32690206
0.32690206
0.318834783
0.310376691
0.310376691
0.310376691
0.310376691
0.310376691
0.310376691
0.310376691
0.310376691
0.310376691
0.310376691
0.310376691
0.310376691
0.310376691
0.310376691
0.310376691
0.299019149
0.298647928
0.298647928
0.298647928
0.298647928
0.291903399
0.27646811
0.27646811
0.27646811
0.27646811
0.27646811
0.266582269
0.263431919
0.263431919
0.263431919
0.263431919
0.254715591
0.252905852
0.252905852
0.252905852
0.252905852
0.252905852
0.247676634
0.247676634
0.247676634
0.247676634
0.247676634
0.247676634
0.247676634
0.247676634
0.247676634
0.247224029
0.244487696
0.243341199
0.243341199
0.240469383
0.240469383
0.240469383
0.233961243
0.227794089
0.226368564
0.226368564
0.226368564
0.226368564
0.226368564
0.226368564
0.220726206
0.214359734
0.214359734
0.214359734
0.2131434
0.2131434
0.2131434
0.2131434
0.2131434
0.2131434
0.2131434
0.211592737
0.211592737
0.211592737
0.211592737
0.211592737
0.211592737
0.211592737
0.211592737
0.211592737
0.211592737
0.211592737
0.211592737
0.211592737
0.211592737
0.211592737
0.211592737
0.211592737
0.20333333
0.194040805
0.194040805
0.190449335
0.190449335
0.190098205
0.190098205
0.190098205
0.190098205
0.190098205
0.18578591
0.18578591
0.18578591
0.18578591
0.18578591
0.18578591
0.18578591
0.182009588
0.182009588
0.182009588
0.182009588
0.182009588
0.182009588
0.182009588
0.182009588
0.182009588
0.182009588
0.182009588
0.180926447
0.178994107
0.178994107
0.178994107
0.178994107
0.178205191
0.178205191
0.177419919
0.177419919
0.177419919
0.177419919
0.172176441
0.172176441
0.172176441
0.172176441
0.172176441
0.169577922
0.166553002
0.162596045
0.162596045
0.162596045
0.162596045
0.162063879
0.161468035
0.158139354
