1.0
0.926974782
0.711134963
0.711134963
0.652483084
0.652483084
0.652483084
0.652483084
0.652483084
0.645803554
0.611290928
0.547743452
0.547743452
0.547743452
0.542624287
0.542624287
0.542624287
0.542624287
0.542624287
0.542624287
0.524139107
0.524139107
0.524139107
0.47624616
0.47624616
0.472770768
0.472320227
0.431143485
0.431143485
0.420345261
0.420345261
0.410986957
0.410986957
0.390133603
0.390133603
0.389358453
0.379133097
0.379133097
0.379133097
0.379133097
0.379133097
0.379133097
0.379133097
0.379133097
0.379133097
0.379133097
0.379133097
0.379133097
0.379133097
0.379133097
0.379133097
0.372776629
0.361884992
0.361884992
0.361884992
0.361884992
0.361884992
0.324231661
0.324231661
0.324231661
0.320438759
0.320438759
0.311211125
0.311211125
0.311211125
0.311211125
0.311211125
0.311211125
0.311211125
0.311211125
0.311211125
0.311211125
0.311211125
0.311211125
0.311211125
0.311211125
0.311211125
0.311211125
0.311211125
0.311211125
0.311211125
0.311211125
0.311211125
0.307523832
0.287607984
0.287607984
0.285293997
0.285293997
0.285293997
0.282690213
0.282690213
0.279536294
0.279536294
0.279536294
0.279536294
0.279536294
0.279536294
0.279536294
0.271887765
0.271887765
0.267194825
0.267194825
0.267194825
0.267194825
0.267194825
0.267194825
0.262922905
0.262922905
0.262922905
0.262922905
0.262922905
0.262922905
0.262922905
0.262922905
0.262922905
0.262922905
0.258434331
0.25205498
0.246714891
0.246714891
0.246714891
0.246714891
0.246714891
0.246714891
0.246714891
0.236410772
0.23437556
0.23437556
0.221416668
0.221416668
0.221416668
0.220735826
0.220735826
0.220735826
0.220735826
0.220735826
0.220735826
0.220735826
0.220735826
0.220735826
0.218370936
0.218370936
0.218370936
0.218370936
0.218370936
0.218370936
0.218370936
0.218370936
0.218370936
0.218370936
0.216078609
0.216078609
0.215475923
0.215475923
0.215475923
0.211689293
0.211689293
0.211689293
0.211689293
0.211689293
0.211689293
0.211689293
0.211689293
0.207427495
0.20159407
0.20159407
0.20159407
0.20159407
0.20159407
0.20159407
0.197166731
0.197166731
0.194896313
0.189418866
0.185298112
0.184687078
0.184687078
0.174207091
