1.0
0.724276242
0.369418357
0.354994445
0.236538163
0.236538163
0.213514488
0.213514488
0.213514488
0.186951883
0.186951883
0.181586048
0.181586048
0.181586048
0.170051403
0.170051403
0.170051403
0.170051403
0.170051403
0.157424522
0.148423916
0.148423916
0.148423916
0.143386202
0.138487659
0.138487659
0.133136006
0.131274439
0.131274439
0.1280103
0.1280103
0.123499002
0.122198316
0.122198316
0.119687482
0.119687482
0.113699813
0.110738356
0.109298645
0.109298645
0.109298645
0.108324843
0.108324843
0.107694403
0.107694403
0.10679991
0.106661358
0.106661358
0.106661358
0.106661358
0.106661358
0.104319643
0.104319643
0.104319643
0.100231054
0.099901055
0.097308317
0.094839908
0.093279095
0.092849671
0.092849671
0.092849671
0.092729665
0.092239412
0.092052544
0.091027604
0.091027604
0.091027604
0.09078966
0.09078966
0.09078966
0.09078966
0.090224292
0.089355574
0.089355574
0.089355574
0.087057992
0.087057992
0.086411312
0.086411312
0.086411312
0.085402312
0.085402312
0.083829291
0.083829291
0.083030538
0.083030538
0.082028283
0.082028283
0.08150088
0.079353477
0.079032066
0.079032066
0.079032066
0.079032066
0.079032066
0.078408336
0.078053558
0.078053558
0.077558006
0.077558006
0.077558006
0.077558006
0.077558006
0.075413215
0.075413215
0.075413215
0.075413215
0.075413215
0.075413215
0.074520311
0.074072878
0.073616136
0.073616136
0.073616136
0.073203408
0.073203408
0.071996495
0.071996495
0.071996495
0.071996495
0.07188666
0.07188666
0.07188666
0.071061869
0.06761362
0.065722676
0.065722676
0.064596584
0.064596584
0.064596584
0.064596584
0.064596584
0.064116476
0.064116476
0.064116476
0.064116476
0.064116476
0.063026329
0.063026329
0.062450454
0.062450454
0.062358164
0.062358164
0.062259774
0.062049435
0.062049435
0.062049435
0.062049435
0.062049435
0.061945064
0.061945064
0.061779618
0.061779618
0.061630689
0.06135548
0.060364465
0.058568438
0.058568438
0.058568438
0.058568438
0.058568438
0.058276684
0.058276684
0.056467366
0.055835627
0.055835627
0.055835627
0.055835627
0.055835627
0.053747194
0.053747194
0.051717794
0.050780813
0.050780813
0.050780813
0.050780813
0.050780813
