1.0
0.919933198
0.296517211
0.256470105
0.23284674
0.207675956
0.206756511
0.196666431
0.188473433
0.188473433
0.188473433
0.182930835
0.169351398
0.169351398
0.169351398
0.169351398
0.169351398
0.169351398
0.168424744
0.152427168
0.152427168
0.150876557
0.150876557
0.142515235
0.142515235
0.142193092
0.138086825
0.130785297
0.130157136
0.130157136
0.130157136
0.120899511
0.119959194
0.115058799
0.107475048
0.107475048
0.105853939
0.105208266
0.104589763
0.104589763
0.104589763
0.104589763
0.103513213
0.100976255
0.100976255
0.100976255
0.100976255
0.100976255
0.098683503
0.098683503
0.098683503
0.096693117
0.093754251
0.093634579
0.091514549
0.090102414
0.089129344
0.084885337
0.084885337
0.084885337
0.084885337
0.083568179
0.081904376
0.08018261
0.079136754
0.079136754
0.079136754
0.079136754
0.079136754
0.079136754
0.079136754
0.079136754
0.079136754
0.079136754
0.079136754
0.079136754
0.0760023
0.0760023
0.0760023
0.0760023
0.0760023
0.0760023
0.073922289
0.072961652
0.070430157
0.070430157
0.070430157
0.070430157
0.068197559
0.068197559
0.065841393
0.065749605
0.065162787
0.065162787
0.064997815
0.064997815
0.064997815
0.06479752
0.06479752
0.06479752
0.06479752
0.06479752
0.064272388
0.064272388
0.063077367
0.062550196
0.062550196
0.062550196
0.062550196
0.061907303
0.061907303
0.061907303
0.061516355
0.061516355
0.061516355
0.061516355
0.061516355
0.060851748
0.060335709
0.060335709
0.060335709
0.060335709
0.060335709
0.060335709
0.058516335
0.056508692
0.056491918
0.056491918
0.054017916
0.053671187
0.053671187
0.053671187
0.053671187
0.053211637
0.053211637
0.053211637
0.053211637
0.053211637
0.053211637
0.053211637
0.053211637
0.053211637
0.053211637
0.053211637
0.052248108
0.051224518
0.051224518
0.051224518
0.051224518
0.051034335
0.051034335
0.051034335
0.051034335
0.051034335
0.050733538
0.050733538
0.050733538
0.050105994
0.050105994
0.050105994
0.050105994
0.050105994
0.050089876
0.04976721
0.04976721
0.049095406
0.049095406
0.049095406
0.049095406
0.048418583
0.047858609
0.04660902
0.045543728
0.044779467
0.044606094
0.044606094
0.044606094
0.044606094
