1.0
0.986417659
0.599904485
0.599904485
0.599904485
0.599904485
0.599904485
0.599904485
0.599904485
0.599904485
0.571797412
0.519575335
0.510925015
0.510925015
0.497085979
0.473464476
0.473464476
0.473464476
0.457133277
0.457133277
0.457133277
0.457133277
0.457133277
0.427310524
0.427310524
0.426791212
0.426791212
0.426791212
0.388437851
0.388437851
0.371975201
0.371702686
0.371702686
0.349787449
0.349787449
0.319655795
0.319655795
0.31177679
0.31177679
0.31177679
0.31177679
0.306126181
0.306126181
0.306126181
0.306126181
0.306126181
0.306126181
0.306126181
0.306126181
0.306126181
0.306126181
0.306126181
0.297423308
0.297423308
0.297423308
0.297423308
0.289073579
0.273306743
0.273306743
0.273306743
0.273306743
0.273306743
0.258064279
0.258064279
0.258064279
0.254960344
0.254960344
0.254960344
0.244298447
0.244298447
0.244178856
0.244178856
0.244178856
0.240085697
0.240085697
0.237507863
0.237507863
0.237507863
0.237507863
0.237507863
0.237507863
0.237507863
0.235003456
0.235003456
0.235003456
0.235003456
0.235003456
0.219168986
0.219168986
0.21321125
0.21321125
0.205875311
0.205875311
0.205875311
0.205875311
0.205875311
0.205875311
0.205875311
0.202846443
0.201970984
0.196493507
0.196493507
0.196493507
0.196493507
0.196493507
0.190832397
0.190832397
0.190832397
0.190831422
0.190831422
0.190831422
0.190831422
0.189571116
0.189571116
0.189571116
0.189571116
0.189571116
0.185121754
0.183430154
0.183430154
0.183111223
0.183111223
0.183111223
0.183111223
0.183111223
0.176336427
0.176336427
0.176336427
0.172048271
0.172048271
0.170122288
0.170122288
0.170122288
0.170122288
0.170122288
0.170122288
0.165466357
0.162770747
0.162770747
0.162770747
0.162770747
0.160808707
0.160808707
0.160808707
0.160808707
0.159597698
0.159597698
0.159597698
0.159597698
0.159597698
0.159597698
0.159597698
0.159597698
0.159597698
0.159597698
0.159597698
0.159597698
0.159597698
0.159597698
0.159597698
0.159597698
0.157129267
0.157129267
0.153202444
0.149572909
0.149572909
0.149572909
0.149572909
0.147677909
0.147369857
0.147369857
0.143610683
0.143610683
0.139192492
0.139192492
0.139192492
0.139192492
0.139192492
