1.0
0.98369586
0.247603782
0.247603782
0.24134735
0.22539386
0.21818721
0.21818721
0.21818721
0.21818721
0.198935703
0.189059991
0.189059991
0.189059991
0.175211437
0.175211437
0.175211437
0.175211437
0.175211437
0.153531354
0.153531354
0.153531354
0.153531354
0.153531354
0.143208424
0.142951637
0.138750709
0.128711788
0.128711788
0.126973334
0.121238712
0.115057435
0.113359237
0.113359237
0.105044816
0.104229727
0.103850159
0.103850159
0.103850159
0.103850159
0.103850159
0.101718265
0.100873071
0.099137845
0.099137845
0.098303085
0.098303085
0.098097769
0.098097769
0.098097769
0.098097769
0.095416191
0.093142416
0.092762487
0.092331744
0.09016333
0.089427849
0.087143582
0.081149296
0.081149296
0.081149296
0.080640306
0.07929529
0.07777283
0.07777283
0.07777283
0.07777283
0.077139504
0.077139504
0.077139504
0.077139504
0.076318057
0.076318057
0.076036469
0.076036469
0.076036469
0.076036469
0.076036469
0.076036469
0.075736591
0.075736591
0.075736591
0.075736591
0.073892238
0.069738833
0.069738833
0.069738833
0.069738833
0.067320071
0.066382439
0.064234402
0.064234402
0.064234402
0.064234402
0.064234402
0.062886437
0.062700575
0.062299469
0.062299469
0.062299469
0.061265236
0.061265236
0.060837272
0.0607467
0.059960791
0.059960791
0.059960791
0.059700423
0.059666478
0.059666478
0.059666478
0.059666478
0.059218916
0.059218916
0.057880204
0.057880204
0.057880204
0.057880204
0.057064363
0.056891283
0.056891283
0.056891283
0.056891283
0.056542593
0.055653621
0.055523715
0.054340203
0.054340203
0.052794759
0.052794759
0.051909255
0.051722804
0.051722804
0.051446789
0.051304525
0.051304525
0.051271885
0.051271885
0.050901572
0.050901572
0.050901572
0.050901572
0.050901572
0.050901572
0.05081302
0.05081302
0.05081302
0.05081302
0.05081302
0.050217029
0.050217029
0.050217029
0.050217029
0.049927254
0.049646291
0.049646291
0.048404157
0.04769732
0.047389306
0.047389306
0.047389306
0.047389306
0.046896637
0.046847818
0.046587431
0.046587431
0.046216447
0.046216447
0.046216447
0.046216447
0.046216447
0.045192595
0.044418362
0.044418362
0.044418362
0.044418362
0.044418362
0.044418362
