1.0
0.998598881
0.641211079
0.641211079
0.641211079
0.640351038
0.640351038
0.640351038
0.640351038
0.640351038
0.625195632
0.62415503
0.573578789
0.573578789
0.512592784
0.512592784
0.512592784
0.507542647
0.507542647
0.507542647
0.507542647
0.507542647
0.507542647
0.507542647
0.440712893
0.439322859
0.404038164
0.403884878
0.403884878
0.392308284
0.381708811
0.371814733
0.371814733
0.371814733
0.371814733
0.371814733
0.365240758
0.356364713
0.356364713
0.336134177
0.336134177
0.333563546
0.32290814
0.32290814
0.32290814
0.32290814
0.32290814
0.32290814
0.32290814
0.32290814
0.32290814
0.32290814
0.32290814
0.32290814
0.32290814
0.32290814
0.310041579
0.308050028
0.307057395
0.307057395
0.307057395
0.307057395
0.307057395
0.295911809
0.295911809
0.295911809
0.280138086
0.280138086
0.280138086
0.280138086
0.280138086
0.27447989
0.27447989
0.27447989
0.273800694
0.269719965
0.269719965
0.269719965
0.269719965
0.269719965
0.269719965
0.269719965
0.269719965
0.26314584
0.26314584
0.26314584
0.26314584
0.26314584
0.247710453
0.247710453
0.247710453
0.247710453
0.24005123
0.238452821
0.238452821
0.238452821
0.238452821
0.238452821
0.238452821
0.236451185
0.232948114
0.230093974
0.229966024
0.229966024
0.229966024
0.229966024
0.229966024
0.229966024
0.229966024
0.229966024
0.229966024
0.229966024
0.229966024
0.229966024
0.229966024
0.229966024
0.229966024
0.229966024
0.229966024
0.229966024
0.229966024
0.229966024
0.223795887
0.223795887
0.219062985
0.216664122
0.216664122
0.210891232
0.202943095
0.202943095
0.202943095
0.202943095
0.202943095
0.202943095
0.202943095
0.202943095
0.202943095
0.202943095
0.202943095
0.202943095
0.202943095
0.202943095
0.197608186
0.197608186
0.197608186
0.197608186
0.197608186
0.197608186
0.197608186
0.197608186
0.197608186
0.197608186
0.196356488
0.195371988
0.195371988
0.195371988
0.195371988
0.195371988
0.195371988
0.195371988
0.185675116
0.185675116
0.185675116
0.185675116
0.185675116
0.179015466
0.179015466
0.178780343
0.178780343
0.178780343
0.17867018
0.17867018
0.173389307
0.173389307
0.173389307
0.173389307
0.173389307
0.165920562
