1.0
0.999742422
0.737572675
0.652345121
0.543271535
0.466815484
0.466815484
0.466815484
0.466815484
0.466815484
0.466815484
0.466815484
0.466815484
0.388095909
0.361049527
0.361049527
0.361049527
0.361049527
0.361049527
0.361049527
0.361049527
0.361049527
0.361049527
0.361049527
0.332767492
0.308021984
0.307931039
0.307931039
0.307931039
0.286780212
0.262441938
0.259833839
0.259833839
0.250599762
0.240864072
0.240864072
0.240864072
0.226479234
0.222512027
0.218366921
0.218366921
0.218366921
0.218366921
0.218366921
0.218366921
0.218366921
0.218366921
0.218366921
0.218366921
0.218366921
0.218366921
0.218366921
0.218366921
0.218366921
0.218366921
0.218366921
0.212205017
0.202914017
0.195681343
0.194786784
0.1940387
0.189915596
0.188623892
0.188619013
0.184108296
0.184108296
0.184108296
0.184049739
0.184049739
0.16905518
0.16905518
0.168775282
0.168775282
0.168775282
0.168775282
0.168775282
0.168775282
0.168775282
0.168775282
0.168775282
0.168775282
0.164353615
0.164353615
0.164353615
0.164353615
0.164353615
0.164353615
0.164353615
0.158930095
0.15891158
0.154534066
0.154534066
0.154534066
0.154155497
0.154155497
0.154155497
0.151324139
0.151324139
0.149614819
0.149614819
0.149614819
0.147970104
0.147970104
0.144625179
0.143126922
0.143126922
0.143126922
0.143126922
0.143126922
0.143126922
0.143126922
0.143126922
0.140541512
0.140502131
0.138198189
0.138198189
0.138198189
0.138198189
0.138198189
0.138198189
0.138198189
0.138198189
0.138198189
0.138198189
0.133759841
0.131126785
0.131126785
0.131126785
0.126173346
0.126173346
0.126173346
0.126173346
0.126173346
0.126173346
0.126173346
0.126173346
0.126173346
0.126173346
0.126173346
0.126173346
0.126173346
0.126173346
0.126173346
0.126173346
0.126173346
0.126173346
0.126173346
0.126173346
0.126173346
0.126173346
0.126173346
0.126173346
0.126173346
0.126173346
0.121719739
0.119857632
0.119175159
0.119175159
0.118553812
0.118553812
0.118553812
0.118553812
0.118553812
0.118537958
0.113580032
0.112543704
0.112543704
0.112543704
0.112543704
0.112543704
0.111723644
0.109771035
0.107291263
0.107291263
0.106448734
0.106448734
0.106448734
0.100380383
