1.0
0.999872205
0.802402377
0.730036134
0.643421505
0.643421505
0.643421505
0.643421505
0.643421505
0.643421505
0.643421505
0.643421505
0.643421505
0.548904431
0.465507356
0.465507356
0.465507356
0.465507356
0.465507356
0.465507356
0.465507356
0.465507356
0.465507356
0.465507356
0.424806837
0.394358352
0.390628672
0.390628672
0.390628672
0.386203027
0.361248694
0.361248694
0.361248694
0.343166173
0.332917865
0.327161802
0.327161802
0.315322867
0.304391406
0.294763813
0.294763813
0.294763813
0.294763813
0.294763813
0.294763813
0.294763813
0.294763813
0.294763813
0.294763813
0.294763813
0.294763813
0.294763813
0.294763813
0.294763813
0.294763813
0.294763813
0.287520385
0.273285531
0.256631448
0.256631448
0.256631448
0.256631448
0.256631448
0.256631448
0.240335681
0.237782404
0.237782404
0.233125891
0.233125891
0.233125891
0.233125891
0.229501524
0.22156364
0.218741749
0.218741749
0.218741749
0.218741749
0.218741749
0.218741749
0.218741749
0.214876954
0.214876954
0.214876954
0.214876954
0.214876954
0.214876954
0.214876954
0.214876954
0.214876954
0.201008364
0.198108985
0.198108985
0.198108985
0.198108985
0.198108985
0.198108985
0.198108985
0.198108985
0.198108985
0.198108985
0.198108985
0.192251307
0.192251307
0.192251307
0.192251307
0.184282257
0.18302004
0.18302004
0.179897664
0.179897664
0.179897664
0.179897664
0.179807595
0.179807595
0.179807595
0.179807595
0.179807595
0.179807595
0.179807595
0.179807595
0.179807595
0.179807595
0.179807595
0.179807595
0.173267568
0.173267568
0.173267568
0.173267568
0.170543264
0.168535379
0.168535379
0.168079866
0.165875138
0.165875138
0.165875138
0.165408478
0.165408478
0.165408478
0.165408478
0.165408478
0.165408478
0.165408478
0.161205645
0.161205645
0.161205645
0.159933568
0.159933568
0.159933568
0.159933568
0.159933568
0.159933568
0.159933568
0.159933568
0.159933568
0.159933568
0.156308122
0.156308122
0.156308122
0.153213412
0.152072125
0.152072125
0.152072125
0.152072125
0.14964356
0.148227942
0.148227942
0.148227942
0.148227942
0.148227942
0.148227942
0.148227942
0.142272512
0.138024435
0.138024435
0.138024435
0.138024435
0.138024435
0.138024435
