1.0
0.999884855
0.815438525
0.737604842
0.712420917
0.712420917
0.712420917
0.712420917
0.712420917
0.712420917
0.712420917
0.712420917
0.712420917
0.599360832
0.518451331
0.518451331
0.518451331
0.518451331
0.518451331
0.518451331
0.518451331
0.518451331
0.518451331
0.518451331
0.453691691
0.453691691
0.453691691
0.453691691
0.453691691
0.437557604
0.409844633
0.409844633
0.409844633
0.391783206
0.361635171
0.345925382
0.345925382
0.329878869
0.326832601
0.326832601
0.326832601
0.326832601
0.31795718
0.31795718
0.31795718
0.31795718
0.31795718
0.31795718
0.31795718
0.31795718
0.31795718
0.31795718
0.31795718
0.31795718
0.31795718
0.316312693
0.306230002
0.285937774
0.285937774
0.285937774
0.285937774
0.285937774
0.276643662
0.267419053
0.26157112
0.260731776
0.260731776
0.257029031
0.257029031
0.252372208
0.249566055
0.243428498
0.243428498
0.239074746
0.239074746
0.239074746
0.239074746
0.239074746
0.239074746
0.239074746
0.239074746
0.239074746
0.239074746
0.239074746
0.239074746
0.239074746
0.239074746
0.239074746
0.234021497
0.231936274
0.22246749
0.22246749
0.22246749
0.22246749
0.22246749
0.22246749
0.22246749
0.215107359
0.215107359
0.215107359
0.208254184
0.208254184
0.206722479
0.206722479
0.206722479
0.196940062
0.196940062
0.196940062
0.196940062
0.196940062
0.196940062
0.196940062
0.196940062
0.196940062
0.196940062
0.196940062
0.196940062
0.196940062
0.196940062
0.196940062
0.196940062
0.196940062
0.196940062
0.194409765
0.194409765
0.194409765
0.184280159
0.184280159
0.176884121
0.176884121
0.176884121
0.176884121
0.176884121
0.176884121
0.176884121
0.176884121
0.167333595
0.167333595
0.167333595
0.167333595
0.167333595
0.167333595
0.167333595
0.167333595
0.167333595
0.167333595
0.167333595
0.167333595
0.167333595
0.167333595
0.167333595
0.167333595
0.167333595
0.164744911
0.164744911
0.164744911
0.164744911
0.164744911
0.164744911
0.163627316
0.163627316
0.163627316
0.163627316
0.156611536
0.154618179
0.154618179
0.154618179
0.154618179
0.154618179
0.153102577
0.153102577
0.147780917
0.147780917
0.147780917
0.147780917
0.147780917
0.147638603
0.145384236
