1.0
0.997569203
0.453757826
0.231367
0.231367
0.231367
0.231367
0.231367
0.231367
0.231367
0.213916372
0.188370664
0.186098743
0.17730384
0.17730384
0.17730384
0.174593902
0.174593902
0.174593902
0.163062701
0.160957029
0.154190713
0.151192129
0.148365242
0.138853522
0.132039645
0.131334198
0.128993074
0.123918227
0.116810735
0.11590445
0.111688681
0.111688681
0.108301569
0.10748199
0.103561972
0.103561972
0.103561972
0.103561972
0.102399721
0.10233015
0.102325864
0.099840295
0.099840295
0.099840295
0.099840295
0.099840295
0.099840295
0.099840295
0.099840295
0.098742823
0.098742823
0.098742823
0.098742823
0.098506742
0.0984628
0.09485606
0.092165081
0.086783015
0.086783015
0.086617084
0.086617084
0.086617084
0.086617084
0.086617084
0.086350623
0.086350623
0.085834224
0.085834224
0.085326555
0.084423543
0.084423543
0.084312769
0.083317457
0.083317457
0.083317457
0.083317457
0.083317457
0.083317457
0.082845668
0.082309013
0.082309013
0.081223888
0.081223888
0.078875576
0.078875576
0.078875576
0.078875576
0.077595412
0.076288386
0.072477619
0.072477619
0.072477619
0.072477619
0.072477619
0.072477619
0.071685084
0.071685084
0.071685084
0.070350722
0.070350722
0.070350722
0.070350722
0.068179732
0.068179732
0.068179732
0.068152566
0.068152566
0.067755841
0.067755841
0.067755841
0.067755841
0.06683719
0.06683719
0.06683719
0.06683719
0.066486576
0.066486576
0.065537377
0.065537377
0.065537377
0.065537377
0.065537377
0.065537377
0.062427306
0.06104088
0.06104088
0.06104088
0.057890583
0.057553482
0.057553482
0.057553482
0.057548593
0.057548593
0.057459581
0.057459581
0.057149171
0.057149171
0.057149171
0.057149171
0.057149171
0.057149171
0.057149171
0.057149171
0.057008894
0.057008894
0.057008894
0.057008894
0.057008894
0.056661787
0.056661787
0.056661787
0.055995651
0.055995651
0.055995651
0.053843382
0.053647054
0.053647054
0.052710136
0.052710136
0.052710136
0.052710136
0.052710136
0.052336123
0.052336123
0.050194067
0.050069157
0.049827507
0.049827507
0.049827507
0.049715234
0.048591855
0.048591855
0.046763658
0.046763658
0.046763658
0.046261856
0.046261856
