0.6739112979
0.6735304497000001
0.6672553617999999
0.6662618017999999
0.6638528177999998
0.6703744799999999
0.7290777961999998
0.8388192319999999
0.8291194292999998
0.7479102403
0.7384120084
0.734007739
0.7044663049
0.7039382009999999
0.6919931074
0.6900257058999999
0.6820449943
0.7106117932
0.7820807028000001
0.8238254137000001
0.7471743642
0.6918691923000001
0.7276069435000001
0.7040563218000001
0.7055617615
0.7073086297000001
0.7174945517
0.7354481782
0.7361003005
0.7030459945
0.7578737637
0.7983444597
0.7541485697000001
0.7397148427000001
0.7484361395000001
0.6867053244
0.6768033606
0.6737997983
0.6810860061
0.7514026024
0.7651199776000001
0.7112183156999999
0.6939500806
0.7096159074000001
0.7073285995
0.768363293
0.7768369474000001
0.7481195805
0.7302971264
0.7316128953000001
0.7543100213
0.8149084434
0.7510281176
0.6875351516999999
0.6776616035
0.6709850654
0.6738862066
0.7013349036000001
0.7046489284
0.6954638770000001
0.7040049615000001
0.7167936339000001
0.840997284
0.9104746694999999
0.7848806605
0.6790153623
0.6770586739
0.6761126356999999
0.6929693934
0.7026180721000002
0.691748145
0.6698858890999999
0.6695691836
0.6868511737
0.8213804470999999
0.8712678344
0.7792647675
0.733697548
0.7349880754999999
0.7063317454
0.688051027
0.7089547069
0.7101860792999999
0.6885109465
0.6811220991
0.7446878522
0.831168613
0.7822715324
0.6891026398000001
0.7131305159
0.7361660886
0.6988764679
0.669493933
0.688062709
0.7029303942
0.6968633433999999
0.6817308204999999
0.7659065461999999
0.8449686285999999
0.8043764461999998
0.752647989
0.7894807068999998
0.7519865351999999
0.6728910099
0.6670482713
0.6727290951
0.6933239604
0.6978755765
0.6956861863
0.706720146
0.7333447973
0.7195142378
0.7804545163000001
0.8621873301
0.7995463521
0.6979961859000001
0.6961390454
0.6993943951
0.7161187924
0.7058819988
0.6955103800000001
0.6907439143999999
0.6826599398
0.6748028277
0.7426415622
0.8093209628
0.7474434578
0.7185347703
0.7152704033999999
0.7598013995999999
0.8077594329
0.7827922236
0.6941807954
0.681830733
0.6800536394999999
0.7143053984
0.7804246420000001
0.7681069439
0.6814305945000001
0.6681551033
0.6672373089000001
0.7123463251000001
0.8047418553
0.7789099637000001
0.7123828893
0.7001830476
0.6880524
0.7041926677
0.7782157953000001
0.7712082191
0.7230210471
0.7000975043000001
0.7096873300000001
0.7541219848
0.7965695273
0.7146456282
0.6995262016
0.7312590486999999
0.7193688221000001
0.6991257996000001
0.7055477023
0.7108843394
0.7042524304000001
0.6941321179
0.7170675111
0.8120131770000001
0.8262034760000001
0.7438490064000002
0.7533404746
0.7558115903
0.700945709
0.6787511582000001
0.6726841788
0.6732869798000001
0.6685045496
0.6653534759999999
0.6771647587
0.7555464259000001
0.7559029739000002
0.7762056559000001
0.8733384717000001
0.866706203
0.7383387719
0.6832822899
0.6915165941
0.6945474551000002
0.6799863622000001
0.6706212273000001
0.6890579064000001
0.7045364858000001
0.6802763224999999
0.7242456273
