0.7758055801333335
0.7720667270000001
0.7392928147333334
0.6830858827333334
0.6279725419999999
0.6126596107333332
0.6523439296
0.7344011177333332
0.7831270719999999
0.7745315683333334
0.7865485188000001
0.7777430900666668
0.7681971023333334
0.7602984834
0.7346209392666665
0.6638595335333332
0.6275381936666665
0.6602595920666665
0.6997516669999998
0.7462992491333331
0.7658129329999999
0.7667342985333333
0.7888516845333334
0.7817398830666668
0.7419895306666666
0.7090915720666667
0.7050711705999999
0.6892841097333332
0.6715077602666667
0.696039733
0.7255002398000001
0.7566904107333333
0.7529802544000002
0.7664263392666668
0.7725500912666666
0.7476324706666665
0.7008870132666665
0.6616187113333332
0.6538514981999999
0.6988948029999998
0.7324932593333333
0.7423520692000001
0.7489609282666667
0.7601478617333335
0.7613345951333333
0.7927022686
0.7929570684666668
0.7131042575333334
0.6581509286
0.6497341370666666
0.6697366511999999
0.7174639964666666
0.7538841435999999
0.7568365423999999
0.7534247801333332
0.7497967142666667
0.7529281928
0.7750227265333334
0.7782692906666665
0.6852459805333333
0.6195402118666666
0.6255641501333333
0.7039404890000001
0.7604593702
0.7700624258666668
0.7636387673333334
0.7502613144666666
0.7538455798666666
0.7664041208666666
0.7691903606
0.7310487938
0.6672115725333333
0.6324073316666667
0.6434683075333335
0.7176964824666668
0.7696625438000002
0.7715253364666668
0.7765612089333335
0.7634318229333333
0.7548597119333332
0.7663419319333332
0.7747333884666666
0.7075422308666666
0.6449692849333334
0.6455298616666666
0.6795947132666667
0.7179331367333334
0.7337587989333335
0.7321482452666667
0.7525921444666667
0.7722168095333334
0.7565841308666668
0.7446892088000001
0.7492744063333333
0.7276994264
0.6849014711333332
0.6901411993333332
0.7135688007999998
0.7213404919999998
0.7218706480666666
0.7299254805333334
0.7528824592
0.7636103044666667
0.7543567245333331
0.7302259276
0.7092224403999999
0.7153301441999999
0.7232674475333333
0.7328196263333333
0.7186505853333334
0.6934909451333334
0.6906546848666667
0.7285488777333333
0.7831752462
0.7561150792666668
0.7244099636666667
0.7136101135333334
0.7131236897333333
0.7188973872666665
0.7425981961333334
0.7441417221333335
0.7092741648666667
0.6872690470666666
0.6852306284
0.7296184442666667
0.7975854616666668
0.7713788990000001
0.7096479566
0.696038681
0.7253792899333333
0.7566717344000001
0.7690613166000001
0.7442337164666667
0.6896491396
0.6799608049999999
0.7028630257333333
0.7479808105333334
0.7671193466
0.7384650545333334
0.6937669497333334
0.6849541442000001
0.7059014342
0.750908298
0.7539058478000001
0.7407305247333333
0.7086734582
0.6944293854
0.7281729373333333
0.7869259814
0.7793765657333332
0.7165596904000001
0.6973546852
0.7019197602666668
0.7142117534
0.7318924649333333
0.7122498946666667
0.7096506783333333
0.7282127791333333
0.7308701964666666
0.7432827604
0.7758877769999999
0.7814253329999999
0.7246942112000002
0.7136907466000001
0.7047205069333334
0.7031166152000002
0.6958006494000002
0.6891628658666669
0.7001489682666666
0.7228685937333335
0.7490916261333334
0.7589456125333334
0.7588902082
0.7548713172666666
0.7441459368000001
0.744000145
0.7228024674000001
0.6854893762000001
0.6534435118000002
0.6800052629333334
0.7448261235333333
0.7597690818666666
0.7575149071999998
0.7653852683333332
0.7681672276
0.7539487093333332
0.7541897131333334
