0.9866677804
0.8580445886
0.5402399802
0.3910187896
0.3880971454
0.3611548154
0.48901631079999996
0.7942707433999999
0.941504814
0.9396084902
0.9795941446
0.9691392816000001
0.8833677205999999
0.7167340446
0.5562119904
0.4972298722
0.4988761964
0.5255648892
0.6911423574000001
0.8277742244
0.8828215395999999
0.8652137921999999
0.8956586972
0.8730190482000001
0.8198766030000002
0.6115271888
0.5185245924
0.5595551898
0.5350935954
0.59124692
0.8030900706
0.916464511
0.9113411666
0.9371070056
0.8148450689999999
0.7126574567999999
0.6802244084
0.5969559728
0.5423226798
0.68202721
0.6607531919999999
0.6733823127999999
0.7506436237999999
0.8198493324000001
0.8207779947999999
0.8694867632
0.7490543186
0.6372565374000001
0.5993824824
0.5938792042000001
0.6672398228
0.8046195762
0.8589826236
0.8612117704
0.8693465864000001
0.8413802198000001
0.8251973105999999
0.6430736116
0.5138585330000001
0.48597662059999996
0.500589911
0.5225751026000001
0.7595961956
0.8954393238
0.9049511334
0.907420012
0.9110121652000001
0.9223983724
0.9255100151999999
0.6648101876000001
0.4506107126000001
0.4431051826
0.42982689900000004
0.4604287716
0.7404259566
0.9328855774000001
0.8966665956
0.9093114682
0.9132735757999999
0.9023349376
0.8096500914
0.6618629394
0.5580836278
0.5567025752
0.5103285531999999
0.5664519626000001
0.7560464744
0.8622885308000001
0.8203193178000001
0.851915645
0.9229237418
0.9062907516
0.702254534
0.5578859618
0.5743453868
0.5494084354
0.4914621842
0.636733332
0.8182394561999999
0.8315154015999999
0.8443182514
0.8719994567999999
0.8950797604
0.871697801
0.7772374908
0.6609777266
0.7069619570000001
0.60889331
0.4740842188
0.5568590518
0.6844804636
0.6796859637999999
0.786857843
0.9172881538000001
0.8565812401999999
0.782209131
0.7593425118
0.7740511896
0.8070865063999999
0.742511464
0.6137832408
0.632935579
0.6247376005999999
0.6251510784
0.6692525336
0.7772375192000001
0.7485522498
0.740582279
0.724454577
0.8160305908
0.8414044064
0.7463346658
0.6964872616
0.7060862298
0.7035722084
0.7741144594
0.8192497814000002
0.6918743292
0.6575752362
0.6565350706
0.6544963374000001
0.7415995026000001
0.8443395586000001
0.7052859528
0.6797751360000001
0.6799782804000001
0.6830931476
0.765144152
0.8525339746
0.7449906426
0.7203878148
0.6930116524000001
0.6432411834
0.7038976160000001
0.7974257955999999
0.7256542793999999
0.7071833562000001
0.7761334766
0.8043463536000001
0.795713259
0.703636977
0.6918690470000001
0.6863846208
0.6343912906
0.6025383402
0.7074584276
0.7298996318000001
0.7221202400000001
0.7538729451999999
0.831596682
0.9165679264
0.9225073202
0.7655777728
0.752808004
0.6800264986
0.4853234916
0.43499499620000004
0.5797905848
0.5937659556
0.6569826006
0.8453834604000001
0.9193345212
0.9313022670000001
0.9180399922
0.8954287111999999
0.9012934830000001
0.8140778848
0.5453752768
0.4485245876
0.487604477
0.48780142719999997
0.5458948396
0.7958671777999999
0.9295912252
0.9214684946
0.8727512178
0.902596415
