0.4893785757333334
0.4203557488000001
0.3645584939333334
0.33316202533333333
0.37424366960000005
0.35421676160000004
0.30354469079999996
0.24416978899999997
0.19298541713333334
0.14592285833333335
0.16167780666666667
0.16335862053333333
0.134935252
0.11753934646666668
0.09838418773333335
0.09829305246666668
0.10149917713333334
0.09380442233333333
0.08051352173333332
0.0673405114
0.04951467106666666
0.05202019046666666
0.056778638333333326
0.04874630673333333
0.042293288400000004
0.036670043666666666
0.0358857428
0.05342318386666667
0.04976692233333334
0.04309049373333333
0.04293193566666667
0.045714623733333334
0.043902960533333334
0.04517196626666667
0.03918040993333334
0.029544559066666663
0.028939371266666666
0.02490490186666667
0.024499379533333327
0.02883679546666667
0.023747822199999997
0.017404671933333334
0.011595101066666667
0.009778791000000002
0.008921539466666666
0.004932896799999999
0.0005801088000000011
0.0013963508666666661
0.0021147183333333334
0.004203369133333332
0.008795520866666667
0.0064043658
0.004633148266666666
0.004004082533333332
0.0052357288000000005
0.008708782133333334
0.004816007333333332
0.0072975056666666665
0.010787667133333335
0.0138012026
0.014003978266666666
0.0205132766
0.019312715533333337
0.016400408466666665
0.01491368086666667
0.012471564933333335
0.015127741000000002
0.021303235066666665
0.020512496333333335
0.018035541933333336
0.017358347733333335
0.021627309200000003
0.019344329533333333
0.018535491333333334
0.016941625066666667
0.018979044933333335
0.012025851866666666
0.013382126133333333
0.015206322399999998
0.0122535378
0.013542228533333334
0.015473535933333334
0.011303725999999998
0.010699660533333332
0.014713598533333334
0.013700067199999999
0.012249786000000002
0.011647491866666667
0.008924623
0.0077499631333333326
0.0086071572
0.009667115266666667
0.008278871466666666
0.010589630866666666
0.014346889066666669
0.012417588799999999
0.011397017799999997
0.010718430866666667
0.010578442999999998
0.005851486666666667
0.0061450061333333346
0.007500023066666668
0.006774634333333335
0.010826420733333335
0.0118121716
0.012491642200000002
0.01496303266666667
0.015739505466666668
0.015528701733333332
0.012301527466666667
0.010407847733333331
0.00724480893333333
0.008238040066666664
0.008630362066666666
0.009663871066666666
0.009588569600000003
0.009253722666666664
0.009854964999999999
0.005513678733333334
0.006461617
0.0051326848
0.002401058933333333
0.00020262613333333276
-0.0025231417333333337
-0.0021274478
0.0010129548000000002
0.002409798733333334
0.002113988866666667
0.0010811752666666675
0.0011135231333333343
-0.0005073714666666661
-0.0015911268666666668
-0.0017969392666666666
-0.0028713875999999998
-0.0057050797999999995
-0.005515954533333334
-0.0047962732
-0.0030184562666666663
-0.0019155044
-0.0014806913333333328
-0.002173831933333333
-0.0027501538666666672
-0.003949392533333334
-0.003825912466666666
-0.002189593733333334
-0.0003679782666666666
-0.0002937949999999998
-0.0012019209199999998
0.0018258450133333336
0.002273404146666667
0.0020203322800000003
0.0017018775466666669
0.0017559764799999998
0.00035801061333333315
-0.0008360419200000004
-0.000671429386666667
-0.0006513727866666668
0.0004037134133333334
