0.5094663429333333
0.4418752765333333
0.3892831
0.35186668460000003
0.38492423606666665
0.3647480690666667
0.3194597138
0.26093418673333335
0.20673266146666663
0.1622631056
0.168588404
0.17204384820000002
0.1465062261333333
0.12909968659999999
0.10772267419999998
0.10668270199999999
0.10926319579999996
0.09684011366666664
0.08716122253333332
0.0712975048
0.05557056300000001
0.05365311826666667
0.05859462960000001
0.05463687139999999
0.04698498159999999
0.046793178866666674
0.040734741
0.056126352533333326
0.053973227
0.04999859986666667
0.04711795173333334
0.049372401
0.0496431486
0.051536322
0.048838785466666666
0.03941738546666666
0.03765183353333333
0.03512002426666668
0.031448511733333344
0.032027598866666666
0.02648571053333333
0.02487650413333333
0.018206240266666666
0.018063835066666662
0.015352172199999996
0.016855458
0.0139707246
0.016243002333333333
0.019486084600000002
0.021903446266666668
0.024559347200000005
0.022654421400000003
0.021218810666666664
0.022156920066666665
0.02653095913333333
0.027637156933333334
0.025137010266666666
0.0261013538
0.0266918454
0.03275228239999999
0.03541904433333333
0.03827257979999999
0.03547284366666666
0.029112817333333332
0.027277929800000003
0.025710273533333335
0.026830881600000005
0.02777621540000001
0.02926282193333334
0.0268023662
0.02656030646666667
0.026632741066666674
0.027306706400000002
0.025252410266666667
0.02238540566666667
0.018166430933333335
0.014301977333333334
0.014666700933333332
0.016829410933333334
0.015416402666666667
0.017126347933333334
0.018782451933333333
0.017355924933333332
0.016512109866666666
0.01776670506666667
0.017519437066666668
0.018931176466666668
0.01652326813333333
0.015469547066666669
0.013689332866666666
0.0133250888
0.0148195836
0.013688130133333334
0.015237503000000001
0.0126560928
0.012426629333333333
0.010765576933333331
0.010276838466666665
0.008877819199999998
0.006623407466666666
0.006034156333333332
0.0038533084666666655
0.0023999713333333335
0.005107748600000001
0.005742099666666667
0.007681651066666666
0.005810332666666667
0.007423198800000001
0.006413160333333333
0.007400748533333334
0.006108272533333334
0.0067772613333333355
0.0060394336000000005
0.006320154666666667
0.0067307651333333345
0.006268728400000001
0.006808125533333335
0.0060422188000000005
0.0038467807333333343
0.004725041066666667
0.002668442866666667
0.0020566772666666664
0.0003949789999999998
0.0002565502
0.0005390561333333333
0.0005313180666666666
0.0003758827999999999
0.0012374286666666664
0.0008817462666666664
0.00042603359999999975
0.0003480441333333332
-3.84390666666669e-5
0.001700054533333333
0.000367594
-0.0019501504666666664
0.0005099728666666668
0.001430182266666667
0.0010676181333333333
0.0006739550666666666
0.0006891733333333333
0.0005155166666666668
0.0005843667333333332
0.00014356799999999992
0.0011134868000000002
0.0012710644666666668
0.0006805272666666667
2.0375333333333413e-5
0.0002829405333333336
0.0025357564666666664
0.004341738466666667
0.0033944798666666665
0.0037376764000000002
0.004134088466666666
0.004154875066666667
0.0038422392666666656
0.0042308892
0.003414158666666666
0.0034805257333333324
