0.43174203159999996
0.38458872024999996
0.33489414824999997
0.30582381405000003
0.32023008624999993
0.29179294859999994
0.2628081458999999
0.2137043544
0.17101192999999998
0.13646175325
0.1385791583
0.13458465960000002
0.12157421724999998
0.10430944734999999
0.08796380099999998
0.09132019664999998
0.09342210154999997
0.08687779544999999
0.08290145414999998
0.0667756454
0.053326780950000006
0.053764416300000006
0.06009847875
0.05644235415
0.052263373950000004
0.04747631910000001
0.0425810742
0.04892690909999999
0.0461369239
0.04380088445
0.04087120925
0.03971357985
0.0405877284
0.04111692105
0.03732321595
0.0315131416
0.0321819557
0.029807186750000013
0.029012576900000003
0.028538766900000002
0.025023028449999995
0.022508061899999994
0.019014396449999995
0.0202715671
0.02272951925
0.02395225585
0.01967509515
0.01926947495
0.019082369600000003
0.0205923462
0.0226779702
0.022795838250000002
0.0230431839
0.025445077150000002
0.02908227955
0.0317230288
0.03255511865
0.031964348999999996
0.028558303799999997
0.03167383744999999
0.030593367499999996
0.029320212899999993
0.027919384749999998
0.0264149226
0.024266536150000004
0.02417868965
0.025779578000000004
0.027609105700000008
0.02776669480000001
0.02597311445
0.0246199843
0.024428843950000004
0.023388359350000002
0.02116147795
0.018671927650000003
0.016873845200000005
0.014702617000000001
0.0143316957
0.016964392000000002
0.017133117600000004
0.018035562300000002
0.01985479915
0.019169395250000006
0.017421738649999997
0.016138339450000004
0.014693571050000003
0.015568975850000003
0.013174427150000001
0.0136502975
0.011374943
0.012568994
0.012050316700000003
0.01103929885
0.011000698199999999
0.010538371199999999
0.0097164186
0.00865794155
0.007952430049999999
0.008868467699999999
0.0071198853999999995
0.007315231549999998
0.005728342999999999
0.00634937515
0.006858007449999999
0.00665850475
0.007156381799999998
0.006018575
0.005302776450000001
0.00431268695
0.00609437545
0.005097992900000001
0.005689853000000002
0.0047764653
0.005095188850000001
0.005696110600000001
0.004790946450000001
0.004380869600000001
0.0048456309
0.0032196086500000005
0.0027562220999999996
0.0017936320499999999
0.0019427375999999997
0.0006634488499999997
0.00016412639999999998
0.0008633392499999999
0.0007778215999999999
0.0005780776999999999
0.001521931
0.00063076835
-0.0008145761000000002
0.0004718798
0.0003474121499999999
0.0011146803999999998
0.0008399894
-0.0002706786999999998
0.00017893740000000016
0.0008385047000000001
0.0004748905999999999
0.00080682885
0.0014123455
0.0008897285
0.0003114470999999999
0.0008060649
0.0018712760000000003
0.00212220255
0.0027567066
0.0031794987500000003
0.00294020585
0.0036804501999999997
0.0040736136
0.0029696246499999997
0.002326487
0.0022845712999999992
