0.42087040384999996
0.3706360485999999
0.31940792719999994
0.29075250695
0.30941267105000003
0.2814928797
0.2532230956
0.20364386565
0.16148982595
0.12576615730000001
0.13341552390000003
0.13113369430000005
0.11899080875000001
0.10253588689999997
0.08610420075
0.08839484550000001
0.09188442055000001
0.08562591919999998
0.08053421310000002
0.06500527425000001
0.05214264405
0.055987389600000007
0.06415048770000001
0.06057292205000001
0.05710970155
0.052458860149999995
0.045299487349999994
0.052662046350000005
0.0486436816
0.04659400439999999
0.04316270324999999
0.04142165815
0.04241664339999999
0.04372263164999999
0.04036410359999999
0.03469301519999999
0.03409764164999999
0.031010462299999996
0.030211512099999997
0.0311459968
0.024501404749999997
0.02171086535
0.016084947500000002
0.01822480765
0.020711602699999998
0.0203996077
0.0168633861
0.0160674438
0.0154078832
0.0166996892
0.0177238136
0.015011854750000001
0.014304290200000003
0.015167935599999996
0.017656571549999996
0.021114892149999995
0.02298465815
0.02444970715
0.020653945049999997
0.02087750905
0.022037666549999998
0.02341504925
0.02552671185
0.022437457949999996
0.02002256065
0.0199389626
0.021974500949999996
0.0237591594
0.024215727599999997
0.0238597786
0.02252075575
0.0243915961
0.0227190846
0.021862757650000002
0.020387336950000005
0.0183578202
0.0153913675
0.015063347600000002
0.018427873000000004
0.0203041844
0.021023781005000002
0.019045678905000002
0.016271294055
0.017204095105
0.016624749805
0.016079885654999997
0.016817127605
0.014702451954999998
0.016005564204999996
0.017253530005
0.018100467955000005
0.018830405055
0.018207766855000005
0.016745410105000004
0.015070978604999999
0.015118544704999997
0.014513513254999996
0.015403743954999998
0.014962315554999998
0.012366164005
0.01288222225
0.013897772450000002
0.013334865799999998
0.013960653449999999
0.0124936454
0.0127118235
0.012177218600000001
0.010922652100000001
0.010842487850000002
0.00835850665
0.007891089099999998
0.0084226408
0.0092881107
0.008925722799999999
0.008819307049999999
0.0073206463000000015
0.00681996895
0.004930970349999999
0.004781202199999999
0.003639125549999999
0.0043921357999999995
0.0036776913999999996
0.00436758295
0.00233408405
0.0045432385
0.0035408997000000004
0.0029091144
0.0020864625500000003
0.0012554619499999995
0.0009329440499999998
0.0011661551
0.0003020921499999998
-0.0005732630999999999
3.414325000000014e-5
0.0002394546999999996
-0.0005545870000000002
0.0006974971499999997
0.0006944368499999997
-0.00024215464999999964
0.0015856111999999994
0.0004836398000000004
0.00025196949999999974
-0.0007419587500000004
0.0009736215999999996
0.0011365764499999998
0.0020095534499999994
0.0026391774999999992
0.0035822994000000003
0.0033411662500000008
0.003743732550000001
0.0035256676500000006
0.0033893926499999998
0.003470635550000001
