0.4169741491500001
0.3659265508500001
0.31558692095
0.29024045299999995
0.30791470629999995
0.28115734965
0.25030645979999994
0.19869039800000002
0.1559061565
0.12355197664999999
0.12954314855
0.12533566729999998
0.113823649
0.0970036235
0.08295173735000001
0.08707622065000001
0.0896748821
0.08475202925
0.07692866405
0.0589519204
0.0429973112
0.0495622488
0.05563044414999999
0.048492285399999994
0.0464277032
0.0404837453
0.0371026697
0.0455494304
0.042728088350000006
0.038548904
0.0355148506
0.035255027700000004
0.0330773889
0.0349180574
0.030074133450000002
0.02367217455
0.0236006099
0.021742791200000004
0.0192666486
0.021398891500000003
0.016680885149999998
0.010623444200000002
0.00652930565
0.00698893535
0.00938356055
0.009912539500000001
0.0057723342499999995
0.0036250297
0.0040421445999999995
0.004615622599999999
0.00804534185
0.005508086949999999
0.00853724405
0.008982864299999999
0.010122196850000001
0.009373002200000001
0.0129548977
0.0123175165
0.011955148450000001
0.0138776666
0.015566540600000003
0.016683058400000002
0.018555192850000006
0.0178404781
0.014989752200000001
0.014467462000000004
0.0169252945
0.01957063
0.019881420900000002
0.018901619050000006
0.017075699300000004
0.018362281100000002
0.01688098185
0.015269139900000003
0.012716917999999999
0.0152202283
0.0129032529
0.012548450700000002
0.01356491715
0.014839690450000002
0.015388838699999999
0.014766828249999999
0.0123288226
0.0111905159
0.01118743495
0.0105123064
0.009392135650000001
0.0085818883
0.009309744549999999
0.010770866
0.010299136200000001
0.012431627349999998
0.010550679249999998
0.0100940076
0.010038152100000001
0.009840921899999999
0.008786693599999998
0.008932003849999998
0.011285586049999997
0.00901136475
0.009605987650000002
0.011427070650000001
0.011650898500000001
0.014262803600000002
0.01418453925
0.0116496541
0.010614897600000003
0.010520055700000001
0.008624555999999999
0.006525888600000002
0.0077191575
0.007179222249999997
0.008284404449999998
0.0074870128499999996
0.0094689625
0.008846746650000003
0.007602847549999998
0.00672189235
0.00425063175
0.0037298246999999994
0.0030406385499999996
0.0011999721500000002
0.0003009182499999996
-0.00221108885
-0.0018651146499999998
-0.00046725689999999986
0.0005522704000000006
0.0007581699500000004
-0.0011392993999999994
-0.0020577506499999993
-0.0024816464499999996
-0.00293464935
-0.0029331736000000005
-0.0013212556000000001
-0.00222690655
-0.002439249
-0.0026634374499999998
-0.00281309575
-0.0031881669
-0.0019117241
-0.0015029567
-0.0014754249000000007
-0.0017287623900000004
-0.0005807970899999998
-0.0011878398900000003
-0.00058586864
-0.0004648960399999999
-0.00026848679000000006
0.00110079306
0.0014248718600000001
0.0011941448600000003
0.00044523785999999994
-0.00024646849000000017
