0.36789040204
0.33676195256
0.29330429952
0.2663131368
0.27379441875999994
0.25122474924000004
0.22404383852
0.18890444144000004
0.15162715196
0.12359604748000001
0.12775880796
0.12511279376
0.11640162008
0.10524902724
0.08783940692000002
0.08615636592000002
0.08982393696
0.08869866328
0.08375260616
0.07214741784
0.058707895279999985
0.05734275659999999
0.05829699624000001
0.054636712360000006
0.0525228386
0.046397498759999996
0.03757969536
0.042573151760000004
0.0428735328
0.04095239168
0.03648143908
0.0356986604
0.0363155284
0.03947970116
0.03656576372
0.03125811428
0.029824485999999997
0.028916707320000002
0.029564062920000002
0.032761120080000004
0.031347372879999995
0.027319613359999998
0.02265022468
0.021133567080000006
0.022196791280000003
0.022971556040000004
0.021463866600000003
0.021054681800000002
0.022776505880000002
0.024668481880000002
0.0281728966
0.03116437608
0.0313249756
0.02927306044
0.02972138556
0.030110298159999997
0.029926102079999996
0.031233898159999995
0.03148381783999999
0.03228583364
0.032637301439999995
0.03403275735999999
0.034631993279999995
0.03191996244
0.029993942000000003
0.029423027080000008
0.0303059154
0.03157872332
0.031939646280000004
0.030251338720000007
0.029242025160000008
0.030086504680000004
0.029704229160000005
0.028505781480000006
0.027625257600000005
0.024857752080000007
0.021867800599999997
0.021190307920000002
0.02231213748
0.021520118199999997
0.02130283252
0.02065972616
0.01839632992
0.016368620799999997
0.01723082228
0.017871436759999998
0.0161925004
0.01461139048
0.01532374808
0.015534585319999999
0.01540629256
0.015725773119999998
0.014384169599999998
0.0138753854
0.01347241096
0.013314829160000001
0.013351437680000001
0.012556326880000006
0.011633417600000003
0.00997994988
0.00999625084
0.00943938204
0.008811948279999999
0.00933729968
0.009283090559999999
0.00946671528
0.008752196999999998
0.008678142319999997
0.007989991399999999
0.006401718639999998
0.004842613119999999
0.005322921319999999
0.004677247000000001
0.0046117082
0.0042021062
0.0049207841599999995
0.005115157359999999
0.00543536872
0.00522312648
0.005353410039999999
0.004377475560000001
0.00332484348
0.0035164446800000004
0.003577860319999999
0.0025891377600000005
0.0030368404800000005
0.0041384194
0.00401279444
0.0033242112800000003
0.0035353627600000002
0.0036525144400000003
0.004762044920000001
0.0053349336
0.00452676176
0.0048521498
0.00510541296
0.004634466680000001
0.004553415800000001
0.00514114228
0.0056593744
0.00514542928
0.00454053436
0.0036306546800000004
0.00379263476
0.00386552216
0.004288110960000001
0.004406486
0.0039232050800000005
