0.34597514208000013
0.31085959404
0.26491998176
0.24112603731999996
0.25761963136
0.23155371456
0.20249852935999996
0.16905008640000002
0.13180421611999998
0.10617245855999999
0.11431966387999998
0.11110893323999997
0.10257788919999998
0.090837717
0.07311861936000001
0.07435002284000002
0.08017759044
0.07823879572
0.07108897551999999
0.05892772583999999
0.04478281899999999
0.04780048911999999
0.04888998931999999
0.043116145599999996
0.042126989520000005
0.03503971532
0.030457383680000002
0.03655967912
0.035013736840000004
0.031390184
0.029622884680000003
0.02972088732
0.02891320296
0.028648137080000004
0.023876342680000003
0.018033754439999997
0.01693644012
0.015660616840000002
0.015137192559999998
0.019273037960000003
0.018315001640000002
0.012768557480000003
0.0072856577600000005
0.007556032960000001
0.00867732504
0.00908899256
0.005181717479999999
0.00694993004
0.008017557600000001
0.00864881828
0.00870940596
0.011880783320000001
0.01230530504
0.01027780992
0.0109191692
0.011549247280000003
0.011402398920000001
0.013110538159999997
0.013996256160000003
0.014145726519999999
0.016544263120000003
0.01781003772
0.017718717240000004
0.0178700214
0.016291771840000004
0.014819520400000003
0.015253674960000001
0.01755469176
0.016999153840000003
0.015129854600000003
0.014449315120000002
0.017796916080000003
0.015514270360000002
0.013943452200000001
0.014693164079999998
0.01636191648
0.01285194336
0.013119583040000002
0.013384550119999998
0.011993541199999999
0.012500875759999999
0.011977299519999998
0.0097400736
0.011045434560000001
0.01291666288
0.011484859759999999
0.011658741240000001
0.010338731159999998
0.0091692232
0.008039081040000002
0.008661493200000002
0.010136446079999998
0.009155087959999997
0.01075660912
0.011728721479999999
0.011870523959999999
0.011670997559999998
0.01240154128
0.013942859279999997
0.011469420240000002
0.009509528080000003
0.008655755000000001
0.008293060080000003
0.008992666640000003
0.009187425800000003
0.009250340640000002
0.009888410520000003
0.010100744080000001
0.007711037839999999
0.006997558240000002
0.00749958156
0.006273422239999998
0.006092058439999999
0.00608190844
0.00668205956
0.006430297280000001
0.005601620399999998
0.0054966728
0.0031455193599999997
0.002768236719999999
0.0014509324399999996
-4.408520000000001e-5
-0.00042112276000000055
-0.0033290157600000003
-0.00380640612
-0.0020546998
-0.0009512270399999994
-0.0006618393599999993
-0.00024561143999999907
-4.677879999999066e-6
-0.0006271436399999995
-0.00160070552
-0.0027859417200000003
-0.00245823536
-0.00242248972
-0.0018494654000000006
-0.0016609975600000001
-0.001263850992
-0.0007196237120000002
-0.0011658949519999999
-0.001450273312
-0.0013759797520000005
-0.0008766467920000004
-0.0006795102319999999
-0.0011744169120000002
-0.000725578392
-0.0010368530719999998
-0.0014655501120000003
