0.34718043099999996
0.3140839608399999
0.269775326
0.24619782360000003
0.25941554648000004
0.23570110244000003
0.20821120504000004
0.17449220448000002
0.13754065448
0.11000124624000002
0.11752312424000001
0.11542782380000002
0.1065912324
0.09586150891999998
0.07960560456
0.08064837992000001
0.08456872924000003
0.08259644391999998
0.07710829696000002
0.06569600664
0.052451196039999995
0.053814711839999994
0.056378621319999996
0.05251076332
0.049160613160000005
0.04503696128
0.03877005507999999
0.04551042668000001
0.04332689904
0.04167960328
0.03854511727999999
0.037798981679999996
0.03620695523999999
0.038002009079999996
0.03563904139999999
0.029533627319999988
0.02842988507999999
0.02696366656
0.027260772599999997
0.0302610694
0.02705676696
0.022515509039999996
0.017912186200000003
0.01637873224
0.01683260328
0.017248924040000002
0.014539948999999998
0.01482422176
0.01654630224
0.018529657
0.0209068684
0.02304938168
0.021833406240000006
0.0195470598
0.020049765759999998
0.0194093484
0.01988381116
0.0225766662
0.02104152928
0.021362320480000002
0.023406813239999998
0.02272641752
0.02405155572
0.021171468199999998
0.019351144
0.01894584248
0.020562517
0.020145534399999998
0.021710201800000002
0.0214797752
0.02141407368
0.023352991879999997
0.022440652159999998
0.02215500972
0.022167856040000003
0.019336459484
0.016732627764000002
0.016033935724
0.018281649324
0.017960113084
0.018640588524000003
0.017448080204000002
0.015392147803999999
0.016025953204
0.017135919484
0.017475046763999996
0.018047240284
0.015704420364
0.015733947803999997
0.014448735204
0.015492304844000002
0.015450525603999999
0.016588379644000003
0.016634656044
0.015750917683999995
0.014955981123999998
0.015537751723999998
0.014651150283999999
0.014707873683999999
0.011711681884
0.01199102252
0.011953311960000004
0.01111323424
0.010936667400000002
0.010522924959999999
0.01092400952
0.01133165084
0.011372947360000002
0.01007007468
0.00770135684
0.006868447519999999
0.005842176720000001
0.00596694244
0.007063289720000001
0.006605435240000001
0.006374854000000002
0.00686909424
0.00582222148
0.00460528848
0.005453341479999999
0.004517964479999999
0.0031623855199999994
0.0021145116400000004
0.0007725142000000001
0.0012743638800000003
0.0016874748000000007
0.00183154968
0.0021762152
0.0014233989999999997
0.00120611528
0.00011190663999999996
-0.0003379382000000001
-0.00090799664
-0.0002710122399999998
0.0008184785599999997
0.0009052487999999998
0.0016146946799999997
0.0012838781999999999
0.0015592240000000001
0.0034513021999999995
0.0026118986000000007
0.0023315743999999996
0.0014862847999999994
0.0015781799599999993
0.0006347591199999998
0.0016752891599999995
0.0022157722799999997
0.0032835536000000005
