0.2980726913999999
0.26643057449999996
0.23446036496666664
0.2121221811
0.2240032224
0.20540983963333334
0.18227672783333337
0.15490899156666668
0.1261445449
0.1006029085
0.10621302313333333
0.10540751383333334
0.1005724508
0.09045202949999998
0.0777478265
0.07615455060000001
0.07799460783333334
0.07304556256666664
0.06763393553333333
0.05764071546666667
0.04626755766666667
0.0469543142
0.0497995091
0.047435597566666675
0.04463751076666667
0.04087659663333334
0.03619309186666666
0.03982005600000001
0.038625668999999994
0.037522801499999994
0.03360361036666666
0.0324589612
0.0319685433
0.03424464333333333
0.03415276113333333
0.030824392066666657
0.027980584866666658
0.026673245633333332
0.024216382266666666
0.0254369921
0.0233216707
0.01963729096666667
0.016568710766666668
0.017165606599999998
0.018335424099999997
0.019980617966666666
0.021316539066666664
0.021011829866666668
0.019965844633333337
0.020378471266666674
0.01952025256666667
0.02045455526666667
0.020708588933333338
0.020054527533333328
0.020591732499999998
0.020988356999999996
0.01989849106666667
0.0218390437
0.020219192599999998
0.0205795133
0.022001238033333332
0.0214244448
0.020991468833333336
0.019590906600000003
0.018119246933333333
0.0186194263
0.02033519333333333
0.020342432399999996
0.021979171166666662
0.02278146806666666
0.021720230836666663
0.023143771369999996
0.022019924836666663
0.021411967203333333
0.01990385133666667
0.017631686003333334
0.015786804036666668
0.01534087357
0.01712027203666667
0.018163527269999997
0.019376438970000003
0.018368015336666665
0.01611217217
0.015796208036666665
0.014818192236666666
0.015405814369999996
0.015361201536666666
0.014772155436666665
0.01581022980333333
0.015119058336666664
0.015294541836666668
0.016147888936666667
0.01576377897
0.01614389773666667
0.014641390303333333
0.013867688203333334
0.013644038103333332
0.012580409903333334
0.012063348603333334
0.010199742103333334
0.010621311033333334
0.011285989933333336
0.0114567166
0.010277293166666668
0.009614563733333333
0.009566321466666666
0.008696429099999998
0.008257834366666668
0.008327321800000002
0.006042788700000001
0.006155653733333334
0.006046079833333334
0.0065369897
0.006536347033333334
0.0076228969
0.006149258200000002
0.0059077722
0.0037022223
0.0029254461999999996
0.002577595466666666
0.0028105995999999993
0.0022222030666666664
0.002184630666666667
0.0009929530333333335
0.0014451032666666671
0.0007220478000000005
0.0010432814666666668
0.0014390242000000002
0.000937560133333333
0.0015275250666666666
0.0012173542
0.0005989656333333333
-0.00014972326666666668
0.0012349462333333333
0.0025010764999999994
0.0026085296333333333
0.0031205779
0.0028031083333333335
0.001965422233333334
0.0026473334666666662
0.0022329541666666675
0.0020300038999999997
0.001586665733333333
