0.2938358141000001
0.2609274629666667
0.22918145813333332
0.2068377735333333
0.22079209049999998
0.20186571633333333
0.17778244063333332
0.1504742136666667
0.12086586193333332
0.09410807336666664
0.09917392516666663
0.09962218166666664
0.09417921793333332
0.0836531344
0.07073734073333335
0.07061249406666667
0.07360690043333333
0.06885369143333332
0.06284274399999999
0.05326046066666666
0.03952961506666666
0.040479780866666655
0.04084177009999999
0.036622843133333326
0.03556504193333334
0.03020893293333333
0.026645207366666666
0.03250914246666667
0.02977285666666667
0.0260060166
0.023932416233333333
0.023147366266666667
0.022649655699999997
0.0236433423
0.021691889533333335
0.019170039966666663
0.017671868533333336
0.01476902506666667
0.014251731033333334
0.017036262133333334
0.01622830216666667
0.011110339633333336
0.009446303366666665
0.010283229066666667
0.011361371033333333
0.00946843753333333
0.010546692699999999
0.0103545332
0.009257563400000002
0.009558525000000002
0.010633542900000003
0.010766053400000003
0.012968191666666668
0.012258289433333337
0.011635635366666668
0.013033564933333337
0.013221658266666667
0.013320917600000001
0.014661579233333336
0.015371413833333335
0.016491511600000005
0.016269564233333336
0.016347420833333338
0.015803365433333338
0.013583609333333335
0.013006896733333335
0.015300638466666667
0.016303480533333334
0.015606078433333335
0.016374570233333337
0.015529207466666667
0.016938547600000003
0.0154959107
0.013730057166666667
0.012345794099999998
0.013793101066666666
0.010846483566666665
0.010830498800000001
0.012897976633333332
0.013300213433333334
0.012979908666666666
0.013435276866666667
0.011011078433333332
0.010639051766666666
0.0102825426
0.009922536666666667
0.009874904533333334
0.0092110631
0.009875521866666665
0.009781067366666668
0.010549399699999998
0.012315073966666668
0.012009188466666664
0.0130591663
0.013324208266666665
0.011412718266666667
0.009320913366666664
0.009478235466666667
0.009604402533333332
0.0077576788666666695
0.00786678786666667
0.00837687286666667
0.00831479966666667
0.008170049733333339
0.009136894300000004
0.008812163500000001
0.008682045800000003
0.007971065800000001
0.00650278
0.005087039833333334
0.0057104012666666665
0.004827303833333332
0.005176014466666666
0.004855768666666666
0.0053886971
0.004540599066666667
0.003831297899999998
0.004029012866666666
0.0013211455666666662
0.00037826859999999914
-0.00019163486666666705
-0.0011976071333333334
-0.0014079150666666674
-0.002219323066666667
-0.0018040695666666667
-0.0005804385666666665
-0.00017017756666666618
-0.0009177018333333328
-0.0013723685999999994
-0.0005380352999999994
-0.0004376748666666665
-0.0009424609333333336
-0.0014994300933333336
-0.0005227712933333334
-0.0017158378266666668
-0.0017478111266666671
-0.0015471978266666667
-0.0006312398933333333
-0.0007787468933333335
-0.0011583666266666668
-0.00142263066
-0.0017007633266666671
-0.0017728395600000002
