0.6052463118
0.5530721310000001
0.5298383168
0.5820055606
0.7938902501999999
0.6395959786
0.5111499776
0.389955836
0.2710065866
0.19905534340000003
0.2232934368
0.1968451378
0.173881329
0.14647392880000001
0.1297854152
0.1997608694
0.202638957
0.16867220200000002
0.161475736
0.1089278164
0.061979113800000006
0.0905917668
0.06225222500000001
0.04466837459999999
0.056439331599999996
0.033139174199999996
0.011266807599999998
0.05048884
0.035396454599999995
0.0366543862
0.053425725199999996
0.054201997
0.057594849999999996
0.066174091
0.0337861474
0.023445231599999998
0.0421884238
0.05218586160000001
0.047730221399999995
0.0588309476
0.051924850200000004
0.0407534504
0.02192817
0.0216115864
0.024924134799999997
0.0132635954
0.003876239599999999
0.0006006739999999986
0.004156330799999999
0.0027553039999999992
0.006055021000000001
0.0075843258
0.0122564592
0.0035684557999999993
-0.0009148203999999998
-0.004519926
-0.009720239
-0.008668080600000001
-0.0013806316
0.0107696238
0.024851467600000003
0.021349010599999996
0.0103110662
0.009824423399999999
0.005852383000000001
0.0057948048
0.0028192503999999994
0.0202495314
0.023919209599999998
0.024781600999999997
0.0113656624
0.0373715688
0.027377549
0.015457592399999998
0.0141070586
0.0202542276
0.0051924038
0.0162826248
0.022160687
0.015217966199999999
0.0204551532
0.022317955
0.0143728148
0.0179881946
0.0214998504
0.016227753999999997
0.0085671968
0.0094909388
0.005470085599999999
4.279679999999939e-5
0.003943778399999999
0.015535456
0.0100474244
0.008640701399999999
0.022598148399999997
0.0209286692
0.0126467052
0.0154041124
0.012663081999999997
0.0006089442
0.000949024
0.0008191846000000002
-0.0006149223999999999
0.0104651092
0.019833574599999997
0.0153750732
0.020725163600000002
0.0173661026
0.008607137800000001
-0.0028880588
0.0021109211999999996
0.0009557209999999997
0.0035727228
0.0134070152
0.018490999
0.0199889322
0.0232082134
0.026279691
0.0245719522
0.021301642200000002
0.009123689800000001
-0.0024295076000000007
-0.0051382936000000014
-0.012087881200000001
-0.010801028
-0.00034691319999999965
0.0069824622
0.0084234976
0.0040569652
0.0088842368
0.006621277800000001
0.0026502222
-0.0026773256
0.0004614907999999999
-0.0044655521999999994
-0.0032355001999999993
-0.0024032881999999996
0.0005957945999999998
-0.0012749302000000004
-0.0010781152000000002
-0.004907892
-0.005020314600000001
-0.003309286800000001
-0.007800723399999999
-0.011571571999999999
-0.008404471399999999
-0.006965216799999998
-0.006341876599999999
0.003329140400000001
0.008207613200000002
0.0067908676
0.0037350698
-0.0021970142
-0.007006154400000001
-0.0032048224000000005
0.0005096689999999994
0.002348762
0.00493312804
0.00915454904
0.0018174216399999999
-0.00123953976
-0.00097819916
0.0025318156
-0.0010743628000000002
-0.0011207250000000001
-0.0012844174
-0.0033246812
-0.006253803399999999
