1.0
1.0
0.999997949
0.999969351
0.999969351
0.999969351
0.999969351
0.999969351
0.999969351
0.999969351
0.999969351
0.999969351
0.999969351
0.999969351
0.999969351
0.999969351
0.999969351
0.999969351
0.999969351
0.999969351
0.999969351
0.999969351
0.999969351
0.999969351
0.999969351
0.999969351
0.999969351
0.999969351
0.999969351
0.999969351
0.999969351
0.999969351
0.999969351
0.999969351
0.999969351
0.999969351
0.999969351
0.999969351
0.999969351
0.999969351
0.999969351
0.999969351
0.999969351
0.999969351
0.999969351
0.999969351
0.999969351
0.999969351
0.999969351
0.999969351
0.999969351
0.999969351
0.999969351
0.999969351
0.999969351
0.999969351
0.999969351
0.999969351
0.999969351
0.999969351
0.999969351
0.999969351
0.999969351
0.999969351
0.999969351
0.999969351
0.999969351
0.999969351
0.999969351
0.999969351
0.999969351
0.999969351
0.999969351
0.999969351
0.999969351
0.999969351
0.999969351
0.999969351
0.999969351
0.999969351
0.999969351
0.999969351
0.999969351
0.999969351
0.999969351
0.999969351
0.999969351
0.999969351
0.999969351
0.999969351
0.999969351
0.999969351
0.999969351
0.999969351
0.999969351
0.999969351
0.999969351
0.999969351
0.999969351
0.999969351
0.999969351
0.999969351
0.999969351
0.999969351
0.999951421
0.999951421
0.999951421
0.999951421
0.999951421
0.999951421
0.999951421
0.999951421
0.999951421
0.999951421
0.999951421
0.999951421
0.999951421
0.999951421
0.999951421
0.999951421
0.999951421
0.999951421
0.999951421
0.999951421
0.999951421
0.999951421
0.999951421
0.999951421
0.999951421
0.999951421
0.999951421
0.999951421
0.999951421
0.999951421
0.999951421
0.999951421
0.999951421
0.999951421
0.999951421
0.999951421
0.999951421
0.999951421
0.999951421
0.999951421
0.999951421
0.999951421
0.999951421
0.999951421
0.999951421
0.999951421
0.999951421
0.998825948
0.998825948
0.998825948
0.998825948
0.998825948
0.998825948
0.998825948
0.998825948
0.998825948
0.998825948
0.998825948
0.998825948
0.998825948
0.998825948
0.998825948
0.998825948
0.998825948
0.998825948
0.998825948
0.998825948
0.998825948
0.998825948
0.998825948
0.998825948
0.998825948
0.998825948
0.998825948
0.998825948
0.998825948
0.998825948
0.998825948
0.998825948
0.998825948
0.998825948
0.998825948
0.998825948
0.998825948
0.998825948
0.998825948
0.998825948
0.998825948
0.998825948
0.998825948
0.996758554
0.996405694
0.996405694
0.996405694
0.975507217
0.975507217
0.975507217
