1.0
0.976199767
0.976199767
0.976199767
0.976199767
0.976199767
0.976199767
0.976199767
0.9481811
0.941208095
0.941208095
0.941208095
0.941208095
0.941208095
0.941208095
0.941208095
0.941208095
0.941208095
0.941208095
0.941208095
0.941208095
0.941208095
0.941208095
0.941208095
0.941208095
0.941208095
0.941208095
0.941208095
0.941208095
0.941208095
0.941208095
0.941208095
0.941208095
0.941208095
0.941208095
0.941208095
0.941208095
0.941208095
0.941208095
0.941208095
0.941208095
0.941208095
0.941208095
0.941208095
0.941208095
0.941208095
0.941208095
0.941208095
0.941208095
0.941208095
0.941208095
0.941208095
0.941208095
0.941208095
0.941208095
0.941208095
0.941208095
0.941208095
0.941208095
0.941208095
0.941208095
0.905946835
0.905946835
0.905946835
0.905946835
0.905946835
0.905946835
0.905946835
0.905946835
0.905946835
0.905946835
0.905946835
0.89919495
0.89919495
0.89919495
0.89919495
0.89919495
0.89919495
0.89919495
0.89919495
0.89919495
0.89919495
0.89919495
0.89919495
0.89919495
0.89919495
0.89919495
0.89919495
0.89919495
0.89919495
0.89919495
0.89919495
0.89919495
0.89919495
0.89919495
0.89919495
0.89919495
0.89919495
0.89919495
0.89919495
0.89919495
0.89919495
0.89919495
0.89919495
0.89919495
0.89919495
0.89919495
0.89919495
0.89919495
0.89919495
0.896877464
0.896877464
0.896877464
0.896877464
0.896877464
0.896877464
0.896877464
0.896877464
0.896877464
0.896877464
0.896877464
0.896877464
0.896877464
0.896877464
0.896877464
0.896877464
0.896877464
0.896877464
0.896877464
0.896877464
0.896877464
0.896877464
0.896877464
0.896877464
0.896877464
0.896877464
0.896877464
0.896877464
0.896877464
0.896877464
0.896877464
0.896877464
0.896877464
0.896877464
0.896877464
0.896877464
0.896877464
0.896877464
0.896877464
0.896877464
0.896877464
0.896877464
0.896877464
0.896877464
0.896877464
0.896877464
0.896877464
0.896877464
0.896877464
0.896877464
0.896877464
0.896877464
0.896877464
0.896877464
0.896877464
0.896877464
0.896877464
0.896877464
0.896877464
0.896877464
0.896877464
0.896877464
0.896877464
0.896877464
0.896877464
0.896877464
0.896877464
0.896877464
0.896877464
0.896877464
0.808193953
0.727723469
0.727723469
0.727723469
0.727723469
0.727723469
0.727723469
0.727723469
0.727723469
0.727723469
0.727723469
0.727723469
0.727723469
0.727723469
0.727723469
0.575406878
0.575406878
0.575406878
0.575406878
0.575406878
0.575406878
