1.0
0.976422087
0.976422087
0.976422087
0.976422087
0.976422087
0.976422087
0.976422087
0.946904095
0.939729606
0.939729606
0.939729606
0.939729606
0.939729606
0.939729606
0.939729606
0.939729606
0.939729606
0.939729606
0.939729606
0.939729606
0.939729606
0.939729606
0.939729606
0.939729606
0.939729606
0.939729606
0.939729606
0.939729606
0.939729606
0.939729606
0.939729606
0.939729606
0.939729606
0.939729606
0.939729606
0.939729606
0.939729606
0.939729606
0.939729606
0.939729606
0.939729606
0.939729606
0.939729606
0.939729606
0.939729606
0.939729606
0.939729606
0.939729606
0.939729606
0.939729606
0.939729606
0.939729606
0.939729606
0.939729606
0.939729606
0.939729606
0.939729606
0.939729606
0.939729606
0.939729606
0.90705996
0.90705996
0.90705996
0.90705996
0.90705996
0.90705996
0.90705996
0.90705996
0.90705996
0.90705996
0.90705996
0.8996739
0.8996739
0.8996739
0.8996739
0.8996739
0.8996739
0.8996739
0.8996739
0.8996739
0.8996739
0.8996739
0.8996739
0.8996739
0.8996739
0.8996739
0.8996739
0.8996739
0.8996739
0.8996739
0.8996739
0.8996739
0.8996739
0.8996739
0.8996739
0.8996739
0.8996739
0.8996739
0.8996739
0.8996739
0.8996739
0.8996739
0.8996739
0.8996739
0.8996739
0.8996739
0.8996739
0.8996739
0.8996739
0.89688425
0.89688425
0.89688425
0.89688425
0.89688425
0.89688425
0.89688425
0.89688425
0.89688425
0.89688425
0.89688425
0.89688425
0.89688425
0.89688425
0.89688425
0.89688425
0.89688425
0.89688425
0.89688425
0.89688425
0.89688425
0.89688425
0.89688425
0.89688425
0.89688425
0.89688425
0.89688425
0.89688425
0.89688425
0.89688425
0.89688425
0.89688425
0.89688425
0.89688425
0.89688425
0.89688425
0.89688425
0.89688425
0.89688425
0.89688425
0.89688425
0.89688425
0.89688425
0.89688425
0.89688425
0.89688425
0.89688425
0.89688425
0.89688425
0.89688425
0.89688425
0.89688425
0.89688425
0.89688425
0.89688425
0.89688425
0.89688425
0.89688425
0.89688425
0.89688425
0.89688425
0.89688425
0.89688425
0.89688425
0.89688425
0.89688425
0.89688425
0.89688425
0.89688425
0.89688425
0.80770656
0.724213001
0.724213001
0.724213001
0.724213001
0.724213001
0.724213001
0.724213001
0.724213001
0.724213001
0.724213001
0.724213001
0.724213001
0.724213001
0.724213001
0.585980876
0.585980876
0.585980876
0.585980876
0.585980876
0.585980876
