1.0
0.956570149
0.944664389
0.944664389
0.944664389
0.944664389
0.944664389
0.944664389
0.921929845
0.862686141
0.862686141
0.862686141
0.862686141
0.862686141
0.862686141
0.862686141
0.862686141
0.862686141
0.862686141
0.862686141
0.862686141
0.862686141
0.862686141
0.862686141
0.862686141
0.862686141
0.862686141
0.862686141
0.862686141
0.862686141
0.862686141
0.862686141
0.862686141
0.862686141
0.862686141
0.862686141
0.862686141
0.862686141
0.862686141
0.862686141
0.862686141
0.862686141
0.862686141
0.862686141
0.862686141
0.862686141
0.862686141
0.862686141
0.862686141
0.862686141
0.862686141
0.862686141
0.862686141
0.862686141
0.862686141
0.862686141
0.862686141
0.862686141
0.862686141
0.862686141
0.862686141
0.862686141
0.862686141
0.862686141
0.862686141
0.862686141
0.862686141
0.862686141
0.862686141
0.862686141
0.862686141
0.862686141
0.862686141
0.862686141
0.862686141
0.862686141
0.862686141
0.862686141
0.862686141
0.862686141
0.862686141
0.862686141
0.862686141
0.862686141
0.862686141
0.862686141
0.862686141
0.862686141
0.862686141
0.862686141
0.862686141
0.862686141
0.862686141
0.862686141
0.862686141
0.862686141
0.862686141
0.862686141
0.862686141
0.862686141
0.862686141
0.862686141
0.862686141
0.862686141
0.862686141
0.862686141
0.862686141
0.862686141
0.862686141
0.862686141
0.862686141
0.862686141
0.862686141
0.862686141
0.862686141
0.862686141
0.862686141
0.862686141
0.862686141
0.862686141
0.862686141
0.862686141
0.862686141
0.862686141
0.862686141
0.862686141
0.862686141
0.862686141
0.862686141
0.862686141
0.862686141
0.862686141
0.862686141
0.862686141
0.862686141
0.862686141
0.862686141
0.862686141
0.862686141
0.862686141
0.862686141
0.862686141
0.862686141
0.862686141
0.862686141
0.862686141
0.862686141
0.862686141
0.862686141
0.862686141
0.862686141
0.862686141
0.862686141
0.862686141
0.862686141
0.862686141
0.862686141
0.862686141
0.862686141
0.862686141
0.862686141
0.862686141
0.862686141
0.862686141
0.862686141
0.862686141
0.862686141
0.862686141
0.862686141
0.862686141
0.862686141
0.862686141
0.862686141
0.862686141
0.862686141
0.862686141
0.862686141
0.862686141
0.862686141
0.862686141
0.648265908
0.648265908
0.648265908
0.648265908
0.648265908
0.648265908
0.648265908
0.648265908
0.648265908
0.648265908
0.648137325
0.648137325
0.648137325
0.607564978
0.365046075
0.365046075
0.365046075
0.365046075
0.365046075
0.365046075
0.365046075
