1.0
0.997306013
0.920242726
0.920242726
0.920242726
0.920242726
0.920242726
0.920242726
0.766644604
0.65208294
0.65208294
0.65208294
0.65208294
0.65208294
0.65208294
0.65208294
0.65208294
0.65208294
0.65208294
0.65208294
0.65208294
0.65208294
0.65208294
0.65208294
0.65208294
0.65208294
0.65208294
0.65208294
0.65208294
0.65208294
0.65208294
0.65208294
0.65208294
0.65208294
0.65208294
0.65208294
0.65208294
0.65208294
0.65208294
0.65208294
0.65208294
0.65208294
0.65208294
0.65208294
0.65208294
0.65208294
0.65208294
0.65208294
0.65208294
0.65208294
0.65208294
0.65208294
0.65208294
0.65208294
0.65208294
0.65208294
0.65208294
0.65208294
0.65208294
0.65208294
0.65208294
0.65208294
0.65208294
0.65208294
0.65208294
0.65208294
0.65208294
0.65208294
0.65208294
0.65208294
0.65208294
0.65208294
0.65208294
0.65208294
0.65208294
0.65208294
0.65208294
0.65208294
0.65208294
0.65208294
0.65208294
0.65208294
0.65208294
0.65208294
0.65208294
0.65208294
0.65208294
0.65208294
0.65208294
0.65208294
0.65208294
0.65208294
0.65208294
0.65208294
0.65208294
0.65208294
0.65208294
0.65208294
0.65208294
0.65208294
0.65208294
0.65208294
0.65208294
0.65208294
0.65208294
0.65208294
0.65208294
0.65208294
0.65208294
0.65208294
0.65208294
0.65208294
0.65208294
0.65208294
0.65208294
0.65208294
0.65208294
0.65208294
0.65208294
0.65208294
0.65208294
0.65208294
0.65208294
0.65208294
0.65208294
0.65208294
0.65208294
0.65208294
0.65208294
0.65208294
0.65208294
0.65208294
0.65208294
0.65208294
0.65208294
0.65208294
0.65208294
0.65208294
0.65208294
0.65208294
0.65208294
0.65208294
0.65208294
0.65208294
0.65208294
0.65208294
0.65208294
0.65208294
0.65208294
0.65208294
0.65208294
0.65208294
0.65208294
0.65208294
0.65208294
0.65208294
0.65208294
0.65208294
0.65208294
0.65208294
0.65208294
0.65208294
0.65208294
0.65208294
0.65208294
0.65208294
0.65208294
0.65208294
0.65208294
0.65208294
0.65208294
0.65208294
0.65208294
0.65208294
0.65208294
0.65208294
0.65208294
0.65208294
0.65208294
0.593307765
0.593307765
0.593307765
0.593307765
0.593307765
0.563005842
0.543804067
0.543804067
0.543804067
0.543804067
0.543804067
0.543804067
0.543804067
0.543804067
0.543804067
0.218675699
0.218675699
0.218675699
0.183741043
0.177180318
0.0
0.0
