1.0
0.9972836
0.920371512
0.920371512
0.920371512
0.920371512
0.920371512
0.920371512
0.756516997
0.650609323
0.650609323
0.650609323
0.650609323
0.650609323
0.650609323
0.650609323
0.650609323
0.650609323
0.650609323
0.650609323
0.650609323
0.650609323
0.650609323
0.650609323
0.650609323
0.650609323
0.650609323
0.650609323
0.650609323
0.650609323
0.650609323
0.650609323
0.650609323
0.650609323
0.650609323
0.650609323
0.650609323
0.650609323
0.650609323
0.650609323
0.650609323
0.650609323
0.650609323
0.650609323
0.650609323
0.650609323
0.650609323
0.650609323
0.650609323
0.650609323
0.650609323
0.650609323
0.650609323
0.650609323
0.650609323
0.650609323
0.650609323
0.650609323
0.650609323
0.650609323
0.650609323
0.650609323
0.650609323
0.650609323
0.650609323
0.650609323
0.650609323
0.650609323
0.650609323
0.650609323
0.650609323
0.650609323
0.650609323
0.650609323
0.650609323
0.650609323
0.650609323
0.650609323
0.650609323
0.650609323
0.650609323
0.650609323
0.650609323
0.650609323
0.650609323
0.650609323
0.650609323
0.650609323
0.650609323
0.650609323
0.650609323
0.650609323
0.650609323
0.650609323
0.650609323
0.650609323
0.650609323
0.650609323
0.650609323
0.650609323
0.650609323
0.650609323
0.650609323
0.650609323
0.650609323
0.650609323
0.650609323
0.650609323
0.650609323
0.650609323
0.650609323
0.650609323
0.650609323
0.650609323
0.650609323
0.650609323
0.650609323
0.650609323
0.650609323
0.650609323
0.650609323
0.650609323
0.650609323
0.650609323
0.650609323
0.650609323
0.650609323
0.650609323
0.650609323
0.650609323
0.650609323
0.650609323
0.650609323
0.650609323
0.650609323
0.650609323
0.650609323
0.650609323
0.650609323
0.650609323
0.650609323
0.650609323
0.650609323
0.650609323
0.650609323
0.650609323
0.650609323
0.650609323
0.650609323
0.650609323
0.650609323
0.650609323
0.650609323
0.650609323
0.650609323
0.650609323
0.650609323
0.650609323
0.650609323
0.650609323
0.650609323
0.650609323
0.650609323
0.650609323
0.650609323
0.650609323
0.650609323
0.650609323
0.650609323
0.650609323
0.650609323
0.650609323
0.650609323
0.650609323
0.650609323
0.650609323
0.650609323
0.650609323
0.650609323
0.583987195
0.583987195
0.583987195
0.583987195
0.583987195
0.563548851
0.54976946
0.54976946
0.54976946
0.54976946
0.54976946
0.54976946
0.54976946
0.54976946
0.54976946
0.218648068
0.218648068
0.218648068
0.182691478
0.180760383
0.0
0.0
