1.0
0.999889208
0.941397603
0.817317307
0.817317307
0.817317307
0.817317307
0.817317307
0.670646967
0.670646967
0.670646967
0.670646967
0.670646967
0.670646967
0.670646967
0.670646967
0.670646967
0.670646967
0.670646967
0.670646967
0.670646967
0.670646967
0.670646967
0.670646967
0.670646967
0.670646967
0.670646967
0.670646967
0.670646967
0.670646967
0.670646967
0.670646967
0.670646967
0.670646967
0.670646967
0.670646967
0.670646967
0.670646967
0.670646967
0.670646967
0.670646967
0.670646967
0.670646967
0.670646967
0.670646967
0.670646967
0.670646967
0.670646967
0.670646967
0.670646967
0.670646967
0.670646967
0.670646967
0.670646967
0.670646967
0.670646967
0.670646967
0.670646967
0.670646967
0.670646967
0.670646967
0.670646967
0.670646967
0.670646967
0.670646967
0.670646967
0.670646967
0.670646967
0.670646967
0.670646967
0.670646967
0.670646967
0.670646967
0.670646967
0.670646967
0.670646967
0.670646967
0.670646967
0.670646967
0.670646967
0.670646967
0.670646967
0.670646967
0.670646967
0.670646967
0.670646967
0.670646967
0.670646967
0.670646967
0.670646967
0.670646967
0.670646967
0.670646967
0.670646967
0.670646967
0.670646967
0.670646967
0.670646967
0.670646967
0.670646967
0.670646967
0.670646967
0.670646967
0.670646967
0.670646967
0.670646967
0.670646967
0.670646967
0.670646967
0.670646967
0.670646967
0.670646967
0.670646967
0.670646967
0.670646967
0.670646967
0.670646967
0.670646967
0.670646967
0.670646967
0.670646967
0.670646967
0.670646967
0.670646967
0.670646967
0.670646967
0.670646967
0.670646967
0.670646967
0.670646967
0.670646967
0.670646967
0.670646967
0.670646967
0.670646967
0.670646967
0.670646967
0.670646967
0.670646967
0.670646967
0.670646967
0.670646967
0.670646967
0.670646967
0.670646967
0.670646967
0.670646967
0.670646967
0.670646967
0.670646967
0.670646967
0.670646967
0.670646967
0.670646967
0.670646967
0.670646967
0.670646967
0.670646967
0.670646967
0.670646967
0.670646967
0.670646967
0.670646967
0.670646967
0.670646967
0.670646967
0.670646967
0.670646967
0.670646967
0.670646967
0.670646967
0.670646967
0.670646967
0.670646967
0.670646967
0.670646967
0.670646967
0.670646967
0.670646967
0.670646967
0.670646967
0.670646967
0.670646967
0.670646967
0.670646967
0.565594862
0.486395989
0.486395989
0.455566476
0.455566476
0.455566476
0.364022092
0.364022092
0.364022092
0.364022092
0.364022092
0.364022092
0.364022092
0.364022092
0.364022092
0.0
