1.0
0.999889774
0.944535316
0.816462908
0.816462908
0.816462908
0.816462908
0.816462908
0.672877792
0.672877792
0.672877792
0.672877792
0.672877792
0.672877792
0.672877792
0.672877792
0.672877792
0.672877792
0.672877792
0.672877792
0.672877792
0.672877792
0.672877792
0.672877792
0.672877792
0.672877792
0.672877792
0.672877792
0.672877792
0.672877792
0.672877792
0.672877792
0.672877792
0.672877792
0.672877792
0.672877792
0.672877792
0.672877792
0.672877792
0.672877792
0.672877792
0.672877792
0.672877792
0.672877792
0.672877792
0.672877792
0.672877792
0.672877792
0.672877792
0.672877792
0.672877792
0.672877792
0.672877792
0.672877792
0.672877792
0.672877792
0.672877792
0.672877792
0.672877792
0.672877792
0.672877792
0.672877792
0.672877792
0.672877792
0.672877792
0.672877792
0.672877792
0.672877792
0.672877792
0.672877792
0.672877792
0.672877792
0.672877792
0.672877792
0.672877792
0.672877792
0.672877792
0.672877792
0.672877792
0.672877792
0.672877792
0.672877792
0.672877792
0.672877792
0.672877792
0.672877792
0.672877792
0.672877792
0.672877792
0.672877792
0.672877792
0.672877792
0.672877792
0.672877792
0.672877792
0.672877792
0.672877792
0.672877792
0.672877792
0.672877792
0.672877792
0.672877792
0.672877792
0.672877792
0.672877792
0.672877792
0.672877792
0.672877792
0.672877792
0.672877792
0.672877792
0.672877792
0.672877792
0.672877792
0.672877792
0.672877792
0.672877792
0.672877792
0.672877792
0.672877792
0.672877792
0.672877792
0.672877792
0.672877792
0.672877792
0.672877792
0.672877792
0.672877792
0.672877792
0.672877792
0.672877792
0.672877792
0.672877792
0.672877792
0.672877792
0.672877792
0.672877792
0.672877792
0.672877792
0.672877792
0.672877792
0.672877792
0.672877792
0.672877792
0.672877792
0.672877792
0.672877792
0.672877792
0.672877792
0.672877792
0.672877792
0.672877792
0.672877792
0.672877792
0.672877792
0.672877792
0.672877792
0.672877792
0.672877792
0.672877792
0.672877792
0.672877792
0.672877792
0.672877792
0.672877792
0.672877792
0.672877792
0.672877792
0.672877792
0.672877792
0.672877792
0.672877792
0.672877792
0.672877792
0.672877792
0.672877792
0.672877792
0.672877792
0.672877792
0.672877792
0.672877792
0.672877792
0.672877792
0.672877792
0.671694333
0.565647862
0.499844574
0.499844574
0.454615804
0.454615804
0.454615804
0.364243941
0.364243941
0.364243941
0.364243941
0.364243941
0.364243941
0.364243941
0.364243941
0.364243941
0.002942365
