1.0
0.999996866
0.993077517
0.878830178
0.878830178
0.878830178
0.878830178
0.878830178
0.878830178
0.878830178
0.878830178
0.878830178
0.878830178
0.878830178
0.878830178
0.878830178
0.878830178
0.878830178
0.878830178
0.878830178
0.878830178
0.878830178
0.878830178
0.878830178
0.878830178
0.878830178
0.878830178
0.878830178
0.878830178
0.878830178
0.878830178
0.878830178
0.878830178
0.878830178
0.878830178
0.878830178
0.817350021
0.817350021
0.817350021
0.817350021
0.817350021
0.817350021
0.817350021
0.817350021
0.817350021
0.817350021
0.817350021
0.817350021
0.817350021
0.817350021
0.817350021
0.817350021
0.817350021
0.817350021
0.817350021
0.817350021
0.817350021
0.817350021
0.817350021
0.817350021
0.817350021
0.817350021
0.817350021
0.817350021
0.817350021
0.817350021
0.817350021
0.817350021
0.817350021
0.817350021
0.817350021
0.768327659
0.768327659
0.768327659
0.768327659
0.768327659
0.768327659
0.768327659
0.768327659
0.768327659
0.768327659
0.768327659
0.768327659
0.768327659
0.768327659
0.768327659
0.768327659
0.768327659
0.768327659
0.768327659
0.768327659
0.768327659
0.768327659
0.768327659
0.768327659
0.768327659
0.768327659
0.768327659
0.768327659
0.768327659
0.768327659
0.768327659
0.768327659
0.768327659
0.768327659
0.768327659
0.768327659
0.768327659
0.768327659
0.768327659
0.768327659
0.768327659
0.768327659
0.768327659
0.768327659
0.768327659
0.768327659
0.768327659
0.768327659
0.768327659
0.768327659
0.768327659
0.768327659
0.768327659
0.768327659
0.768327659
0.768327659
0.768327659
0.768327659
0.768327659
0.768327659
0.768327659
0.768327659
0.768327659
0.768327659
0.768327659
0.768327659
0.768327659
0.768327659
0.768327659
0.768327659
0.768327659
0.768327659
0.768327659
0.768327659
0.768327659
0.768327659
0.768327659
0.768327659
0.768327659
0.768327659
0.768327659
0.768327659
0.768327659
0.768327659
0.768327659
0.768327659
0.768327659
0.768327659
0.768327659
0.768327659
0.768327659
0.768327659
0.768327659
0.768327659
0.768327659
0.768327659
0.768327659
0.768327659
0.768327659
0.768327659
0.768327659
0.768327659
0.768327659
0.768327659
0.768327659
0.768327659
0.768327659
0.768327659
0.768327659
0.768327659
0.768327659
0.768327659
0.768327659
0.768327659
0.767515516
0.593117125
0.483882013
0.416292539
0.416292539
0.416292539
0.416292539
0.416292539
0.416292539
0.416292539
0.416292539
0.409480691
0.409480691
0.409480691
0.409480691
0.216839465
