1.0
0.999999935
0.999405232
0.93610903
0.888760049
0.888760049
0.888760049
0.888760049
0.888760049
0.888760049
0.888760049
0.888760049
0.888760049
0.888760049
0.888760049
0.888760049
0.888760049
0.888760049
0.888760049
0.888760049
0.888760049
0.888760049
0.888760049
0.888760049
0.888760049
0.888760049
0.888760049
0.888760049
0.888760049
0.888760049
0.888760049
0.888760049
0.888760049
0.888760049
0.888760049
0.888760049
0.888760049
0.888760049
0.888760049
0.888760049
0.888760049
0.888760049
0.888760049
0.888760049
0.888760049
0.888760049
0.888760049
0.888760049
0.888760049
0.888760049
0.888760049
0.888760049
0.888760049
0.888760049
0.888760049
0.85219214
0.85219214
0.85219214
0.85219214
0.85219214
0.85219214
0.85219214
0.85219214
0.85219214
0.85219214
0.85219214
0.85219214
0.85219214
0.85219214
0.85219214
0.85219214
0.85219214
0.85219214
0.85219214
0.85219214
0.85219214
0.85219214
0.85219214
0.85219214
0.85219214
0.85219214
0.85219214
0.85219214
0.85219214
0.85219214
0.85219214
0.85219214
0.85219214
0.85219214
0.85219214
0.85219214
0.85219214
0.85219214
0.85219214
0.85219214
0.85219214
0.85219214
0.85219214
0.85219214
0.85219214
0.85219214
0.85219214
0.85219214
0.85219214
0.85219214
0.85219214
0.85219214
0.85219214
0.85219214
0.85219214
0.85219214
0.85219214
0.85219214
0.85219214
0.85219214
0.85219214
0.85219214
0.85219214
0.85219214
0.85219214
0.85219214
0.85219214
0.85219214
0.85219214
0.85219214
0.85219214
0.85219214
0.85219214
0.85219214
0.85219214
0.85219214
0.85219214
0.85219214
0.85219214
0.85219214
0.85219214
0.85219214
0.85219214
0.85219214
0.85219214
0.85219214
0.85219214
0.85219214
0.85219214
0.85219214
0.851909006
0.851909006
0.851909006
0.851909006
0.851909006
0.851909006
0.851909006
0.851909006
0.851909006
0.851909006
0.851909006
0.851909006
0.851909006
0.851909006
0.851909006
0.851909006
0.851909006
0.851909006
0.851909006
0.851909006
0.851909006
0.851909006
0.851909006
0.851909006
0.851909006
0.851909006
0.851909006
0.851909006
0.851909006
0.851909006
0.851909006
0.851909006
0.851909006
0.851909006
0.851909006
0.851909006
0.851909006
0.851909006
0.851909006
0.851909006
0.851909006
0.707196296
0.60830074
0.60830074
0.525810121
0.525810121
0.525810121
0.525810121
0.525810121
0.525810121
0.525810121
0.525810121
0.525810121
0.525810121
0.510697471
0.315643413
