1.0
0.999999999
0.999960267
0.999331197
0.999331197
0.999331197
0.999331197
0.999331197
0.999331197
0.999331197
0.999331197
0.999331197
0.999331197
0.999331197
0.999331197
0.997713585
0.997713585
0.997713585
0.997713585
0.997713585
0.997713585
0.997713585
0.997713585
0.997713585
0.997713585
0.997713585
0.997713585
0.997713585
0.997713585
0.997713585
0.997713585
0.997713585
0.997713585
0.997713585
0.997713585
0.997713585
0.997713585
0.997713585
0.997713585
0.997713585
0.997713585
0.997713585
0.997713585
0.997713585
0.997713585
0.997713585
0.997713585
0.997713585
0.997713585
0.997713585
0.997713585
0.997713585
0.997713585
0.997713585
0.997713585
0.997713585
0.997713585
0.997713585
0.997713585
0.997713585
0.997713585
0.997713585
0.997713585
0.997713585
0.997713585
0.997713585
0.997713585
0.997713585
0.997713585
0.997713585
0.997713585
0.997713585
0.997713585
0.997713585
0.997713585
0.997713585
0.997713585
0.997713585
0.997713585
0.997713585
0.997713585
0.997713585
0.997713585
0.997713585
0.997713585
0.997713585
0.997713585
0.997713585
0.997713585
0.997713585
0.997713585
0.997713585
0.997713585
0.997713585
0.997713585
0.997713585
0.997713585
0.997713585
0.997713585
0.997713585
0.997713585
0.997713585
0.997713585
0.997713585
0.994686752
0.994686752
0.994686752
0.994686752
0.994686752
0.994686752
0.994686752
0.994686752
0.994686752
0.994686752
0.994686752
0.994686752
0.994686752
0.994686752
0.994686752
0.994686752
0.994686752
0.994686752
0.994686752
0.994686752
0.994686752
0.994686752
0.994686752
0.994686752
0.994686752
0.994686752
0.994686752
0.994686752
0.994686752
0.994686752
0.994686752
0.994686752
0.994686752
0.994686752
0.994686752
0.994686752
0.994686752
0.994686752
0.994686752
0.994686752
0.994686752
0.994686752
0.994686752
0.994686752
0.994686752
0.994686752
0.994686752
0.994686752
0.994686752
0.994686752
0.994686752
0.994686752
0.994686752
0.994686752
0.994686752
0.994686752
0.994686752
0.994686752
0.994686752
0.994686752
0.994686752
0.994686752
0.994686752
0.994686752
0.994686752
0.994686752
0.994686752
0.994686752
0.994686752
0.994686752
0.994686752
0.960251252
0.960251252
0.960251252
0.960251252
0.960251252
0.960251252
0.960251252
0.960251252
0.960251252
0.960251252
0.960251252
0.960251252
0.960251252
0.960251252
0.960251252
0.960251252
0.960251252
0.960251252
0.960251252
0.960251252
0.960251252
0.960251252
0.960251252
0.770654978
0.573280993
0.573280993
