0.7369348665000002
0.729165767
0.725728614
0.7239920647
0.7222154779000001
0.7204051357000001
0.7775215085
0.8306238720000001
0.8158834657
0.8060079407
0.7815665877000001
0.7632372628
0.7502486287
0.7361504872
0.7205690510999999
0.7097231133000002
0.7002510524
0.7460055056
0.7347808412999999
0.7354089824
0.7492509731
0.7449690452
0.7349174906
0.7268357301000001
0.7235143242000002
0.7223246681
0.7238948644
0.7256316016
0.73427913
0.7317809535999998
0.7246817116
0.7077006223
0.701540217
0.7036997933
0.7045766642000001
0.6978137077000002
0.6902082761000001
0.6738788818000001
0.696275792
0.6862813781000001
0.6702708375000002
0.6957452317
0.7003567454
0.6961393258
0.6766725331
0.6575241964
0.6498535044
0.6592907854
0.6653046259
0.6770432402
0.6907426132
0.664990564
0.6451395031
0.6343056241
0.6488980364000001
0.6620985342000001
0.6700975761000001
0.6672680578
0.6617097228
0.6612738840000001
0.6577129719999999
0.6674871221
0.6814858278
0.6894720681
0.6695263521
0.6462427079999999
0.6300364518999999
0.6301625083
0.6307955441
0.6366046215000001
0.6371584711
0.628944845
0.62619023
0.6214297441
0.6279049317000001
0.6414508106000001
0.6503485255
0.6438757668
0.6401400159999999
0.6413466151
0.6526395020000001
0.6651878942
0.6543585888000001
0.6425879058999999
0.6388329963
0.6361378919
0.6253318026
0.6222151067999999
0.6238988935
0.6139489451
0.6085473901
0.6139584763
0.623298788
0.6302161807
0.6407778543
0.6418453196
0.6506614039999999
0.6519539227
0.6323820504
0.6177088546
0.6013054666
0.592419197
0.5941270483
0.5920929182
0.5852861886999998
0.5937538918999999
0.5927118113
0.5914251388
0.6075324883000001
0.6237605027
0.6343148899
0.6237930129
0.6102922447999999
0.6019470331
0.5872327005999999
0.5839338808999999
0.5781482842
0.5764932616999999
0.5780250537999999
0.5761839153
0.5701013033
0.5744689889
0.5824753362999999
0.5906206294
0.6069967562999999
0.5855274431999999
0.5766893064999999
0.5669971745000001
0.5618538847999999
0.5635636728
0.5672546014000001
0.5717044793999999
0.5657344706
0.5590790964999999
0.5576418049999999
0.5743828878999999
0.5796514569
0.5785672576
0.5679069805000001
0.5650917657000001
0.5628830131
0.5563459709999999
0.5595935814999999
0.5610109406999999
0.556519029
0.5524556796
0.5507630882000001
0.5510944785
0.5584980293
0.5539005247000001
0.5512702238
0.5469940734000001
0.5467951816
0.5467973285000001
0.5375626354999999
0.5356211978000001
0.541224646
0.5472069279999999
0.5453841083
0.5450030858
