0.8123743805333334
0.8055917216
0.7620759715333333
0.7285265182
0.7053200050666667
0.6802300127333333
0.7076913039333335
0.7756581049333334
0.7888241602
0.7938749747333333
0.7942332117333334
0.7863152452000001
0.7755938992666667
0.7357190359333333
0.7141156747333333
0.6994605709999999
0.6859896617333331
0.7118538506666664
0.7294590031333332
0.7388792303999999
0.7547385986666665
0.7600869795999999
0.7591825478666666
0.7344714644666668
0.7215902764000001
0.7094329698666667
0.6909560416666666
0.6822103249333332
0.7087383044666666
0.7183243515999999
0.7204470883999999
0.7235798001999999
0.7184901419999999
0.7140981723999998
0.6967683123333334
0.6747304161333335
0.6721896198666667
0.6653604208
0.6833117683333334
0.6815854046000002
0.6756754116000002
0.6850150549333335
0.6903238542666668
0.6885013941333333
0.6784126963333335
0.6700163531333334
0.6553778118
0.646200835
0.6419983230666666
0.6566631767999999
0.6702272093999999
0.6679166178666666
0.6682647292
0.6655483254666665
0.6681469302666666
0.6701422035333334
0.6671335569333333
0.6609975299333333
0.6581099511999999
0.6516519180666667
0.6405606059333332
0.6446138764666666
0.658280066
0.6632082721333333
0.6599513203333333
0.6535154948000002
0.6396984028666667
0.6336123114000001
0.6312566320666667
0.6294059498666668
0.6297191649999999
0.6331881454
0.633206692
0.6303202373999999
0.6411648289999998
0.6577800241333333
0.6631326977333333
0.6497430317333334
0.6391182066
0.6308915330666667
0.6290387788666667
0.6307794504666667
0.6305566098666667
0.631966337
0.6318608379333334
0.6358444104666667
0.6388726649333333
0.6360250458666666
0.6325023164
0.6305123591999998
0.6218426572666667
0.6210951236666666
0.6289534991333333
0.6251624333333334
0.6177780768000001
0.6126227936
0.6169309278666667
0.6172996735333334
0.6112983328666667
0.6114038549333334
0.6119803251333332
0.6069306803333333
0.6077043996666667
0.6100399717333332
0.6064331757333332
0.6076025071333333
0.5990186671333333
0.5895252216000001
0.5910083213333334
0.5910864189333334
0.600399268
0.5974167384666667
0.5959485419333334
0.6006613954666665
0.6003649934666665
0.5918341147333331
0.5868567855333333
0.5835586866
0.5797337487333334
0.5799105880000001
0.5678743035333333
0.5660142675333333
0.5670851617333333
0.5739326299333334
0.5845856416
0.5807145950666667
0.5825609156666667
0.5763861592
0.5671031105333333
0.5675491811333333
0.5707286932666666
0.5694692462
0.5644797759333334
0.5587901973333333
0.5566489812000001
0.5656183083333333
0.5689986920000002
0.5714504305333334
0.5665411478000001
0.5628527519333334
0.5608627454
0.5555083187333333
0.5547197812
0.5584028192
0.5541547943333334
0.5502098656
0.5472271030000001
0.5502690465333334
0.5524680464666666
0.5444999984666666
0.5426882018666668
0.5454274354000002
0.5464620121999999
0.5479849309333333
0.5464774988666666
