0.7751711120400003
0.76742735348
0.760713114
0.73622796788
0.7230493769200002
0.7142738436
0.7300567304400001
0.7678581618000001
0.7730934062
0.77518342468
0.775618724
0.7723101532799999
0.76688730968
0.7466845992800001
0.73377827788
0.721857418
0.7072327977999998
0.72088581568
0.7330034975600002
0.7392215653600002
0.7464734840000001
0.7470809412400001
0.7397755383200001
0.7343009915200001
0.7225037382000002
0.7094136057599999
0.71019294124
0.7067501978
0.7216992225600001
0.7203233408399998
0.7138236082399999
0.71319660524
0.7146937403199999
0.7154355888399998
0.7097944725600001
0.7025661698000001
0.69001311796
0.67936785192
0.68825028336
0.69348152516
0.6972138793999999
0.7070110993599998
0.7083334801999999
0.70536754744
0.6991333005999998
0.6933733950799998
0.6885680988399998
0.6898128054
0.6911727311599999
0.6944595470399999
0.6946215138799999
0.68588778324
0.6860035259999999
0.6844213685199998
0.6889768917599999
0.6900121615199999
0.6826474602399998
0.6781525903999999
0.6742462137599999
0.6739550585199998
0.6747424825599999
0.68231923252
0.68769656036
0.6876698268400001
0.6864237900400002
0.6868935856400001
0.6829587104800002
0.6739634119600001
0.66759578832
0.6669206167600001
0.6635929906400001
0.6619926742000001
0.6613636690800001
0.66019627372
0.6605726348000001
0.6679569501600001
0.6742794052000001
0.66981620552
0.6663759214399999
0.6655233448
0.66643714848
0.67359909304
0.67198127816
0.6650985516399999
0.6593714115199998
0.65214750528
0.65016607868
0.6483092699999999
0.6451674180399999
0.6407434813599999
0.6388313832799999
0.6389119636399999
0.6452536647599999
0.6499385592399999
0.6509267505599999
0.65491185656
0.6527188121999999
0.6476680305599999
0.64119203196
0.63430883368
0.6338195048
0.62804760356
0.6287078942000001
0.6314275486800001
0.6283603997600001
0.6269514840400001
0.6233291470800001
0.62156364044
0.6254345789600001
0.63232888392
0.63128413364
0.6255947502800001
0.62265366716
0.62281835284
0.62357531856
0.62096590012
0.61911029488
0.61421046888
0.6092152482400001
0.60935785808
0.6069788231600001
0.6093506822000001
0.6086440049199999
0.6088683657199999
0.6171555086
0.61317171596
0.6112719746799999
0.60948239724
0.6042999688
0.6026843568400001
0.6001287260000001
0.5988223546800001
0.5974206028
0.5976366209999999
0.5943007814400001
0.59801349804
0.59901578004
0.5980038406000001
0.5974552222799999
0.59240847384
0.58894999352
0.5863712286
0.5871290897999999
0.5900770088799999
0.58764813492
