0.7617998822000003
0.7494882085500001
0.74189701005
0.73440472605
0.72600635005
0.7198856725
0.7438511549
0.79464634985
0.7818318040500001
0.7778256877
0.7734530888000001
0.7634210665000001
0.75319976455
0.7428179321500001
0.7338487919500001
0.7286623921000001
0.7252810733499999
0.7484958429499999
0.7473265089
0.7472910119
0.7498503364500001
0.7392422904500001
0.73219153405
0.7298808675
0.7290689644500001
0.72592784715
0.7240551932500001
0.71572504045
0.7319960055999999
0.72532430165
0.7138103752
0.7190214183999999
0.7182613948499998
0.7175890745
0.7092505829
0.6962091940999999
0.6895291314499998
0.68795780285
0.7037566690999999
0.7038690353
0.70454833185
0.7037564735499999
0.6965983882499999
0.69138499115
0.6901159616499999
0.6882758306999999
0.6891549880999999
0.6928889613999999
0.6937140623999999
0.6998559174499999
0.7058775837999999
0.6970241402499999
0.69455329995
0.6938378913499998
0.6929945594
0.6898077572499999
0.6848853908999998
0.6823986269499999
0.6788212990999999
0.6832286068999999
0.68051668375
0.6803220593
0.6864387259499999
0.6862515821
0.6794609520000001
0.6764590858000001
0.6728916400000001
0.6708022384500001
0.6692628404000001
0.67422907345
0.6801760689
0.6821432526500001
0.6730772196
0.6642428838500001
0.6654322546
0.6670919297500001
0.6671552539500001
0.6637534788
0.66355652285
0.6574892381999999
0.66223874305
0.6744253221000001
0.67197814585
0.6689834336999999
0.6726889647499998
0.6701350161499999
0.6694218849499999
0.6667946231999998
0.6580374881
0.6456454788499999
0.63302648535
0.63190085025
0.6387345609999999
0.6412273775499999
0.6415076541999999
0.6492240597000001
0.65329236445
0.6529397142
0.65142074075
0.6533748992999999
0.65078556275
0.6402045127
0.6360682601
0.632076661
0.6184710993
0.6214666884500001
0.61748596025
0.6178864158999999
0.6268946800000001
0.63392520005
0.6386399896
0.6358757204500001
0.63336258625
0.6333714392500001
0.6351272320500001
0.6235924233
0.61525433355
0.610484564
0.6073271195500001
0.6073183642
0.60679161415
0.6112817178000001
0.6111177620999999
0.6114497610999999
0.6221861798
0.6172347107
0.616833361
0.6109883984999999
0.6038776822999999
0.60446498535
0.60424197835
0.6024144947500001
0.6027848619
0.6004764173
0.5968695412
0.5996957300500001
0.60241022595
0.6018212558000001
0.60189427445
0.5985340606499999
0.5949019207
0.59013619
0.5902262786499999
0.5926270870999999
0.5861316339
0.5842555771000001
0.5825574008000001
0.5842241182000001
0.58796056505
0.5853019627000001
