0.7369348665000002
0.729165767
0.7257359607
0.7240039628
0.7222330447
0.7205004572
0.7785129296
0.8334724636999999
0.8191561316
0.8101246486999999
0.7866648978999999
0.7698106500999999
0.7580580593999999
0.7448054892999999
0.7297796554
0.7192708877999999
0.7091893802
0.7558202359999999
0.7445074764999999
0.7455267267
0.7602412797
0.7570314829
0.7483414697
0.740830375
0.7379179285
0.7380538964000001
0.7413727665
0.7411714499000001
0.7501455413
0.7490552971
0.7394593932
0.721453098
0.7160415984
0.71893136
0.7202200004
0.7138017979
0.70673762
0.690278631
0.7138464699
0.7015933062
0.6881613572
0.7165897388
0.7204811913
0.716246789
0.6982811654
0.6786165903
0.6723206428999999
0.6856369747000001
0.6936668682999999
0.7061447644
0.7209353064999998
0.6909232082999999
0.6727155852
0.6665231933
0.6819507579
0.6979350711000001
0.7059893333
0.7001409481
0.6937612565
0.6935670705000001
0.6908198611
0.7031250722
0.7163910147
0.7211525894
0.7040383609
0.6816804434000001
0.6637814485000001
0.6646563058000001
0.6638813417
0.6728901433000001
0.6702135064
0.6575190463999999
0.6564864372000001
0.6513505748
0.6548835431000001
0.6712377282000002
0.6820018314999999
0.6769481711
0.6746443391
0.6755680035999999
0.6901386314
0.7067674588999999
0.689668002
0.6771351929
0.6759809660999999
0.6629461313
0.6523086764
0.6505587864999999
0.6524687066
0.6394104728000001
0.6343388547
0.6420831853
0.6542882897
0.6608316745
0.6693969634
0.6773239010000001
0.6865350935000001
0.6830304599
0.6636062696
0.6518804849000001
0.6317141159999999
0.6217185152000001
0.6231808323
0.6216230806000002
0.6136183450000001
0.6211242184000001
0.6200496354
0.6228489684999999
0.6392352119
0.6548693136999999
0.6698570095
0.6586905102
0.6489556878999999
0.6425302414
0.6233238535999999
0.6218091585
0.6149222850999999
0.6129238632999999
0.6145541481000001
0.6129810863999999
0.6074229697
0.6130609307
0.6177694845999999
0.6242126371
0.6469306104999999
0.6253756880999999
0.6155863819999999
0.6080452647
0.6001000909999998
0.601655642
0.6061602586
0.6095025049
0.6044660395999999
0.5986868851
0.5974417491
0.6090937333
0.61808034
0.6139315323000001
0.6076552736
0.6072743287
0.6023236981
0.5953264845999999
0.6011036842
0.6022659495000001
0.5962973333000001
0.5902977268
0.5867401119
0.5897109793
0.5961332753
0.5897937926000001
0.5874801433
0.5849458954
0.5793488730999999
0.5829882247
0.5759659345
0.5782134273999999
0.5783746897
0.5787372571
0.5797878548
0.5808101328
