0.9963128702
0.8617321478
0.6249801706
0.5538126232
0.5039441337999999
0.47755686280000004
0.5965993862
0.8264960591999999
0.8942021358000002
0.9405313061999999
0.9634924064
0.9609086506000001
0.8417680754000001
0.7458236562
0.6830995968000001
0.6157938977999999
0.586798179
0.6838080950000001
0.7540871158
0.7872300090000001
0.8338740352
0.8424410066
0.8394332525999999
0.7465730898
0.7147394356000001
0.6971640644
0.6826011553999999
0.6690716338
0.7481780112
0.7749732866000001
0.7943432248000001
0.8171255444000002
0.8296020172
0.7684566491999999
0.7403028864
0.6998768237999999
0.6396386668
0.6159862694
0.6824452984
0.7138189148
0.7421871992
0.7899732157999999
0.7814840836
0.7639957662
0.7075245882
0.652086506
0.6619443136000001
0.6784859477999999
0.6882557056
0.708806292
0.7236736254
0.7022110512
0.7145630284
0.7223588508000001
0.7266805154
0.7440698832000001
0.7051802387999999
0.65609735
0.6360137424
0.6636066056
0.680952547
0.735264119
0.7706789532000001
0.7766531994
0.7500694938
0.7279726278
0.6987250084
0.6910086954
0.6939493451999998
0.6858697389999999
0.6609703736
0.6538643980000001
0.6636032954
0.6590627652000001
0.6869194004000001
0.7050187818
0.6862324355999999
0.674565465
0.6695208468
0.6484592992
0.6645533118
0.703561321
0.704381193
0.7050455445999999
0.7267832928
0.740441826
0.7354258741999999
0.7006031455999999
0.6757674994
0.6534700014
0.6096040922
0.5938889972
0.6266401952
0.6536519336
0.6478175092
0.6813302997999999
0.7113336092000001
0.6999096097999999
0.6858211361999998
0.7084906423999999
0.6938746695999999
0.6827320284
0.6852602146000001
0.6621633754
0.6184264172
0.5914730616
0.584409798
0.585711757
0.6041502864
0.6293048595999999
0.6711660148
0.6760615124000001
0.6819207004000001
0.6950349096
0.7001844354
0.6908980823999998
0.664345198
0.6408789892
0.61714404
0.5734388932
0.5812615172
0.594618242
0.61421736
0.6419550036
0.6812061382
0.6613322724
0.6592106536
0.6487497684
0.633418555
0.6404292918
0.6161571057999999
0.5981402866
0.5959938647999999
0.5959631582
0.5944411598
0.6283749824
0.651211013
0.6431184698
0.6294635098
0.6304801278
0.6175136722000001
0.6132562104000001
0.611240724
0.6137936096000001
0.612645311
0.6143373106
0.6057697282000001
0.6208900843999999
0.6209182776
0.610207756
0.5958449348
0.5959641254
0.5862916978
0.5973259718
0.5949450886000001
0.6056799994000001
0.6002636863999999
0.5975321574
0.5960662746000001
0.5831948494
0.57969956
0.5843145638
0.5869474412
0.5925360754
0.6077527892
