0.9963128702
0.8617321478
0.6249801706
0.5538126232
0.5039441337999999
0.47755686280000004
0.5965993862
0.8264964683999999
0.8942027704000001
0.9405321170000001
0.9634973614
0.9609515796
0.8418712854000001
0.7459970136
0.6836042823999999
0.6168827508
0.5880960529999999
0.6852027082000001
0.755516835
0.7883155648000001
0.8344136804
0.842727955
0.8397253250000001
0.7467461754
0.7150993696000001
0.6978799336
0.6836481368
0.6701549266000001
0.7496255364000001
0.77628483
0.7955202006000001
0.8181373432000001
0.8305156792
0.7690044308
0.7410114434
0.7003183284000001
0.6399466410000001
0.6162590884
0.6828942382000001
0.7143859344
0.7431238138
0.7912516878
0.7828461892
0.7655018696
0.7088053748
0.6529919998
0.6624597094
0.6792371309999999
0.6889222116
0.7091897876
0.7238781982000001
0.7030304190000001
0.7154452176
0.723410824
0.7278765414
0.7455931218
0.706244979
0.6566523
0.6364247114
0.6643245302
0.6819994544
0.7365681709999998
0.7723255840000001
0.7782802826
0.7514666588
0.7293860256
0.6995683518
0.6918290158
0.6947815146
0.6865082057999999
0.660596846
0.6541635266
0.6638167202
0.6594678878
0.6880323124
0.7068267616
0.6879838210000001
0.6762617246000001
0.6708049784
0.649203913
0.6651964056
0.7038067412
0.7041747012
0.7049621956000001
0.727205182
0.7409038802
0.736227035
0.7024292594
0.6779930393999999
0.6554789118
0.6109529824
0.5953550532
0.627668703
0.6537643008
0.6477422786
0.6818859276
0.7109779616
0.6988212696
0.6854387236
0.7087400336
0.6940571795999999
0.6832834908
0.6864814216
0.6632414982
0.6193749124
0.5925495914000001
0.5857830142000001
0.5865547878
0.6047175346
0.629294632
0.671121812
0.6757857469999999
0.6819314836
0.6948916894
0.700593765
0.6919480574
0.665702884
0.6424835757999999
0.6193629002
0.5750128298000001
0.5824052278
0.5959892232
0.6152692126
0.6426542364000001
0.6816248248
0.661563965
0.6591124481999999
0.6489443626
0.6341229686000001
0.641355625
0.6171364664000001
0.599419044
0.5975758584
0.596882959
0.5955990116000001
0.6296318380000001
0.6517043392
0.6432777904
0.6297053281999999
0.6312502202
0.6174040462
0.6135081756
0.6117312104
0.6147303722
0.6131278134
0.6152766100000001
0.6068603248000001
0.6219608028
0.6216190856000001
0.6111129608
0.5967071072000001
0.5970838925999999
0.5874191306000001
0.5980749646000001
0.5958138226
0.6076239386000001
0.6014692617999999
0.598424258
0.5977081232
0.584023161
0.5796842609999999
0.5844017926
0.5876823632
0.5932859202
0.6090163286000001
