0.4858254231
0.43267337040000003
0.3954581205
0.36812068349999993
0.3456582822
0.3391213682
0.4172382314
0.4258429108
0.43967803209999995
0.4801689498
0.4842132986
0.48049183700000003
0.48227500970000003
0.47607774760000005
0.4541724458
0.42134354059999996
0.42051587790000006
0.43976351309999995
0.4352610465000001
0.4076285759
0.4502382249
0.4609953236
0.42674398799999996
0.39739968370000006
0.4125206994000001
0.4578059746
0.48300688589999996
0.49045846290000006
0.4914581657
0.4661108423000001
0.43618754820000005
0.4158074303
0.436211575
0.4720083124
0.4867346577999999
0.4841008694999999
0.46729782029999994
0.4627608248
0.4674654046000001
0.47765663600000013
0.4456660158000001
0.49164960299999994
0.5192509902
0.5223783089999999
0.47766233509999995
0.40564450760000004
0.3733956657
0.4125051179
0.4637659501
0.49861429040000005
0.5203620487
0.46774556970000003
0.4053719782
0.3659954486
0.40810141279999995
0.4796370209
0.5191973052
0.504212718
0.4948221103
0.49207897310000004
0.48242061999999997
0.4947571602
0.5244687343
0.5361756245
0.49573618140000003
0.4172991607
0.3555300623
0.33543266959999996
0.33272680409999994
0.34263523799999995
0.3356709897
0.297224235
0.2994883901
0.33637253250000004
0.3616343575
0.4132616122
0.4741532846
0.5207417339
0.5481396872
0.5813569081999999
0.6420792606999999
0.6957504111999999
0.6642636919000001
0.5975813701999999
0.5329591237999999
0.4733578533999999
0.41081318380000004
0.36567948930000005
0.3525992602000001
0.32125555380000004
0.3008172417
0.3307018852
0.3466582258
0.369945326
0.4408119633
0.5060744956
0.5765782052999999
0.636213071
0.6349742060000001
0.5864079977000001
0.5259782722999999
0.4458666858000001
0.4723756614
0.4531710349
0.4190262746999999
0.41706989969999997
0.41742143680000005
0.40694921279999996
0.4270865874
0.5084203187
0.592346234
0.6223618837999999
0.5918416490999999
0.5667426461
0.5269184963000001
0.48345909330000003
0.48464027959999995
0.4761588401
0.47452083700000003
0.47264179270000006
0.46556520020000003
0.5030269307
0.5044999064
0.5371621144
0.5500807522
0.5449700956
0.5077488073
0.4763961077
0.4447417881000001
0.42023148470000005
0.38834131670000005
0.3694158807000001
0.3842994577
0.39146362900000004
0.4316543074000001
0.5061103591
0.5320298452000001
0.5174842647000001
0.4744862258000001
0.4405898661
0.4660937207
0.4913664164
0.5151153117
0.5332210277
0.5471327886
0.5282153192000001
0.5307031847000001
0.5275876432000001
0.5291881774
0.5261911991000001
0.49710680279999997
0.4240758942
0.3643027585
0.3416593645
0.30841728179999994
0.2849708769
0.2953783486
0.3531743938
0.4257288712
0.46152632340000005
0.4583489714000001
0.4919855920000001
0.5296293950000001
0.5652754907000002
0.6037356308999999
0.614266904
0.5836134057
0.5458026542000001
0.48672605999999996
0.447071927
0.42700451770000003
0.3987283791999999
0.36932073489999995
0.3508479437
0.31956068359999995
0.2946967368
0.3022785795
0.3234750225
0.3938707889
0.4644484458
0.519508675
0.5643605549
0.6168214760999999
0.648456143
0.6512060118
0.6161904509999999
0.5665959287
0.5122772695
0.466326052
0.462799738
0.48249615929999995
0.4991481885
