0.6542253228
0.6444077195599999
0.61499596088
0.5868949283999999
0.5638829405200001
0.5594523314
0.5937142664
0.6105200004
0.62204176932
0.63680146248
0.6513130716400001
0.65822648324
0.6446555877200001
0.62933517924
0.6000005249200001
0.5879344716000001
0.5932731374400001
0.61350034072
0.6402004550000001
0.64731191252
0.6567238305200002
0.65850811992
0.6497565088400001
0.6298873436
0.6170187779999999
0.6026885940400001
0.6044325753199999
0.62732605864
0.64514921468
0.6530475068
0.64582023408
0.6415934330399999
0.6487529408399999
0.6463528248
0.6339325783599998
0.613961009
0.59807723396
0.60208469168
0.607376657
0.6363783308
0.6493820063600001
0.656264432
0.65762180188
0.6543102908799999
0.63851945976
0.6174385596800002
0.6075116177200001
0.61165937912
0.6223309805199999
0.62209628556
0.6294649876799999
0.6149430616399999
0.5990113324799999
0.5966444011600001
0.60011653428
0.596100883
0.5829239380000001
0.5746985402399999
0.5870275764
0.5970923962399999
0.6094522212
0.62185585932
0.63239055188
0.6414682182000001
0.6428841814
0.6408204139600001
0.6314001514800001
0.6105916336400001
0.6037202308000001
0.5982589135200002
0.5962884386400001
0.5945140306000001
0.5864119139200001
0.5869633926400002
0.59753659744
0.6066739706000002
0.62419177228
0.6212235583600001
0.6156020303200002
0.6157811606000001
0.6286133720800001
0.6515727683200001
0.6649749316000002
0.6591824852000002
0.6433776734400002
0.6290944143600001
0.6112331375600002
0.6074275786800002
0.5853264933200001
0.57569000328
0.5697225236800001
0.5768965960400001
0.604297388
0.6164657559200001
0.63814406216
0.6611914115599999
0.6594934560000002
0.66457614344
0.65325717676
0.64088949088
0.6237757185200001
0.62043125208
0.63697687268
0.65136381508
0.65825971044
0.6597731022800001
0.6602041976400002
0.63676645352
0.6314769771200001
0.63476598352
0.6377762180800001
0.64320551644
0.63835670784
0.6541803968000001
0.65808953336
0.6580768102400001
0.6575906215600001
0.6444241747600001
0.63247863044
0.620636154
0.6214211770800001
0.63173974016
0.6266514790400001
0.6297134988
0.6358038295599999
0.65665767164
0.6593919442799999
0.66147885844
0.64869912952
0.6400123305199998
0.63610484768
0.63318043968
0.63720891832
0.63344477312
0.6279763859199999
0.62895999128
0.62811740992
0.62047559764
0.6158378942799999
0.60764521756
0.6023864878
0.60527749976
0.61747899
0.6281086748
0.63306032908
0.6173863740000001
0.6163422952800001
0.623697557
0.63597157212
0.6431373463600001
0.6344854840399999
0.6229695942400001
0.6167545677599999
0.6138961791599999
0.6098636014800001
0.5934105381200001
0.5777878723200002
0.5818917122400001
0.58530016584
0.59456841748
0.5958133707600001
0.6038425435600001
0.6145733378400001
0.6297916092000002
0.64596858292
0.6566541720000002
0.6516177670400001
0.6485081272800001
0.64751241628
0.63906938256
0.6325636642
0.62248231284
0.61000283628
0.6065040824
0.6112910777199999
0.6256635572799998
0.6351306726799999
