0.6905458882666667
0.656963575
0.6028140480666667
0.5473690133333332
0.5281818916000002
0.5150022531333334
0.5723567708666668
0.6132176169333333
0.6437990723333333
0.6637054182000001
0.6701233065333335
0.6746361282666667
0.6396131448666668
0.6030590185333333
0.5741631522666668
0.5654492612666667
0.5786254047333335
0.6078248394666667
0.6408668125333334
0.6490571376000001
0.6671971672
0.6779989031333334
0.6534829323333334
0.6286925448666667
0.5860339468666667
0.5800611362666667
0.5717392714666667
0.6003213477999999
0.6362115576666666
0.6672301782666668
0.6771214183333334
0.6803465267333332
0.6786117976666666
0.6568750294666666
0.6307342773999999
0.5890825105333334
0.5849796150666667
0.6107305964
0.6294157442666667
0.6625747887333334
0.6619255320666667
0.6591592307333333
0.666579173
0.6511207621999999
0.6267582473333333
0.5959257980000001
0.5772807598666668
0.5740299037333334
0.5911747338666667
0.6182998681999999
0.6578834901333332
0.6581256992666665
0.6508142531999999
0.6514800179999999
0.6430167665333334
0.6298186276666667
0.6235435012000001
0.6167891948
0.6168386223333333
0.6110071227333332
0.614922475
0.6130893278666666
0.6056083310666668
0.6115286512000001
0.6021384612000001
0.5731236598
0.5369250740666668
0.5283737369333334
0.5389829047333333
0.5577131414666667
0.5826152338666667
0.6011878292
0.6085818583333334
0.6230701300000001
0.6529463612666667
0.6768092006
0.6855541823333334
0.6701147551333334
0.6632730674
0.6399207319333333
0.6301312203999999
0.6428603222000001
0.6363114842666668
0.6167316494
0.6117474580666666
0.6102920573333334
0.6169825161333333
0.5869966752000001
0.5684183380666668
0.5569667598666665
0.5527785900000001
0.5705461021333333
0.6190125668666667
0.6314199954
0.6329110746666667
0.6372918600666667
0.6290530074666668
0.6436079662666667
0.6203419644666667
0.616535371
0.6152234557333335
0.6067288886
0.6419044711999999
0.6647126100666666
0.6771922345333333
0.6844279528666667
0.6560614683333335
0.6356468373333334
0.6068561353333334
0.6076004871333335
0.6014275642666667
0.6323127070000001
0.6362454985333332
0.678480541
0.6945829384666667
0.7028628876666668
0.7093921048000001
0.6731276760666668
0.6564386973999999
0.6272809436000001
0.5982665376000001
0.6019064415333334
0.5999089069333334
0.6218806645333335
0.6452021084666666
0.6723919419333334
0.6686611710666668
0.6543166413333334
0.6332373023333333
0.6144863071333333
0.6205080775333334
0.6086207058666667
0.6187885465333333
0.6039170048
0.6093302305333332
0.6328966535333334
0.6592900867333334
0.6747824162
0.6693450955333333
0.6644542670666667
0.6662429500666668
0.6687084683333333
0.6611022486666667
0.6580489352
0.6395146634666666
0.6108312279333333
0.5958692244666666
0.5896157712666666
0.5987546570000001
0.5982710884666668
0.5819399688666667
0.5784704302
0.5809835272666667
0.5989198778
0.6028996380666667
0.5893106214
0.5805571318666668
0.5962696110000001
0.6081283364666666
0.6345984979333333
0.6421058081333333
0.6507103939333334
0.6685806997333333
0.6661089036666669
0.6681515736
0.6512830339333334
0.6228924225999999
0.6017901190666667
0.5867014202666667
0.5753614774666665
0.5748762225333334
0.5750363049333332
0.5744087393333334
0.5884547188
0.6029898160666666
0.6188877821333333
0.6262173848666668
0.6339061264666668
0.6549469396666667
0.6515759398666667
0.6545658315333333
0.6550478660666665
0.6431214843999998
0.6434681973999999
0.6624695983333332
0.691856119
0.7028572757999999
