0.6945326905500001
0.6860318127000001
0.6811078437500001
0.67668445525
0.6697165455
0.66411616895
0.71397487715
0.71102804725
0.70589898125
0.69777951295
0.6998834947
0.6998759017499999
0.6964423783000001
0.69220731855
0.6925870158000001
0.6944104361000002
0.7160132857500001
0.7263750015500001
0.7497416206500002
0.7170671359
0.7077783830000001
0.7047007635499999
0.6993081074999999
0.6985009316499998
0.7011459309999999
0.7091351332999999
0.7054563750999999
0.7323374181
0.7315005662
0.7367102186000001
0.71830928295
0.719684912
0.7236695046499999
0.72040069215
0.71192259535
0.7028910881
0.6943365095499999
0.7140439647499999
0.710096983
0.73231821545
0.7217416618000001
0.7117665805000001
0.7078275502999999
0.6981800566499998
0.6955622364999998
0.6956235811999998
0.6986945115999998
0.7021639883999999
0.7234749478499999
0.7214646540999999
0.7251093295499997
0.70911109925
0.7070800905499999
0.7033724629999998
0.6893066061999998
0.6851295858999998
0.6797496165499999
0.6609613220999999
0.6696540422499999
0.6795121638500001
0.6876561561000001
0.6796480475000001
0.6752820865500001
0.6869930676500002
0.6855130398000002
0.6810053952500001
0.6796731836500001
0.67938317985
0.6801723524
0.6973019817
0.71788893045
0.7229173669000001
0.6928584930499999
0.6973593217999998
0.7011444179999999
0.6913250928499999
0.6934425991999997
0.6987804792499999
0.69123467835
0.6922523641499999
0.7008733619499999
0.7252058349499999
0.7129426219499999
0.6967578240499999
0.690922147
0.6926693971999999
0.6941073407499999
0.6988385719499999
0.6976141686999998
0.6786245573999998
0.6676677472
0.6598267377999999
0.6887044290500001
0.6641550999
0.6765950920000001
0.6887963767999999
0.6921041519
0.7086363187
0.7226623207999999
0.7281671886000001
0.73672191935
0.7145631960500001
0.73620664185
0.73006140715
0.7266454404999999
0.6998769822500001
0.6963151655
0.6901865947500001
0.6957545479500001
0.7145162311500001
0.7247098136500001
0.7486302109
0.7253367075500001
0.7534678979
0.7436623833999999
0.7397351766499999
0.7279552346999999
0.71666099425
0.70722595735
0.7015899512
0.6963914733
0.7155152232499999
0.70357169265
0.7153342549999999
0.7138025390999998
0.7440109564499998
0.7379653237999999
0.7268747305999999
0.7084600231999999
0.69708048765
0.69768468045
0.6963790757499999
0.7243309010500001
0.7132052322500001
0.7177865176000002
0.7220590199500001
0.73669215475
0.7289090308499999
0.73023966695
0.7084812715500001
0.6938920105
0.6840580224000001
0.6846156959
0.6787779908
0.68144806855
0.6653476778499999
0.67230478655
0.6872118732000001
0.7016851959500001
0.7076679796500001
0.69539183085
0.6889349169000001
0.6834509224
0.6906367641500001
0.693641845
0.6859538071
0.6782832904999999
0.68897291705
0.68429166665
0.7040023626999999
0.6956042546499999
0.69025231305
0.6972067286499999
0.7012042748
0.699943295
0.69919200855
0.6921452352
0.6820800570000001
0.6856630404500003
0.69406860395
0.7072196109
0.7073747024000002
0.71005395895
0.71414768385
0.70558316435
0.7027487853999999
0.6988539443499999
0.68407251025
0.68758388215
0.6915544741499999
0.72210391105
0.7370901188500001
