0.6985279117666668
0.6913356076333336
0.6843171542666668
0.6779172930666667
0.6745038445333333
0.6774323598333332
0.7119199393333332
0.7176724232
0.7226098450666666
0.7053912280333333
0.7029351337333334
0.7024033776999999
0.7002550654333335
0.7003445105666668
0.7011291503333335
0.7010087990666668
0.7117097526666668
0.7288212214000002
0.7354842670000001
0.7289800169333333
0.7143789733666667
0.7137710071666665
0.7126915948666664
0.7070614509999997
0.7026412110999998
0.7032823059333332
0.6988276942666665
0.7196830348666665
0.7254085128999999
0.7284170297
0.7175072451333334
0.7103304968666666
0.7078451801
0.7043263359666667
0.7031126308000001
0.7018175624666668
0.7001639032333334
0.7126805459666667
0.7179731518000002
0.7319116957333335
0.7259329377333333
0.7167112309666667
0.7178729168999998
0.7103091385666664
0.6947483278999999
0.6872786076666665
0.6816898552333333
0.6720989708666667
0.6841774969333333
0.6902849932
0.6970718272333333
0.6836392538666666
0.6755869013666665
0.6820545862999998
0.6855062604333332
0.6872271005666665
0.6903883526333333
0.6895733560333333
0.6980233980666667
0.7085675399000002
0.7233644501666668
0.7241450885666668
0.7078935454000003
0.7097619820000003
0.6984697822333336
0.684412948766667
0.6781885803000002
0.6698432981
0.6626839839333333
0.6708101332333335
0.6809145155
0.6943690776666667
0.6794952556333331
0.6776448269999998
0.6865832876333332
0.6922536414333332
0.6999601687666664
0.7148248559333332
0.7166634823666665
0.7079758022666666
0.7100388442333332
0.7109308820999999
0.7168417737333334
0.6945366701666665
0.6925244837
0.6896069364666666
0.6864758924666664
0.6893453906666664
0.691010629533333
0.691386937833333
0.6934698414333333
0.6887996304333333
0.7083940215
0.6994462172333332
0.7035839693
0.6979549010333332
0.7018752129666666
0.7090955995999999
0.7196767287666666
0.7228183802666668
0.7259298120333334
0.7265471327333335
0.7251044974666667
0.7323433860666667
0.7276846413
0.7209841227666669
0.7090411551000001
0.7012270055333334
0.6974184886333336
0.7066972003666668
0.7126189921666668
0.7259252874000002
0.7183055305666668
0.7335656539666667
0.7283889340333333
0.7347646208
0.7324493275666666
0.7212545408666665
0.7102085303666665
0.7020939129666666
0.6999049860999998
0.7144243858666665
0.7171873369333333
0.7211059361333333
0.7217786926999998
0.7357721478999999
0.7359591479333333
0.7270419629333332
0.7204085679666667
0.7026738939666667
0.6920737900666667
0.6828771617333333
0.6911581894666669
0.6837723825666668
0.6869127241333336
0.6851729549333335
0.6953490288000002
0.7016217935000001
0.7065146894333334
0.7061459319333334
0.6992385578
0.6967041816333334
0.7037734901
0.7046409422333332
0.7083382299666667
0.6970673816666666
0.6961711257333333
0.7017740872333333
0.7042963302666667
0.7072884773333334
0.6906868395333335
0.6787926532666669
0.6730754078666668
0.6757717442666668
0.6750172423999999
0.6699282806666667
0.6656510824333332
0.6704024775999998
0.6767969384333333
0.6965374868666667
0.7081236247333335
0.7122486349666667
0.7207323321333333
0.7282207376000002
0.7244282938333335
0.7220014533666667
0.7138705642666666
0.6996811785999999
0.6948954544
0.6965461403333333
0.7084948929999999
0.7108961212333333
