0.72550708604
0.7207974288000001
0.6910986206800002
0.66839324036
0.6483053375200001
0.64401934324
0.6799852020799999
0.6989044022400001
0.7098266963199998
0.71932288628
0.7288062843199999
0.7342194465199999
0.7194564082400001
0.7110709725999999
0.6812162
0.6702442250400001
0.6814752353200001
0.7019496715200002
0.7291357366000003
0.73379248912
0.73718904024
0.7363370787199999
0.7320822801599999
0.7122461291199998
0.7019002759999999
0.6873738344399999
0.6845532299599999
0.7090175681599998
0.7214280650399999
0.7306373522
0.73121235904
0.7297879327599999
0.7335376774
0.7253827041600001
0.71300115972
0.6921092056
0.67807787112
0.68711171052
0.6878864854000001
0.7165885696000001
0.7274651988
0.7315320771600001
0.7343669848799999
0.7322253420799999
0.7181552544799998
0.7001531914399998
0.6874770092799999
0.6888117061199999
0.6989255824799998
0.69271446228
0.7046686014
0.6978396964
0.6833711313599998
0.6847853842399998
0.6870728145199998
0.67992126
0.66632710148
0.65610220796
0.66940335312
0.6791444290800002
0.69487618556
0.7058573596800001
0.7116114885200001
0.7178191786800002
0.7195470506400002
0.7179654708400003
0.70685529352
0.6813673098399999
0.67803308164
0.6764582734000001
0.67764121204
0.6853048963600001
0.6767314423199998
0.6750751565199998
0.6894294208799999
0.6925162808399999
0.7026920761999997
0.6976872478399998
0.6910863785599999
0.6882724155999999
0.6988867784399999
0.7174247942799998
0.7304566768399999
0.7263160595199999
0.71403626472
0.7072953523999999
0.6909781368399999
0.6888243091999999
0.6652192796399998
0.6598927616399999
0.65436716912
0.6606543243599999
0.68935370284
0.69531755572
0.71104763736
0.72883374204
0.7195885536799999
0.7276281779199999
0.7221477615999998
0.7157868766800002
0.69808967468
0.6943122587200001
0.71225185508
0.7255134386399998
0.7329115320399999
0.7329276855600001
0.7345964329600001
0.7100228176800001
0.7099022630000001
0.71192302244
0.7120211126800001
0.7151571218800001
0.711718955
0.7297742416800002
0.7310435247199999
0.7349098192400001
0.73831741076
0.7235764770799998
0.71628530896
0.70429515708
0.7039209043599999
0.7130339609199998
0.7047863260799998
0.7082323314799999
0.7092595697599998
0.7311738441199997
0.7346475611599999
0.7373382627199999
0.72386281044
0.7145392516
0.70990047772
0.70560667696
0.7145768136400003
0.7111916569200001
0.7028986352400001
0.6982352863200001
0.7031996409200001
0.6979402384000001
0.69352693572
0.6881816509600002
0.679085868
0.6784656115600001
0.6916984705200001
0.6973130842399999
0.7043519222000001
0.69227854364
0.69542323564
0.70259921616
0.7096042032
0.71178833748
0.7005157790400002
0.6911300487600002
0.6862904264399999
0.6880608044400001
0.69187131132
0.6770714740800001
0.66604776756
0.6725783966399999
0.670298622
0.6813512697199999
0.6833258664399999
0.6849353818
0.6896699593999999
0.7028211239600001
0.7144483505200001
0.72577609008
0.7234791683199999
0.72087288476
0.7195741935200002
0.7101204852399999
0.70640134268
0.69906527072
0.6867876967199998
0.6856184988400001
0.6902014146400001
0.70599155724
0.71309323024
