0.7054389008666669
0.6988341430333335
0.6925217878333334
0.6865965137000001
0.6834616283666667
0.6864556732666665
0.7210075917333332
0.7263920766333332
0.7312927436333332
0.7129972187333333
0.7102335916
0.7099628400666667
0.7083302765
0.7085836433666668
0.7094220229333335
0.7093215929000002
0.7202453475666668
0.7376009759333335
0.7441308400333334
0.7377774697
0.7223610595000001
0.7212930100666667
0.7200778764333333
0.7142315939
0.7098808544666667
0.7111265859666667
0.7070033720666664
0.7282979597333333
0.7335987060333332
0.7367931551666663
0.7255694731666665
0.7181116828333332
0.7152579870333331
0.7118541865999999
0.7104123974666666
0.7090661370333333
0.7073605397
0.7206021979
0.7255229431666667
0.7400498678333333
0.7343618633333334
0.7244449193333333
0.7252616303666667
0.7175556882333335
0.7018945449333334
0.6951011346666667
0.6901173979666666
0.6800153714333333
0.6924019523666666
0.6982605008666667
0.7053911996333333
0.6923608711666667
0.6841183611
0.6906103285333334
0.6938625214666665
0.6952859443
0.6981517832333333
0.6972746766333331
0.7058649057666665
0.7162088393999999
0.7312651655999998
0.7318913724666665
0.7154224069333331
0.7169765375000001
0.7060615486666667
0.6925974251333334
0.6871297833000001
0.6788405863000002
0.6715275845000003
0.6798072393000002
0.6895985607333335
0.7033910334333334
0.6882624312333333
0.6865206461333334
0.6955309832333334
0.7007297313333333
0.7077733920666667
0.7226130590666667
0.7244101789333334
0.7158457036000001
0.7188598737333334
0.7196108194666667
0.7259676840000001
0.7035591785333334
0.7017337801333333
0.6984571359666668
0.6949118359666667
0.6978055050666667
0.6993613472000001
0.6996944778333335
0.7018754544000001
0.6972249659333334
0.7174855874000001
0.7090654669333333
0.7140770596666667
0.7077722441666668
0.7107278745000001
0.7175185382333334
0.7281347055
0.730798995
0.7339006549333333
0.7346479581333333
0.7329303837
0.7406042733666667
0.7361833213666668
0.7303586315999999
0.7183840499333332
0.7111475208666665
0.7071697718999999
0.7163310450666667
0.7212735014333334
0.7344859382666666
0.7263133762999999
0.7421644597333332
0.7365461378333332
0.7428692260999998
0.7406577534333331
0.7293826050999999
0.7191797691
0.7118206912
0.7096514879333334
0.7240577612666667
0.7262323334333334
0.7294685738666667
0.7288277210333334
0.7429484810666668
0.7432084070999999
0.7343712508000001
0.7280712572
0.7105847406333334
0.7003822044666668
0.6916915961333334
0.7006964309333336
0.6926313041333335
0.6959787953000002
0.6931346245333335
0.7032225772
0.7089842937
0.7137500119
0.7133642974333332
0.7066272886999999
0.7046361857
0.7122528815666667
0.7127529893333334
0.7165447522666668
0.7051124246
0.7044405382333335
0.7101544692666669
0.7121336061666669
0.7148825462666668
0.6980873479
0.6869743132000001
0.6821314862
0.6849710771333334
0.6845684628666666
0.6796040083666667
0.6752887990666667
0.6797802204666666
0.6857172106
0.7052403742666667
0.7164774503333333
0.7202002967666666
0.7284282235666668
0.7359534078333334
0.7317929326666667
0.7297963784999999
0.7224538796333333
0.7081795958666665
0.7036672034
0.7051798684333334
0.7166439896666666
0.7182252985
