0.9710937994
0.7491242726
0.6141163272
0.5252783392
0.4622449628
0.43471066379999995
0.6148389452
0.7224143419999999
0.7903960992
0.8317125535999998
0.8698779728
0.8089486060000001
0.6948441706
0.5598730373999999
0.5425990246000001
0.5298812014000001
0.6020092862
0.725530937
0.865156494
0.8781427292
0.8587224876
0.8679995606
0.7363132138
0.6417786406
0.567833019
0.5683472801999999
0.5500841876
0.6619117364
0.7370964718
0.818237481
0.8571944337999999
0.8821649648000001
0.81733806
0.7934557188
0.6394585050000001
0.5773781738
0.5485704352
0.6140435412
0.6541414976000001
0.8102613787999999
0.8644059806
0.870643651
0.8704683672
0.7731562174000001
0.7127317052000001
0.608118001
0.6082952612
0.62039234
0.6857610171999999
0.7107630377999999
0.7913156464
0.7822617326
0.7856337136
0.7579813134
0.7293068232
0.6550046033999999
0.6167340521999999
0.5836719001999999
0.6066293552
0.6599529348
0.758174417
0.817658106
0.8494033252
0.8754682582000001
0.8172833272
0.7291525316
0.6510767129999999
0.6420001359999999
0.606337968
0.5813294414
0.6288416085999999
0.6646785228000001
0.5989908136000001
0.6222338022
0.6909274408
0.6698583908
0.6217561004
0.645010278
0.6750112742
0.6843751614
0.7306841144
0.817007205
0.8645716068
0.8495087767999999
0.8633847308
0.8708799312
0.8191715876
0.692558282
0.6732991456
0.5990691904000001
0.5261679742
0.549088571
0.6299124014
0.6027745402
0.659757471
0.7111593452
0.7486442138000001
0.6985312055999999
0.6962963378
0.675671905
0.6956286321999999
0.6909726746
0.8050945805999999
0.849570999
0.812815763
0.7786392451999999
0.6927806648000001
0.6651380276000001
0.5499052717999999
0.5997036205999999
0.6082676878
0.668813304
0.6955985331999999
0.8243217888000001
0.8511489170000001
0.8913898418
0.8330503673999999
0.810638776
0.7315238639999999
0.6853646814
0.5615487128
0.6301060224
0.6301101064000001
0.7171899716000001
0.760089083
0.8679298098
0.8921647155999999
0.7910022783999999
0.7711137450000001
0.7079778632000001
0.6743764922
0.5933892253999999
0.6743974036
0.6489639902000001
0.6937021052000001
0.7241284642
0.7893919948
0.7561331602000001
0.7598733987999999
0.7209941771999999
0.7378420358
0.7058441950000001
0.7140139059999999
0.686413645
0.7027962372000001
0.6920834128
0.7334504143999999
0.7917371459999999
0.7932566926
0.7874068604
0.7613306715999999
0.7450098974
0.6789436106
0.7088060716
0.6506312006
0.6125321502000001
0.5830638498
0.5889533592
0.5584740266000001
0.6203421912
0.6308910126
0.6625751118000001
0.7241245802
0.7756762368000001
0.798015118
0.8050844492
0.7978736458
0.7757446873999999
0.7538912633999999
0.7400769062
0.7287528512
0.7046703101999999
0.7014234322
0.6826973460000001
0.6928230012000001
0.6499329526000001
0.6286530642000001
0.6235992476
0.6302815184
0.60552236
0.6504306344
0.6748968125999999
0.6648360162
0.7132828724
0.774662669
0.833772802
0.852532836
0.8808413778
0.85989121
0.7796575416
0.7108045815999999
0.676096609
0.6026328139999999
0.5819590102
0.6383367325999999
0.7261701162
0.772502159
