0.8250089481
0.7795156189
0.8019466613999999
0.736415167
0.6397972008
0.5735006021
0.5088966375
0.44313143650000003
0.3899248567000001
0.3476348719
0.32002476459999996
0.3378915789
0.407332171
0.40414487149999995
0.4139116838
0.38998553469999997
0.3903132104
0.3994791495
0.3834023331
0.35655245900000004
0.3304046045
0.2892262855
0.2380319656
0.2502601028
0.28291279110000006
0.29707273170000004
0.2660019923
0.2255985604
0.21764734749999995
0.2071543014
0.19758517269999998
0.20477638590000002
0.22748217260000003
0.24560832010000003
0.2276653309
0.20946617579999996
0.2087563828
0.22144917749999998
0.22925043309999998
0.23854827820000005
0.24208835810000004
0.21983761729999998
0.1922762994
0.18497112329999998
0.1903498162
0.20309236290000002
0.21123818719999998
0.20735291630000002
0.1866430551
0.169671361
0.15957045509999998
0.1680861004
0.1813778326
0.17330764790000003
0.17137596030000002
0.18358823780000003
0.20554186679999997
0.20299369939999998
0.1933959951
0.18206708700000002
0.18302638000000004
0.18823382810000006
0.18880412510000005
0.19324847309999998
0.1845983131
0.1693369906
0.156403363
0.16823099339999997
0.19094086319999998
0.2063706468
0.1873194912
0.157915488
0.13791116659999997
0.1366815474
0.1448838245
0.1560279906
0.1559775304
0.1536186356
0.1498111608
0.1496913435
0.1560173214
0.1602925045
0.1566561054
0.1483727415
0.1458921359
0.1365411104
0.12908099049999996
0.1335575296
0.13563924759999998
0.1417186487
0.1496847897
0.15711567480000002
0.1654677866
0.1556377114
0.1357765694
0.12887274119999997
0.13196749349999998
0.1235761129
0.1192546302
0.1198202528
0.1222787061
0.1291318949
0.12406335859999999
0.122577618
0.13484464940000002
0.14292849010000003
0.14145741480000001
0.14025180939999998
0.132149027
0.1176082118
0.1139619345
0.11386869570000002
0.1237450899
0.1318648261
0.1280792764
0.11583663829999999
0.10948365739999999
0.1046062628
0.10818539770000002
0.11646199250000003
0.11336846360000001
0.1018615803
0.0946390295
0.09515829249999999
0.1001845173
0.10166597420000001
0.0979943505
0.10032848130000001
0.10350010740000001
0.09629071000000002
0.0945735257
0.0953269468
0.0928537964
0.08974091429999999
0.08531487389999999
0.0898727396
0.0987929846
0.095227551
0.0834809346
0.0783533261
0.0788148309
0.0797701825
0.08470180819999999
0.0868859407
0.08369500710000001
0.07867082219999999
0.0754311662
0.0768529808
0.08014910189999999
0.08709617939999999
0.0859482964
0.0839528253
0.077877173
0.07489264009999999
0.07913700459999999
0.08659209509999999
0.0878388366
0.0848320766
0.08404299280000001
0.08297798910000001
0.0806378804
0.0780099638
0.07781653080000002
