0.5976035938666666
0.5518348384666668
0.5987384943333335
0.5859411466000001
0.5638168030666667
0.5406312443333334
0.5242351490666667
0.5064498729333333
0.44085696253333334
0.378791844
0.32034226706666663
0.30383462073333334
0.3311784918666667
0.3512292084666667
0.3798604730666667
0.3879062807333334
0.38622502620000004
0.3700760003333333
0.3437717422
0.3310026242666666
0.3004058843333333
0.25298921506666666
0.20597790500000002
0.22102181233333335
0.23206784313333337
0.24774359333333337
0.25472929546666667
0.2569225308666667
0.2537568298
0.24296322653333335
0.22293280906666665
0.2062988288
0.2042744802
0.21513001293333334
0.20762874273333332
0.21375359006666667
0.22734543886666667
0.23570857320000002
0.24080290019999998
0.2420432076
0.23697826086666668
0.2208894828
0.2026426708
0.18765048726666667
0.17888516133333335
0.18581517646666665
0.20065760100000002
0.21027315539999997
0.20341843573333335
0.19905198959999998
0.20115593126666667
0.20367185359999998
0.20250361453333335
0.18649287239999998
0.1731618188
0.17166023273333333
0.17891310766666668
0.18559442726666667
0.1977662832
0.2057692602
0.20388473453333333
0.1994248892
0.1956300922666667
0.19582803353333336
0.19239377813333336
0.1785661828666667
0.16169561813333333
0.1560733883333333
0.1659649188
0.1766736634
0.1811925062
0.1783777534
0.17399171766666666
0.16650969753333333
0.16331856479999998
0.16142187353333334
0.15399799313333334
0.14518902953333335
0.14075294739999997
0.1402207276
0.14372087586666665
0.15156739353333334
0.1652977094
0.16284860946666668
0.16329153213333333
0.15888777926666664
0.15290262066666666
0.1493211212
0.14272537993333334
0.1375570622
0.13634687613333335
0.13854772773333332
0.1408093458
0.1430581164666667
0.1475306464
0.14859219800000004
0.14924377353333335
0.13830778853333334
0.13015281866666664
0.12410178713333332
0.1222692104
0.12280507286666666
0.12225996366666665
0.12402778919999999
0.1254651913333333
0.1277492518
0.13301663413333334
0.13357428866666668
0.1282701834666667
0.11958559460000001
0.11092875346666667
0.10496438513333332
0.10607341833333334
0.11114852586666667
0.11265072306666665
0.11275414546666665
0.11042305706666666
0.1095374868
0.1119485672
0.11344782233333332
0.11028580926666667
0.10208598266666667
0.09892599500000002
0.09940086266666666
0.09860890219999999
0.10301988566666666
0.10541586846666666
0.10446062893333333
0.10002040113333334
0.09638830160000002
0.09471131846666667
0.095229569
0.09550412766666666
0.09033009353333334
0.08626524613333333
0.0867685528
0.0868050622
0.088391412
0.0899866728
0.0900801306
0.08780089553333334
0.08674501893333333
0.08585015306666666
0.08564876673333331
0.08762204226666667
0.08674336606666665
0.08377871193333332
0.08047487493333332
0.08116690213333332
0.08384198560000002
0.08523444640000001
0.085113468
0.08256831026666665
0.07876072433333334
0.07829370053333333
0.07845622046666666
0.07876189746666666
0.07899442500000001
