0.45608170896666667
0.4302919141999999
0.4461086591333332
0.42544962943333325
0.40599236063333327
0.3797457776666667
0.3475419514333334
0.31379619016666666
0.28577408783333336
0.2581211011666667
0.2352906098666666
0.22665492050000002
0.23895152606666664
0.2464041537333333
0.2560154456666666
0.24710456456666666
0.23750610563333335
0.23118010826666663
0.22478601216666666
0.21604283516666667
0.20494275276666662
0.18532536006666664
0.1664667219333333
0.1739078742333333
0.17896052603333332
0.18267800073333335
0.17691149406666665
0.16854260936666662
0.1596413964
0.15608193399999998
0.15266029676666668
0.15218068249999994
0.15698083296666662
0.15891625529999998
0.15343216746666666
0.1542728202333333
0.1629158462666666
0.16492172956666662
0.15961709529999998
0.15486404893333333
0.1530571266
0.1527771112
0.15070662669999998
0.1493522778
0.14840873566666665
0.15206642473333332
0.15772688586666664
0.15808132996666666
0.15687050216666668
0.15094098103333337
0.14168255423333334
0.13643526756666668
0.13345226666666668
0.1333118174333333
0.1300000237
0.13482512823333334
0.13801638863333335
0.1403713634333333
0.1447047946333333
0.14527385973333334
0.1414774414666667
0.13459645806666662
0.12903526043333333
0.1274925675
0.1268499589333333
0.12406854460000001
0.11772601116666669
0.1227357349
0.12886191400000005
0.1333877845666667
0.1330440127
0.12945263366666668
0.12444985763333331
0.11585882343333331
0.11325643293333333
0.11021692853333334
0.10743993110000001
0.10564756226666668
0.10363662400000001
0.10606794226666666
0.11138466723333333
0.1169184844
0.11805668766666665
0.1125913980333333
0.11154684786666665
0.10711795436666666
0.10507535129999997
0.10388389966666664
0.10139660553333331
0.09959562879999999
0.10134669973333331
0.10756594516666663
0.11066365259999998
0.10914539893333332
0.10695227813333333
0.1033618744333333
0.10067274889999997
0.09667538146666667
0.09409143396666667
0.09234873323333333
0.09092346566666668
0.08766445106666666
0.08578836426666667
0.09048335076666668
0.09224156673333335
0.09085780163333333
0.08970253623333337
0.08921526536666669
0.08700998756666668
0.08310184803333334
0.0806448976
0.07720688609999998
0.0760346029
0.07609892406666667
0.07538583413333333
0.07564063203333332
0.07538126643333333
0.07253397056666669
0.07043629126666667
0.06946085053333333
0.06907671396666668
0.06488353206666667
0.0636335378
0.06357776576666667
0.061652470400000006
0.06071705466666667
0.062499374166666684
0.06279200463333334
0.06054481493333334
0.0597366624
0.058346750800000007
0.0595438681
0.060911316099999994
0.05905984756666667
0.0577587653
0.0603398614
0.06069427460000001
0.058816084833333344
0.05784597040000001
0.05861936443333334
0.056579774266666674
0.05617929600000001
0.05689387280000001
