0.46064226916666673
0.4355095190333333
0.4551188938666667
0.43506105133333334
0.4163799056
0.39086650373333337
0.35831986126666665
0.3238217864
0.2970621836
0.26951802153333326
0.24664928446666665
0.24145503956666664
0.2555207346333333
0.2625561876
0.2734022461666666
0.26546128616666664
0.2579398478
0.25388439749999997
0.24743192313333331
0.23919182809999998
0.2275754203
0.2085438833
0.1911442384666667
0.20033301586666669
0.20576891346666668
0.21080976126666667
0.20613149769999997
0.19756209653333334
0.1912242385
0.18625651893333334
0.1810994173
0.1791325783
0.1817986215
0.18198813556666665
0.1768543626333333
0.1778813717666666
0.18799356513333326
0.1925754979666666
0.18810099276666659
0.18520926646666658
0.18409324396666657
0.1812382310333333
0.17756409303333334
0.1766230454
0.1754506501666667
0.17748389560000002
0.1812264593
0.18265241310000005
0.1787192412666667
0.17422522820000005
0.16700270260000002
0.16339178173333335
0.15897687803333332
0.15892140116666667
0.15427015506666664
0.15850711449999996
0.16031723053333333
0.16236374083333335
0.16498796366666665
0.16490877066666665
0.1617927377333333
0.15849421749999998
0.15413258759999993
0.15339191469999996
0.1515997622
0.14837278980000004
0.14067753846666667
0.14339988123333333
0.14795196400000002
0.15194150803333334
0.1518438524
0.14725551893333338
0.14347268993333334
0.13920075219999997
0.1370902519666667
0.13584334899999997
0.13374302579999997
0.1298736256333333
0.1291799595333333
0.12936329583333334
0.13291364836666666
0.13603793309999998
0.1376285923333333
0.13077192756666667
0.13185505346666665
0.13018563503333333
0.1284162069
0.12636131016666666
0.12306056873333333
0.12045008129999998
0.12139358276666665
0.12365091886666665
0.12438246559999996
0.1235960077333333
0.12090023029999998
0.1174475959
0.11854027850000001
0.11523739639999998
0.11263832083333332
0.10995235026666667
0.10718022473333334
0.10563647036666667
0.10261544053333335
0.10301022450000002
0.10455534056666668
0.10330501553333336
0.1019347582666667
0.10212224346666668
0.1019568348
0.0999015136
0.09879670923333332
0.0964330514
0.09549281899999996
0.09497395166666664
0.09017543289999998
0.08801035873333334
0.08730799553333334
0.08541749513333334
0.08472727433333334
0.08556875080000001
0.08522179573333337
0.08341985513333333
0.08296877923333335
0.08259144243333333
0.08217897563333333
0.0819702876
0.08088731986666667
0.08082009133333333
0.07907347273333333
0.07842377336666666
0.07820381216666665
0.07852727933333334
0.07928800996666667
0.07868264973333332
0.07670699060000001
0.07738322610000001
0.07685169306666667
0.07518767553333333
0.07319811673333333
0.07255665653333332
0.07114509999999999
0.07167738893333332
0.07213369776666666
