0.6092918016
0.564818176
0.6019217235333333
0.5839667646
0.5603227962
0.5363977416
0.5193843808666666
0.4996851224
0.4363564988666667
0.37390637479999994
0.3192761926666666
0.30534990366666664
0.3336100489333333
0.34862487533333325
0.3714929683333333
0.3743337432
0.37293747953333334
0.3629521418
0.34324666293333334
0.33075832093333335
0.3039748374
0.2574235126
0.21245430853333336
0.22429319266666667
0.23365471340000005
0.24606683520000003
0.2492462632
0.24828749053333338
0.25138398759999997
0.24483356886666666
0.22334921826666665
0.20377691080000002
0.20139911646666667
0.21028674619999999
0.20407837146666666
0.20941058613333327
0.21847001319999998
0.22607264986666664
0.22959983813333332
0.23363057873333337
0.22702067840000004
0.2080847783333333
0.18797961226666665
0.17097656953333332
0.16541572486666664
0.17614677233333334
0.1913564916
0.1993584199333334
0.19230464800000002
0.18884903346666668
0.18802059820000003
0.198554278
0.1951245456
0.17659315073333334
0.15989390540000004
0.1627694504
0.17602025219999998
0.18699255913333332
0.19670826
0.19880033486666668
0.1945316218666667
0.19076578640000003
0.18635998613333335
0.1883486276
0.18322369639999997
0.16525695266666668
0.144269333
0.1436042039333333
0.15889862819999998
0.1740114932
0.1765326956
0.16926158793333332
0.16290299313333334
0.15939041940000004
0.15995238333333336
0.1563771732
0.146862094
0.13588761193333332
0.1305198804
0.13369248593333333
0.14268044173333333
0.1500385896
0.1600005684666667
0.15869555286666664
0.1578422661333333
0.1521483726
0.14762085693333332
0.14378704593333333
0.13440424746666665
0.12441596986666667
0.12458405493333331
0.13115524893333333
0.13794724013333332
0.13928347866666665
0.14046101073333336
0.14264010306666666
0.1476547932
0.1374575986
0.1256964944
0.11983330366666665
0.1200798552
0.12071640893333332
0.12113658866666667
0.12362435573333334
0.12834877233333333
0.13269956526666668
0.13558892800000003
0.13757024993333333
0.13410329166666665
0.1253393194
0.11578514333333333
0.10761758393333333
0.10816519146666664
0.11402954219999997
0.11609366773333332
0.11299288093333332
0.10919170499999999
0.10716173000000001
0.10944280200000002
0.11372352306666668
0.10758783646666668
0.09703468713333335
0.09255411906666668
0.09511972973333334
0.09490129013333333
0.09881747253333334
0.09975389793333335
0.09932675240000002
0.09714647973333336
0.09295877733333335
0.09192402046666667
0.09498895666666667
0.09294646673333333
0.08733482446666666
0.08034716266666667
0.083583377
0.0876044526
0.08890897033333332
0.08607036859999999
0.08456164206666666
0.08132221813333333
0.08172510293333334
0.08227925633333334
0.08094028286666664
0.08153469966666665
0.0809670815333333
0.07771101306666667
0.07734205166666666
0.08034483893333332
0.08508409439999998
0.08650706093333334
0.08710420566666666
0.08236610193333332
0.07904498426666666
0.08105668766666665
0.08227845366666667
0.07943021146666666
0.07798441833333333
