0.52156929484
0.49501618976000006
0.52094469392
0.503740992
0.47881466132000006
0.45400048676000004
0.42732114272000005
0.39502385968
0.36191794044
0.33750894132
0.31039480827999993
0.28961073911999996
0.29040545351999997
0.2962338641999999
0.3057575015599999
0.303634315
0.30567304207999996
0.30876415411999997
0.30419132579999997
0.28952112492
0.26617137275999997
0.23795666068000002
0.21605225612000006
0.22627608884000006
0.23561213932000005
0.24447544436000002
0.23748280484000006
0.22588301408000006
0.22481884187999998
0.2230400678
0.21524647611999995
0.20676142136000003
0.20378063639999996
0.20082926975999996
0.19031556727999996
0.18947453371999995
0.19831644807999996
0.20819472295999997
0.20708296203999996
0.20872873136
0.20964770215999998
0.20706761371999996
0.19398524712
0.17994433976
0.17207626972000004
0.17889861540000002
0.1901074262
0.19513670200000002
0.19268217804
0.18714874531999995
0.18054715516000003
0.18169391199999999
0.18436712472
0.18233223572
0.17848460196000002
0.17258946672
0.16877834652
0.16736000212000002
0.17269757496000002
0.17723373072
0.17913016936
0.17685048400000003
0.17326344592
0.17293364088000002
0.16981075524
0.16156110016000003
0.15067860160000004
0.14882496452000005
0.15468827352000003
0.16276375028000004
0.16053606152000005
0.15318934896000003
0.15116480772000002
0.14988995068000005
0.15265888948000003
0.1537002198
0.15096352632
0.1477196818
0.1405670128
0.13452611931999997
0.13715736152
0.14281015116
0.14543078624000003
0.14291918380000002
0.1426334608
0.140200506
0.14022527212
0.13589757100000002
0.12967359568
0.12858744168000003
0.13192182900000002
0.13527611528000003
0.13886906784
0.136429698
0.13131989116000004
0.13116883564
0.13414035419999998
0.13197259511999998
0.12816382707999996
0.12313169275999998
0.11838256844
0.11622330832000001
0.11452445832000002
0.11744877252000002
0.12359406040000001
0.12496712460000003
0.12209798892000003
0.12039776176000001
0.118525292
0.11527739856000001
0.11013747568000001
0.10376829056
0.10503050739999999
0.10981776827999999
0.10817248464000001
0.10562513884
0.10364580171999999
0.10143855656000002
0.10156204692000002
0.10236006340000003
0.10050179772000004
0.09773800612000003
0.09362349184000002
0.09046421168000002
0.08828210452
0.09081641588000001
0.09176041176000002
0.09347677472000003
0.09304226412000002
0.08925326924000002
0.08662274116
0.08716584047999999
0.08650907236000002
0.08446053544
0.08304676936
0.08452934476
0.08614380168
0.08449625139999999
0.08159927719999999
0.08239178707999999
0.08343016891999998
0.08417059639999999
0.08330038444
0.08218136683999998
0.08211201543999999
0.08083540107999998
0.07783059335999998
0.07753184331999999
