0.5444804751
0.5307346479999999
0.5873688657499998
0.5492062040499999
0.5060774091999999
0.45556222584999995
0.4184448926
0.3866065476499999
0.35142491514999996
0.312638194
0.2822975837499999
0.26828663585
0.27295149134999996
0.27620712244999995
0.30067560619999995
0.2944648999
0.28083619915
0.26331413355
0.24918700245000003
0.23032628240000003
0.21028041939999995
0.18639896819999996
0.16726992069999996
0.18236734824999995
0.18625869404999998
0.19024838759999999
0.17829099384999997
0.16754376645
0.1652282324
0.16828142809999996
0.1677720408
0.16328481679999995
0.16790595995
0.17189357125
0.16552965730000002
0.15996056045
0.16249920655
0.16872617645000001
0.16222587800000005
0.15957944325
0.1583521141
0.15657527885
0.1499954517
0.1449752748
0.14680068890000003
0.15521728340000002
0.1689508101
0.1639265655
0.15143362715000003
0.13855810305
0.13245198015
0.13757659490000002
0.14362977785000003
0.14553395360000002
0.1404310085
0.1443310236
0.14951408155
0.15185184734999999
0.16107189105
0.16056999865
0.151305427
0.13966669439999996
0.13261311049999996
0.13348691445
0.13038144164999999
0.13078902245000001
0.12515002010000004
0.13190062725
0.13985742700000003
0.14519415945000003
0.1409825864
0.12930429915
0.11748840229999999
0.11218570934999998
0.1144625238
0.11322046320000001
0.10894949805000002
0.11090817290000002
0.10942074490000002
0.11222830835
0.11949416785
0.12710264405
0.13012616429999996
0.11935446259999997
0.11531562235
0.10741872405000001
0.10364939524999998
0.0997661456
0.0994696351
0.10176112244999999
0.10616626565000001
0.11314973389999998
0.11614525135
0.11113516025
0.10742677505000002
0.10536313709999998
0.10617403029999999
0.10362287440000002
0.0986594643
0.09450592580000002
0.09343661695000002
0.09647426640000001
0.09680909475000002
0.10211557260000001
0.10500629160000001
0.10293788205000001
0.09879872475000001
0.09744990170000002
0.09510295985000002
0.0916494948
0.08880236550000001
0.08322159404999999
0.08172367919999998
0.0861923917
0.08635770065
0.08302849494999999
0.08059017264999999
0.07776319414999999
0.07788970814999999
0.07702045129999999
0.07511356245
0.0676111453
0.06420167680000001
0.061565447950000005
0.06007710905000001
0.0637812735
0.0682368066
0.06741075805
0.06317675025
0.06017410175
0.0606664894
0.06230288789999999
0.06357685504999998
0.061757195099999995
0.059122647099999995
0.057726761599999996
0.057993981650000005
0.05781501060000001
0.05540520089999999
0.05660171635
0.0553551453
0.05672706705
0.059038749
0.060633776949999996
0.059917097399999994
0.06007733899999999
0.058559684899999985
0.05718636554999999
0.059004226849999994
0.06075822215
0.0563681529
0.054554791199999994
0.0540921793
