0.5798763082666667
0.5322358394666666
0.5834895225333331
0.5632615411999998
0.5376820747333332
0.5129693473333333
0.49604599520000003
0.47617583406666664
0.4083122366
0.34622829666666666
0.2846542809999999
0.2666584116666667
0.29417605399999996
0.3099061600666666
0.3343085946
0.3322871096666667
0.3283479889333334
0.30872779573333337
0.2876377176666667
0.2743026465333333
0.24652220799999996
0.19903790766666668
0.15141654626666667
0.16323593906666664
0.17001390566666663
0.1859269387333333
0.1866514293333333
0.18372699813333335
0.18290214740000002
0.1777222967333333
0.16192201946666665
0.14666422233333332
0.1536324208
0.1619343066666667
0.1577830238
0.16336329753333334
0.17161281246666665
0.1815168976
0.18457980940000004
0.18790714640000003
0.17942906273333334
0.16717155879999998
0.1533582206
0.1363806454
0.13444157126666667
0.14339857406666665
0.15769714266666665
0.16032924513333333
0.15589820393333337
0.1490813111333333
0.14518234293333335
0.15421888006666667
0.14832656153333337
0.1346543812
0.12182095146666666
0.12668519046666668
0.1383826636
0.14805503279999999
0.1623239102
0.16237590006666666
0.1607342754
0.15775662906666663
0.1558334148
0.1578428004
0.15280065093333334
0.13818276553333333
0.11865165506666668
0.1185779718
0.13196925366666667
0.13817909593333336
0.14296506599999997
0.13765011366666666
0.13268769406666667
0.12708567906666665
0.1281718194
0.12222060753333334
0.11143628706666668
0.10223710606666668
0.0971423346
0.10089926693333334
0.10995432366666667
0.11680036726666668
0.126893498
0.12575457433333334
0.12859647319999998
0.1231229594
0.12125515366666666
0.1162120212
0.1046319678
0.09834104646666667
0.09821324953333334
0.10344357513333333
0.10905801846666666
0.1101309134
0.1112366176
0.11281501080000002
0.11703660153333333
0.10921987733333334
0.09942822173333332
0.09449722253333334
0.09111294933333335
0.08889554893333335
0.09155577813333335
0.09816124326666668
0.10085021113333335
0.10448014993333335
0.11168831520000001
0.11226928673333335
0.10815988446666669
0.10266793866666667
0.09390873806666669
0.08430889626666667
0.0841308856
0.0887546462
0.09020024393333333
0.09073398199999999
0.0864333532
0.0800209504
0.08280545826666666
0.08363292233333333
0.07723545333333333
0.06771675726666665
0.06616124400000001
0.06586009066666668
0.0635357574
0.06738105713333334
0.07010487593333335
0.0679383202
0.06344320193333333
0.06057142433333332
0.06054728206666666
0.06432917966666665
0.06504699073333332
0.058067124266666666
0.05528877873333333
0.0609179746
0.06205030686666666
0.0611058316
0.06129544086666667
0.059769183399999995
0.0540530522
0.0548938724
0.05764568906666667
0.05764642793333333
0.058901900466666664
0.056146219533333326
0.05475855653333332
0.05677564146666666
0.06005257086666666
0.06022875186666665
0.0597617482
0.059338242333333326
0.05652633806666667
0.05439649993333333
0.05746954546666667
0.05910649633333333
0.05746471959999999
0.056142056533333325
