0.5754219675333334
0.5284750166
0.5789368078666667
0.5609463225999999
0.5352575502
0.5091493017999998
0.4918682667999999
0.47149650239999996
0.40461470346666667
0.34786104726666667
0.2834279873333333
0.2671708454
0.2967022914666667
0.3142481678666667
0.3455360924666666
0.3458625708
0.34254402146666674
0.3313009798666667
0.3091757800666667
0.29750226099999993
0.2725837056666666
0.22477145573333335
0.1761470704
0.18950966373333336
0.19117499580000002
0.20987058160000002
0.21573923373333334
0.2143391778
0.2108642073333333
0.20126839986666664
0.18506000153333332
0.17333567413333334
0.17646781513333334
0.1856880662
0.18088139520000002
0.1825671349333333
0.19231631086666665
0.2061414065333333
0.21115636799999996
0.2203628311333333
0.21174894093333327
0.19652376166666666
0.18078501526666668
0.17158426966666665
0.171244638
0.17713883306666667
0.18492948246666663
0.18712942786666667
0.17828820493333333
0.1728273300666667
0.1731956086
0.18367081940000002
0.17900958940000003
0.16504561753333336
0.1500557018
0.15643754699999998
0.16595270040000001
0.17434317079999997
0.18166182113333335
0.17965666233333336
0.17782895813333333
0.17752343613333335
0.17817539833333332
0.1791502776
0.17562312633333332
0.1608097966
0.14311274406666666
0.13894416666666665
0.15279718479999999
0.1584846083333333
0.16057668199999997
0.15468176066666667
0.15038431086666668
0.1483141062
0.150160879
0.14575651733333336
0.13946499886666666
0.13008977686666665
0.12763355179999997
0.12757639806666665
0.13593578299999998
0.13824233286666665
0.14785559579999996
0.14310674320000003
0.14539840773333335
0.1431110228
0.13982927720000002
0.136561069
0.1300873982
0.12401962493333335
0.1259301806666667
0.12802105273333333
0.1296574744
0.13072636726666667
0.1311501936
0.12989151373333332
0.13383353333333334
0.12740158886666667
0.11843711193333332
0.11831169919999998
0.11726024726666666
0.11700313659999999
0.11616155133333332
0.11603373926666664
0.11688053766666665
0.11685698486666668
0.119280785
0.1191074568
0.1164656482
0.11065026700000001
0.10500367806666665
0.10324702366666666
0.1030732039333333
0.10683952973333331
0.10159300133333331
0.0971002022
0.09426980413333334
0.08906932973333334
0.08998670973333334
0.09223014346666668
0.08975304620000002
0.08458873153333334
0.08513703013333335
0.08744802139999998
0.08915276019999999
0.0925897404
0.08961907913333335
0.08791243406666667
0.08310837360000002
0.07875786446666667
0.07892051526666667
0.08034618693333333
0.08176566053333335
0.07946783893333335
0.07890735813333334
0.08069054526666669
0.08225097873333335
0.08080052833333333
0.07773486346666666
0.07520519106666665
0.0713508348
0.0721555606
0.0737277486
0.07503857186666667
0.07808968226666667
0.07748710906666667
0.07670837173333332
0.0768103594
0.07789746053333334
0.07450662306666667
0.07407590693333335
0.0714524074
0.06957482273333333
0.06866137
0.069908122
0.0709393652
0.07119921726666667
0.07053964693333334
