0.5403413321
0.5263270149499999
0.5838538069499999
0.5463972582999999
0.5073028901999999
0.4545064207499999
0.4180633679
0.38734612155
0.3526167886
0.318475535
0.29054861774999996
0.27815322985
0.2876275077
0.29272468360000004
0.31883928799999994
0.31321263569999996
0.29854934429999996
0.28176150385
0.26781976415
0.24924097439999993
0.2300473806
0.21096659310000004
0.1944781281
0.2073039165
0.20853104944999998
0.2167726284
0.20777685139999996
0.19745165045000002
0.19630460735
0.19534826504999997
0.19074105879999997
0.18587856135
0.18789182385
0.1943052051
0.19138640199999998
0.18442130704999996
0.18978082254999998
0.19795658674999997
0.19385987094999996
0.19358328109999995
0.19222381699999996
0.18466953795000002
0.17704433800000002
0.17187260555
0.17401746270000001
0.18184276410000003
0.19362992029999998
0.18979815455000001
0.1788233686
0.16826713195000004
0.1648241161
0.17000811470000002
0.17410790995
0.1717389608
0.1630536545
0.16678382989999999
0.1704192938
0.17508712529999998
0.1775471115
0.17730132895
0.16959598674999998
0.1622673665
0.15365920865
0.1597051035
0.15751009065
0.15535992115
0.14826632064999998
0.15263895104999997
0.1591903273
0.1631325374
0.15877305765
0.15055351765000002
0.14189707985000005
0.13702590950000001
0.13824113075000002
0.1381761054
0.13280653905
0.13091935674999997
0.13267245269999997
0.13484155169999998
0.14208584079999997
0.14580372049999996
0.15085162779999994
0.14215798735000001
0.13728379985
0.13278818165
0.13055798670000002
0.12635195250000003
0.12383510530000001
0.12398311670000002
0.1262773527
0.1285829399
0.12890321575
0.12577512279999997
0.12789302754999998
0.128079189
0.1298743233
0.12708109445
0.12185323439999998
0.11589539729999998
0.11309765319999998
0.11514661754999997
0.11326174334999999
0.1136187928
0.11395609825
0.11058247575000002
0.11000241810000003
0.1089650129
0.10785999465
0.10572513335
0.10348570534999998
0.10020152639999999
0.09833190009999998
0.10051543275
0.09633423049999999
0.0924672524
0.09083581375000002
0.08999335245000002
0.09217950440000001
0.09316026515000002
0.09238204240000002
0.08775613870000001
0.08556874585000002
0.0828420387
0.08180583145
0.08392333325
0.08302589885000002
0.08235124255000001
0.07998666465000001
0.07931999810000001
0.0801600097
0.0818216947
0.08379175140000002
0.08299061970000002
0.08039155085000002
0.07858038385000002
0.07843126050000002
0.0770117847
0.07353495154999999
0.07350852299999998
0.07259635974999999
0.0733428683
0.07402468655
0.07607847985
0.07613156705
0.07652655345
0.07515136004999999
0.07464862305
0.07488576799999999
0.07364212375
0.07126699880000001
0.0701424394
0.06931612365
