0.18293680926666658
0.1470327163999999
0.11855959943333334
0.0877654754666667
0.08068910983333337
0.07874088910000006
0.0676862582
0.048044035766666666
0.021198993300000003
0.016210023600000005
0.024489166466666667
0.0269675782
0.0277629456
0.02168934826666667
0.014893664633333331
0.016661552799999996
0.023378921633333327
0.02572542043333333
0.023717418833333333
0.023248731766666666
0.021515351199999998
0.022973671933333332
0.018792462833333336
0.019561523700000003
0.017333219633333334
0.010081102666666664
0.013486037533333332
0.015190483499999996
0.016470554399999997
0.012298287866666662
0.008344201033333328
0.009587721033333328
0.004801470466666662
0.0035488445000000004
0.003684216799999998
0.008632160099999998
0.017962723166666663
0.01892872596666666
0.020304625199999992
0.020105947766666656
0.01777948566666666
0.01956433489999999
0.016548116733333326
0.014449340433333327
0.009515946899999994
0.0035911762333333337
-0.0009757553333333324
-0.0026428568333333327
-0.005184970600000002
-0.004499544366666666
-0.002885408966666667
-0.003771188033333333
-0.0003754324666666714
-0.006261079133333337
0.00014801416666666473
0.007206403499999999
0.012336339800000004
0.02149723523333334
0.03411262646666667
0.047538910899999995
0.044334872766666665
0.045206711633333334
0.045867855833333325
0.047436520733333334
0.05118867246666666
0.05001329526666667
0.04033298153333333
0.03917935546666666
0.039246120566666653
0.04285900553333333
0.0475114773
0.048512083266666665
0.05274508986666667
0.05437570006666667
0.057972360933333335
0.07014170243333333
0.0770262996
0.07634110016666668
0.0811028608
0.08043364036666668
0.08176616480000003
0.08540801446666668
0.0889505286666667
0.0916398561666667
0.08347828480000002
0.0754204902666667
0.07385876726666668
0.07436504246666667
0.08396822593333333
0.07311310939999999
0.07824997206666666
0.07729538136666665
0.08178815663333333
0.08495242636666665
0.08301643043333333
0.084309497
0.0850866152
0.08700131173333332
0.0958413663
0.10311904593333332
0.10564726633333334
0.1085878784
0.10663089286666666
0.10370594143333335
0.10217365543333332
0.09686180436666668
0.09475326956666667
0.10261593766666667
0.0972168637
0.10029064553333336
0.10346410680000001
0.10393598700000002
0.10377075633333335
0.10773907520000002
0.10929473186666669
0.11004666116666668
0.10440324480000002
0.09455413936666668
0.07258407746666666
0.07058380846666665
0.07034435413333333
0.07476683336666666
0.07959357423333334
0.07976438293333331
0.08311712316666667
0.08051555963333333
0.08093645226666667
0.07924378623333332
0.07090443960000002
0.06641000386666666
0.06424795226666667
0.06347846066666667
0.062269170133333336
0.06447534766666667
0.06351148116666668
0.058452605966666675
0.05694339353333333
0.060484534099999994
0.06951551313333333
0.06814057706666667
0.06433301636666665
0.061696992633333315
0.05819390466666665
0.06000654969999999
0.05870100249999999
0.05805284876666665
0.05801862453333332
0.057917949299999986
0.05630155163333332
0.05484220529999999
0.052805242999999995
0.04974907736666667
0.04305347533333335
0.039147623333333346
0.03750742476666667
0.0361249011
0.036908802733333336
0.044055485900000003
0.056308156766666666
0.06116238253333332
0.0682351021
0.0776420891
0.08216746529999999
0.07941393266666666
0.08479472443333333
0.08940975249999998
0.09349251893333332
0.09097084123333334
0.08487389166666667
0.0838804304
0.08722468200000001
0.10141384833333335
