0.47463695130000005
0.35957292339999997
0.2640924315
0.18920100619999997
0.20233291639999998
0.2129422619
0.1681869374
0.10091847400000001
0.0277946772
0.01857325720000001
0.037687131500000005
0.04753002139999999
0.0413138889
0.022738502700000003
0.0019257794999999966
0.020588692799999996
0.0264819439
0.029737289099999998
0.0219426123
0.0303692365
0.036486344999999996
0.0339952044
0.0502724779
0.0513569175
0.037808633599999995
0.0026917126000000013
0.008389893300000001
0.013476344199999999
0.013859690400000003
-0.00031242289999999925
-0.0007059770999999993
-0.0006224911999999999
-0.008297530000000001
-0.009027375399999999
0.004946580799999998
0.026704253
0.0352649277
0.033962628
0.03534995379999999
0.03968938169999999
0.028765685699999995
0.03554830259999999
0.014402440599999997
0.016355028999999993
0.009244444500000002
0.0008473424000000007
-0.0031967083999999966
-0.0018675216999999998
0.00020201900000000103
-0.0024820951999999993
-0.003027105500000001
-0.006162648299999999
0.008299500799999998
0.003318879900000002
-0.0031383749
-0.0016551150999999987
0.0218199502
0.0246910716
0.025361902799999995
0.023110556799999998
0.0275998768
0.029307350399999994
0.02694240879999999
0.02367411239999999
0.022441771099999987
0.011581301399999999
-0.0215505078
-0.030752120400000006
-0.0411188336
-0.0341270947
-0.0332289982
-0.0344582662
-0.036368207
-0.04577622969999999
-0.018859353699999994
0.011693024199999996
0.036739577
0.07055275450000001
0.11809481019999998
0.1536332706
0.1386337397
0.1407710507
0.1470293657
0.16441167950000002
0.14998360000000002
0.12676556020000002
0.10580987539999995
0.07773743229999999
0.040762385100000006
0.009070840699999999
0.037129690400000005
0.0392234653
0.0475741109
0.0444916504
0.0427928365
0.07196652290000001
0.0885294464
0.0807331137
0.0844513871
0.07859680980000001
0.0695350643
0.0762295274
0.0722481094
0.06601623859999999
0.057658417899999995
0.0275293877
0.02723698
0.0646245814
0.1266909056
0.13167167770000002
0.1280851615
0.11643315140000002
0.1255422496
0.14434939010000003
0.14859803690000004
0.15343258040000002
0.1394934192
0.11564624009999999
0.07638180619999999
0.09908865029999998
0.11932157319999999
0.13310095639999997
0.1221023196
0.10075219559999997
0.1002645115
0.10962344499999999
0.11752940949999999
0.1275769915
0.08857787930000002
0.07011160860000001
0.0629855857
0.06227385319999999
0.0636676998
0.0781156399
0.0790216472
0.06708395810000001
0.0561869057
0.04043918649999999
0.052792546900000015
0.0425511665
0.02872590349999999
0.028925690499999997
0.053010703299999996
0.06042531329999999
0.07006521079999999
0.06483927579999998
0.06909304159999999
0.06971518069999999
0.07134289259999999
0.08656723649999999
0.10103236759999998
0.09923583829999999
0.0701291073
0.054885089799999995
0.0414475855
0.043434584
0.0455502333
0.0712992351
0.0844110999
0.07530332819999999
0.063240778
0.056929449099999994
0.0514419034
0.06470924599999998
0.0645902112
0.06588468649999998
0.0594125987
0.0327394321
0.013150662399999999
0.0026560511999999975
-0.0058574166
-0.006918055300000001
0.007589415299999997
-0.0021514658
0.006484477600000002
-0.0009445672000000009
0.005763576200000002
0.0281277905
0.071362708
0.10552776820000001
0.1473219449
0.1829148735
0.1874710772
0.17568401780000004
0.1833094845
0.20328913820000002
0.21530138190000003
0.21204530110000003
0.17010830460000007
0.14345747180000004
0.12020951769999999
0.1282447268
