0.4775719334
0.44681721656000006
0.42007160664000004
0.39312441172
0.40092815779999996
0.40814962200000005
0.39434911816
0.38285901316
0.36724131644
0.37153285952
0.37317045456
0.38023009515999995
0.3790824186
0.36824915652
0.3611956774000001
0.36449416476
0.36548003451999994
0.37278068116
0.37489160572
0.38094114908000004
0.38486596216
0.39070713388
0.3909291954399999
0.3890315600399999
0.3892310257599999
0.3773721946
0.38474833388
0.37238821632
0.37401731204
0.37456932592000003
0.3744207170399999
0.3813998303999999
0.3793896477999999
0.37380689311999993
0.37400112067999997
0.3816988478399999
0.3827920944
0.38397306988
0.38922180156
0.3855490142400001
0.38175116572
0.3956464374
0.38872984204000005
0.38898008191999994
0.37959828332
0.37401424463999994
0.37150347739999995
0.37405829492
0.37335504032000005
0.37103272179999996
0.37064662872
0.36420473884
0.37642585872
0.3713471970399999
0.3637501994399999
0.36290926588000005
0.35795034392
0.35492801196
0.3517207957199999
0.35867515876
0.36747760512
0.3711935219200001
0.37694713616000003
0.38496322459999993
0.39738067063999993
0.38128167119999995
0.37123047176
0.37714660967999997
0.3763246157599999
0.38342106508
0.38065072036
0.37297221176
0.36935420024000004
0.3682730162
0.37153776328000004
0.37099474983999997
0.37097636443999993
0.3706126063600001
0.3753275252000001
0.3781218854400001
0.3835972066800001
0.3913707134400001
0.38746800448
0.3898876923600001
0.3825259222000001
0.3761198694400001
0.3723006884400001
0.36589719804000004
0.35336915560000004
0.34537536591999995
0.35880510027999996
0.36748930123999995
0.37186096788
0.3859513532400001
0.37913163076000006
0.38179224076000007
0.38497721252
0.39187262548
0.39904275324000005
0.39408766236
0.39876827308
0.4024145319200001
0.40576002064000005
0.41484865500000007
0.4252819486800001
0.4235194250000001
0.4225624452000001
0.42830255824000013
0.4280820168800002
0.42627660116000016
0.43110239400000006
0.42988728032000006
0.43006538743999995
0.42240043611999994
0.42446329364
0.43340457191999987
0.43063465939999995
0.42688759883999994
0.41110013128
0.41200136068
0.41193059039999996
0.41523567172
0.4109408667200001
0.40770768764000004
0.40948683204000014
0.40629796392
0.41037744816
0.41402018384
0.40601968704
0.39723780935999997
0.38427273444
0.38319690188000005
0.38200754408000004
0.38368559684
0.38688689251999997
0.3811764704
0.38058527867999997
0.38189495139999996
0.39508263396000004
0.39189817324000004
0.3851257209200001
0.38170206308
0.37422646704
0.37721503812
0.38298964676000014
0.3843991690800001
0.38776530880000004
0.38273427524000003
0.38547230712
0.3858203802
0.38630845823999993
0.37986081819999995
0.377914286
0.37550238348
0.3740301129200001
0.37793122296
0.3695110837600001
0.36642014763999997
0.3713348397600001
0.37222694612000007
0.367821602
0.36444087116
0.36600831100000003
0.37111590644
0.38096693975999996
0.39210975763999995
0.4014742438
0.4085002240000001
0.3928903127200001
0.39521580224
0.3986182906
0.40214673196
0.41233013792
0.4046939289599999
0.40323998739999994
0.41058661467999996
0.4251325430799999
