0.4570845926666667
0.43201852486666675
0.41454551050000005
0.3976366079
0.4016932775666666
0.39810540973333336
0.39108789913333336
0.3775682856
0.3579525406666667
0.3610592083
0.3722159778
0.37295121829999994
0.37545812013333335
0.3720734572666667
0.3708960544000001
0.3756475968666667
0.3838156818
0.3866275274
0.3857901400666667
0.38841209363333334
0.38496669916666665
0.3887366193666667
0.37755983246666663
0.37534338949999996
0.3766045289999999
0.3711252457
0.3775040364
0.38064387813333334
0.38153867573333333
0.37925407996666666
0.3760630979333333
0.381457046
0.37849666620000005
0.3762696116
0.37273933723333336
0.3793665704333333
0.38579817016666673
0.3834976396666667
0.3893492284333334
0.38623155933333336
0.38358099676666657
0.3888352175333333
0.3876922055333333
0.3845096688999999
0.38015507089999995
0.3731172546333333
0.3666512901666666
0.36547371853333327
0.36060642033333334
0.3553705070666667
0.35907280510000006
0.35517237809999996
0.36609370783333334
0.3629582454666666
0.3660089406666666
0.3702771713333334
0.3729517889333334
0.3764612398333334
0.38556655449999994
0.3922222955333333
0.3790189232333333
0.3761634846333333
0.3778089228333333
0.3786015735999999
0.3844582683666665
0.3826639589666666
0.3699400295
0.37154583736666663
0.3672537807999999
0.3734379708666667
0.3706010089666666
0.3662120293666666
0.36260231139999993
0.3622501577333333
0.36127814343333337
0.3698649534
0.37781069026666664
0.3752954959666667
0.3784086582333334
0.3816553763000001
0.3812860076333334
0.38491040936666676
0.3856022282333334
0.3869401877333335
0.38113913483333345
0.37179183586666675
0.37307663406666675
0.3735704492666667
0.37942501413333335
0.3692507351333333
0.38308943360000003
0.3813956468
0.3838175172
0.3861855620333334
0.38232680193333335
0.3856989695666667
0.3907472961666667
0.39294049506666673
0.40106319006666674
0.4060649646
0.41363551603333343
0.4207990909000001
0.4233704558666668
0.42237073463333347
0.4217843060666668
0.42087366373333346
0.41700754843333343
0.4211000473666668
0.4140341408666668
0.41608694436666677
0.4195290879333334
0.42168827653333335
0.4243957832666666
0.42753416053333326
0.42477239743333334
0.4273606753666666
0.42118428886666665
0.4163840995666666
0.40431584070000004
0.407622803
0.40612040553333334
0.4119141592
0.4113967937000001
0.4068773015666667
0.4086900871000001
0.4015559005
0.40478439920000003
0.4035767254
0.3964015195
0.3897884259333333
0.38558786823333335
0.38202657633333337
0.38242704166666663
0.38653465509999996
0.3874382544333333
0.3812151937
0.3815339288333333
0.3778633496
0.3898796622000001
0.39021102503333344
0.3865228396666668
0.38545983003333334
0.3795896632333334
0.38295932056666676
0.3858053192666668
0.3847686287333334
0.3824351146
0.3838746431
0.3800395481
0.3791428211666667
0.37791694969999995
0.37072909553333333
0.3639100285666667
0.3674974801
0.36894603990000013
0.3718785912
0.36639655073333344
0.3690943474333333
0.37605991310000003
0.3825049604666667
0.3903262664
0.3989413997666667
0.40003441010000007
0.3880527278333334
0.39297571586666674
0.39776664773333337
0.4024970541000001
0.4113427223
0.4058583962666667
0.40268060313333337
0.40659150006666667
0.4135744765
