0.701759446
0.6203655584
0.5729779972000001
0.5496130652000001
0.5524953678
0.5227801856000001
0.445376919
0.3699976206
0.3064694614
0.36037686280000003
0.410825043
0.41030713720000006
0.388845315
0.357982715
0.320670581
0.3295557704
0.34935842139999995
0.36511918720000003
0.3695830402
0.384317433
0.422939222
0.40867804679999997
0.40341791320000003
0.3819737768
0.3867805444
0.35464788899999994
0.3580250664
0.38691502980000003
0.42019758879999997
0.40551887640000006
0.3478843484
0.37478180400000005
0.3511146478
0.31150866180000003
0.3086909522
0.36744359399999993
0.33655683399999997
0.3573366278
0.391194961
0.41939793940000003
0.43141475739999996
0.47549391820000003
0.45586175859999994
0.44028281180000006
0.4257668164
0.3854703842
0.3788840468
0.31071301760000003
0.3069025368
0.3134720452
0.33989050120000003
0.34128254900000005
0.4219221872
0.4191454942
0.4026778502
0.3842750024
0.38174312400000004
0.3740317582
0.388583204
0.36643042000000003
0.36770518339999997
0.40082854900000003
0.38112048860000003
0.3899863628
0.3896442848
0.392730152
0.3547791182
0.38250402299999997
0.36215760379999995
0.3829390088
0.3686323046
0.342390354
0.3225508366
0.2968633204
0.2770594334
0.301203687
0.3100105744
0.3144329534
0.32101348760000004
0.37730264680000003
0.4071166986
0.44795901399999993
0.4841273792
0.5547953484000001
0.5599579794
0.4367255138
0.4010132982
0.3821178562
0.34679331859999996
0.319846257
0.38957539779999995
0.3634878182
0.3435419758
0.321899606
0.32352249980000003
0.320352452
0.3324111174
0.3288428672
0.3321358654
0.30998004419999997
0.3642159712
0.4119823194
0.398709944
0.39381432339999994
0.39932283059999996
0.36973001240000003
0.352608889
0.37627334700000004
0.3722026646
0.374205198
0.35015166799999997
0.3769563622
0.41193670539999994
0.5097043068
0.4886275812000001
0.5045111002
0.4509273746000001
0.44360026380000006
0.387356606
0.39830265779999996
0.40523261359999996
0.41959771440000004
0.398279843
0.4111653742
0.4659514758
0.4879717308
0.5127218858
0.511422632
0.45998113279999997
0.40429609299999997
0.40764485740000006
0.3892330646
0.385087493
0.3437947608
0.3651386604
0.36166255760000005
0.38069325760000006
0.39604776239999995
0.4532027826
0.42631791640000005
0.3971411926
0.37393243619999994
0.36386660319999997
0.37039438779999995
0.3857300146
0.3770694812
0.3953065966
0.4136764286
0.4027253712
0.40470636239999996
0.37784558339999996
0.3768191544
0.3513594332
0.3483106818
0.3525415088
0.39216353719999997
0.3761749486
0.3845245296
0.4007799464
0.390195064
0.3814088102
0.38627717959999996
0.35770534060000003
0.3638648034
0.381775284
0.39350843339999997
0.40424866480000005
0.4064056442
0.4116807328
0.3998836818
0.38661592699999997
0.3557841436
0.3895764824
0.352875753
0.34575502599999997
0.335959407
0.3250704822
0.2938887414
0.32747296319999997
0.34352567479999996
0.3416154323999999
0.3508238856
0.38246534639999996
0.3996852798
0.4338950322
0.5028495883999999
0.5714440427999999
0.5701649056
0.47273683479999995
0.4530195964
0.42605109820000003
0.4076111056
0.42555521379999994
0.470698814
0.4400046076
0.4464575474
0.4707131992
