0.6795411544000001
0.6252989684
0.5813837245
0.5523139305
0.5852102799
0.5900351788
0.5564299828
0.5264014253
0.49698482089999996
0.5149341658
0.5416234082999999
0.5444026625
0.5473062125
0.5416755942
0.5386864423000001
0.5668903404
0.5637750744
0.5642926879
0.5584490438999999
0.5698270224
0.5765457072000001
0.5656177808
0.5732416632
0.5782342123
0.5831870032
0.5378004486000001
0.5600312454
0.5612132986
0.5504231477999999
0.5482254854999999
0.5513284544999999
0.5494823205999999
0.5498192525000001
0.5474404406000001
0.5547626409
0.5938926350000001
0.6014909652
0.5991989495000001
0.6114641641
0.6181466758
0.5996999641
0.6369843828
0.5817515709
0.5681946230999999
0.5676096531000001
0.5638747354
0.5600522897
0.5734099007
0.5666992094
0.5591515016999999
0.5657283998
0.5584769853999999
0.6055787174999999
0.6166246313999999
0.5895879506999998
0.5781722023
0.593206371
0.5685694966999999
0.5916432122999999
0.5748829972999999
0.5796813279
0.5748546447
0.5778955661
0.5685826283000001
0.5850002741000001
0.5796678605000001
0.5500184046999999
0.5686849040999998
0.5347521569
0.5351082993
0.5440705523000001
0.5311336203000001
0.5312995979
0.5187007724
0.5317994119
0.5588688141
0.5834912991000001
0.5974760154000001
0.6341436158
0.662004241
0.5920184111999999
0.5989954194999999
0.6068247904999999
0.628466458
0.6188619381
0.5875789532
0.5494894464
0.5348217544
0.5130841824
0.5136123642999999
0.5511260235
0.5335225787000001
0.5096647031000001
0.506676161
0.4975608036999999
0.5222383431
0.5558250604999999
0.5375890558
0.5359371138
0.5275283102
0.555125096
0.5746632837
0.5792322603
0.5652565789
0.5791638298999999
0.5542350618
0.5631090617
0.5905788726
0.6234363008999999
0.5996529923
0.6044196896999999
0.5923463616
0.6096118537999999
0.6289222716999998
0.607925993
0.6290783756
0.607414303
0.5957123132000001
0.5813675620000001
0.6183410137
0.6132988522
0.6394056051
0.6296206889999999
0.6107445305
0.6093259372
0.6165827419
0.6175637976999999
0.6183082383999999
0.5708348753999999
0.5550080821
0.5580232099999999
0.5534215253999999
0.5626934352
0.5724375195
0.5653980670000001
0.5448241868999999
0.5437651512
0.5523541036
0.5936893302
0.5898191228
0.5700438025000001
0.5663469385000001
0.5609511093
0.5526338623
0.5724725632000001
0.5471361051000001
0.5574616862000001
0.5463541975000001
0.5380513615000001
0.5366772088
0.5417548806999999
0.5285279907
0.5269047122999999
0.5475101180999999
0.5447419984
0.5684676323000001
0.5646285121
0.5353977813999999
0.5469708201000001
0.559804802
0.5687012398
0.5858701465999999
0.5711423488999999
0.5728585112
0.5756066349000001
0.5777560676
0.5609449934
0.6053595677
0.5862762525999999
0.573373696
0.5662175808
0.5372497879
0.528588497
0.5298516963
0.5302188002999999
0.526212225
0.5232000509
0.5073157148
0.5247393806
0.5442164523
0.5681427079
0.6088986005
0.6358705162
0.5752244553
0.5870940621999999
0.6057212266999998
0.6380177987999999
0.6559317213
0.6354042201000001
0.614457772
0.6083566025
0.6056464188999999
