0.61124200452
0.5850791983600001
0.56633180076
0.5490818548
0.56240813796
0.57061231112
0.5571305891999999
0.5507184846
0.5419811859199999
0.5543298274799998
0.5545457221999999
0.5589721091599998
0.5582636303999999
0.5483255417199998
0.5476142201999998
0.5551296213999999
0.5543515243199999
0.5600856154799999
0.5621634337999999
0.5702612175199999
0.57545341288
0.58180743024
0.5790207251999999
0.5762409696799999
0.5793983136
0.5682534708799999
0.5836352476799999
0.5670691686799999
0.5660616654799999
0.5693742697999999
0.5703850241599999
0.5795812337999999
0.5790880201999999
0.57162696852
0.569784113
0.57942465136
0.58301354368
0.58481533624
0.59254225892
0.58591925588
0.58112252328
0.59707085396
0.58658811788
0.5893080772
0.57783225556
0.5737401285199999
0.5723590154799999
0.5762939828799998
0.5753896445999999
0.5726606951999998
0.5731096818399999
0.5622844627199999
0.5813614511599999
0.5759310907199998
0.5648317140399999
0.5658184552799999
0.56079154772
0.5594498617599999
0.5561902698
0.56171985928
0.5703658475600001
0.5722901882000001
0.57812037032
0.58293868448
0.59379823016
0.57135693884
0.56310716712
0.5747519792799999
0.5709195680799999
0.5793114356
0.57352489768
0.56214410888
0.56089084564
0.56073930612
0.5652430662400001
0.55994020404
0.55650883672
0.5511438988799999
0.5596891697199999
0.56429243736
0.5647920139999999
0.5720206849599999
0.5634066287999999
0.5676338426800001
0.56353462556
0.5584427168
0.55297763056
0.54384639684
0.5321343549600001
0.5311562729200001
0.54967867424
0.5576661418400001
0.5569082616400001
0.5656217798400001
0.55585104724
0.5651790114
0.57012039664
0.5737624366000001
0.5784695906800001
0.5688817244000002
0.5808596150800001
0.5872228315600002
0.5913273056800001
0.5954983402400001
0.6041631312400001
0.6016032150400001
0.6035526144800002
0.61057508988
0.60839255736
0.6016007752
0.60544267344
0.6043830371600001
0.60695769692
0.5977296588400001
0.59450083212
0.6031184743200001
0.5996775999600001
0.5994209149200002
0.5879930448
0.5878988050800001
0.5816044723200001
0.5849505530000002
0.58405459684
0.58363648224
0.58725808404
0.57950464508
0.58325065416
0.58551643336
0.57649956492
0.5695514248799999
0.5551393734799999
0.5521729854399999
0.5507480002399999
0.5545592146399999
0.5581985926799999
0.5495735006
0.54763633136
0.54895502292
0.5671696620000001
0.5654449914
0.5593171424000001
0.5566557801200002
0.5398297387200001
0.5443725348800001
0.5559612866800002
0.5591243217600002
0.5644783295200001
0.55647032104
0.5588373344
0.5597599962400001
0.56240204844
0.55449500208
0.55759312208
0.557829491
0.5563217398000002
0.56675691204
0.5563935702000001
0.54936404084
0.5555574683200001
0.5571766328400001
0.55618498616
0.5523638261600001
0.5497575230800001
0.548721196
0.55611152136
0.56662694228
0.57410160556
0.58955313476
0.5668589224000001
0.56809233692
0.5709929809200001
0.57322288704
0.58367327204
0.57373947956
0.5716519762
0.57886715624
0.59198217576
