0.3382770676666667
0.2719016444666667
0.20703725560000003
0.15634209253333334
0.19098586913333332
0.1835821728
0.13780656640000002
0.08727994493333331
0.029248088933333336
-0.022190590800000007
-0.014230195866666665
-0.008604567866666666
-0.00653991
-0.00659968366666667
-0.004647027333333335
0.012272115599999998
0.017071977266666667
0.009387068466666667
0.005436618199999999
-0.0030656818
-0.01608632633333333
-0.008490015733333335
-0.0077776374
-0.0038981939999999985
-0.0004347806666666662
0.00986137173333333
0.014669748999999998
0.016667639933333332
0.01559242733333333
0.0032961869333333347
-0.005995758199999999
-0.01172312666666667
-0.008705056999999999
-0.006021652599999999
-0.0030760850000000005
0.0016511226666666662
0.0076850436
0.0162656202
0.01278057293333333
0.012465298266666668
0.008627405466666665
0.004650843
0.005702489066666667
0.006013501266666667
0.013366227466666665
0.020700266666666668
0.0176683916
0.02050140686666667
0.016091748333333333
0.014625502266666665
0.014018793733333331
0.016580602200000003
0.008608816799999999
0.012332321466666667
0.0125924854
0.011490068733333334
0.0119979234
0.026446849866666667
0.028297387133333334
0.021936708399999998
0.013639090333333333
0.016070418066666665
0.009779142999999999
0.022212209866666666
0.0425657218
0.050663795133333335
0.04707671033333334
0.04848960260000001
0.051424661133333334
0.04591040486666667
0.0592532294
0.06825432540000001
0.06111215673333333
0.072208338
0.08471183213333333
0.08498754439999998
0.08923515833333331
0.10129354093333331
0.10798948993333332
0.10237213686666667
0.10217036473333334
0.10114774906666667
0.10503762340000002
0.10286172573333333
0.11272996753333332
0.09499180859999998
0.08331428366666667
0.07630188253333334
0.06736195600000001
0.0590454328
0.06840242826666668
0.06267224213333335
0.058286329866666674
0.045989901199999995
0.03458473146666666
0.031440292
0.05801830673333333
0.07425141046666667
0.07392808326666665
0.06749623986666668
0.07045864233333334
0.07902745700000001
0.08921787473333335
0.08684944873333335
0.08363343880000002
0.07628760853333334
0.08224367793333334
0.09697054573333334
0.10643802893333335
0.1159858958
0.12112637393333334
0.0991669608
0.07140269226666666
0.08317076239999999
0.09847330453333332
0.0995985636
0.09855192759999998
0.08736648013333331
0.08756026159999998
0.1042856893333333
0.12195076399999998
0.13333426413333332
0.1353890463333333
0.12784645713333334
0.1151124544
0.10720125993333333
0.10233320226666667
0.11255352766666667
0.10452702513333333
0.08667421686666668
0.08031523173333334
0.0872438718
0.08983639013333335
0.0908767634
0.07498985239999999
0.058513293666666674
0.038950858666666664
0.028043308
0.026085887199999998
0.025574911599999996
0.023590248600000006
0.02015205206666667
0.0194593162
0.027326266666666665
0.042491844066666666
0.0623951408
0.0683043062
0.07651914413333333
0.07782391953333333
0.0808713354
0.08160457733333334
0.08626330406666667
0.0783476002
0.08100292993333333
0.08144931666666669
0.0819130914
0.08145881786666666
0.07743218626666667
0.061447312266666665
0.047107951800000006
0.0328833182
0.01562885
0.005003343333333335
0.0014011356000000002
-0.0023782044000000015
-0.0005858412666666683
0.006701507266666666
0.023042423799999996
0.026907460733333333
0.037884468133333335
0.04832197046666667
0.04820478713333333
0.05445305926666667
0.07641168346666666
0.08654775453333334
0.10158435906666667
0.11290970733333333
0.10338127993333333
0.13338069226666666
0.1601465596
0.17194056666666666
0.1783768671333333
0.17710899706666666
0.17466383933333335
0.15687855273333334
0.14737707700000005
0.15319306866666668
