0.45713673132000004
0.43363133904
0.4063991172
0.38757328960000004
0.41423673884
0.41118959136
0.40137190372
0.3759208512
0.3549420971199999
0.3387942347200001
0.35292619480000004
0.35620743184000014
0.3588760182800001
0.3629011169600001
0.35895831780000004
0.37574078924000015
0.3790675765200001
0.3736360960400001
0.36916916764
0.35562299455999996
0.3507392758
0.35619439704
0.3545476696
0.35630212212
0.35925031212
0.3699667388
0.37122623843999997
0.37653619759999996
0.37501176715999995
0.3735436825199999
0.37417587391999996
0.37081612572
0.37996985668
0.37626875996
0.37337303592
0.37623535164000005
0.37460465992
0.37672390032
0.37055178852
0.3690523399199999
0.3653804173999999
0.36980346024
0.37452998416
0.3773798213599999
0.38846563956
0.38990508335999996
0.39065598003999996
0.39515262892
0.39131324411999996
0.38880959344
0.38309035963999993
0.3784761738
0.37347627991999993
0.37820986695999986
0.38312008379999996
0.38241923464000005
0.38573138828
0.38304906424
0.38633310224
0.38121870532
0.38639672376
0.39438143092
0.39516704324
0.40476966384000007
0.4012836707600001
0.3981437515600001
0.3959697764000001
0.39583825384
0.402187383
0.4064472738399999
0.40239092827999995
0.39815508524000004
0.39428781428
0.39658630988
0.39449924816
0.39526754628
0.38924980404
0.3902545651999999
0.38685788083999995
0.37801096192000005
0.37952342348000007
0.36688709392
0.36157554492000005
0.36443712559999997
0.37203467311999994
0.36571673171999997
0.37263593856000005
0.37813912152000007
0.37052669260000004
0.37364782512000005
0.37634271744
0.37443979264
0.37835083344000003
0.36505508780000007
0.35832845244000006
0.36272318712000007
0.36956289056
0.37905617096
0.3870959496
0.39489004007999995
0.40145318527999996
0.41322042976
0.40421433672
0.40895088644
0.4175703604
0.40906684680000005
0.41876713816
0.4239748595199999
0.4218495153199999
0.4282468418799999
0.43393873271999994
0.4278863612
0.42424486920000004
0.42528385544
0.42168608708
0.42349054344000003
0.4245414137199999
0.4216798484
0.42853542804000005
0.42169234456
0.41424007708000005
0.4184347504400001
0.41157283412000006
0.4046242085200001
0.39929661724
0.39330234692000005
0.38421714448000005
0.3962687684800001
0.39485094236
0.38706422084000003
0.3935159180400001
0.38907447912000004
0.39271120268000004
0.39429420828000006
0.38908471852000004
0.38548358392
0.3765446988799999
0.371990588
0.3759091875999999
0.38197248256
0.38018401307999994
0.37609487987999995
0.37530094895999994
0.3779503476799999
0.38384070112
0.39260874947999985
0.3888547258399999
0.38999058259999997
0.38097317659999996
0.37709410908
0.37637742704000005
0.38234479688
0.38163565672
0.3795658045999999
0.38050001443999987
0.3779901864
0.3801484935599999
0.3803603226399999
0.38495662843999995
0.38828720699999997
0.39093561472000005
0.3896297528400001
0.38465933104
0.3852668732
0.3864753355599999
0.39065562287999994
0.3939087584
0.38081818452
0.38763085316
0.39745130448
0.4030198487599999
0.4099573999599999
0.41440000647999997
0.42493656912
0.41918049432
0.42381512456
0.42463558819999997
