0.5232805178
0.47922351406666663
0.4409186949333333
0.41630027113333334
0.46170020300000003
0.4584886892666667
0.4198090307999999
0.3880680935333333
0.3533947117999999
0.3249320582
0.3382013300666667
0.34831516040000005
0.3482529298666667
0.3503706220666667
0.34546606300000005
0.3713743160666667
0.3811735124666668
0.3662185181333334
0.35960760273333336
0.35377245640000005
0.3440760092666667
0.35682990659999997
0.3585350746666666
0.36268763173333335
0.367444705
0.38762061433333334
0.3882839098666667
0.3863136596666667
0.38562673453333335
0.3640106292
0.3577381633333333
0.34451318633333333
0.3524461242
0.3556614201333333
0.3590255205333333
0.36660223673333336
0.3733465047333333
0.3776865620666667
0.37055503906666676
0.3697750042
0.3687661238666666
0.36742109446666665
0.3767747858666667
0.37144025659999996
0.38335585866666666
0.38656946900000005
0.3875136780666667
0.3954954592
0.3864370757333333
0.383781418
0.3799767453333333
0.3859126128666667
0.3829699706
0.3895734915333333
0.3888805576
0.3839535124
0.37757961019999997
0.3777507446
0.3807355604
0.3847531164
0.37802725006666665
0.37979902786666664
0.3722738614
0.3833185031333334
0.3932212440000001
0.3971641526000001
0.3939676412
0.39097325266666666
0.38636239139999995
0.3712776349333333
0.380722203
0.3937227628666666
0.3955194830666667
0.40886444193333327
0.40457154686666663
0.4050657318666666
0.41506861719999993
0.42023992713333325
0.42953601826666665
0.42775920766666664
0.41723966846666666
0.39828577179999997
0.39648199466666667
0.39782423980000003
0.4068873544666667
0.39281195426666665
0.3712463164
0.36408639800000003
0.3534655314666667
0.35443339593333334
0.3661302724666667
0.3454965037333333
0.3338687378
0.3234452957333334
0.31392330040000005
0.31959854206666677
0.35119085173333336
0.36860499513333334
0.36543174646666665
0.36981917513333334
0.3735243504666667
0.3903852648666667
0.4004003742000001
0.3931980298666667
0.39495502520000003
0.38923927453333335
0.40274543286666664
0.4256163713999999
0.4355889464666666
0.4449796327333333
0.45237271019999997
0.43888713506666666
0.40754509
0.4175058545333333
0.42763762139999995
0.4206704880666667
0.41937541293333336
0.40990878126666674
0.41810267493333336
0.4304539494666667
0.4382911180666667
0.44839663613333336
0.44391949219999993
0.4290782562
0.4144792534666666
0.4102532807333334
0.4092535714666667
0.4295095603333334
0.42583893253333344
0.4018249988000001
0.39786132500000004
0.4021914533333334
0.40494632906666667
0.40688010179999995
0.3967292583333333
0.3846454005333333
0.3661051072
0.36091825546666667
0.36678433273333333
0.3699345110000001
0.37071277906666666
0.36026385526666665
0.36162770506666664
0.3610339753333333
0.37610790606666666
0.3903636294666667
0.37857988353333333
0.377949082
0.381219888
0.3856056956666666
0.3883893909999999
0.3957164638
0.39456319446666666
0.39767127473333336
0.39645246593333333
0.39634937740000004
0.40182519786666665
0.4004119622666666
0.38467838233333324
0.3767449092666666
0.36946847239999997
0.37577193719999996
0.37699337
0.3728786944
0.3674803974666666
0.36705640126666667
0.36701987806666664
0.3700599945333334
0.37271110993333334
0.3835187492
0.38757507153333326
0.37987159519999997
0.36906366273333335
0.388376049
0.4012410731333334
0.4121863840666667
0.41498973299999997
0.39320074080000006
0.4111130223333333
0.4247046159999999
0.4380654813333333
0.45150670853333336
0.4571447686666667
0.45131161680000004
0.4282337214666667
0.4242676554666667
0.4341149961333333
