0.6054360847333332
0.5955326719333335
0.5736872324666666
0.5662141048
0.5919027578333333
0.5866786940666666
0.5779738069666666
0.5687636460333334
0.5617533327333334
0.5572879564333334
0.5780769613666666
0.5797845706333332
0.5750561691333334
0.5801992289666666
0.5650892460666667
0.5832268229333335
0.5777397499666667
0.5717100198000001
0.5704915481
0.5725657651333335
0.5748234054666668
0.5867279079333334
0.5864097677
0.5817332565333333
0.5835359880333334
0.5974739538666667
0.5958753260999999
0.6013279803
0.5942621102000001
0.5896014723999999
0.5916595426666668
0.5848446827666667
0.5970666725
0.5912607333666666
0.5894295678333332
0.5929682514666667
0.6000618078000001
0.6007996279000002
0.5996012163666667
0.5980006369
0.5947241428
0.5935749430999999
0.5976770561333333
0.5913617816333333
0.6039112585666666
0.5969544354333333
0.6026989496666666
0.6059930198
0.6046787823666667
0.6062327113
0.6047504558666666
0.6088859121666665
0.6073170837666666
0.6106697579666666
0.5987948809333333
0.5996404126666667
0.6045689469666667
0.6036241216666667
0.6146879635
0.6111382459
0.6060997133333333
0.6139748436999999
0.6112249057
0.6241707144333334
0.6263999754
0.6180797059999998
0.6031050271666665
0.6018811195999999
0.6024051431666666
0.5968615527333333
0.5957908191
0.5870234401999999
0.5876924506
0.5932068118666666
0.5914787338666666
0.5997581035666665
0.5891905703333331
0.5816969668999997
0.5848010374
0.5811215322333333
0.5786712442999999
0.5802583070999999
0.5861794494666668
0.5824712200000001
0.5951083673
0.5919194025000001
0.5873958890333334
0.5876585445333333
0.5745043539333332
0.5824742453666667
0.5881307202333335
0.5821804962333333
0.5863638874
0.5841832746000001
0.5832481138000001
0.5933920950333333
0.6090429814333334
0.5977015949333334
0.5959472114333334
0.6038970242333332
0.5997542527666666
0.6124174469666666
0.6109766701
0.6089333351666667
0.6122577384666668
0.6094294232999999
0.6239928390333332
0.6353570675666665
0.6273114520333333
0.6211088929666666
0.6216293954666665
0.6185621145999999
0.6151293915
0.6207818468
0.6071057668333334
0.5994475801
0.5991616700666668
0.5967645547999999
0.6068263299666667
0.6046346266333332
0.5974378222666666
0.5935898001666666
0.5887503839
0.5872591257666666
0.5827300167333331
0.5824659220999998
0.5714722497666666
0.5878942590999999
0.5854598267666666
0.5804235562666665
0.5858515662
0.5727556875666667
0.5735574612666666
0.5784989660666665
0.5800184646666665
0.5778462260666665
0.5727995875666666
0.5691740417999999
0.5785291479333332
0.5822563898333333
0.5846428875333333
0.5806736994999999
0.5821762450333333
0.5692533232333332
0.5795996956333332
0.5833670082333332
0.5824273182
0.5833093106
0.5815541317333334
0.5833473960333333
0.5878541755666666
0.5887111961666668
0.5873875547333333
0.5874568335
0.5921467185333334
0.5926270949333333
0.5956875853666668
0.5824947279333333
0.5824870231
0.5894781200333333
0.5904527876000002
0.6026594922666668
0.5896002819666667
0.5918469621
0.5897307988333333
0.5955235187666668
0.6019427191333334
0.6074164851
0.6037892390333336
0.5930857991666668
0.5957179873
0.5969283859000001
