0.6832694311999999
0.6426020981999999
0.6186995054
0.6337851738
0.8147289363999999
0.6944511315999999
0.6462185098
0.5875541912
0.5042193328000001
0.48449643499999995
0.4999422807999999
0.5094106805999999
0.525917651
0.5632741658
0.550581439
0.6443841174
0.5792232964
0.5746409802
0.5630179546
0.5573979188
0.4915635168
0.569876347
0.5511940211999999
0.5528050778
0.5567738386000001
0.6190060306
0.6258650996
0.5841170458
0.580182924
0.5874379792
0.5707250872
0.5372489084000001
0.5891579868000001
0.6070205414000001
0.6070401280000001
0.6428407353999999
0.6570830917999999
0.6253093298
0.6148947102
0.5313041728
0.5308414502
0.49714175659999993
0.505840755
0.5050280806
0.5954405533999999
0.5939636126
0.6331522441999999
0.6628394676
0.6304682052
0.6232192562000001
0.6274668072
0.624760856
0.6407032968
0.6279781998
0.5931667448
0.5841195634
0.5596812395999999
0.558549199
0.562174663
0.5864065518
0.57857734
0.6285516586
0.6115557192
0.6570634394
0.6584665424
0.6533760834
0.6181619036
0.6065738992
0.5654581017999999
0.5667679028
0.5442232060000001
0.551885796
0.5557365369999999
0.584930085
0.6093692698
0.6407397352
0.6702740192
0.6707838514
0.6664140587999999
0.578592274
0.596806548
0.5988590648000001
0.6185455242000001
0.6520874329999999
0.6672269346
0.6228753674
0.61611662
0.6041539032
0.6190711685999999
0.6779769287999999
0.650457296
0.5633327593999999
0.5554930026
0.5264700118000001
0.48123600639999997
0.5196427619999999
0.5216723818
0.5214418852
0.510268114
0.5344709896000001
0.5680269128000001
0.5648885768
0.5197636348
0.5344954381999999
0.5472260600000001
0.5142185796000001
0.6166804398
0.6976787468000001
0.6524351544000001
0.6625132844
0.6762954971999999
0.6416845564
0.6274200945999999
0.6042862366
0.5914222029999999
0.6001432738
0.5848242632
0.5963859604000001
0.6771446926
0.6826201394
0.6820255448000001
0.7245076706000001
0.6235192478
0.5970536328
0.6051294689999999
0.5578157083999999
0.541919175
0.6010923362
0.5881848564000001
0.5846352749999999
0.6260779360000001
0.6343409292000001
0.6660460196000001
0.6447641394
0.6003329869999999
0.5874184125999999
0.5840960932
0.5763126904
0.613257523
0.5784945276
0.543204605
0.5252818892000001
0.5172310743999999
0.5205531355999999
0.5765953617999999
0.5880847267999999
0.5513930438
0.5483009350000001
0.5597414674
0.5511924799999999
0.5921941438
0.5918023682
0.618382499
0.5862578388
0.5912907061999999
0.578129573
0.5496198017999999
0.5150715492
0.5464196922
0.5822047254
0.5780458952
0.6346043292000001
0.6397455028000001
0.6449452306000001
0.613760538
0.6281983814000001
0.6313407648
0.6543259098
0.5576025748
0.5625543624
0.5355493292
0.5358036013999999
0.5240294677999999
0.5943579865999999
0.5990815641999999
0.6150077307999999
0.5890963116
0.5727703997999999
0.595157678
0.6039884150000001
0.6208316600000001
0.6336607034
0.5890255382
0.5564389764000001
0.5752791152000001
0.5650837289999999
0.5914512432000001
0.5577048734
0.6025793262000001
0.5837207981999999
0.6084702822
0.6303036904
0.7466427216
0.7165988922
0.63389054
0.6293651926
0.6012547654
