0.5965827590999999
0.5575216694
0.5680463209
0.5678534015000001
0.5624310498
0.5525045403000001
0.5639528972
0.6005638414
0.5956337103
0.5932525753
0.5995906186
0.5835451597
0.5895580193000001
0.5853495003000001
0.5926209919
0.5839257025
0.5792964385999999
0.5761273203999999
0.5731615175
0.5346690330999999
0.5076891886
0.5022934490000001
0.494471857
0.4988537945999999
0.48579306049999993
0.48083791600000003
0.48218888070000004
0.43709242049999997
0.42517073089999996
0.4510326586000001
0.4756261277
0.48720405510000003
0.4838000391
0.4814890087
0.47855076499999993
0.46900053890000004
0.4724729527
0.5179956526
0.5248571322
0.5259978418
0.523443975
0.5168204794
0.5192219862999999
0.5178399888999999
0.5292585690999999
0.5467530040999999
0.5198853215
0.5249245137999999
0.5258541270999999
0.5280785381
0.5270090682000002
0.5275600513
0.5295360426
0.5150241614000001
0.4864598143
0.4822435286999999
0.5116988412000001
0.5023351597000001
0.4964624936
0.49635200600000007
0.49588166219999985
0.5007246438999999
0.4769358531
0.4906024959999999
0.5146719895
0.5199837127
0.5232577654
0.5336542416000001
0.5397505251
0.5303815284999999
0.5284764361999998
0.5363496256
0.5627973118
0.5631555363999999
0.5661126379999999
0.5579859228
0.526182744
0.5175370018
0.5183041161999999
0.5189819324
0.504321926
0.4843966835000001
0.48832946130000005
0.4754393254000001
0.46674107080000005
0.45445954760000007
0.4786158072
0.45587442739999995
0.43583751470000004
0.4384243013
0.45604232080000007
0.47230834060000004
0.4428923425
0.4318249874999999
0.4358780817
0.44362519880000006
0.4424957249
0.4516547925
0.47480075709999997
0.4707092674999999
0.47336479909999996
0.47538885959999994
0.501055539
0.5294445098999999
0.5174157633
0.5252154512
0.5233806173
0.5301020754
0.5301126399
0.5340414821
0.5216771995
0.5117161840000001
0.5025193687
0.49935093590000007
0.5116155091
0.5083648754
0.5146079211
0.5206199344
0.48690308899999996
0.47990500649999995
0.4817548603999999
0.49722279419999993
0.4987485853999999
0.4872944715
0.4836615409
0.487309301
0.4608537426
0.4518639103
0.47628837579999994
0.48213981710000003
0.4878524947
0.4768554150999999
0.4629732593
0.4715990369
0.4544116723
0.45860918679999996
0.48640774389999997
0.48997022249999994
0.5003031302000001
0.49526388920000003
0.4853383479000001
0.4816335402
0.4832883001
0.4843442586
0.4997909628
0.4817760359
0.47556476780000007
0.48289112040000004
0.46921695760000004
0.464286011
0.46713869350000004
0.4678539178
0.47598090640000007
0.4282043611
0.42445615989999996
0.4299113824000001
0.4306191976000001
0.42734820330000006
0.42802565570000006
0.43311708619999995
0.42500965049999995
0.4181440552
0.42601846649999997
0.46370457649999997
0.4702128807
0.47124151160000005
0.4758408268
0.47765045300000003
0.49567236179999996
0.499800865
0.5145063233
0.5227764292
0.520148455
0.5313846190000001
0.5263158960000001
0.5270790576
0.5021859629
0.5065871029
0.4953065038
0.49397377540000004
0.49730409
0.5042981334000001
0.5122275636
0.47588205759999996
0.4524924471999999
0.4595037575
0.4764900630000001
0.4659396173
0.45291252699999995
0.4627907316999999
0.4507619911
0.44572574940000004
