0.5131240388
0.45963198280000006
0.4609321094
0.45265790600000005
0.4374355646
0.41973611689999996
0.4181749015999999
0.4314773242
0.42401463489999996
0.41810989379999997
0.41986526030000004
0.40570248089999994
0.4046979793
0.40250443210000003
0.4003945088
0.3943042379
0.38920293930000005
0.3865689719
0.3803588123
0.355322523
0.33915140010000006
0.3351888408
0.3310394681
0.32602213640000005
0.3175135035
0.31330644480000003
0.31346105620000003
0.2954130477
0.290630421
0.3053094491
0.31703986910000004
0.3249150965
0.3264639958000001
0.32876175330000007
0.3292885346
0.3268604104
0.3294026323
0.3455328526
0.3483271862
0.34836784239999996
0.34653866250000004
0.3411259762
0.3393567343
0.33908025950000004
0.3441010968
0.3485184056
0.33591599580000003
0.3394580399
0.34117470280000006
0.3436095895000001
0.3430168120000001
0.3459735986
0.34858071450000006
0.34021733060000003
0.32600856349999996
0.3260767793
0.33994708
0.3400650073
0.33906437180000004
0.33835253
0.33913927079999995
0.3369308988
0.32715037259999996
0.33043581489999996
0.34019038339999996
0.34065948869999996
0.33784403139999997
0.3363755622
0.3330293325
0.3273364467
0.32629681089999996
0.32889227039999996
0.3362815086
0.3389235986
0.3431217537
0.3386063091
0.3294936164
0.3275661291
0.32952903010000006
0.3330352085
0.3266486725
0.32222579409999996
0.32623851819999994
0.32279345099999995
0.3163566903
0.31215186699999997
0.3190138751
0.3066560204
0.2995505929
0.2975762263
0.3016919202
0.3063483972
0.29647317720000005
0.2909686247
0.2897825918
0.29261300519999994
0.29276931250000005
0.2983009178
0.3081511474
0.30831440779999997
0.313122472
0.3126389285999999
0.3206139247
0.3308694343
0.33195792160000004
0.33766519640000003
0.3349839149
0.3377910356
0.33758842409999995
0.33503864940000005
0.3291713983999999
0.3249882621
0.32042659399999995
0.3179894722
0.3200410469
0.3189066259
0.32382451419999997
0.329529453
0.31749995480000004
0.3178522041
0.31709569439999996
0.3227173071
0.3265053093
0.32408580879999993
0.32057616349999996
0.3194339771
0.3102610047
0.30405681310000005
0.3143566539
0.3160694546000001
0.31846041989999996
0.3170593977000001
0.3074256933
0.31156001990000004
0.3084671579
0.31305175209999997
0.3219016641
0.3218692942
0.3237356848
0.3226361409
0.31992781800000003
0.32015030139999995
0.32591678479999997
0.3249119994
0.3302266986
0.3232920957
0.320242192
0.32325323
0.3186042493
0.3170138143
0.3156206886
0.31230995800000005
0.31125360310000005
0.2949726562
0.294297859
0.29373480780000005
0.2956395485
0.2961028672
0.29393202770000004
0.2973426975000001
0.29665753530000005
0.29370189399999996
0.2973426049
0.30784866559999996
0.3117233767
0.3161092763
0.3178337496
0.32010531470000003
0.3308508011
0.3315471133
0.33431126859999993
0.33718511749999996
0.33328164109999997
0.3388420097
0.3342660073
0.33302799499999997
0.32019733009999995
0.31889322479999993
0.31277537199999994
0.3095959818
0.31252247299999997
0.31588430260000006
0.32333734700000005
0.31427092349999997
0.30621979239999997
0.3053973716
0.31501945530000003
0.3138707874
0.310323491
0.3175497785
0.3163530433
0.31745749440000004
