0.2951278783333333
0.24040001293333332
0.246367817
0.23375836926666665
0.21286684340000003
0.20616463399999999
0.20176430366666667
0.19839309719999998
0.19515980819999998
0.1902195307333333
0.18877153646666667
0.1861361374
0.1837412136
0.18039224493333336
0.17745902919999998
0.1760632189333333
0.1751343133333333
0.17476732099999998
0.173623863
0.17320671573333332
0.1724822264666667
0.17286959320000003
0.17282583793333336
0.17206987086666672
0.1721839712666667
0.17291563593333334
0.17312986979999997
0.1725975756666667
0.17201052746666667
0.17209254793333334
0.17175100953333333
0.17221419526666665
0.17231835526666667
0.17138442706666665
0.17117855926666667
0.1711858808
0.17009991086666662
0.1691571495333333
0.16865748006666664
0.16928362306666667
0.16871199639999998
0.16815325753333335
0.16846563806666665
0.17016498326666665
0.17051665686666664
0.17095930120000002
0.17128898899999997
0.17130201286666666
0.17170138779999997
0.17131447126666666
0.1714599119333333
0.1720057357333333
0.1730103706
0.17391047886666666
0.17328560153333333
0.17251901420000001
0.17173410913333334
0.1709969563333333
0.16952271340000002
0.16914020246666667
0.16945352273333333
0.16889726593333332
0.16894371206666664
0.16857073420000004
0.16779926773333334
0.1674585722666667
0.16651935366666668
0.16523011193333334
0.16429365713333333
0.16474079746666664
0.16506636586666665
0.16585802833333332
0.16675276539999997
0.1675626898
0.16712344739999999
0.16672615646666664
0.16694466800000002
0.16663877786666667
0.16768732973333333
0.16851646746666665
0.16799667706666663
0.1683184469333333
0.16823739706666666
0.16721117486666665
0.1664797124666667
0.16655369873333337
0.16571296173333336
0.1653762008
0.16452499026666667
0.16387343420000003
0.16433880680000001
0.1649490804
0.16569835466666666
0.16532502213333336
0.16527991820000001
0.16604493106666668
0.16573698346666668
0.16544209213333336
0.1669586404
0.1669592889333333
0.167607661
0.16847331499999998
0.167422713
0.16865407493333334
0.16936050473333336
0.16859541459999997
0.1679132045333333
0.16688739499999997
0.16743730626666664
0.16832203586666666
0.16807073886666665
0.16829927013333337
0.16928336546666667
0.16801501466666666
0.16755619846666667
0.16718565273333336
0.1673942148
0.16897872953333334
0.1676762318
0.16811417013333335
0.16874271600000004
0.1680785942
0.16881743353333334
0.16891490039999998
0.16816833699999997
0.168752844
0.1696865976
0.16878298146666673
0.17097186173333334
0.17097448673333335
0.1709075412
0.17077116026666667
0.1690493447333333
0.17051424873333332
0.17063354960000002
0.17077971213333332
0.1721129952
0.17200965973333335
0.17145842773333336
0.171995915
0.1720812334
0.17137621453333335
0.17265114846666668
0.17190646899999998
0.17186195420000003
0.17140998046666667
0.1712789728
0.17186104926666668
0.17046846980000002
0.17106041120000004
0.17027874860000003
0.16982226653333335
0.1698720988
0.17007848173333334
0.16978406166666665
0.16897635393333327
0.1685362764
0.16777940573333333
0.16733353993333333
0.16818460279999997
0.16946625833333334
0.17053971513333332
0.17214188233333333
0.17282108573333332
0.172879674
0.17353673653333337
0.17281019540000003
0.1715175002666667
0.17096935720000003
0.1706011378
0.17077131466666665
0.17030976233333334
0.17082670433333336
0.1703102148
0.16993074099999997
0.169672871
0.16920951780000001
0.16869828006666668
0.16889891226666667
0.16721341233333337
0.16715181333333334
0.16754935493333337
0.16841922700000003
0.16841771446666667
0.1684554743333333
0.16903013320000002
0.16987256899999997
