0.4837301301333333
0.44347813739999997
0.4455016515333333
0.43991345846666674
0.43051712253333335
0.41808681386666663
0.4121947728
0.4192366237333333
0.4128711901999999
0.4067761889333333
0.4045169295333333
0.39652544173333326
0.3959262265333333
0.39171406266666664
0.37577509480000004
0.3643636693333334
0.35687073226666677
0.3522780530000001
0.3475428578666667
0.33971192873333333
0.3334777192000001
0.3350311586
0.3230696054666667
0.31713138860000006
0.312385055
0.3128540901333334
0.31401217039999996
0.31220806893333336
0.3131448185333333
0.32235593646666666
0.3252837260666667
0.33117368626666666
0.3327318618000001
0.3320014218000001
0.3329546142666667
0.3350089019333333
0.33245545039999996
0.34150385999999994
0.34544471086666667
0.3482170349333334
0.34626941706666675
0.3385076191333333
0.34139455786666667
0.3402767214666666
0.3425019842
0.3457798363333333
0.3435027612666666
0.3435357679333333
0.3400381404666667
0.333310849
0.3326281616
0.3377216883333333
0.3418667398666667
0.3402661296666667
0.3386696063333333
0.33952707979999996
0.34417936326666676
0.3353306564
0.3328788818666667
0.3310313782666666
0.33105661273333337
0.3323019768666667
0.3337299716666667
0.3354741309333333
0.33955486179999994
0.3396737675333333
0.33680949020000006
0.33280832393333337
0.3327850330666667
0.3342108607333333
0.3307013049333333
0.3273437886
0.33400714266666665
0.3348696077333333
0.3347847452
0.33033322340000004
0.32639733200000004
0.32605029459999996
0.3259611120666667
0.32689102313333335
0.3212713423333333
0.32075819173333325
0.3142568171999999
0.3086209372666666
0.3044210602666667
0.30572363080000003
0.31096718586666666
0.30532166
0.30025417513333336
0.29805594533333335
0.29858089746666666
0.3011205373333333
0.29563175026666666
0.29885940153333335
0.2990595386
0.30637070079999995
0.3067172215333334
0.3146269295333334
0.32113340273333335
0.3209770755333333
0.3225630816
0.3202108824666666
0.32317698920000004
0.3299392678
0.32923024366666664
0.33074296293333333
0.32819652126666665
0.32937738033333336
0.32769228593333327
0.32879483493333334
0.32641918419999993
0.32766793953333334
0.32912067473333334
0.3210262814666667
0.319826432
0.3170299616000001
0.32001878273333334
0.32185356280000005
0.3186905424
0.3191531776666667
0.31992757
0.3178497679333334
0.31820748746666666
0.3186044026
0.3171787038
0.3167324909333333
0.3155087050666666
0.30711772300000006
0.31473058579999996
0.31289648020000005
0.3172316084666667
0.3173060059333334
0.3151168107333334
0.3183709866
0.3185520220666666
0.3170617182
0.32210156953333335
0.32169103746666666
0.3217674828
0.32233464286666663
0.32045272566666666
0.31942786879999996
0.3256685018666667
0.3230671395333334
0.324249793
0.31877434253333337
0.3157070988
0.31461391006666667
0.3025921304
0.3034424549333333
0.3029907188666667
0.3030873668666667
0.3057925568
0.30241382506666675
0.3023271256
0.3010179689333334
0.2980135668
0.29734016
0.29542174126666665
0.2999154965333334
0.303316444
0.3067698946
0.3116936978666666
0.3263325883333333
0.3271599618
0.32806894280000004
0.3257106128
0.3221260092666666
0.3253617292666666
0.3245310364
0.3275634171333333
0.32443351866666664
0.3260607777999999
0.3296170592666667
0.3257416985333333
0.32567774059999993
0.32441098146666664
0.32428069746666666
0.3143084775333333
0.3076461558
0.3082874858
0.3096564105333333
0.3131202086666667
0.3106047134666666
0.314597546
0.3145611061333333
0.3225844243333333
