0.26661598345000004
0.22566815955000002
0.23030515260000003
0.2207236484
0.20452960555000002
0.19861667395
0.1949929924
0.19248586635
0.18889329735
0.18529677635000003
0.1843627934
0.18191492355
0.17966106764999998
0.17758376829999997
0.17548770739999994
0.17463174454999994
0.17502034474999995
0.17514866829999998
0.1744572746
0.17401745144999997
0.17367992540000005
0.17351716700000003
0.17313922520000002
0.17153133680000004
0.17170153925000003
0.17159739820000003
0.17147346695
0.1710939239
0.1708279049
0.17077735494999996
0.17097374094999998
0.17124454289999996
0.1709410397
0.17073248739999997
0.17107513195
0.17085225285
0.16997991524999995
0.16986907529999995
0.1701026711
0.17045105344999997
0.17013014715
0.17009280635000001
0.1701222518
0.17059605014999998
0.17019379745
0.17075541775
0.17108819824999996
0.17146005119999996
0.17262702624999998
0.17265541364999998
0.17185210289999997
0.17120556394999997
0.1712489304
0.1707515961
0.17034348800000002
0.1706862919
0.17065081265
0.1704808073
0.16940036335000003
0.1681557556
0.16812987105
0.16751097175
0.1669061255
0.16707122825000004
0.1677251583
0.16705694335000001
0.1665947834
0.1665557265
0.1659907543
0.16572187239999997
0.16634164859999997
0.1670587318
0.16721217345
0.1680238256
0.16768795435
0.1670372368
0.16707685749999998
0.16637638925
0.16605155874999997
0.16673549185
0.16637828819999997
0.16598998945000001
0.16666529315
0.16616425415
0.16507134995000003
0.16579597930000003
0.16637702085
0.16642136540000002
0.16634557485000004
0.16630530745
0.16652631775
0.16617109410000003
0.16547887495000002
0.16550504175000003
0.16556760795000003
0.16608652615000002
0.1661061405
0.1660542801
0.16724642920000002
0.16723194415
0.1673272662
0.16802720295
0.16755476105
0.16852981185
0.16964175870000003
0.16932526679999998
0.1686837364
0.16816763305
0.16752253614999998
0.16727481815
0.1669420674
0.16734906400000002
0.16870675815
0.16778462275
0.16809810505000003
0.16817855745000004
0.16773116235000002
0.16860080145000003
0.16872543095
0.1687476329
0.16944333885
0.1700137812
0.1695893229
0.17017345275
0.16926415629999997
0.16906966915000002
0.16920298159999997
0.16853124260000002
0.16965904829999998
0.1704061184
0.170874102
0.17127024764999998
0.17087399909999998
0.1715620779
0.17165894155
0.1719472269
0.17248699645
0.1724646091
0.17241712920000002
0.17203436919999998
0.1710625215
0.17039726300000002
0.17083979345000003
0.16928150435
0.17047056175000003
0.17040250755000003
0.17055857735000002
0.17149106465000002
0.17123525265
0.1710218256
0.17059470825
0.16980445735
0.16929191859999998
0.16932346334999998
0.16917588504999997
0.16910129019999995
0.16976988845
0.17045784384999998
0.1699674669
0.1712338516
0.17199757460000004
0.17170699430000003
0.17123340290000003
0.17161091820000002
0.17067737055000004
0.17096413280000006
0.17017007920000002
0.17000787275
0.16949726315
0.16928589455
0.16962367799999997
0.17027481949999998
0.17114699960000002
0.17114149615000002
0.17050545874999995
0.17026174084999998
0.16946422415
0.1684414114
0.16830838975
0.1673592208
0.1675841803
0.16796685940000003
