0.5695040808
0.53994476705
0.5453163523000001
0.5425192577000001
0.5409468165
0.5305944158000002
0.5317618465
0.5450754803000001
0.53938737615
0.51908310985
0.5097266669499998
0.4990933216499999
0.49725212369999994
0.49537391815000004
0.4907230319000001
0.48392369679999997
0.4815665224000001
0.4620425201500001
0.45468936755000017
0.44835712685000007
0.4462857767
0.44968066215
0.44554815589999996
0.44542638544999996
0.43820013924999995
0.4320724518499999
0.4342178502499999
0.43405894069999995
0.432459365
0.4450071458
0.4539575995500001
0.4560740517000001
0.4559824167000001
0.45579544124999993
0.4600591804999999
0.4627494595999998
0.4528317533499999
0.47272932329999995
0.4759937838
0.477257512
0.47557473024999997
0.47293046255000004
0.47477301375
0.4675795544
0.46041751484999993
0.46499162414999995
0.4658215294
0.4651727470000001
0.46343605345000005
0.46432416839999996
0.46376993105000003
0.4655905529500002
0.45753327295
0.45601706185
0.45367935800000003
0.45457163475
0.4677582471000001
0.46788701770000013
0.4669691115
0.46315024295
0.46244564089999995
0.46650409095
0.46643210180000005
0.4720413734000001
0.48331770790000006
0.4815093065
0.4701033801
0.4700218512
0.4718573403
0.4679112972
0.46002454555000005
0.45547886870000004
0.46698563779999996
0.4628271141
0.46015558805
0.45151498064999995
0.44819428804999994
0.43501388115
0.42861342034999994
0.4296767783
0.43025779615
0.42922861915000005
0.42007545744999997
0.4111967739500001
0.40815156905
0.40656411155
0.41540599865
0.40964281445
0.41127529545
0.41113922010000004
0.42074753205000004
0.42713854749999997
0.4251264776
0.43185416970000007
0.42962300560000005
0.4364357827000001
0.4344241062000001
0.4410788791
0.44987395904999994
0.44927655129999994
0.4460951605499999
0.44216664004999995
0.44803926090000007
0.45665467065000004
0.45701032105
0.4595622895
0.4611216685
0.4668544798500001
0.4539402187
0.45255924505000006
0.44753572630000005
0.4499392294499998
0.44785073565
0.44197275419999993
0.4439647201499999
0.44340965684999994
0.43677420984999993
0.43565179544999993
0.43200855939999994
0.43184310044999996
0.43430023985000005
0.43696229759999994
0.43123297425
0.43126858845000005
0.42373267165
0.42672911969999994
0.42711868475000003
0.42391001210000007
0.4370707476999999
0.43698764400000006
0.43490264879999996
0.42989831780000004
0.4252115027
0.42874967675000003
0.4287860126500001
0.42353347165000005
0.43144141395
0.43553399745000004
0.43377127365
0.43006944000000014
0.42680305185
0.42499985865
0.4298455445999999
0.4114273166500001
0.41614330959999996
0.4111606737
0.40932894535
0.4117769537
0.4062768815
0.4070783834499999
0.40607081219999996
0.4033269170499999
0.40909062889999986
0.40415946499999994
0.40614615709999996
0.4096546846499999
0.41196889384999996
0.4125055755
0.42055540335
0.424253974
0.42683515549999995
0.427127862
0.4289846550000001
0.44789550490000013
0.44778319420000007
0.4483214429000001
0.4394548153500001
0.44145507735
0.4447255333499999
0.4450462749
0.45136166815
0.4570058024
0.45935274344999993
0.45169157215
0.44008469189999994
0.4421614258499999
0.43928790539999996
0.43665128705
0.42713937055000006
0.43102639215000005
0.42862327130000005
0.4302541046
