0.4664946495500001
0.4326672318500001
0.43281504435
0.42758116905000004
0.41891503669999997
0.4070201773999999
0.40368892044999993
0.40902314805
0.40218672359999996
0.38671620839999993
0.37950833019999997
0.37044566084999997
0.3678687237
0.36426328425000004
0.3589540061500001
0.3538053413500001
0.3513319977500001
0.3409910098000001
0.33549461665
0.33031598605
0.3280956346
0.33005196864999997
0.32875173195
0.32739194485
0.32340101904999996
0.3200834276
0.32143184425
0.32047295015
0.3194788036
0.32683864575
0.3317892658
0.33302053635
0.33291036505000005
0.33392100640000005
0.33669481570000004
0.337689408
0.33265931404999993
0.34249544624999995
0.3447509445
0.34598871595
0.34477773725
0.3435497874
0.3439687243999999
0.3396487950499999
0.3350548301499999
0.33729759244999996
0.33793153789999997
0.33976152359999995
0.3401195373
0.34098105975
0.34107804140000003
0.3414522487
0.33786554355000004
0.33532657275
0.33309947345
0.333368134
0.3388955557000001
0.33822028475
0.33604685215
0.33284448834999997
0.33271804085
0.33291158460000003
0.33171594060000004
0.33467970675
0.34165606854999997
0.3396328989
0.3336688239
0.33197084565
0.33127918129999995
0.3301858275999999
0.32647274169999996
0.32555903225
0.3312600134
0.3308585248
0.329739222
0.32537908805
0.32425374575
0.31711107474999994
0.3145398115
0.31530571739999996
0.31417029635
0.31428709564999996
0.31135584769999997
0.30688103785
0.30306964105
0.3023824361
0.30589159380000003
0.30247846910000004
0.30385087015000006
0.30294531705000005
0.3074071961
0.3094936629
0.30854355095
0.31091902950000005
0.3108702567
0.3151391008
0.3138766137000001
0.3180459767
0.32286978574999997
0.32167652859999996
0.3211469352
0.31881359535
0.32052025935
0.32442945324999994
0.32599948424999997
0.32828591115
0.32940421454999996
0.33366024429999996
0.32754418944999997
0.32644542675
0.32313354639999997
0.3238527846
0.32346595165
0.32103764050000005
0.32030860520000004
0.3191703015000001
0.31704275945000004
0.31679313305
0.31592830435
0.31696082935000003
0.31777805715
0.3198883524000001
0.3169655013
0.31782291435
0.3145216607
0.31624286459999995
0.31608133439999997
0.31296305365000004
0.31904616935
0.31935279775000003
0.31919411895000005
0.3186048495500001
0.31667123905000005
0.31823600965000004
0.31934692825
0.3181719239
0.32107192804999996
0.32256126209999997
0.32116996705
0.3198249776
0.3177742533
0.3162301297
0.31858519395
0.30994232780000003
0.3122622788
0.30851345175
0.30794087025000005
0.3096780486
0.3062681385
0.30717825590000003
0.30613911195
0.30300592600000004
0.304298104
0.30141066090000007
0.30301061785
0.30492204205
0.30673664905000003
0.30810409095
0.3123914144
0.3144449054000001
0.31548440195000005
0.31544350575
0.315312123
0.32334533765
0.322994692
0.32456863565000005
0.31901553985
0.31949926975
0.32181308654999996
0.32057154755
0.3234168707999999
0.32653471004999995
0.32830949405
0.3265564666
0.32024289985
0.31921268329999997
0.31760839269999996
0.31638200609999995
0.3115494314999999
0.31357288014999996
0.3144377581499999
0.31667089849999996
