0.5584309954800001
0.53701958316
0.5401572862
0.53735533848
0.5220112439199999
0.50632578652
0.50349122524
0.51248258908
0.50820482824
0.50065626168
0.4981374461199999
0.4938067966
0.47981147952000003
0.47446200504000013
0.47168996780000016
0.46913348152000006
0.46732009080000014
0.4637363510800001
0.4618948722400001
0.45549070608000003
0.44848569232
0.4524380497199999
0.45115135691999997
0.4493074243199999
0.4452595073599999
0.44501633351999986
0.4429409894
0.44120813820000004
0.44133128032
0.45343711819999993
0.46055568023999993
0.45679754196000005
0.46019323920000005
0.45895789755999994
0.46091755187999994
0.46245430827999995
0.46041124292
0.47392074596
0.47220702172
0.46513901647999994
0.4634503702799999
0.46535074352
0.4668510298
0.46371515871999996
0.46615873067999997
0.47037431688
0.46803915156000003
0.459987604
0.4601774378000001
0.46037488796
0.4610469084
0.46614489828000016
0.4697169200000001
0.4678968337600001
0.4633904018400001
0.4622112533199999
0.47134911300000004
0.4688829687600001
0.46904509339999995
0.46998717320000005
0.46819803128000004
0.46308907756000006
0.46305009976000006
0.4671373874400001
0.4721537565600001
0.466400654
0.45976502300000005
0.46143791664000006
0.45969028632000003
0.4570400236800001
0.45124294808000004
0.45222788636000005
0.45170140656
0.44597392056
0.4441883380800001
0.44276018244
0.44052541063999995
0.43063372056
0.42442722335999994
0.42598823408000003
0.4234928078
0.42221060372
0.41761866987999996
0.41852452508
0.4144109663199999
0.41779123443999994
0.42539315691999996
0.42552161775999997
0.42768774984
0.4264093904
0.43237193780000005
0.43538407636000004
0.43097599960000005
0.4356113965200001
0.43548510868000007
0.43842432636000006
0.43570329224000004
0.44105402435999996
0.44686022359999994
0.44785506827999993
0.44693640247999994
0.44772504319999995
0.45504188780000004
0.4527192808800001
0.44993710712
0.45056852624
0.45301974156
0.45608795472
0.45224571684
0.45266979043999994
0.45050163763999995
0.4430926062399998
0.43939625388
0.43573490827999994
0.43726118455999996
0.43671589208
0.43773384535999993
0.4331773004799999
0.43197592711999994
0.42741996456
0.4314435698
0.43568667895999996
0.43573848876
0.43705214251999996
0.43391896548
0.43084081367999993
0.428041061
0.42277357300000007
0.4320932832799999
0.43365120452000006
0.43129983392
0.42829435384
0.42954286331999997
0.42917372383999997
0.42614496044
0.42343060808
0.4283143644
0.4285322998
0.41551093292
0.4148601318800001
0.41293191688
0.41357999716000005
0.42017367231999997
0.4170587769600001
0.42059553492
0.41431416767999996
0.40900764684
0.41091806644
0.40576425712
0.4089780149999999
0.4111014625999999
0.4139508146799999
0.4193781215599999
0.42261830512
0.42251932952
0.4260719551599999
0.4248635228399999
0.42329282584
0.42681031792
0.42903113524
0.43014662972000006
0.42514396252000014
0.42946129852000015
0.44369735032000013
0.4437179071600001
0.4464749632400001
0.44714913248000004
0.44897869824
0.4420960096399999
0.4353830617599999
0.4399739535199999
0.4427196053599999
0.4414266480799999
0.44100222955999996
0.4424235175599999
0.44124682447999997
0.43949169144
