0.4479597732400001
0.42176805816000007
0.42192857967999997
0.41609159999999995
0.40043928271999996
0.3865126483599999
0.38139239999999996
0.38395776147999994
0.3781315686799999
0.37107111475999993
0.36803273564
0.36329968751999997
0.355720955
0.35128060600000005
0.3475888365200001
0.3454341492400001
0.3440884779600001
0.34195243012000004
0.34003041604000006
0.33554257108
0.33083079568
0.33277974808000005
0.33205490431999996
0.32960970764
0.32677816996
0.32632791908000003
0.32485769272
0.32306753508
0.32351899492
0.3310540006
0.33457759788
0.33307061008000005
0.3354223330400001
0.33567073420000004
0.33721660436
0.33821206596000003
0.33786270968
0.3443346018
0.34335375875999996
0.3393336463599999
0.33819236195999997
0.33908340347999993
0.34086273763999997
0.33979178159999995
0.34084220251999997
0.34312361012
0.34087401627999997
0.33698160979999997
0.33619721024
0.33606266276
0.33584069244000003
0.33777062556000004
0.33967026880000006
0.3373714108
0.33413634248
0.33423497224000004
0.3380645261200001
0.33571099728
0.33529676856
0.33586752844
0.33407649128000005
0.33117863268000003
0.33126443464000005
0.3330960906
0.33694700048000004
0.3344637295199999
0.33097601176
0.33018040164
0.32878840024
0.32706919256
0.32328152975999996
0.3240118232
0.32306669375999997
0.3207420018
0.31990133763999995
0.31887670212
0.31837775808
0.31421944764
0.31196411712
0.3120476506
0.30980800748
0.30956264004
0.30787445743999997
0.30843302132
0.30597839928000004
0.30868316728
0.31163588296000005
0.3114385658800001
0.3125002788000001
0.31161673584000005
0.31421461704000003
0.31466588836000003
0.31249546440000003
0.31435101056000003
0.31345118292
0.31549097984
0.31402563776000003
0.31694679532000003
0.31987583051999996
0.32060266408
0.32110049931999995
0.32165633516
0.32571797472
0.3249635426
0.32467902783999997
0.32528405552
0.3260048356
0.32822855192
0.32624969508
0.32550736636000005
0.32362510136000006
0.3207051656
0.31909513008000007
0.31835843044000006
0.31832364104000005
0.31760214492000005
0.31883502872
0.316082415
0.3158383334
0.31487876976
0.31717724284
0.31947052640000007
0.31967221016
0.32065691548
0.31936167864000004
0.31801062176
0.3173653436
0.31463734772000007
0.31880315124
0.31982856756000005
0.31965580336000005
0.31848048036000004
0.31837137844
0.31846429168
0.31793673895999996
0.31648530636
0.31818492491999995
0.31751606371999996
0.31104955215999996
0.31111992932
0.30976555852
0.30991254067999996
0.31384224800000005
0.3114130948
0.3134869548
0.30992761964
0.30690501688
0.30770538799999997
0.30469474448
0.30675482364
0.30823814184
0.30898591996
0.31151765995999997
0.3137886154800001
0.31401512068000004
0.31433528880000006
0.31368218708000006
0.31171675244
0.31278984864000003
0.31365570084000005
0.3152010644
0.3121408688
0.31457350864
0.3209097018
0.32013436980000004
0.32185035488
0.32178008871999997
0.32261054436
0.32092540696
0.3172065388
0.31869699892
0.32066789332
0.32118478163999997
0.32189963195999993
0.32246493051999997
0.32194786167999995
0.32162958663999996
