0.24848734552000004
0.21547033936
0.21919695684
0.21059767167999996
0.19772938707999999
0.193120652
0.18984465032
0.18747281904
0.18494630555999997
0.18215216948
0.181557699
0.18046762664
0.17898739616
0.17745851652
0.17568009763999992
0.17516000007999996
0.17510825347999995
0.17493481203999997
0.17354896659999997
0.1732648098
0.17247247732000004
0.17211458528000004
0.17182797388
0.17068107688000006
0.1707275866
0.1710063056
0.17084589071999998
0.17023695771999997
0.17041765759999997
0.17077485395999997
0.17074926656
0.17091962
0.17115380228
0.17147363876
0.17165077448
0.17155872215999998
0.17116622276
0.17091367883999997
0.17045998704
0.17020588660000002
0.17013287119999998
0.17017141027999996
0.17048463467999997
0.17155762843999997
0.17149068611999996
0.17121006936
0.17063156832
0.17036096291999997
0.17035661055999998
0.17042776039999996
0.17051930731999995
0.1704446358
0.17078561636
0.17040793952000002
0.16931527340000002
0.16938081672000002
0.16919106796000005
0.16854331900000002
0.16803483276
0.16802517048
0.16767430816
0.16737299192000002
0.16763141444
0.16787339176
0.16791314608
0.16767905404
0.16740799516000002
0.16696266072
0.16667405004
0.16645379295999999
0.16666741444
0.16714167064
0.16688758344
0.16664790963999998
0.16642887648
0.16593441376
0.1654624094
0.16549090768
0.1654459454
0.16555764596
0.16580719476
0.16646583120000003
0.16724360636
0.16729286904
0.1667772654
0.16725455356000002
0.16706904372
0.16610117948000003
0.16628548000000007
0.16633038140000003
0.16646331648000004
0.1663795976
0.16596126876
0.16602599252
0.16606406832000004
0.16616643728000002
0.16622268576000004
0.16643360512000002
0.16742854788
0.16788265944
0.16816477764
0.16862082875999998
0.16844547828
0.16837949464000002
0.16854003996000003
0.16817142404
0.16784667824
0.16792949368
0.16743671832
0.16776461948
0.16778510823999998
0.16762765220000006
0.16845880996
0.16860230388000003
0.16860808828000004
0.16885188744000004
0.16934879832000005
0.16926163936000002
0.16977016672
0.16950842916000003
0.16955870000000003
0.16956145168000003
0.16922666352000001
0.1692828838
0.16915152772
0.1694104922
0.16991588723999995
0.17009458651999998
0.17066835172
0.1712719182
0.17178923584
0.17173799816
0.17146509071999996
0.17230830904000002
0.17175709960000002
0.17115905867999998
0.17148167883999998
0.17105283295999998
0.17021502544
0.17088677223999998
0.17032603496
0.16999728860000002
0.17074805692000003
0.17013232372
0.17055766316000004
0.17063052348
0.17039706784
0.17070312732
0.17039988376
0.17028773151999999
0.1703709864
0.17053771079999996
0.17113216652
0.17103262023999996
0.17141702763999994
0.17119933683999997
0.17085767712
0.170067868
0.16957005664
0.16980117332
0.170247324
0.16981554156
0.17008252036
0.17030493076000003
0.16960992940000005
0.17000745984
0.17017006156
0.17042787527999997
0.17032487856
0.16987463804
0.17010461247999997
0.17026552423999994
0.17045176076000002
0.17022056136
0.16996369623999996
0.16998564891999998
0.16941525387999998
