0.5909985107599999
0.57128553596
0.57617302484
0.57525216028
0.56095882836
0.5451186128800001
0.5433583096
0.5553339187599999
0.5530886094
0.5465478558800001
0.54470057352
0.54115242048
0.52379146468
0.51817909204
0.5163994718799999
0.51436724784
0.5126587727599999
0.5086283978399999
0.50743072876
0.50066713176
0.49246454164
0.49672353768
0.4951665179999999
0.4939821447999999
0.4897502118399999
0.4901745568399999
0.48766838908
0.48586626419999995
0.48530211732000006
0.4985029461600001
0.5080900678400001
0.5037602866800001
0.5073475807200001
0.5047822778000001
0.50666440288
0.50864301772
0.5058168573199999
0.52284371304
0.5212434895199999
0.51267380844
0.5107370282399999
0.51355820112
0.5147616289599999
0.5107716717599999
0.5137848992799999
0.51939546704
0.5171175338
0.50641979324
0.50754163504
0.50814346752
0.50935292332
0.5161331155200001
0.52053453108
0.51953588624
0.5142340830400001
0.51208483988
0.52370325544
0.5215689124399999
0.5224621987599999
0.52335710748
0.5217436651599999
0.5155821925999999
0.5157349147599999
0.52084786816
0.52724293028
0.5209161988
0.51278239236
0.51596663308
0.51405293148
0.5115127333999999
0.50517481932
0.5067386579200001
0.50731034448
0.4989418756399999
0.496743855
0.4953396420399999
0.49240262244
0.47966187344000005
0.47088271643999996
0.47371135468000003
0.47123432436000007
0.4691970976400001
0.46285333676000007
0.4635999639200001
0.45858250680000007
0.46149119256000004
0.47208506867999994
0.47306928831999995
0.47533887392
0.47308488703999996
0.4795917344400001
0.4847906711600001
0.47956238240000004
0.4854692897200001
0.48550267132000013
0.4883782533200002
0.4853252194000001
0.4917272648400002
0.5007442424
0.50236137016
0.50052075628
0.50171050336
0.5106534191600001
0.50750053032
0.5031134412400001
0.5036301179600001
0.5072160471200001
0.5105647820000001
0.5057417281600001
0.5075422795200001
0.50609855704
0.49589645656000003
0.49097676768
0.48623807667999996
0.48900306275999994
0.4886849353599999
0.48860596623999997
0.48371325555999994
0.4823362869599999
0.4756903555999999
0.4808713519599999
0.4857730805199999
0.48595710919999996
0.48661895439999997
0.48246241479999996
0.4794743243599999
0.4754162138799999
0.46878060184
0.4813127548
0.48364473812
0.48087982216
0.47710986996000004
0.4796141232
0.47938794884
0.47471220284000004
0.47140608135999995
0.47821628396
0.47842740027999997
0.46207914891999996
0.46057127523999997
0.4577033772400001
0.45861538296000004
0.4653641008000001
0.46195859636000014
0.4661943684000002
0.4579662668400002
0.4509108084800002
0.45284669788000015
0.44743972744000005
0.45055087184000003
0.4520646427200001
0.4562982976
0.46310896195999995
0.46648983763999996
0.46619832928
0.47105838180000004
0.4697954730400001
0.46774963172000006
0.47230679200000003
0.47536282584
0.47604078835999997
0.47003111564
0.47535144055999995
0.49333069471999996
0.49400537547999995
0.49801546484
0.49926704736
0.5017013758400001
0.49144935275999996
0.48311297024
0.48983843116
0.49336951876
0.49131990087999994
0.48901387492000004
0.49103651587999997
0.48982365664
0.4872210164
