0.23559554863333335
0.20776716313333335
0.210567569
0.2036911161333333
0.19303677956666662
0.1893234302333333
0.18731694843333332
0.18560946756666666
0.18361483953333332
0.181201751
0.1808435862
0.17963300359999995
0.17816939463333328
0.17620138619999995
0.1747757885666666
0.1739071142333333
0.17367425429999997
0.17354283813333335
0.17250414503333336
0.17219263750000005
0.1718340536333334
0.17148475203333335
0.1709914937333333
0.1703636754666667
0.17073379716666667
0.17081381616666666
0.17064156366666663
0.17053160686666666
0.17108775536666665
0.17130460239999998
0.17135515536666668
0.17175159213333335
0.17181018406666668
0.17154290743333336
0.17124651526666668
0.17132289636666667
0.1710528233
0.17108376006666665
0.17128397946666668
0.1712846123
0.17061550529999997
0.16994368333333335
0.1697312972
0.16984384833333335
0.16982842966666664
0.17020641196666667
0.17009312746666663
0.1701228624666666
0.17013606099999995
0.16955686949999996
0.16945924209999996
0.16926254470000002
0.1691202412666667
0.16910206800000005
0.16901319950000007
0.1687926900333334
0.1687960687333334
0.1688748608666667
0.1685427016
0.16813182493333337
0.1680898396
0.16792096696666667
0.16779124496666664
0.16812903196666665
0.1681578676
0.16772762466666666
0.1674189003
0.1667337545
0.16575241599999999
0.16561025496666662
0.1658100323
0.1657854950333333
0.16606448309999997
0.1660438400333333
0.16549844079999995
0.1655324816333333
0.16594687419999996
0.16616856626666668
0.1665061759333333
0.16689819283333338
0.16702080406666664
0.16702771520000004
0.16683974459999998
0.16708490763333333
0.16671950070000002
0.1670806798666667
0.16709313836666667
0.16639945690000005
0.16658953260000006
0.1666169694666667
0.16646711070000006
0.16643114246666668
0.16629287483333333
0.16638116420000001
0.16680097703333335
0.16705783496666668
0.1670181268
0.1673627288
0.1674868275333333
0.1672577437
0.16739665686666666
0.16793376489999998
0.16820072126666666
0.16816515336666668
0.16873733743333336
0.16866906529999998
0.16799589936666667
0.16785241426666667
0.16817610333333333
0.16824518643333333
0.16841179143333335
0.16899293386666675
0.16903317346666671
0.16949343820000004
0.16926534260000006
0.1690465969666667
0.1690826875333334
0.16901403713333338
0.1690952402666667
0.1693738598666667
0.16976121406666675
0.17009579470000002
0.17041354663333333
0.1701866640666667
0.170082126
0.1704170387
0.1705314060666666
0.17071706496666664
0.17143916536666665
0.17141822046666666
0.1711587608333333
0.1710250665333333
0.17045519699999995
0.17049135926666664
0.17084698039999996
0.17052923036666662
0.1709676308666666
0.17094087926666662
0.17076845473333332
0.1708899883333333
0.17052879366666665
0.16995624546666666
0.1702152771
0.16962000446666667
0.1700232785
0.17043811939999998
0.17090934396666665
0.1720014658
0.17164477776666665
0.17197004259999996
0.17190774256666666
0.17131623096666662
0.1706947995333333
0.17052391946666662
0.17019259973333328
0.16987383429999997
0.16942301936666665
0.16930305503333332
0.16882187736666665
0.16905767189999998
0.16956956466666667
0.16987461646666668
0.1704200812
0.17085999900000004
0.17004654316666673
0.17034427493333337
0.17017977516666666
0.1699683636333333
0.16969353583333333
0.16952830606666666
0.1699007239333333
0.17009116566666663
