0.5335677078
0.5125844426666667
0.5138162425333334
0.5117085548333333
0.5061675147666667
0.4972349159000001
0.49835280376666674
0.4954103080333334
0.48863974896666673
0.48313983663333343
0.48344330849999995
0.4798947245666667
0.4782615120666667
0.4771711527000001
0.47374581033333346
0.4671587937333334
0.46667800900000006
0.46537431940000007
0.4623843235000001
0.4584917516999999
0.4565367203
0.4566706324333333
0.4542602854666667
0.4538926772
0.45224242409999993
0.45200494509999983
0.4457327416666666
0.4471795367
0.4463773540666667
0.45525610473333333
0.46067535070000004
0.4624528185000001
0.46327543876666677
0.4586415768666666
0.45354213229999996
0.4545374119666666
0.456181347
0.4674611373
0.4682154474333334
0.4691364460666666
0.46819282319999994
0.4672772263
0.46225036349999993
0.4609531281333333
0.4625619032666667
0.4670044003666666
0.4680930062333334
0.4697315880333334
0.46938385173333347
0.4673515028333333
0.46633404493333336
0.4694061780000001
0.47024189550000006
0.46947219830000003
0.4690478172333334
0.4670439765666667
0.4676957648333334
0.46565615590000003
0.46545781843333334
0.4629056362000001
0.45782603340000005
0.4556428304000001
0.45705877953333346
0.45778483460000013
0.46238728540000007
0.45801997136666667
0.45634151200000006
0.44962567746666676
0.4461687630000001
0.4442532427666668
0.4439926216666667
0.44516488880000005
0.4452700185
0.4395920063666667
0.43869595793333344
0.4350389611
0.43279426586666664
0.42682668706666665
0.42832860773333326
0.4282316209666666
0.43002729416666663
0.42939913476666663
0.4295216967333333
0.43099336546666667
0.4265908171999999
0.42797095549999997
0.4325553294
0.43033036273333336
0.43151317550000007
0.43183007883333335
0.43470636500000004
0.4362900697
0.4326391005666667
0.4354770440666667
0.4365991132666667
0.44040383366666674
0.44141251950000004
0.4480537528666667
0.44521313996666667
0.4434865988
0.4415459142666666
0.44320620829999996
0.44803854886666666
0.45151068563333335
0.4504662512666666
0.4525346523666666
0.44680080353333335
0.4476696834
0.44533535146666664
0.4456326657333333
0.44374150353333336
0.4428392364333332
0.4367100983333333
0.4350866565666667
0.4326722239666666
0.43393272499999996
0.43654223853333324
0.43660784153333326
0.4366776657333332
0.4352939939333333
0.4340842397666666
0.43502732679999995
0.43282004339999997
0.43290735636666666
0.43165004566666665
0.4285154404666666
0.4270139671666666
0.4267893618
0.4318893880999999
0.43063946236666667
0.4299197205666666
0.4262129892333333
0.4247066376333333
0.41472303153333334
0.4141246169333333
0.41243340289999997
0.4182453955333333
0.4206912803666667
0.4195232138
0.4187841826000001
0.41526462133333336
0.4126037397666667
0.41805847983333333
0.4148346074000001
0.4199257026333333
0.4171324837666666
0.41691410656666666
0.4191864040666667
0.42087915853333335
0.42215034903333326
0.42454139169999994
0.42436601869999985
0.4272220724999999
0.4274869169666666
0.4267894046333333
0.4289587170666666
0.42358766313333335
0.4246386669666667
0.42682605360000003
0.42876873919999997
0.43163703220000005
0.4339410356000001
0.4377299457333334
0.44167744440000006
0.4358866241666667
0.43779965186666664
0.43688674659999993
0.43576929296666655
0.43478748456666655
0.4381156881666666
0.43957636443333326
0.4423174770666666
