0.6821320681999999
0.5699290082000001
0.5274828006
0.5386703458
0.548950925
0.51103345
0.5451143306
0.6086098412000001
0.5970364572
0.5759111746
0.5939756305999999
0.5827914638
0.5925178416000001
0.5942309634
0.610593976
0.6052056066
0.5842988555999999
0.586598197
0.5764680372
0.5746480078
0.5626457984
0.5742940216
0.5656564438
0.5698549977999999
0.49469005839999997
0.45273257879999995
0.4302928764000001
0.4232872702
0.42785259140000004
0.4768960626
0.5089432532
0.5340848850000001
0.4508975707999999
0.42248887039999994
0.42516925459999994
0.4423090022
0.44032322520000006
0.5167025074
0.540489147
0.5319322754
0.49569207560000006
0.5046226802
0.5192887978
0.5092251174
0.5200634082
0.5511958744000001
0.5290182786
0.5191551748000001
0.5264548604
0.53845373
0.5423101338
0.5107523643999999
0.5306938528
0.5252533938
0.5177033462
0.5117080026
0.5443677382000001
0.5283782324
0.504794929
0.45521628240000006
0.45277905479999997
0.4790299442
0.47629208700000003
0.4881300582
0.5374877296
0.5389842696
0.5224193436
0.47757961919999997
0.4930749338
0.49185624939999995
0.5009831558
0.5240961872
0.5897288639999999
0.5864261164
0.5689068076
0.5559697166
0.5486030640000001
0.5358657596
0.5398849564
0.5633184684
0.560002129
0.503762424
0.4992082440000001
0.4967232760000001
0.4746453964
0.448641723
0.46503094300000003
0.4774506786
0.4541553748
0.4588367452
0.46027737220000003
0.4922006714
0.4342981762
0.41751965460000007
0.41801185739999996
0.4518072694
0.45241600979999996
0.45148650879999996
0.4461303204
0.45374430599999993
0.43544312820000003
0.4325754399999999
0.4518230762
0.5034711937999999
0.487674229
0.51128647
0.5182022792
0.5502880018
0.555417826
0.5471572976000001
0.5391444324
0.5285589554
0.509916149
0.5048074538
0.5209256666
0.5042099666000001
0.49487341259999995
0.4951225884
0.493894418
0.5023053516
0.5125197842
0.5343424295999999
0.5461172804
0.47991175999999997
0.45750466139999996
0.4509899366
0.46010315879999997
0.4513798904
0.49467718299999996
0.5098184204
0.5236286654
0.46160432639999993
0.4523479302
0.4578995686
0.4544612138
0.452076324
0.4921065038
0.47359858839999996
0.4852985052
0.45436213080000004
0.4651420496
0.48070898399999995
0.5063418566
0.5153077552
0.5361656476000001
0.5055346462000001
0.4825580964
0.46023474360000005
0.453380762
0.46341627799999996
0.4580174256
0.46857143919999994
0.5055474972
0.4850531532
0.46515574400000004
0.4762599614000001
0.46713639640000004
0.44641431560000006
0.371355569
0.3837565758
0.3835628034
0.39410199879999996
0.40828209099999996
0.4846957424
0.4824775966
0.4664564976
0.44218611160000004
0.44375484200000004
0.44271341059999997
0.4579481648
0.4760265255999999
0.509495542
0.511546064
0.5486313130000001
0.5416535652000001
0.552986121
0.5360573164000001
0.5287508460000001
0.514137925
0.5109782268
0.5011719942000001
0.4683146094
0.48442335980000006
0.47647508260000004
0.476969324
0.4934361858
0.5402816574
0.5400317674
0.4752890326
0.42801557039999993
0.4255713292
0.41269846860000003
0.39184746719999997
0.4305360214
0.497565893
0.47595265300000006
0.47875303020000004
