0.6697773142000001
0.5580505298000001
0.5204845097999999
0.5292271877999999
0.5337237802
0.4927222648
0.5210828395999999
0.5734044505999999
0.5595284685999999
0.5403891808
0.5549924434
0.5427678934
0.5508873169999999
0.5535525549999999
0.5650213316
0.5605243007999999
0.5378778054
0.5364891318
0.5277688194000001
0.5246529734000001
0.5141386542
0.5253188476
0.5195210217999999
0.5166996616
0.4462689536
0.4092512694
0.39040874019999994
0.3821110242
0.3834746365999999
0.42694886899999995
0.45178056279999995
0.4726606964
0.41004890279999995
0.39081435259999997
0.3955577114
0.40997262040000004
0.4103343644
0.4705116748
0.49071689100000004
0.48402502300000005
0.45728535479999993
0.4634676
0.473564161
0.46483157979999995
0.4734969798
0.49679186019999994
0.47783354599999994
0.46980492819999997
0.47681894160000005
0.48715700779999993
0.486948003
0.459691503
0.47703652919999995
0.47160772279999996
0.4643510374
0.461273703
0.4907292012
0.4786864366
0.4570599734
0.41666503439999997
0.4149529304
0.43503186739999994
0.435163094
0.44825757599999994
0.48912359399999994
0.49190508780000003
0.4769096402
0.43924703200000004
0.44714297519999996
0.4445777662
0.4501548178
0.4683622796
0.5184515081999999
0.5154159214
0.5022345772000001
0.4927697276
0.48571257659999995
0.47286677299999996
0.47734902100000004
0.49733489420000004
0.49120759280000004
0.44942902400000007
0.4495220916
0.4475214436
0.4274979512
0.405966044
0.41841159460000005
0.42710217840000003
0.41102207040000005
0.41355492960000007
0.4161165582
0.439223957
0.39056448159999996
0.37856114639999994
0.38031933819999997
0.4077409896
0.409849901
0.4131130782
0.40768243540000004
0.4112340572
0.39643285440000003
0.394138542
0.40779151960000004
0.4478355296
0.4394485554000001
0.462699726
0.46534179
0.48903683100000006
0.49333756740000007
0.4874900716
0.47886956080000004
0.46836619179999994
0.45437408760000003
0.45064030380000003
0.45893352099999996
0.44637850100000004
0.4408200364
0.4409546054
0.4348052818
0.4421691362
0.45030137020000005
0.4699586558
0.4830523954
0.43697772180000005
0.42164425139999995
0.41459347319999995
0.4206120338
0.4130218542
0.4454677094
0.453111972
0.462365283
0.4157061134
0.4055783268
0.41078352459999995
0.41044704220000006
0.409940833
0.44157238740000004
0.4232793206
0.431845398
0.40972742100000004
0.4200168896
0.4305842044
0.4537605468
0.4601863588
0.4746641408
0.4472875896
0.43173056600000004
0.41822781659999997
0.4121834256
0.4203054465999999
0.4168885744
0.421878498
0.4468683058
0.43086991220000004
0.4155807516
0.4230191538
0.41580616620000005
0.4005255092000001
0.34246957
0.3540228994
0.357447377
0.36790055120000004
0.38148618320000005
0.43958461820000005
0.4384044362
0.4269281436
0.40772245279999997
0.40748251739999997
0.4037137596
0.4165765412
0.4312240642
0.4564464052
0.46052809219999996
0.4964536656
0.4880120192
0.4917410372
0.47644203879999997
0.46644182720000005
0.4518299762
0.4481397802
0.44339252659999995
0.4172083646000001
0.4313678726
0.42690473199999995
0.427456759
0.43908904460000003
0.47792640100000006
0.4790731818
0.43157791479999996
0.3967302092
0.394423095
0.38557481720000003
0.3697222666
0.3982448592
0.45177882020000004
0.437588419
0.44030683560000006
