0.4479700318
0.29737972719999994
0.3260413188
0.297415169
0.24745983000000002
0.2281520864
0.22156355740000003
0.2187198246
0.21439645459999998
0.2088100178
0.2092615168
0.2022567542
0.19434230759999999
0.18946348419999998
0.1823306824
0.18108029879999998
0.1814725994
0.1821171594
0.1816194858
0.179517892
0.17597279380000003
0.17467905860000005
0.17476417380000003
0.1700937648
0.1705285132
0.1711365642
0.169251282
0.1674206298
0.1691583384
0.169573742
0.1703373214
0.174678439
0.1762927102
0.17695750940000002
0.1764496586
0.1772730222
0.17545988839999999
0.174079387
0.1699157346
0.1702542432
0.16764268499999999
0.1665042584
0.16658296860000002
0.1672800372
0.166831776
0.16864193519999998
0.1683355858
0.16680909299999996
0.1687766684
0.17076485000000002
0.169851369
0.1696199284
0.1720048526
0.1744382442
0.17395334459999998
0.1743845994
0.17591145280000003
0.175092093
0.1718892508
0.16922521920000003
0.17014376739999998
0.170485826
0.17193416620000002
0.1754039416
0.1766782408
0.1730286758
0.1688050486
0.1659646098
0.16127494779999998
0.16151714739999998
0.165188125
0.1674009232
0.1689323602
0.1690333132
0.165202415
0.16415891600000002
0.1633520892
0.1607933658
0.1625727104
0.16750283
0.16585205659999996
0.16682107259999998
0.17053257019999998
0.1710820458
0.1686650972
0.1701674968
0.1706608422
0.1685903976
0.169407233
0.1693814752
0.16797047780000002
0.167473426
0.16558922339999999
0.1611442458
0.16139256500000002
0.16152312159999999
0.159004617
0.1619489814
0.163023492
0.1608462624
0.16352282099999998
0.16836919820000001
0.1695568592
0.17180732859999998
0.1736009272
0.17308885059999998
0.1698371352
0.1648204358
0.16604510059999997
0.1664306772
0.16621131139999998
0.1672136116
0.16789084399999998
0.1681097956
0.1680499098
0.1664860818
0.1666888668
0.1679509052
0.1681570226
0.1704855206
0.1715148234
0.170995332
0.1720083472
0.1677782258
0.16413316500000003
0.16355605300000003
0.1644984456
0.16697693620000004
0.167093447
0.1697238248
0.17115727160000002
0.168742005
0.16746701719999998
0.1718730284
0.1706480212
0.1715452074
0.1758193422
0.17190499099999998
0.17394910980000003
0.1725516142
0.1700201446
0.16775213360000002
0.167776026
0.16572060799999996
0.16870101340000002
0.1707737844
0.1727675098
0.1763479622
0.17470556539999998
0.17473511739999997
0.1754497712
0.17360900019999997
0.1738294572
0.17529323360000001
0.17214973179999998
0.1680063858
0.1674604084
0.16540572839999998
0.1614066104
0.1662963844
0.1673800888
0.168397391
0.1703811108
0.1735356012
0.17090606879999998
0.17154258719999999
0.16975102979999998
0.167551378
0.1670584082
0.16735135520000002
0.169476099
0.17347072459999996
0.1784931582
0.1778692478
0.18038159799999998
0.1795915234
0.17520883179999996
0.1685079646
0.16798041560000002
0.16407046020000002
0.16324632160000002
0.1622497306
0.1654789902
0.165080981
0.1653401648
0.16618076799999998
0.17016999100000002
0.17210788540000002
0.1736353402
0.17222961199999998
0.17202835039999997
0.17022834319999997
0.1676708054
0.16653682220000002
0.1677966462
0.1688812812
0.16921937280000002
