0.3687131939
0.2875605372
0.21386030090000002
0.20061763259999998
0.19186065380000003
0.18290623060000005
0.1772630035
0.17289216990000003
0.1701606666
0.1687603821
0.16520452599999996
0.16159989949999998
0.1583626461
0.157041249
0.1539744893
0.153895762
0.1529907027
0.15049456770000003
0.14663795760000004
0.142450758
0.140005407
0.1377784038
0.1348125248
0.1317207885
0.1294033964
0.125895537
0.12242373259999999
0.119200444
0.1166427409
0.11416528290000001
0.1117026347
0.10898245840000001
0.10735148360000002
0.1057068855
0.10407332340000001
0.10314980230000001
0.1021877248
0.1015051928
0.10108199170000001
0.10065246680000002
0.09990709950000001
0.09947991250000002
0.0986902479
0.09771435170000001
0.0972054918
0.09653680369999999
0.09576161779999999
0.09477169030000002
0.0931472872
0.09181228100000001
0.09056463410000001
0.08918481750000001
0.0878723237
0.0866873362
0.08534213930000001
0.08400765530000001
0.08280680120000002
0.08174536950000001
0.0809876768
0.0804549265
0.0800235136
0.0794034607
0.07881151849999998
0.07841163100000001
0.0781277059
0.07817131299999999
0.0782756011
0.0777551255
0.07749867889999998
0.07712561999999999
0.0766795768
0.07640587039999999
0.07624122469999998
0.07584290349999999
0.0754047328
0.0744389075
0.0735122082
0.0731089147
0.07269284729999999
0.0719802894
0.0713505511
0.070339916
0.06931464650000001
0.06825848279999999
0.0674785963
0.06705644749999999
0.0665337289
0.0661057768
0.0654793127
0.0651601261
0.0646710087
0.0644873877
0.0643921792
0.0643174654
0.06422842549999999
0.0640635583
0.0637958248
0.0635170228
0.06326614750000001
0.06304543509999999
0.0628727151
0.06262185
0.0623328283
0.062202831699999996
0.061766906799999986
0.06153601939999999
0.0614060163
0.06133667229999999
0.061256170799999995
0.060960942
0.06072760270000001
0.0605371656
0.060250525799999996
0.0600399975
0.06008225449999999
0.05985703869999999
0.05944138699999999
0.0589011957
0.058465212700000005
0.05790721350000001
0.05724375250000001
0.0565384624
0.0559340991
0.0553803913
0.0546240518
0.0540074839
0.053574886200000005
0.0532236433
0.0526809569
0.052543697
0.052457398899999994
0.0523884868
0.05232365809999999
0.05201389320000001
0.0520578255
0.052047570700000004
0.05181676119999999
0.05153751249999999
0.051490858699999996
0.051348778799999995
0.051154190499999995
0.0510076829
0.05086136830000001
0.0508571357
0.0506394055
0.0504142422
0.05043237829999999
0.05052477949999999
0.0503484563
0.05018312849999999
0.0501269542
0.05004058460000001
0.0499626001
0.049918466499999994
0.0497135979
0.0496906714
0.0495326677
0.0492728358
0.0491472146
0.0490996312
0.04901743200000001
0.0488511562
0.0485014588
0.048046844
0.047626225800000005
0.04707121710000001
0.04665824480000001
0.0462176354
0.0459203376
