0.6134705487
0.5706502899
0.5239660574999999
0.5041449315000001
0.5007956185
0.5072413077
0.49056698919999997
0.4816189477
0.4863301218
0.47423720960000004
0.45110370070000005
0.43842340809999997
0.42923771200000005
0.44696759759999993
0.43008473239999995
0.4231071869
0.42422193020000004
0.417522777
0.41285545059999995
0.40988297430000004
0.41186981980000004
0.4045678913
0.3973124013
0.3887693421999999
0.3877277138
0.37997540629999993
0.37052152339999994
0.362230024
0.3474530227
0.337055096
0.3289108255999999
0.3228909845
0.3162652475
0.30706541900000006
0.30238624540000003
0.29457747650000005
0.29035480720000006
0.28573539530000003
0.28680953510000007
0.28642424120000004
0.2825770648
0.28179566730000005
0.28351767499999997
0.28496080529999995
0.28305539469999996
0.2824499527
0.2844661697
0.28602735999999995
0.2842832176
0.28172738540000003
0.28192648569999995
0.278538737
0.27525679319999996
0.2715823939
0.2704499176
0.2696918115
0.264199996
0.2607778993
0.2590418164
0.25741664420000004
0.2547950503
0.2516218008
0.2476170468
0.24629576130000003
0.24401142900000003
0.2422135708
0.2416341799
0.2391557158
0.23693994450000005
0.23548909890000003
0.233306827
0.23314147749999997
0.2335663435
0.23218004719999996
0.232122371
0.23027793059999996
0.2292805382
0.2297740867
0.2282487176
0.22781882060000003
0.22638042679999998
0.22403161800000002
0.2205699579
0.21772540510000002
0.21480778000000003
0.21276111220000002
0.20986896920000003
0.20689580209999997
0.2057284392
0.20409618489999998
0.20348410430000002
0.2012534456
0.2005139812
0.1994088647
0.19801417279999997
0.19754606199999997
0.1963852231
0.19469726729999998
0.1931929759
0.19182209870000003
0.19038574050000004
0.18982734680000005
0.1893608272
0.18856099990000003
0.18864881960000002
0.18699115900000002
0.18731489540000001
0.18743278430000002
0.18686171999999998
0.18553847399999998
0.18512074920000002
0.1847403377
0.18346977039999998
0.18308767050000002
0.18246666639999998
0.1827860986
0.1813813052
0.1798107826
0.17893224990000003
0.17820531990000002
0.17706713160000004
0.1753181535
0.17402004570000001
0.1728807432
0.17093815220000003
0.16882996960000002
0.1683025053
0.16746255200000001
0.1658122457
0.16456830179999998
0.1633478678
0.16322225949999997
0.162760607
0.1618888804
0.16160387319999997
0.16148180419999997
0.15991149109999997
0.1589071954
0.15829538040000002
0.15785507199999999
0.1567124906
0.1561800869
0.1553769517
0.15516123389999997
0.1543225061
0.1541035577
0.153709315
0.153910311
0.15352708610000002
0.1534180965
0.15408315169999998
0.15429825049999998
0.15421746790000002
0.1542571487
0.1543802816
0.15309683929999998
0.1523296089
0.1509748855
0.1509438799
0.1506413216
0.14975831759999997
0.14853553349999998
0.147539829
0.14618797059999997
0.14465589709999999
0.14345370669999996
0.14254664729999997
0.14159237049999998
0.14055432880000002
