0.6362126362
0.5989206075
0.5568091374999999
0.5324782091
0.5327185143000002
0.549126594
0.5332261987
0.5255307821999999
0.5310497198
0.5199060055
0.4959536024999999
0.48351515669999995
0.47623682260000005
0.5035872858
0.48336518539999995
0.473021331
0.4766526466
0.47169495250000004
0.4706825221
0.46931117980000003
0.4709985823999999
0.46378886789999996
0.4544425253
0.44684941780000004
0.4493133994
0.44456860710000007
0.4394405773999999
0.43307318910000003
0.4156985098
0.4029460052
0.3963259223999999
0.3926315951
0.3895522255
0.3780787819
0.3732463051
0.36341313259999997
0.35587761209999996
0.34728722599999995
0.3470686251999999
0.3469322106
0.34259823389999994
0.3389019866
0.3384321798
0.3420355853
0.3397106346
0.33648970069999995
0.3377127067
0.3419403993
0.3433810985
0.3411635602
0.34227873690000005
0.3384550911
0.33442765990000006
0.3294291897
0.328265801
0.32949435949999994
0.32649155539999997
0.3230527134
0.320570167
0.3182212271
0.3163645248
0.3138603076
0.3105219966
0.309698085
0.3070701787
0.30501656839999997
0.3031329904
0.29979152459999997
0.29657041859999994
0.2939851236
0.2906461414
0.2887951765
0.28869156949999997
0.2860132493
0.2850711983
0.2822974693
0.2802909228
0.2807216105
0.27823336579999997
0.2794698846
0.27927123560000006
0.2782937004
0.27606792309999995
0.2748905378
0.2728028844
0.2717274478
0.26935386370000003
0.26658633919999997
0.2667602512
0.2643931012
0.26250729510000004
0.2613840861
0.260594956
0.25863905919999997
0.25663489780000004
0.2542638074
0.2517062177
0.24966697
0.2468749675
0.2449968931
0.2432191084
0.2411295263
0.2390220674
0.2372293783
0.23642216009999997
0.23468825630000004
0.23444427280000002
0.2336962787
0.23324845180000003
0.23247118900000002
0.2319792298
0.232126216
0.23078569060000004
0.231170617
0.23107420360000003
0.23224516309999998
0.2327309372
0.23104387269999999
0.22951764400000002
0.22793328760000003
0.2258691931
0.2244651308
0.2241606164
0.2228537913
0.2214164456
0.2202033363
0.2185079564
0.2175380221
0.21699029750000004
0.2165809063
0.21641505689999999
0.21614342680000004
0.21563086410000004
0.21510790210000003
0.21394663600000002
0.21200771880000002
0.2104272551
0.2100084853
0.2092854953
0.20894865429999995
0.2082141821
0.20771393490000004
0.2063048001
0.2052537616
0.20493571319999998
0.20563446170000002
0.20660237599999998
0.2065868149
0.20696952740000002
0.20746749059999997
0.20777615479999997
0.2068734815
0.20630578109999997
0.20637131150000002
0.2067998896
0.2053729343
0.2039385165
0.2029815815
0.20082201070000005
0.19882048000000002
0.1967958077
0.19568723149999998
0.1943034292
0.1927919207
0.18951861389999997
0.1877659339
0.18645363209999996
0.1848913545
0.18430453109999995
