0.532711047
0.4744763550999999
0.41424789510000004
0.39480895309999997
0.3882066554
0.38125186729999994
0.3632731022
0.3543517675
0.3581117668
0.35298157550000003
0.33651806810000007
0.3286137734
0.3233626117
0.3350352854
0.32771042660000005
0.32614625129999997
0.3282153
0.323032546
0.31915645119999997
0.3161989859
0.31732276439999996
0.31214849470000006
0.3069161361
0.3013412891000001
0.2990459268
0.29386048039999996
0.2882837912
0.28228196320000004
0.27122630550000004
0.26281377819999996
0.2566480031
0.251681197
0.24617886630000002
0.23839376169999998
0.2349581673
0.2289892864
0.2233510393
0.2183913874
0.2186363009
0.21906831119999998
0.2166822552
0.2154184157
0.21683082680000001
0.2173594902
0.2155926037
0.2150589627
0.21600780349999998
0.2176900968
0.2153906138
0.21234637369999998
0.21126635040000002
0.2084154715
0.2050872377
0.20276652080000002
0.2011198624
0.1989850802
0.1956682346
0.1927223079
0.19134353480000002
0.19046865600000001
0.1892626849
0.18808134729999998
0.18599313189999997
0.1839257814
0.1827973044
0.18231824339999997
0.18127766620000002
0.18031439870000002
0.1798134599
0.1789319131
0.17806083350000002
0.1772019827
0.1774652679
0.1775924881
0.17693681990000001
0.1761901307
0.17550588930000002
0.1747897297
0.1737696103
0.1737050592
0.173324829
0.17255614830000002
0.1711402666
0.17020334490000003
0.16926591240000002
0.1685010877
0.16816370770000003
0.1675261258
0.16718474519999998
0.1665188891
0.165764901
0.1648830181
0.1644150877
0.1633573952
0.1629764652
0.1619742299
0.16091590579999998
0.160007144
0.1591744324
0.15860044040000001
0.15747126220000002
0.15695696539999998
0.1567447366
0.156532185
0.1559553414
0.15532670929999998
0.1550076366
0.1547961295
0.15450724320000003
0.15370495499999998
0.153414832
0.1532025681
0.1521224906
0.1515502848
0.15089363479999998
0.15071406110000002
0.15023663220000003
0.1493795253
0.1484527521
0.1471212363
0.1459451637
0.1445043438
0.1427776056
0.14152783109999997
0.1403560617
0.1388306026
0.13749363250000002
0.1364495892
0.13543262260000002
0.13519618230000002
0.1346408391
0.1342956487
0.1343669664
0.1340458974
0.13419112519999998
0.1343706563
0.1339083756
0.1337293658
0.1333498114
0.13283336750000002
0.1325859471
0.1324186542
0.1323552613
0.1319786511
0.13109048840000004
0.1306278185
0.1304388231
0.129988994
0.129880849
0.12960966
0.1290897889
0.1284085665
0.1278005246
0.12709377000000002
0.1268981566
0.1263024519
0.12557102120000002
0.125182023
0.12490938649999998
0.12459251459999998
0.12432409380000001
0.1239970798
0.12349632860000001
0.123274764
0.12236256630000002
0.1219200888
0.12137946969999999
0.1209408796
0.12043770950000002
