0.3023219706666666
0.24573821633333334
0.19527921480000002
0.1868014939333333
0.18093180320000002
0.17556066300000003
0.17187741046666666
0.16813086313333336
0.16507820486666666
0.16213188026666667
0.1591103494
0.1560249933333333
0.15303539266666663
0.1508150439333333
0.14799187266666666
0.14696011393333336
0.14555434400000003
0.14274443306666668
0.13945161946666668
0.1358938898
0.13290435673333334
0.12990754873333332
0.12692725793333332
0.1238827052
0.12145240173333334
0.1188313624
0.11621551446666664
0.11398237699999998
0.11216423806666666
0.11030893339999999
0.10833395359999999
0.1061804294
0.10472236993333335
0.10345684066666667
0.10228511533333334
0.1015057374
0.1009196344
0.10030891293333334
0.09954531193333334
0.09900240600000002
0.0982233996
0.09736653566666667
0.09633584106666666
0.09508377513333333
0.09411108706666665
0.09311562526666665
0.09225102953333332
0.09122033353333332
0.08994887493333333
0.088795521
0.08762377013333333
0.08625112813333335
0.08503925546666666
0.08393265853333334
0.08294404353333333
0.0821067652
0.08134559146666667
0.08058021900000001
0.08012510413333333
0.07967247093333334
0.07936155606666667
0.0789783172
0.07829445666666666
0.077806887
0.07746636400000001
0.07722137953333334
0.07707830426666668
0.07691078913333334
0.07669525526666665
0.07630567513333333
0.07563848533333332
0.07505081553333334
0.0744927208
0.07399436453333334
0.0733680863333333
0.07267420493333332
0.07178784753333332
0.07128380313333332
0.07053512453333334
0.069874326
0.0692230658
0.06846938786666666
0.06773575553333333
0.067085304
0.06653834853333333
0.0661622724
0.06577130053333333
0.06547264613333333
0.06495153660000001
0.06470641673333334
0.0643650706
0.0641066604
0.06387067306666667
0.06375708046666667
0.06358290773333333
0.06337311746666667
0.06316338126666668
0.06295734713333334
0.06276721593333334
0.06244427053333333
0.06227507773333333
0.0620524128
0.06183366846666665
0.061716217399999995
0.061404585399999996
0.06114914706666666
0.0609909418
0.060779682466666665
0.060616449266666664
0.0604688168
0.0602646268
0.059932104133333323
0.0595459134
0.05922447139999999
0.05883145653333332
0.058287635799999994
0.05774590586666666
0.057177967
0.05669926293333334
0.05624422333333334
0.055784547600000005
0.05529058453333334
0.05486132506666667
0.05431844433333334
0.053805751533333335
0.053354542600000006
0.05304397240000001
0.05279294193333332
0.05239838326666666
0.05234463133333333
0.052320426399999995
0.05214278373333333
0.05193026733333332
0.0517254226
0.0516222362
0.051452347
0.05133250353333333
0.051218091933333335
0.05118250246666667
0.05107510366666666
0.050958321933333335
0.05083871139999999
0.05073101493333334
0.050615131333333334
0.05037243820000001
0.05017193600000001
0.0501483858
0.050168150333333335
0.050134241
0.04998498306666667
0.04998264253333333
0.04985536793333334
0.049671993266666666
0.04947518393333332
0.04934592199999999
0.04924072919999999
0.04909423773333333
0.04881926986666666
0.0485998328
0.048280381266666665
0.047945484466666674
0.04760047473333333
0.047175350133333335
0.04680976466666667
