0.4699508368000001
0.42347363386666664
0.3822377410666667
0.3782513886
0.37218844259999995
0.3637031514666666
0.35410185326666654
0.3457371084666666
0.34705261493333334
0.34041066240000006
0.33224097300000005
0.3259662638
0.3214275083333334
0.3278163873333334
0.32418332959999996
0.32108374953333335
0.32001878159999997
0.3141133542
0.3092056298
0.3044535632666667
0.3038025812
0.299079609
0.2940404093333333
0.28527706740000003
0.28091889733333336
0.2747515840666666
0.2689960462666667
0.2628775677333333
0.2553638368
0.2502930175333333
0.24491359586666667
0.2398813054
0.2350239102
0.23014040859999998
0.22760048693333332
0.22329943393333332
0.22041912926666665
0.2192434768
0.21945262659999998
0.21881223453333334
0.21718756893333335
0.21609904306666666
0.2160313972
0.21480497666666667
0.21252595786666667
0.21148414326666665
0.21046208406666664
0.21037404366666665
0.20887277319999997
0.20684660199999996
0.20538945226666666
0.20293225566666664
0.19995905126666666
0.1974610064
0.19577665939999997
0.19428662473333333
0.19184444659999997
0.18924273373333333
0.1878962182666667
0.18714722246666668
0.18609071426666668
0.18484038546666662
0.18344382526666664
0.18215896579999996
0.18098469320000002
0.18033712693333334
0.179533612
0.1790713737333333
0.1787288538
0.1781259984
0.17737567813333335
0.1764567468
0.17597489046666667
0.1753881850666667
0.1749231964
0.1743415173333333
0.17371926673333335
0.17295528566666668
0.17232211046666668
0.17168199793333333
0.17100251426666668
0.17043123013333336
0.16934879573333333
0.16844968980000002
0.16797790919999997
0.16739136420000003
0.1666373526
0.16603885766666665
0.16538063373333334
0.16452960193333335
0.16343544820000003
0.16267106846666665
0.16192671399999997
0.16109708146666665
0.16086759453333332
0.16003814719999998
0.15916619106666668
0.15885126486666667
0.1582789269333333
0.15748723679999996
0.15647665373333333
0.1560874808
0.15551407520000002
0.15519698013333333
0.15468658773333335
0.15433188193333333
0.15402396593333337
0.1535948292666667
0.15319616186666665
0.1523493664
0.151971853
0.15160725866666663
0.15060393433333333
0.14981069153333335
0.14879718433333336
0.14807751820000004
0.14702177073333336
0.14558248000000001
0.14454322046666668
0.1434501042
0.1422490334
0.1411346349333333
0.14015533340000003
0.13906558339999997
0.13833221600000004
0.13736203686666668
0.1363944484
0.1355741074
0.1349386506666667
0.13483003013333333
0.13453269513333332
0.13407065613333333
0.13412317353333333
0.13361357026666668
0.13331708653333332
0.1331989332
0.13301112953333333
0.13284455546666668
0.132636003
0.13209290086666667
0.13185734806666666
0.1314994390666667
0.13120452526666665
0.13083687133333335
0.13026277640000003
0.12967835493333332
0.12934459013333333
0.12889199466666668
0.12846530873333334
0.1281360936
0.12766835126666667
0.1269343504
0.1264223664
0.1261240282666667
0.12593079386666667
0.1254758718
0.1250500946
0.12456355106666667
0.12406125206666666
0.1233046978
0.1228885512
0.12224828586666667
0.12184926973333333
0.12168665459999999
