0.5675949099333334
0.5277868584000001
0.4933298358666666
0.49302442220000003
0.48455277420000004
0.4802821281333333
0.4719735997333333
0.4632186422666667
0.46527067839999997
0.45219226613333335
0.4406860020666667
0.43016795193333335
0.42236764886666667
0.43216476826666667
0.42394434473333337
0.4167011362000001
0.4146408678000001
0.40701427800000006
0.40023015866666667
0.39451926893333333
0.39326713913333333
0.38490002879999996
0.3776958568666667
0.3658217183333333
0.3619245871333333
0.353903562
0.3470869039999999
0.3395092583333333
0.3297034709333333
0.32285478300000003
0.3150722435999999
0.3087579727333333
0.3033111862
0.29784851360000003
0.2943889387333334
0.2889713343333334
0.28793633326666673
0.287034359
0.28804199266666675
0.2868549821333334
0.2840983283333333
0.2831414295333333
0.28315259453333325
0.2826603793333333
0.2806163654
0.2805373404666666
0.28005895313333334
0.2800486242666666
0.2778905652
0.2762054330666667
0.2755081594666666
0.27141098199999997
0.2679927440666667
0.2653810534
0.2635238650666667
0.2621007388666667
0.2581627072
0.2544417488
0.2525655943333333
0.25106146213333336
0.24903288286666667
0.2468079439333333
0.2439253591333333
0.24228608713333336
0.24021665260000002
0.23784408253333333
0.23745702820000003
0.23630071160000002
0.23465774820000002
0.23419861333333333
0.2326881364
0.23191376886666662
0.23203005239999996
0.2302547246666666
0.2294215803333333
0.22728865319999997
0.22572198693333334
0.22391020633333333
0.2218480552666667
0.22041106740000005
0.2189909932
0.21639876333333335
0.21424969146666667
0.21262031933333336
0.21073745626666668
0.20942610233333334
0.20703725853333335
0.2044034693333333
0.20262148666666666
0.20054130219999997
0.19976808333333335
0.1979678334
0.1970012310666667
0.19626536653333332
0.19541366873333335
0.19450918786666666
0.1936761769333333
0.19271348606666666
0.19117652713333333
0.19024305866666666
0.18877278646666665
0.18867546659999998
0.18828043313333334
0.1879006034
0.1870965362
0.186225646
0.18591291999999998
0.1852284881333333
0.18443965686666666
0.1840061038
0.18370635853333334
0.1830447722
0.18191373673333333
0.18148143673333333
0.18013420306666664
0.17960962773333333
0.17791509206666667
0.17628666240000002
0.1751190056666667
0.17427255593333332
0.17284583879999998
0.17208621726666665
0.1712422578
0.16996448686666668
0.16820196
0.1666508072
0.1658090616
0.16491987866666669
0.16375675933333333
0.1632049248
0.16245562053333334
0.16181510899999998
0.16116702426666668
0.16024091166666668
0.15947990653333333
0.15857248786666664
0.1577274493333333
0.1568628118
0.1566560848
0.1563743943333333
0.15629274713333333
0.15547314599999995
0.15526682693333332
0.15466638213333334
0.1540227220666667
0.15364005286666665
0.15398528893333333
0.1537363268
0.1539639303333334
0.15405786740000005
0.15388231293333332
0.15290616066666668
0.15233211613333333
0.15185481280000002
0.15156859906666667
0.15074322613333332
0.1505361012666667
0.14948933879999998
0.14907118666666666
0.14821640113333334
0.14679601626666666
0.14507175853333332
0.14391538453333333
0.1427195995333333
