0.5980217635333334
0.5598853659999999
0.528139879
0.5300499139333333
0.5236025998666668
0.5228401249333333
0.5172226092666666
0.5109112825333334
0.5146935625333334
0.5003905369333334
0.4892275600666667
0.47837339206666674
0.4713970890000001
0.48885278926666675
0.48133104353333334
0.4707547838666667
0.4709310554
0.4635191112666667
0.45856002786666666
0.4533287995333334
0.45497089646666666
0.4489903392
0.44262133333333337
0.4302602719333334
0.42771825673333336
0.4196245114666668
0.41491702106666667
0.40875729326666665
0.3968242010666667
0.3892855497333334
0.3832472632666667
0.3770495020000001
0.37118446713333336
0.3637397435333333
0.3594641308666667
0.3516442626666666
0.3478912938666667
0.34566328706666666
0.34771558473333336
0.34712863600000005
0.3433564488
0.34043690973333335
0.3394432496666667
0.34060795460000004
0.3380756342666667
0.3375546655333333
0.3362762798666666
0.3370902429999999
0.3359559610666666
0.3346843629333333
0.33462053253333335
0.33216328893333336
0.32919027206666673
0.3262976757333334
0.32374936260000003
0.3241378815999999
0.3203746804666666
0.3161446412
0.31350061873333335
0.3119554419333334
0.30977908686666666
0.3086152218
0.30609951519999995
0.30439182833333334
0.3008955776666667
0.29823906953333335
0.2952437612
0.2932372119333333
0.2904626735999999
0.2898554227333333
0.28706771653333335
0.28623563193333335
0.2862325911333333
0.2834153488666667
0.28249538160000004
0.28107551433333333
0.2786842345333333
0.2774214776
0.2760094197333333
0.27573392993333334
0.2744552541333334
0.27327475673333335
0.2714957709333333
0.27058001680000004
0.26870998353333336
0.2678820648666667
0.2660796767333334
0.26400370793333333
0.2629465486666667
0.26051060540000004
0.25778363533333337
0.2555497682666667
0.25389513553333337
0.25190296993333333
0.25017265600000005
0.24887650526666671
0.24726345180000003
0.24562752673333335
0.24325930006666668
0.24186331133333333
0.23923760946666667
0.23758989273333334
0.235962684
0.23497589833333335
0.2340635168
0.23402012020000001
0.23421011733333336
0.23304000713333337
0.23278973306666667
0.23258151833333335
0.23192164593333334
0.2319908333333333
0.23064388753333334
0.22983474213333333
0.22840426846666667
0.22814074473333334
0.22755735600000002
0.22668289893333335
0.22585995940000003
0.22521168940000003
0.22407105026666668
0.2229119936
0.22181210853333336
0.22038119579999998
0.21874207026666667
0.2175873406
0.21649901573333336
0.2164075598666667
0.21625346480000004
0.21588725500000003
0.21483006740000002
0.21355340980000007
0.21237735446666672
0.21133566513333338
0.21043020940000004
0.20959457113333338
0.2093030014
0.2089187452
0.20842910753333335
0.2081237929333333
0.20764300393333332
0.2071927092666667
0.20634798833333332
0.205910082
0.2061107791333333
0.20677352846666666
0.206933819
0.20645027573333333
0.20648631833333334
0.20669128313333335
0.2057488387333333
0.20467576366666668
0.20413250926666662
0.2029555814
0.202033957
0.20088109246666666
0.199657056
0.19826135193333333
0.19703458053333336
0.19472536533333334
0.19240869146666667
0.19106253073333335
0.18985622486666667
0.18824439446666666
