0.26695885995
0.22458021835000003
0.1861114735
0.17882944080000002
0.17291757155
0.16840099630000002
0.16512685309999997
0.16169336880000001
0.15839931209999997
0.15560557004999997
0.15260496649999997
0.14968915165
0.14658758544999997
0.14438101875000003
0.14168894285
0.13989564950000002
0.13770721765000002
0.13484750585000002
0.13164034925
0.12830802045
0.12585402085000003
0.12338043110000001
0.1210820042
0.11871383699999997
0.11673835989999999
0.11452266964999999
0.11230572869999997
0.11035281839999997
0.10886236629999999
0.10740887484999999
0.10580486709999999
0.10423118545000001
0.10302086575
0.1017106186
0.10063940760000001
0.09984330300000001
0.0989746713
0.09813844155
0.09711463945
0.0962323739
0.09523586679999999
0.094332365
0.09328128579999999
0.09220084394999999
0.09127381555
0.0902722295
0.08928420949999999
0.0882585299
0.087067482
0.08613360375
0.08529407385
0.08429413910000001
0.0833419211
0.0825494836
0.0817349226
0.08108948415
0.08054120115
0.07975024750000001
0.07924317785000001
0.07879027325000001
0.07835154520000001
0.07790466555
0.07752637160000002
0.07712726725000002
0.07676621935000003
0.07630511025
0.07589390465000001
0.07543202010000001
0.07509576309999999
0.07455295470000001
0.07401506394999999
0.07337289319999998
0.07277793559999998
0.07205069314999998
0.07144166454999998
0.07074767749999998
0.07002296854999998
0.06960734574999998
0.06908608
0.06857020774999999
0.0680107799
0.06741365184999999
0.06685341284999999
0.0662879741
0.0658535109
0.0655600029
0.06516477685
0.06481139979999999
0.0643727301
0.06410278059999999
0.0637718619
0.06355461885000001
0.06336250375
0.06326014854999999
0.06299766614999999
0.06279978885000001
0.06260092055000001
0.06242684755000001
0.06226115915
0.06200318854999999
0.06180015889999999
0.0615795078
0.06129167705000001
0.0611214146
0.060924580650000004
0.06069652905
0.06042370165000001
0.06011893399999999
0.05986069174999999
0.05943407775
0.058985677599999994
0.058537814
0.058092312449999996
0.05771019439999999
0.05735315314999999
0.056932261299999995
0.0565081366
0.0560624195
0.055573084800000006
0.05522545525000001
0.054850575700000015
0.05446347459999999
0.0541288786
0.05369714225000001
0.05334093865
0.0530275273
0.0526958237
0.05238057789999999
0.0520859078
0.05194623789999999
0.0518057947
0.05169808484999999
0.05159251319999999
0.05143551445000001
0.05134861550000001
0.05123090645
0.05112456975
0.05103114599999999
0.05091965750000001
0.050765953649999994
0.05064057235
0.05052413375
0.0504119842
0.050387801100000004
0.05017650170000001
0.05005245680000001
0.049982523
0.04989880765
0.04974783545
0.04964137984999999
0.049572193099999995
0.0494458704
0.04923202945
0.04898265524999999
0.04866991185
0.048380944249999995
0.048095456249999995
0.0477452356
0.0475337761
