0.5322871247000001
0.5045368490000001
0.47660188475
0.47555626455000005
0.46544017545000005
0.46517424729999995
0.45739445969999987
0.44957086235
0.44959278620000004
0.44206009195
0.43148676025000016
0.4214956497000001
0.41327505665000003
0.41786846990000004
0.4089062231000001
0.40154129660000004
0.39737172680000005
0.38987640050000005
0.38015423665
0.37346903514999996
0.3703903227
0.36372943789999995
0.3567888244
0.34791738059999994
0.3450569796
0.3372764413999999
0.33043816529999986
0.32398270965
0.3171312789
0.3117396686
0.3057439452
0.3023433259
0.29989146125
0.29601311215000004
0.29272082005000005
0.2885137146
0.28741048845000006
0.28588137765000005
0.28554637635
0.2840758133
0.28225177525
0.28016720215
0.2793872341
0.27827159960000003
0.27675265615000005
0.2760708821
0.27433308285
0.27340262964999995
0.27166251699999994
0.2695720147999999
0.2683607679999999
0.26508026889999997
0.26143692
0.2589390776
0.2572306733
0.25595269115
0.25291708795
0.24996680755000003
0.24799088045000003
0.24645287155000006
0.24405093865000005
0.24238163915
0.24059169515
0.23923790425000005
0.23806690000000005
0.23624575070000003
0.23545735905000004
0.23446490125000002
0.23259433105000005
0.23165395974999997
0.2298436269
0.22858654774999992
0.22706815069999994
0.2249527261499999
0.22346507549999997
0.2215195214
0.21957475370000004
0.2183349444
0.21698857840000002
0.21595750275000003
0.21493226555000003
0.21264253180000003
0.21054196954999999
0.2085671349
0.2064109764
0.20515358709999995
0.20312709614999996
0.20079653469999997
0.19946070755
0.1979591418
0.19693492240000002
0.1955403962
0.1949374042
0.19398493229999997
0.19333149619999998
0.19226861049999996
0.19185005924999995
0.19106502579999998
0.19002734794999998
0.18868028634999998
0.18775324484999997
0.18728384225
0.1864152988
0.1858243352
0.185557743
0.1848886288
0.18434810029999998
0.18362178345
0.18289698495
0.18187189695
0.1810939404
0.1800292456
0.17874490805
0.17798420685
0.17670240929999997
0.17580803409999998
0.17484190524999998
0.1736366673
0.1723722478
0.17138681085
0.1702074997
0.1692702065
0.16839032635
0.16738481180000003
0.16627101270000003
0.16515588690000002
0.16410699820000002
0.16318487370000004
0.16205381305000002
0.16121168690000004
0.1600301792
0.1597011732
0.15906877935000002
0.15852505715000004
0.15796318964999997
0.15779268094999999
0.15681040305
0.1564087532
0.15591123325000003
0.15563658425
0.15539782114999998
0.15523916869999996
0.15479720979999997
0.1547091913
0.15435139385000005
0.1536001985
0.15301946195000002
0.15244259825
0.15223548300000006
0.15202970905000004
0.15192073465
0.15141689200000003
0.15087864845
0.15022255965000003
0.14951808935000002
0.148275273
0.1474381281
0.146283628
0.14574910435
