0.24295148720000004
0.2086392108800001
0.17736535596000005
0.1707360794
0.16553938512
0.16133856059999999
0.15823780779999996
0.1548035278
0.15173523832
0.14904048672
0.14582442444
0.14258448903999998
0.13950141319999998
0.13714612272
0.13446123676000002
0.13285712224000001
0.13092558976000002
0.12858725328
0.12595372588
0.12316566324
0.12100253496
0.11881961916
0.11675843187999999
0.11476241979999997
0.11313242775999997
0.11126165723999998
0.10952127367999998
0.10786552535999999
0.10638428352
0.10506755676000001
0.10361509364
0.10201290476000002
0.10074209808000001
0.09933301927999999
0.0980959816
0.09712929608000001
0.09622570763999999
0.09533427724000001
0.09440212163999999
0.09353829932000002
0.09253710187999997
0.09154264188
0.09049965243999997
0.08944533579999998
0.08864862284
0.08787878059999998
0.08711200199999997
0.08625680751999999
0.08533397736
0.08452839495999999
0.08384278728
0.08306091732000001
0.08212560348
0.08135906668000001
0.08061667412000001
0.07993588984000001
0.07936970304000002
0.07884462128000003
0.07841222388000002
0.07796537568000002
0.07739249664000002
0.0767918736
0.07622023988000003
0.07576127112000001
0.07527193416000001
0.07487304816000001
0.07438294896
0.07387233207999999
0.07332054627999998
0.0727748436
0.07220567019999997
0.07164398087999999
0.07113794319999998
0.07058834379999998
0.07008490223999997
0.06947292643999999
0.06886766359999999
0.06852715355999998
0.06804806087999998
0.06761596579999998
0.0671592628
0.06659996263999998
0.06604826243999999
0.06555764139999999
0.06514118315999999
0.06484644947999998
0.06451152032
0.06421671899999999
0.06385205464
0.06353061276
0.06323345012
0.06302640276
0.06285707276000001
0.0627567166
0.06253412143999999
0.06231491156
0.062112895
0.06187461860000001
0.06167632856000001
0.06149946412
0.06130786212
0.061008002480000004
0.060660679360000004
0.06041581552
0.060005636640000005
0.05958698924
0.05920995004000001
0.05884144912
0.05852202608
0.058130910800000005
0.05776176964
0.05738921696
0.05701700536
0.05660706559999999
0.05631635272
0.05595554104000001
0.055602938240000004
0.055236243440000006
0.05482511504000001
0.05456966420000001
0.05428975684000001
0.0539010552
0.053531800039999994
0.05318741008
0.052822962439999996
0.05247440176
0.052229456599999995
0.05202031247999999
0.05178188424
0.051662541
0.051557952719999994
0.05145862156
0.051368072199999996
0.05117463608
0.05104659312
0.050922189879999996
0.050815735960000004
0.05071589519999999
0.050676888079999996
0.050530501359999994
0.05045126172
0.05031629391999999
0.05014774328
0.050027964640000006
0.049863315400000004
0.0497101344
0.04962949395999999
0.049501473719999994
0.04929928219999999
0.04904148015999999
0.048818072359999985
0.04857651867999999
0.048290250119999996
0.04805324539999999
