0.50979982072
0.48636088712
0.46300701231999997
0.46095683355999995
0.45468485423999994
0.4529172048
0.4450113163599999
0.43685614587999994
0.43467014392000003
0.42640644520000004
0.41640176376000015
0.4063093805200001
0.39831259892000004
0.39828007004000004
0.3891886452400001
0.38158501196000005
0.37794091448000006
0.37071466580000006
0.3629642628
0.3576660595200001
0.35379127408
0.34708194016
0.34091167223999996
0.33421684503999993
0.33172444876
0.32537296311999997
0.3209704093199999
0.317112625
0.31180640468
0.30693502768
0.30202332724
0.29904125152
0.29639765572000004
0.2924223952
0.28932431740000003
0.28615339488
0.28417729476000003
0.28232333268000004
0.28145815316000006
0.28029295632000006
0.27833572160000003
0.27556485612000003
0.27420271643999994
0.27321295415999997
0.27133647692
0.2702404244
0.26868409219999995
0.26707599328
0.26525264364
0.26332783144
0.2621903239999999
0.25950026116
0.25645793276
0.25400460984
0.25230995860000005
0.2505831741200001
0.24815421532000007
0.24609158668000006
0.24441137548000008
0.24348582568000007
0.24153090196000007
0.23979698164000002
0.23826485016000004
0.23667113932000006
0.23525751980000006
0.23325862024000002
0.23208686412
0.23000841011999998
0.22788481096
0.22644228
0.22471732671999997
0.22309584899999998
0.22197635227999998
0.22044421047999993
0.21929142216
0.21776683364
0.21593457040000005
0.21455171628000003
0.21287237904000006
0.21145230956000002
0.21041302072
0.20839334724000003
0.20642872179999996
0.20484938196
0.20317131324
0.20180995759999998
0.20015329383999997
0.19838641248
0.19699729195999996
0.19578430915999995
0.1946573136
0.1937066582
0.19317385236
0.19250390791999997
0.19146359083999998
0.19075381239999994
0.19010184123999996
0.1890159998
0.18794098448
0.18713250176
0.18637811131999998
0.18575780203999998
0.18489257291999997
0.18431326199999998
0.18354004968
0.18256224024
0.1816750134
0.18074511116000003
0.1798160914
0.17877892316
0.17775580296000004
0.17714786544000002
0.17613326284
0.17521376032
0.17390784255999997
0.17310492376000003
0.17203795903999997
0.17087624024
0.16982695556
0.16920508284
0.16830022496000002
0.16721632680000004
0.16630823284000001
0.16529684428000002
0.16406320480000003
0.16267548056000003
0.16195747172
0.16110270788
0.16031854916
0.15965195732
0.1591147954
0.1585727914
0.15826433896
0.15755538144000003
0.15705518252
0.1567767534
0.1563557698
0.15580467424000002
0.15569651036000004
0.15557674924000003
0.155014384
0.15421573115999998
0.15355005036
0.15317738124000002
0.15267016188000004
0.15208735876
0.15180538676000002
0.15125772768000004
0.15085354644000004
0.15029707928000005
0.14971087044
0.14876235532
0.14803621788000002
0.14733461920000002
