0.3955172931666667
0.3717462077333333
0.3481755476333333
0.3437285092
0.33832100293333334
0.33375286633333334
0.32659073113333326
0.31988875890000007
0.3161648411666667
0.31066477986666674
0.30349627853333344
0.2974811550333334
0.2921525380333333
0.29159011206666674
0.28723817356666664
0.28299867269999995
0.2799500434999999
0.2745686322
0.2696730192
0.26602702510000004
0.26355100756666666
0.25974936913333335
0.2566419430666667
0.25236484700000006
0.24986556593333337
0.2459695765
0.2425475446666667
0.2394544824666667
0.23508440673333336
0.23140948770000003
0.2281988695666667
0.22517169473333337
0.22269897693333335
0.21950659090000002
0.2172235444666667
0.21434444310000003
0.2116756924666667
0.2096012640333334
0.20845681650000006
0.2072944469666667
0.20573709683333338
0.20397174483333336
0.20263706546666668
0.2013505974666667
0.19983659016666666
0.19878742876666664
0.19765123476666666
0.19690893446666669
0.19551586949999997
0.19391564759999996
0.1928632896
0.1912329338333333
0.18951521249999997
0.1880949301
0.18695132889999996
0.18583115143333334
0.1841505967
0.18260881209999996
0.18164220166666667
0.18103520943333334
0.1802161158
0.1792798261
0.17819955546666666
0.1772405381333333
0.17633334556666666
0.1756698206
0.17498242106666667
0.17421008473333327
0.1735892718
0.1730519538
0.17238352116666666
0.1715470497
0.17100687406666668
0.17038440940000002
0.16972639916666668
0.16888848276666665
0.1681951676
0.1674409998333333
0.16670959596666665
0.16627479623333327
0.1655203307333333
0.16479871059999998
0.16410003029999995
0.16336430836666663
0.16273257299999996
0.16193400896666665
0.1613624167
0.16077646643333338
0.1602888069333334
0.1596080948333334
0.15888366506666668
0.15834751720000004
0.15776077163333332
0.15714662166666665
0.15660848046666667
0.1560050001
0.1553867248666667
0.15472759960000004
0.15404480923333336
0.1531422105666667
0.1522770859666667
0.1515546257666667
0.15054827760000003
0.1498701003
0.14906834596666665
0.14829045766666663
0.1475793004333333
0.14687508133333332
0.14613087263333335
0.1453407912
0.14466694493333335
0.14400085353333333
0.1430890208666667
0.14237467110000007
0.14181360723333336
0.1413051066666667
0.14054621343333337
0.1398528267666667
0.13907839536666666
0.1383835953666667
0.1377239833
0.13707288223333333
0.13649994443333335
0.1358507932
0.13521255843333335
0.1346096924666667
0.13394694373333335
0.13338931633333337
0.13288776100000002
0.1325464032666667
0.13210552503333334
0.13170762313333334
0.13150758410000002
0.1310394395
0.13072659006666668
0.13043364223333334
0.12997273996666667
0.12963346093333333
0.12938001563333335
0.12901184736666668
0.12866660993333334
0.12827476683333336
0.12788403816666666
0.1274490617
0.1267837371
0.12628345306666666
0.125796438
0.1253706322
0.12507598166666667
