0.22464104230000004
0.19564628016666674
0.1690118239333334
0.16312655669999998
0.15841284649999998
0.15423250986666664
0.15089247959999996
0.14752906053333337
0.14448045503333334
0.14179214099999998
0.13897085589999997
0.13612025390000002
0.1335088848333333
0.13148964100000002
0.12915040303333333
0.1276470337666667
0.12586738670000003
0.1237334015
0.12145423006666665
0.11908950256666666
0.11720504706666665
0.11541359156666667
0.11361808543333332
0.11171400856666665
0.11022740386666666
0.108527381
0.10679102506666666
0.10515910903333331
0.10362400660000001
0.10221001023333336
0.10072478943333334
0.09921572946666668
0.09797135173333334
0.09670285779999999
0.09554031816666667
0.09456475376666668
0.09358538126666666
0.0926740842
0.0917389852333333
0.09097322476666667
0.09016508239999997
0.08935606356666664
0.08845803003333332
0.08760443963333331
0.08689177899999999
0.08623859066666666
0.08561467336666664
0.0847573951
0.08387788096666667
0.0831309425
0.08242257483333333
0.0816647162
0.0809750223
0.0803139569
0.07962485933333333
0.07887262526666668
0.07819820350000002
0.07753646990000003
0.07705973433333337
0.07652027863333336
0.07601788050000001
0.07538308236666667
0.07478912990000003
0.07417100576666669
0.07367034500000003
0.07322222266666666
0.07277384606666666
0.07232327233333334
0.07189027963333332
0.07142201183333333
0.07090037886666666
0.07041105803333332
0.06998268346666665
0.06947295056666666
0.0690372515333333
0.06851963776666664
0.06794725396666665
0.06757723809999998
0.06714610249999999
0.06672861686666666
0.06629809163333332
0.06581638456666666
0.06534655133333332
0.06492625996666666
0.06449130953333333
0.06421867506666666
0.06391185666666667
0.0636531573
0.063333877
0.06305550106666666
0.06275710883333334
0.06254880110000001
0.06232517776666667
0.06218676486666667
0.06202586226666667
0.06181887213333334
0.061547742700000005
0.061251630266666676
0.060995843666666674
0.060637863533333336
0.06028135676666667
0.05989915933333334
0.05950581773333334
0.05920774016666667
0.05882440436666667
0.058466847333333336
0.05814076316666668
0.05782050376666667
0.0574674468
0.05713728416666667
0.056809584700000006
0.05648803826666667
0.05616942766666667
0.05581142733333334
0.05558804393333334
0.055304031100000005
0.0549443448
0.05455411716666667
0.05421234276666667
0.053933229766666674
0.053618447300000004
0.05331154403333333
0.05303970849999999
0.052750473400000004
0.0524404276
0.052156432266666664
0.0519413419
0.05176197843333333
0.0515067573
0.05135853476666666
0.0512461812
0.05114558476666666
0.051049208833333325
0.0509298318
0.05080360963333333
0.05071749476666666
0.05059393573333333
0.05044504259999998
0.050328843199999994
0.050210512833333325
0.05009952556666666
0.049966474566666655
0.04977514239999999
0.04960748206666666
0.049326409733333326
0.04905871023333332
0.04887443026666665
0.048671750233333325
0.04847200283333332
