0.5411534507999999
0.382688642
0.24005330460000002
0.22008314859999997
0.2052746454
0.196272937
0.1924324324
0.18766729720000003
0.1811521166
0.1784466622
0.1695395242
0.1620935746
0.15811704259999998
0.1591692166
0.159074102
0.1608695278
0.1611062244
0.1586082496
0.1549132814
0.1488748766
0.1469219962
0.144875181
0.1423808858
0.1383626338
0.13602663939999998
0.13308881779999998
0.1306816266
0.1272441638
0.1250789432
0.12278015340000001
0.11870225620000001
0.1141658386
0.1111567242
0.1082065386
0.1055504124
0.10470301320000001
0.1037990782
0.103546243
0.1032072324
0.10259623440000001
0.10159659140000002
0.10057637140000002
0.0994641426
0.098956751
0.0987086992
0.0982176076
0.0983834536
0.0979163532
0.0964719524
0.0957022844
0.09485599980000001
0.093139782
0.0916270274
0.08982262199999999
0.08792227760000002
0.0862732684
0.08522985300000001
0.08411762
0.0835520504
0.082762001
0.0817420422
0.08038374940000001
0.079373119
0.0784233032
0.078147852
0.07830498500000001
0.078423172
0.078249918
0.07839995879999999
0.07810755979999999
0.078037641
0.0781280302
0.07726033299999999
0.076597399
0.0761436802
0.0753215126
0.0746837106
0.07522211640000001
0.07508840799999998
0.07466578539999999
0.07355630240000001
0.0723407058
0.070995713
0.0702972866
0.0692947934
0.0691447998
0.0683391262
0.06763358
0.066219679
0.0656623992
0.0649680952
0.0647283316
0.0645779736
0.0647389464
0.064657853
0.0643739222
0.0642464438
0.06420638479999999
0.0638959844
0.063798998
0.0637531944
0.0633452058
0.06282766079999999
0.0626363106
0.0622918722
0.061992235799999997
0.06189849420000001
0.061837995800000004
0.061769352799999996
0.0612419414
0.061079803
0.0609135384
0.0608353488
0.060742988799999995
0.060679942599999995
0.0603754024
0.060160792799999994
0.0596657028
0.0593370062
0.05948456640000001
0.05933867500000001
0.05872198120000001
0.0581366886
0.05759341920000001
0.056329860600000004
0.055148829999999996
0.054354943600000004
0.053731509600000005
0.0531673634
0.052918243
0.052866137800000004
0.05279482879999999
0.052715777
0.052194550400000005
0.05216915099999999
0.052048660000000004
0.0519821448
0.0519315392
0.051833236000000005
0.05194650000000001
0.0520464814
0.05165137759999999
0.05114348580000001
0.0511484814
0.0507510576
0.05026189960000001
0.0503639882
0.050579250799999996
0.05056579
0.0505277534
0.050566584799999995
0.05050076839999999
0.0504703082
0.0501311226
0.04983850360000001
0.0496873236
0.0495804008
0.04945489199999999
0.0497058104
0.04958869219999999
0.0496940192
0.049484934599999995
0.0490907796
0.0485886188
0.0486105702
0.048340844800000005
0.0482173778
0.04791213800000001
0.0475050692
0.04664188140000001
0.0458015894
0.0450991118
0.0445231328
0.04433560600000001
