0.6958121025999999
0.6132037006000001
0.5333580726
0.5280503021999999
0.5309957886000001
0.5766131698
0.5846375144
0.5802602024000001
0.5369061159999999
0.5344412399999999
0.5216400181999999
0.481814883
0.470801362
0.5251933235999999
0.5053707709999999
0.47026718679999996
0.4852154304
0.4816722832
0.48198124800000003
0.4613595998
0.47577547519999996
0.4680898628
0.4617176218
0.4593837961999999
0.4772627598
0.46622168960000004
0.45948787299999994
0.4471674288
0.43431503940000005
0.421364039
0.4229155245999999
0.4193932818
0.4189789494
0.3970819802
0.3845279714
0.36973632019999997
0.3658699084
0.36012550159999995
0.35907558359999997
0.36196463879999996
0.35708994499999996
0.34588531580000004
0.3344489504
0.33506166680000005
0.3318997824
0.3281065228
0.3319186574
0.34241540919999996
0.34900950379999995
0.3475214868
0.34487287860000004
0.34350675599999997
0.34146538940000004
0.3377526932
0.3348056336
0.3396845952
0.33340342619999996
0.3273899304
0.3211056862
0.3217259684
0.31930412379999995
0.31957968459999997
0.31871549639999996
0.32003464779999996
0.3147164858
0.31342492580000003
0.30814093060000003
0.30232849680000007
0.2993615222
0.2994238716
0.296608211
0.2981250502
0.2972545524
0.293779315
0.2885463756
0.2846840718
0.2794653028
0.2801285866
0.2782471836
0.28159602100000003
0.27991086680000005
0.28111654280000004
0.2813146344
0.278219548
0.2773437482
0.2786316044
0.275470858
0.2708212118
0.2715615276
0.26826202060000004
0.26482329120000003
0.2632368694
0.2623514666
0.2619589748
0.26052418180000003
0.260191299
0.25953130280000003
0.2588384454
0.25531914359999996
0.2527456138
0.24833631579999998
0.24388113259999997
0.24049549460000003
0.23843079139999998
0.2372481724
0.238101901
0.23837791999999997
0.2375486402
0.2360279652
0.23559614780000002
0.2312746116
0.23051062559999996
0.22984391720000003
0.2304689384
0.2293462302
0.23268384800000003
0.2337418064
0.231727464
0.23187229560000003
0.232802177
0.2318064782
0.231720068
0.2303602814
0.22716299239999999
0.2230643982
0.219931908
0.21721019360000002
0.2179609514
0.2185445902
0.21976849299999998
0.22047476459999998
0.21980571920000003
0.2171150928
0.2154360048
0.21339331960000002
0.21235534920000002
0.2124811344
0.21414663539999998
0.21477979940000003
0.21449995239999997
0.2116600884
0.2083733758
0.20587033519999998
0.20379119119999997
0.2033973562
0.2047682758
0.207054494
0.206739265
0.206716332
0.2064740702
0.20650064759999998
0.206150258
0.20643436479999994
0.2072227228
0.20846091100000003
0.20905166199999997
0.207596705
0.2061771974
0.20551990020000002
0.2051388682
0.20169420659999998
0.20028032799999998
0.1997859656
0.1961241212
0.1925020918
0.1918974088
0.191094135
0.18882089279999997
0.18945972019999996
0.186535136
0.183634459
0.1818131292
0.18096181620000001
0.17914934200000002
