0.6473487758
0.5438746971999999
0.4380096882
0.4185306322
0.41060217680000005
0.4180733182
0.40507801300000007
0.39048610200000006
0.371087274
0.36581113400000004
0.3444304164
0.3214681914
0.318217433
0.3451362596
0.34015201700000003
0.3286057198
0.3357593554
0.32850779039999994
0.32493431120000005
0.3152688362
0.32368678279999996
0.3206712446
0.3175573016
0.31337859120000006
0.3171291356
0.31095874599999995
0.3036257448
0.2962749706
0.28930398699999993
0.28096271799999994
0.2767622148
0.2729418376
0.2682889558
0.253148624
0.2446648384
0.2365337914
0.2304205564
0.22406877679999998
0.22363889939999998
0.22525149619999998
0.22144478139999996
0.2162815222
0.212713998
0.2136337024
0.2128851262
0.21191972899999997
0.21455530920000002
0.22094765560000001
0.22108527800000002
0.2183000812
0.21819819640000002
0.21746029780000004
0.214432538
0.20969594960000001
0.20639266620000002
0.2043345044
0.1993706452
0.19574193739999998
0.195837092
0.1958470586
0.19363565600000002
0.191965824
0.1897026784
0.1868499776
0.18509025340000002
0.1848897138
0.1841968706
0.1822835854
0.1810015852
0.1805043554
0.17974677300000003
0.1783584618
0.17834521200000003
0.17862533460000002
0.17735947079999997
0.176374894
0.1760455036
0.1765853238
0.17655964159999998
0.176514169
0.1760053674
0.174966275
0.17299413560000002
0.170979579
0.1708959494
0.1706442906
0.1701460216
0.1692863976
0.1694271108
0.1676358754
0.1663578848
0.1661813938
0.165765854
0.1649423796
0.16540190280000003
0.1651719172
0.16358464239999998
0.1630643214
0.1617724108
0.1605510276
0.15877654260000001
0.15824716919999998
0.1569499666
0.156576454
0.1566498532
0.1561659818
0.1556667616
0.1565395066
0.156487916
0.1552608296
0.1544874368
0.15434851160000002
0.1530527524
0.1525265704
0.1521490804
0.15234222719999999
0.15205662460000002
0.1511922288
0.15057399919999997
0.1496381892
0.14908589499999997
0.1484166398
0.14756682179999997
0.146331505
0.1446042834
0.14280443240000001
0.14059204779999998
0.13798838939999997
0.13672415720000003
0.13610784
0.1348567728
0.1343952172
0.134910789
0.134141088
0.1342845246
0.13442490540000002
0.13419608019999998
0.1338231438
0.1339507068
0.1340977258
0.1343164072
0.13362067100000002
0.1336355878
0.132748916
0.1315690092
0.130855487
0.1312166374
0.1310749348
0.1312083862
0.1306119676
0.13040015
0.1296610088
0.1289030532
0.12855331180000001
0.12860735239999999
0.1277794278
0.1271561242
0.126697996
0.1256342282
0.1251889608
0.12482547599999998
0.1239859182
0.12366605000000001
0.12418454479999999
0.12399606840000002
0.1238227116
0.1240082414
0.12332660720000002
0.12236498320000003
0.1207290642
0.120017466
0.118750698
0.118555152
0.11851043579999998
