0.4707442575600001
0.44706723296000006
0.48530669764
0.4678199990000001
0.44136671232
0.4143789911600001
0.3905379660800001
0.3637937929200001
0.328409857
0.2932427468
0.26328701856000003
0.25884379656
0.28133419212
0.2839462722
0.27673989184
0.27021422908
0.26693270896
0.26825757548
0.26313165356
0.24770639787999996
0.2381065764
0.23949744580000001
0.24101140263999998
0.2518781254
0.25020927107999996
0.25611401804000006
0.25675021412000004
0.24745097832000001
0.24184085648000003
0.23905930120000002
0.23100515824
0.22002960047999998
0.21266764144
0.21684125263999998
0.22383083267999995
0.22790913947999997
0.22997713735999997
0.22397405052
0.21935670976000002
0.2187488416
0.21606654564000002
0.21113364088000006
0.20262405104000003
0.19664036156
0.20020671571999998
0.20098201308
0.19800658299999999
0.2001619665999999
0.20422705039999997
0.20374419167999996
0.19297747083999997
0.1804639668
0.18051800872
0.18475960260000002
0.18596874999999996
0.18783006559999996
0.19197986616
0.19679638496000001
0.19663986808
0.19218038068
0.18607859992
0.17396529116
0.16464841668
0.16480776176
0.17084365796
0.17407667824000003
0.17361011436
0.17287248368
0.17530666012
0.17974096704000003
0.17984163516000007
0.17571579784000005
0.1712324306
0.16704144892000003
0.16603627988
0.17026095943999997
0.1737717648
0.16975939208
0.16289329967999996
0.15956933719999997
0.15929072003999997
0.15837152864
0.15238208120000002
0.14818109988000003
0.14850272664000003
0.15099988152000005
0.15580445856000005
0.16251839364000006
0.16508181896000007
0.16091984940000004
0.15905901204000003
0.15801936172000003
0.15811121796000005
0.15659445568000005
0.15066285988000003
0.14635081864000002
0.14497606708000002
0.14373687952
0.14442855891999998
0.1437595534
0.1432640076
0.14008088176
0.13960376128
0.1413214202
0.1398838674
0.13873859491999999
0.13590933736
0.13749422019999996
0.13808345019999999
0.1363244326
0.13327025091999997
0.13460459936
0.13341082228
0.131427894
0.13141573112000002
0.13025748848000002
0.12686956676000002
0.12232028567999999
0.1193113386
0.12208097359999998
0.12359590304
0.12441070139999999
0.12281102312
0.11918526544000002
0.11794643720000003
0.11574368308000003
0.11740877152000001
0.1191246566
0.11768237596
0.11694820352
0.11707662648000002
0.11664641424
0.11587444328000002
0.11565086224000001
0.11455778024
0.11308683064000002
0.11114992148000002
0.10983045736000001
0.10793990963999998
0.10600432091999998
0.10722634291999998
0.11116162652
0.11401278404000001
0.11712122636
0.11724646812000002
0.4707442575600001
0.44706723296000006
0.48530669764
0.4678199990000001
0.44136671232
0.4143789911600001
0.3905379660800001
0.3637937929200001
0.328409857
0.2932427468
0.26328701856000003
0.25884379656
0.28133419212
0.2839462722
0.27673989184
0.27021422908
0.26693270896
0.26825757548
0.26313165356
0.24770639787999996
0.2381065764
0.23949744580000001
0.24101140263999998
0.2518781254
0.25020927107999996
0.25611401804000006
0.25675021412000004
0.24745097832000001
0.24184085648000003
0.23905930120000002
0.23100515824
0.22002960047999998
0.21266764144
0.21684125263999998
0.22383083267999995
0.22790913947999997
0.22997713735999997
0.22397405052
0.21935670976000002
0.2187488416
0.21606654564000002
0.21113364088000006
0.20262405104000003
0.19664036156
0.20020671571999998
0.20098201308
0.19800658299999999
0.2001619665999999
0.20422705039999997
0.20374419167999996
0.19297747083999997
0.1804639668
0.18051800872
0.18475960260000002
0.18596874999999996
0.18783006559999996
0.19197986616
0.19679638496000001
0.19663986808
0.19218038068
0.18607859992
0.17396529116
0.16464841668
0.16480776176
0.17084365796
0.17407667824000003
0.17361011436
0.17287248368
0.17530666012
0.17974096704000003
0.17984163516000007
0.17571579784000005
0.1712324306
0.16704144892000003
0.16603627988
0.17026095943999997
0.1737717648
0.16975939208
0.16289329967999996
0.15956933719999997
0.15929072003999997
0.15837152864
0.15238208120000002
0.14818109988000003
0.14850272664000003
0.15099988152000005
0.15580445856000005
0.16251839364000006
0.16508181896000007
0.16091984940000004
0.15905901204000003
0.15801936172000003
0.15811121796000005
0.15659445568000005
0.15066285988000003
0.14635081864000002
0.14497606708000002
0.14373687952
0.14442855891999998
0.1437595534
0.1432640076
0.14008088176
0.13960376128
0.1413214202
0.1398838674
0.13873859491999999
0.13590933736
0.13749422019999996
0.13808345019999999
0.1363244326
0.13327025091999997
0.13460459936
0.13341082228
0.131427894
0.13141573112000002
0.13025748848000002
0.12686956676000002
0.12232028567999999
0.1193113386
0.12208097359999998
0.12359590304
0.12441070139999999
0.12281102312
0.11918526544000002
0.11794643720000003
0.11574368308000003
0.11740877152000001
0.1191246566
0.11768237596
0.11694820352
0.11707662648000002
0.11664641424
0.11587444328000002
0.11565086224000001
0.11455778024
0.11308683064000002
0.11114992148000002
0.10983045736000001
0.10793990963999998
0.10600432091999998
0.10722634291999998
0.11116162652
0.11401278404000001
0.11712122636
0.11724646812000002
