0.5470744348000001
0.5127153958
0.5470891612
0.5039279176500001
0.47124890625000004
0.43428239310000005
0.40582449865000003
0.3790966053
0.3447663061
0.30693184165
0.27253719705
0.27285932095
0.29755660995
0.2935578853
0.28380789995
0.27833817675
0.27365083324999995
0.27558837134999997
0.26898778945
0.2549219376
0.24104841875
0.23917708205000002
0.24903457489999997
0.2678948286999999
0.25690910059999994
0.25627733335
0.25325316185
0.24172004244999998
0.23400057565000001
0.2323021047
0.23645117670000002
0.23858980869999996
0.23366808705
0.23655505545
0.23920253464999996
0.23218487164999999
0.22434157584999997
0.2117234216
0.20967661084999997
0.21767157599999995
0.22545681474999996
0.22745636875000003
0.22023396515
0.21426910970000002
0.21872499225
0.21349838030000004
0.2037223259
0.20105038539999995
0.1988476239
0.19440590639999997
0.18736232714999998
0.17982362294999998
0.1826087778
0.18698331805
0.1881582178
0.18891656745
0.18913276660000003
0.19348104615
0.19645299289999998
0.1918749313
0.1820860293
0.17684498685000002
0.17775133964999998
0.18128055875
0.18446099985
0.18797188260000003
0.1809959316
0.17276442220000002
0.17447835995000002
0.18202117005000001
0.17986671175000002
0.1732267401
0.16693853175
0.16269713605
0.1644018756
0.17094253254999997
0.17388841174999997
0.17100180515
0.16483562594999995
0.16324263014999996
0.16695518474999999
0.1663726399
0.15968480505
0.1542697824
0.15111112695
0.14860117945
0.1573527837
0.16241842030000003
0.16049723140000005
0.1565348357
0.15912588670000002
0.15873886185000002
0.15982180965000004
0.16169730850000003
0.158494773
0.15388843285000003
0.15110619495000002
0.15053701595000002
0.1496383945
0.1451851006
0.14105485655
0.1378937896
0.13847366444999998
0.14175469999999996
0.14348040039999999
0.14692179419999998
0.1435093313
0.14371190514999999
0.1456951828
0.1403375529
0.13327457119999997
0.13248388219999999
0.1311382035
0.12674927045
0.12579056470000002
0.1268899353
0.12947040890000003
0.12894631505
0.1302391064
0.13443586204999997
0.13377177015
0.12847306954999999
0.12376627364999997
0.11824186910000001
0.11808687585000002
0.11646972585000004
0.11830606415000003
0.11748274175000002
0.11408450655000002
0.11605861265000002
0.11817815440000001
0.120383624
0.12074995065000002
0.12019384000000002
0.11611726655000001
0.11303254065000001
0.11003615080000002
0.10921772975000002
0.10702798075
0.10471812609999998
0.10542661299999997
0.10982085229999998
0.11333402964999999
0.11602482019999998
0.1143400462
0.11330982
0.11191172595000001
0.11276847480000003
0.11566182025
0.11721191449999999
