0.7991689415
0.7366453583999999
0.7694447958999999
0.7139262572
0.6550441645999999
0.5924142767
0.5304340982
0.46653
0.40579897349999994
0.3474969215
0.29497992809999996
0.28878543320000005
0.32473352650000004
0.2939295781
0.2874536479
0.2761505095
0.28121489909999997
0.2916632106
0.2837336387
0.26636676179999996
0.250094466
0.25693320869999997
0.27037969339999995
0.2931861925
0.280162152
0.28052584399999997
0.2660867674
0.2595135321
0.2542419402
0.24347711340000006
0.2320023715
0.2214209554
0.2276894564
0.2426034649
0.2336560492
0.23202882270000003
0.24041955629999995
0.22392655279999998
0.21375921109999996
0.22112709599999997
0.2408999819
0.25575866199999997
0.23964671769999996
0.23050664599999998
0.2447490201
0.2323409206
0.20826359539999997
0.19952029039999997
0.2055940106
0.214216056
0.2100136476
0.1991540755
0.20082121260000002
0.1980315734
0.1927009644
0.19465583999999997
0.1991810564
0.20258048039999998
0.1921012372
0.1745957568
0.1647110067
0.16049317040000002
0.164396343
0.1759350627
0.1836154712
0.1831772949
0.1790844768
0.1843816119
0.20080474860000003
0.20915410580000002
0.19946105190000002
0.1931968033
0.1911063363
0.1866260548
0.1853065285
0.1927664703
0.18290738639999998
0.16114723250000001
0.1481519713
0.15488823429999998
0.1602723716
0.15325667690000003
0.14277072720000003
0.1387682173
0.1434972227
0.14911859479999998
0.1648694371
0.1808563778
0.18151928060000003
0.17159702599999999
0.17363799789999998
0.17948860289999996
0.17659888289999998
0.1697713475
0.1587250312
0.14808376410000001
0.1498361303
0.14398046280000001
0.1394751822
0.14147264539999999
0.1446137755
0.13798912079999998
0.14304473639999998
0.1536232695
0.1582645148
0.1596931016
0.1523762596
0.1570935691
0.15980160679999997
0.1488975558
0.13749593759999998
0.1377984584
0.13390259249999997
0.12988613050000003
0.128696286
0.13415048680000002
0.13464240300000002
0.1303302412
0.1315887588
0.13177754999999997
0.1290532048
0.12716930599999998
0.1283738145
0.1236124104
0.12288484340000001
0.11962938380000002
0.12429841479999999
0.1275623889
0.12888945400000001
0.13709417410000002
0.1384903355
0.12977683310000002
0.11915873280000003
0.11287132780000002
0.1132889083
0.11331006790000002
0.11231371350000004
0.10740309460000001
0.0992795591
0.0950230512
0.09786597329999999
0.11099041489999999
0.12234116850000001
0.1275163522
0.1189456248
0.11275501339999998
0.10775858810000001
0.11103236490000001
0.11477640240000002
0.114413201
0.11298725270000001
0.1086512897
0.10432689079999999
0.10453328819999999
0.10973446759999998
0.11386462659999999
0.1160648638
0.1145045847
0.1165472381
0.120010628
