0.6165917154
0.6120381702
0.9101470669999999
0.9600347706000001
0.979106195
0.9817461676000001
0.8612525466
0.6287425248
0.46781774379999996
0.3309821342
0.2030823858
0.1996156498
0.3043174752
0.3437802032
0.3640117088
0.38687747040000003
0.37795521660000003
0.3451495778
0.244078953
0.210895587
0.16542354860000003
0.18447458160000002
0.2381768434
0.3233883244
0.3218379366
0.3347653834
0.3293918358
0.3025825434
0.2629840606
0.2384863674
0.22628630459999996
0.20278169899999998
0.2164445208
0.24549981980000002
0.2484678594
0.2377184384
0.2400602118
0.238934392
0.23970710999999997
0.21884423899999997
0.22633920699999996
0.2407789008
0.20891871359999997
0.1878113122
0.223409953
0.25546075679999997
0.27073842319999997
0.2703747218
0.27320197979999994
0.2660880872
0.20922108439999998
0.1457887676
0.128665859
0.13798604139999998
0.16234402480000001
0.2108062108
0.2525193834
0.2729765662
0.2580771054
0.22305790399999997
0.17850546920000002
0.1458427294
0.1321843946
0.12612536900000001
0.12613360960000003
0.1509165442
0.1751436114
0.1966082914
0.2257447564
0.24109733279999998
0.21543804559999996
0.1830253422
0.1721549324
0.1758647408
0.1772108788
0.1834840582
0.20336826439999997
0.21005774019999998
0.19738736880000002
0.1934021782
0.20204888240000002
0.1624465084
0.11223672479999999
0.09891657379999999
0.11637429040000002
0.1184958608
0.1440668454
0.1733047296
0.1786198608
0.170620155
0.1797413288
0.18567202879999997
0.18840802599999998
0.1844187004
0.172573897
0.16753466700000003
0.17330517699999998
0.1647897398
0.15512399459999998
0.1448761654
0.1286328612
0.12636708359999999
0.1231711858
0.12382636979999999
0.1380691254
0.1605946898
0.149611158
0.162918287
0.18342016919999998
0.17845990419999996
0.1587915134
0.1551413612
0.1512688512
0.1361830444
0.11933520739999999
0.1162003618
0.12045555560000001
0.11653633380000002
0.12358921660000002
0.13805736459999998
0.15210061179999998
0.1488292504
0.1441241486
0.139588301
0.1254977354
0.10600579780000001
0.10550936159999999
0.1126234804
0.1076365198
0.1202719514
0.13325296979999998
0.143087468
0.1425012974
0.1501423882
0.1539163968
0.14372770120000003
0.11646619820000001
0.09581616820000001
0.0756002674
0.07266141979999999
0.0828924346
0.10816122879999998
0.118990021
0.12295885079999999
0.11738468260000001
0.112839512
0.11381960100000002
0.125692316
0.13207385359999999
0.120506567
0.11267051480000001
0.1016975752
0.0963724138
0.0974789512
0.108319835
0.1133039906
0.1156050042
0.1122813678
0.11158762520000001
0.11114910019999999
0.11442526260000001
0.1165247234
0.1167278016
0.121506851
0.1288721558
