0.4480811118666667
0.42745466676666677
0.4548526719333334
0.4336806759333335
0.4075533215000001
0.3830302100666668
0.3592452549000001
0.3392355809000001
0.3145915174666667
0.28578026556666664
0.25902558853333335
0.2557131991
0.2742675587666667
0.2765730785
0.26709061636666664
0.2629017254
0.2625737409333333
0.25836776516666665
0.25057826333333333
0.2436569904
0.2409989398
0.2447042753666667
0.24590528916666668
0.2554321011333333
0.2528557404333333
0.24829852910000003
0.23825663970000002
0.22765345843333334
0.22453172063333335
0.2262734218
0.227638667
0.22544456429999998
0.2227191289
0.22371389476666667
0.22370201123333333
0.21967519443333336
0.21595473603333334
0.20867577453333336
0.20381815296666667
0.20331296959999998
0.20520821206666667
0.20513530263333335
0.2016214244333333
0.20149109403333332
0.20702181856666663
0.20339135183333332
0.1955097095333333
0.1954941275666666
0.19949999879999997
0.1993219728666666
0.19139523539999997
0.18428134973333332
0.18544129730000003
0.18686423030000002
0.1872076547
0.1901998684
0.18705763986666668
0.1827031082666667
0.18035265236666664
0.17954603230000005
0.1748148100666667
0.1689822168666667
0.16609113550000001
0.16710977826666668
0.1708064074666667
0.17502078666666673
0.1756204334333334
0.17546174073333337
0.17682533350000007
0.17854645536666677
0.1777904738000001
0.1753140277000001
0.17015864880000003
0.1650552065333334
0.16250959413333335
0.16332294306666664
0.1658709846
0.16199469103333333
0.15638214469999998
0.15598596856666663
0.1595080483333333
0.15691146686666665
0.1541381155
0.1540542781
0.1534955895666667
0.15229848683333339
0.1556939423333334
0.16064346990000006
0.1602653565333334
0.15398907573333337
0.15191590366666669
0.15175872736666668
0.15118207060000002
0.15109358250000005
0.14856194400000003
0.1473091175
0.1456182643
0.14380142436666665
0.14362184926666668
0.14071591706666667
0.13705430596666668
0.13431896173333333
0.1351070478
0.1357072701333333
0.13661521473333332
0.13782432406666664
0.13710569246666665
0.13832873306666663
0.1400932732
0.1392564266333333
0.1350131593
0.1315815325
0.12714504659999998
0.12212328956666665
0.12162334590000001
0.12236331283333333
0.12375151043333335
0.12176524156666667
0.11991925730000001
0.12129825843333333
0.12180317119999999
0.12264551799999998
0.12329123859999999
0.12133336346666668
0.11837312550000002
0.1152314883666667
0.1147902388
0.11533261613333333
0.11431513850000001
0.1155101421
0.11644785383333335
0.1164728459
0.11527559736666668
0.11497365606666668
0.11398966690000001
0.11330990263333335
0.11204572180000003
0.11098001473333335
0.11020106653333334
0.10981562673333332
