0.65843752795
0.62906440055
0.6679333244500001
0.6208401745500001
0.5991663598
0.5762731005000001
0.55359191045
0.5330899741000001
0.5078592226500002
0.48103313385
0.4574499159
0.46484380195
0.4882652772000001
0.4783881521000001
0.45901846415
0.4509817728999999
0.4431847212999999
0.43989217849999995
0.4321317337500001
0.4193696588000001
0.40868409340000006
0.41118121975
0.4148592142
0.4377208089000001
0.42048105415
0.4130777778499999
0.41051181669999987
0.40055387755
0.39293108369999996
0.38805927739999996
0.38517956209999993
0.3838793170499999
0.38226545869999995
0.38837354194999996
0.39000746059999997
0.37505453859999993
0.3668117177
0.3568677210999999
0.3533457878999999
0.35787390494999993
0.35851990044999993
0.35714297114999993
0.35540869494999994
0.35384978865
0.35878986669999996
0.3527550677
0.34355939955000003
0.33701001245
0.33360904005
0.32969896060000004
0.32343789325000005
0.3142022222
0.3150926812
0.31854316504999997
0.32279292655
0.3257410768
0.321712142
0.324725589
0.32610871815
0.32011891535000003
0.31092287445
0.30474626810000005
0.30115808060000004
0.3023774914500001
0.3050557588
0.30762871175
0.29719634175
0.2920629868000001
0.28876760195
0.2946377162
0.29332213715
0.2905147079
0.2846247601
0.27634884395000003
0.2750033947
0.27897976105
0.28184580195
0.27840518735
0.2741193696
0.2698294022
0.27279120590000006
0.27101737095
0.2651912775
0.25912612905
0.2555552509
0.25274883470000004
0.26325353495000003
0.26645851950000005
0.26580922625
0.25899165565
0.26139899955
0.25832343855
0.2579352239
0.26081717810000005
0.2581428186
0.25370954425
0.25100006145
0.2512912502
0.24893062915000003
0.24564029615
0.24077745060000005
0.23961871215000005
0.23917315350000007
0.23982485545000007
0.24057307005000003
0.24104239775000003
0.23726164315
0.23565639104999997
0.23585118239999997
0.23203475364999998
0.22284521675
0.22375327915
0.22209971395
0.21843961159999997
0.21696806805
0.21618386165000003
0.21801640404999997
0.21520288070000002
0.2147972293
0.21806412400000003
0.21845823215
0.21161027950000003
0.20569971834999995
0.2007788904
0.20027097755
0.1996345173
0.1987499151
0.1988836014
0.1966147008
0.1973633998
0.2011482794
0.19988517955000001
0.19908948264999998
0.1964903274
0.19024175539999996
0.18806051729999998
0.18212304819999997
0.18238364105
0.17981712919999998
0.17778989774999998
0.17812632024999997
0.18224505009999997
0.18467037985
0.18597207685
0.18352338705000001
0.18348236725000003
0.18189685545
0.18152287100000003
0.18338694260000005
0.18446679810000005
