0.8284413802999999
0.7686665283
0.8008030365000002
0.7575130860000001
0.7258936927999999
0.6925881985
0.6548477804
0.608107682
0.5647536852
0.5245280616
0.48843367560000006
0.4894622728
0.5350636124000001
0.48416726309999997
0.47243902680000005
0.45995800249999996
0.4523360404999999
0.45807226619999997
0.45096476010000003
0.4375382061
0.42646615619999995
0.4402253311
0.44146694200000003
0.4726090411000001
0.44559790150000006
0.44200554329999997
0.43403340209999997
0.4217120908
0.41329870739999996
0.4012011115
0.3909020306
0.3821371084
0.3882514864
0.4028325767
0.39536420679999995
0.3841500124
0.38699023130000004
0.3793956643
0.37256346
0.37491744330000004
0.3794570936
0.3856215257
0.37627943100000005
0.3739145072000001
0.38465071440000004
0.3659590648
0.3466332040999999
0.33433977789999997
0.3341281158
0.34083036660000005
0.33758270730000006
0.3286644166
0.3345379589
0.3337850701
0.332929019
0.3395510706
0.340485595
0.33968024700000005
0.33308996429999993
0.31856755459999997
0.30929307920000004
0.29974002780000003
0.2956474035
0.30330126
0.31265683410000006
0.31193108300000005
0.302938689
0.309770931
0.319127472
0.3216702761
0.3125526697
0.3097525084
0.30666875770000007
0.3014537229
0.2974546835
0.30332634049999996
0.2914539945
0.2743550426
0.25840773189999994
0.26760515630000004
0.27409160460000004
0.2712769074
0.2625807625
0.25124396499999996
0.25255210589999993
0.25463318160000004
0.2722376094
0.2824553321
0.2898310073
0.2720536481
0.27149080719999996
0.27075783449999996
0.2678017925
0.2670082931
0.2585583959
0.2508644878
0.2542694605
0.2504617069
0.24178744520000003
0.2459296632
0.2513071919
0.24588904260000005
0.24806865530000005
0.2546260631
0.2577272413
0.2565546007
0.24773066240000005
0.25212079350000005
0.2560738131
0.24535092909999995
0.23024770930000002
0.23334838170000002
0.23027765169999997
0.22502364779999998
0.22341889879999996
0.2255301948
0.2267926239
0.21919198860000005
0.2156285517
0.2187185782
0.21544272420000002
0.21415817660000003
0.2139217762
0.2118555754
0.2105172373
0.20683752850000006
0.2092401842
0.2112137728
0.2139659069
0.2174096698
0.22147374009999998
0.20906238240000002
0.1974776605
0.18970220540000002
0.1900247178
0.19243150609999998
0.18825964599999997
0.18655343
0.1792634947
0.17731712980000003
0.1808228187
0.1907079767
0.2007013048
0.2032784494
0.190458793
0.18368952850000003
0.1759864504
0.17821385210000001
0.1803707637
0.17826266570000002
0.17542982180000002
0.17378212350000002
0.16863945490000004
0.16866570430000002
0.1765879811
0.183275206
0.18780726050000002
0.18483188990000002
0.18640312150000002
0.19067093049999997
