0.6524048457599999
0.6363167625999998
0.67604601184
0.6637500950399999
0.6485490006399999
0.6335656167599999
0.6191223927199999
0.59814293576
0.5683088994800001
0.53944330456
0.5237179098800001
0.5287058919200001
0.5477223036400001
0.54709800868
0.5348268718
0.52321026812
0.51636573312
0.5126900463999999
0.5027329482799999
0.485021819
0.47436496728
0.47834026384000006
0.47561077968000004
0.49672749796000004
0.4900212558400001
0.4834517612
0.48192636335999994
0.47371746472000004
0.4676185078
0.45623915555999994
0.44135261732000003
0.43060959376
0.42482666552
0.4299253182799999
0.43807677531999994
0.4332674057599999
0.43163600851999995
0.43247351908
0.42960255156000005
0.42473170411999994
0.41653684584000006
0.40855256460000006
0.3987748538400001
0.39608862512000004
0.4008596637200001
0.39791886128000015
0.39108179508000007
0.39105474640000004
0.392755278
0.3913769718
0.38469396163999997
0.3727898138
0.3692407326
0.368283914
0.37066294144000006
0.37213558103999994
0.37193181536
0.37573377092
0.37723350815999995
0.37258803771999993
0.36822545568
0.35309026023999995
0.34082091696
0.3336904229999999
0.33862836768
0.34052074847999997
0.34001649463999994
0.3420884434
0.3400506902
0.34055715719999996
0.34025126896
0.33787595356000005
0.33132087312
0.3256928226000001
0.3200364435200001
0.3196476191200001
0.3212234078400001
0.3186965717200001
0.3140617794800001
0.3123961364000001
0.31310503176000004
0.31263053556000003
0.3068257302800001
0.2997641118
0.29727229708
0.29847561260000005
0.30415532528000006
0.30800950412
0.31151219160000004
0.30539885656000004
0.3026267824
0.2997769478
0.29854165548
0.29853393048
0.29127595644000004
0.28632807164
0.28571767751999994
0.28592580959999997
0.28347888475999994
0.28458291552
0.28302489756
0.2812087809199999
0.27807613327999997
0.27508352424
0.27233906395999996
0.26876347876
0.26661011852
0.26639793768000003
0.2670364764
0.265588777
0.25959200268000004
0.260173374
0.25630363524
0.25390582283999996
0.25218006616
0.25088655099999996
0.24633064808
0.24044173255999998
0.23644640792000005
0.23992316900000005
0.24185814756000007
0.23929273472000007
0.23674783048000003
0.23311753852000003
0.23145676644000004
0.23153527012000008
0.23078398636000003
0.23224361708000005
0.23116169312000004
0.22722311436000006
0.22692669576000005
0.22082092544
0.21954070584
0.21730555108000002
0.21518405711999997
0.21533957851999996
0.21380973859999997
0.21296425459999996
0.21020908335999994
0.20902234899999997
0.21038982211999993
0.21175426799999997
0.21333854651999995
0.21425808475999997
0.21345994031999996
