0.6431775047333333
0.6307147271999998
0.6575553725666666
0.6363654810333332
0.6140773912333333
0.6009120855999999
0.5859759459666666
0.5696374489666667
0.5526888986333334
0.5346621431666667
0.5188374356666667
0.5234239428333334
0.5399135455
0.5363501814666667
0.5186327377333334
0.5065490943666667
0.5003694910666667
0.4948411891666667
0.48761057733333335
0.4796977524666667
0.4727866871333334
0.4768303992333333
0.47466039550000005
0.49218149256666677
0.4813478149000001
0.4673006477
0.4592920864999999
0.44820591730000003
0.4415115004
0.43868387013333326
0.43399690976666666
0.4297372924666666
0.43157960173333326
0.43710027536666657
0.4390691428
0.4295198823
0.4232961700666666
0.41579067066666664
0.41050902850000004
0.40699339766666665
0.4021395886666667
0.39596620936666677
0.3934784391666668
0.3959625187666667
0.4016603798000001
0.3980608491000001
0.38887169086666673
0.3860186896000001
0.38514517260000003
0.3818825529
0.3745371642333334
0.3676299631666667
0.36655283913333336
0.36619066736666667
0.3689746052666667
0.37305760839999996
0.36513784786666664
0.36157481126666663
0.3569045292999999
0.3561954697666666
0.35223100123333323
0.34694657516666655
0.3404697742666666
0.33588247736666654
0.33684794189999995
0.33856827459999994
0.33706903349999995
0.33726678856666664
0.33729934999999994
0.33430769629999996
0.33283481396666664
0.3306563681666666
0.32572021069999996
0.3195672571666667
0.31606519006666667
0.31487972266666675
0.31749723130000007
0.31454033720000013
0.3090908322000001
0.30781573496666675
0.31167430136666674
0.30865743946666674
0.3051379222666667
0.3021367655
0.30020448546666667
0.2975654401666667
0.30251881480000004
0.3052370563666667
0.30658540026666675
0.2973875992000001
0.29340771056666676
0.29182001923333334
0.29046459373333333
0.2901561788
0.2876624949
0.2851461711333333
0.28343372429999997
0.28134959416666666
0.27739284186666663
0.2763173737666667
0.2724762723666666
0.2719861568666666
0.27095814216666664
0.2699030796333333
0.2688096021333333
0.2670801104666667
0.26494313816666665
0.26303617640000004
0.2639215247
0.26262762636666664
0.2579078888333334
0.25433158380000004
0.24893058006666668
0.24403058053333335
0.24282452623333337
0.24276718153333335
0.24141650833333336
0.23896973956666667
0.2356425188333334
0.23781316990000007
0.2394855032000001
0.2376556483333334
0.23661443373333338
0.23379518216666673
0.22851753946666672
0.22572777086666676
0.2216629439666667
0.22217861930000005
0.22175476866666669
0.2211804297666667
0.2225601936
0.22094282156666667
0.21850810716666663
0.2165653638333333
0.2154889363666666
0.21690607169999995
0.21398232879999995
0.21312633946666662
0.21099079879999996
0.21055775469999996
