0.6578372328
0.6421311361600001
0.68232917372
0.67030111704
0.6554250025599999
0.6407687545999998
0.6266176569999999
0.6059338789599998
0.5761422238399999
0.5474008754399999
0.5318127757599999
0.5372719917599998
0.5561059825999999
0.55560073228
0.5430116701200001
0.5310834342799999
0.5241125691999999
0.52029797356
0.5102411423600001
0.492650621
0.48196274683999996
0.48630418631999994
0.48332296596
0.5049773298
0.49832266052
0.49127319844
0.48943316004000004
0.48104864888000004
0.47493715268000003
0.46323563276000007
0.44833522556000005
0.43744200992000004
0.43169691188000003
0.43677285488
0.4449320486400001
0.4400714554400001
0.43832486552
0.43924874112000006
0.43626659352
0.43112600776
0.42258725164000005
0.41451072827999996
0.4045049480799999
0.40173922336000006
0.40632664276
0.4031540902
0.39606045968000003
0.39600571996
0.3974060730799999
0.39611201636
0.38943070715999994
0.37778080236
0.37424212208
0.37292601931999997
0.3752402116000001
0.37666026576
0.37637702216
0.37998856836
0.3817469448
0.37724043044
0.37303964539999995
0.35765138336
0.34524671655999994
0.33810435683999995
0.3428955888799999
0.3446921705999999
0.34425875955999996
0.34638806556000007
0.3445523816
0.34509588316
0.34485052444
0.34271109007999995
0.33605693916
0.33040037207999995
0.3246963688
0.32405763136000004
0.32528803440000004
0.32261902128000003
0.31829380440000005
0.3170640956000001
0.31761922968000006
0.31730884816000005
0.3119156901200001
0.3048927087600001
0.30239960196000004
0.30345666424000006
0.3092111980800001
0.31301453960000003
0.31617826472
0.30985345324
0.30720967428
0.30450674432
0.30353635172000004
0.30354909152000004
0.29618196644
0.29143143796000004
0.2905220968
0.29105879807999996
0.28852719584
0.28944394524000006
0.2879007512
0.28622496087999993
0.28323317051999997
0.27995087675999997
0.27696061392
0.27348089
0.27136052888
0.27064339856
0.27099282123999996
0.26928074856
0.26325091612
0.26365072340000006
0.2594890395200001
0.25750083392
0.25596646292
0.25454959784000003
0.24977169484
0.24368123419999999
0.23939920088
0.24289159892
0.24465826919999994
0.24215007823999998
0.23953072444000004
0.23573357264000003
0.23421249916000003
0.23435776636000008
0.23361700588000006
0.23509014328000002
0.23403036984000003
0.22995313192000005
0.22927054128000002
0.22302041883999993
0.22181964539999993
0.21969807123999996
0.21769838471999997
0.21778174135999995
0.21642373519999997
0.21575973499999995
0.21273945671999997
0.2115401472
0.21297538812000003
0.21412672052
0.21569391431999999
0.21658859932000002
0.21567210076
