0.6363058898
0.6128426374
0.5812424859
0.6014731345000001
0.58680089565
0.5696817874
0.5437150378
0.51578718295
0.49361831460000005
0.47520584435
0.4717456608000001
0.49029324690000003
0.5081989339
0.48588703475
0.48951193164999995
0.4902359259499999
0.4901554169
0.48373460099999993
0.47354236245000003
0.46404564954999994
0.4512700854999999
0.4518097761
0.4685964672500001
0.4620467641000001
0.45898344145000014
0.45099244260000004
0.4617263265
0.4670815621
0.46363349
0.4564848271999999
0.45002952564999993
0.4622000149999999
0.4712525514
0.50361069325
0.48472701334999996
0.47374151785
0.46790752879999997
0.4671493265000001
0.47120593945
0.48107024015000005
0.4879942763500001
0.48581786825
0.482388864
0.498047338
0.5027517215
0.49459848520000005
0.4859555792
0.4866012798
0.48811762495
0.48791192074999995
0.48857305965000003
0.49065372835
0.4934885989500001
0.49385105045
0.51321409315
0.5194007993000002
0.50627071785
0.5079183665
0.5136166819000001
0.50957082305
0.5129610923000001
0.5222123968000001
0.5340230655000001
0.5366332607500001
0.54691592015
0.5475743714
0.5463964845
0.5430274268
0.523183438
0.5238002356999999
0.52441796255
0.5197476773999999
0.5132904846499999
0.51351376455
0.5327177226499998
0.5483700730499999
0.5639166076
0.55161300225
0.5399622443
0.5372267189
0.53134865025
0.5165562902999999
0.50280371595
0.49100318905
0.48055699099999993
0.49274351944999994
0.4950733797499999
0.4940541883
0.5091258153
0.51062486375
0.5184470668000001
0.52313362755
0.5272247200500001
0.5342518835
0.52437296585
0.5099640131500001
0.50075126745
0.48999623435000006
0.49067710620000005
0.4788990244
0.4796818311
0.49171228925
0.5049033567
0.5227834398500001
0.5396411898
0.5511554213
0.5494601958
0.55377551625
0.544432048
0.53485079295
0.5208868534
0.50164017905
0.49246164795
0.4884372631000001
0.49869779619999993
0.5156870939000001
0.5311956828500001
0.55585001035
0.5561095896999999
0.57116326565
0.5574846433999999
0.5442153109
0.5326670555
0.5182515347500001
0.49656746315
0.49682300590000006
0.5041122665
0.50019417635
0.50965796285
0.51573195315
0.51715533565
0.52161834145
0.5236729867000001
0.5131918324999999
0.49887807860000005
0.47911036835000004
0.478698783
0.47693963335000006
0.47992794950000006
0.46793487050000004
0.47753942255000004
0.5001808441500001
0.52051720535
0.5258281097
0.5317384601499999
0.5201791461499999
0.51921064025
0.5260699927499999
0.5275791614500001
0.5203076138000001
0.5189946173000001
0.5173251921
0.5050571224000001
0.5131814306000001
0.51632879445
0.5193285355499999
0.5122160721
0.5112816014499999
0.5088009408499999
0.50710123505
0.5008557908
0.48716782734999997
0.48340790425
0.48931428085000006
0.4974011410000001
0.5032914862000001
0.5004620028000002
0.49369746265000003
0.4864643504
0.493978183
0.4890881814000001
0.47847321145000005
0.49039792164999996
0.4920626459000001
0.50656139255
0.5194523594
0.5223716793000002
0.5258132850000001
0.5328602803000001
0.5450423624
0.5429098699500001
0.5342173401999999
