0.7140883668000001
0.6954393113000001
0.6672029375500002
0.6931846350000002
0.6836615047500001
0.6748663669500001
0.65764335895
0.6377584413999999
0.62248913845
0.6114219341499998
0.6149057513
0.6328280769999999
0.64847706165
0.6163584918999999
0.6203039325
0.6217424461000001
0.6228042872999999
0.61967097715
0.61335961825
0.6083772348
0.5998027066999999
0.60490917
0.6204183839499999
0.605463007
0.60471021505
0.5930476765
0.5976953909
0.6039697738
0.6042149557000001
0.6000178708
0.59527280045
0.6086279086
0.6146312042500001
0.6534349829500001
0.6280429696000002
0.6143178327500001
0.61179736355
0.60965143455
0.6114401249500001
0.6158589317500001
0.62151185125
0.6206501019
0.6216909206500001
0.6453855367000001
0.6499532947500002
0.6390457770000001
0.6303678987000001
0.6290792285000001
0.63052981075
0.6304637234000001
0.6291037170500001
0.62890099825
0.6320438754
0.6301639239
0.65531871335
0.6676669344
0.6474569028999999
0.6413169536499999
0.6455764670499999
0.64591838075
0.64921749455
0.6550394076
0.6691244894999999
0.66568320455
0.6727282984499999
0.67651517545
0.6827174294999999
0.6847651847499999
0.6597558644999999
0.6542917109499999
0.6572361903999998
0.6585829935499998
0.6552482964999999
0.6593323107000001
0.6753896658
0.6786961776
0.6936040124
0.68473843955
0.673452455
0.67070309095
0.6626828927
0.64648222865
0.6344528225000001
0.62860586895
0.62292631855
0.6368991801000001
0.6310732497000001
0.6232639838499999
0.6403277166
0.6442434408
0.6460151888500001
0.6484163546999999
0.6465279906499999
0.6474720341999998
0.6412601790499999
0.6381170901000001
0.6368158025499999
0.6262526726000001
0.6324961747000001
0.6187325213000002
0.6216084114000001
0.6336405857500002
0.6427367439000002
0.6550335770000002
0.6638357366000001
0.67186040755
0.6726893929
0.6828425302000001
0.6690808052999999
0.6610423557
0.6575808304999999
0.6398901677
0.63305774745
0.63144649155
0.64133525385
0.6507186160999999
0.6557002461499999
0.6820179327499999
0.6740951411999999
0.6840300802999999
0.6681784838499999
0.6604093608999999
0.6517361492499998
0.6422456178499999
0.6209872916999999
0.6187761106999998
0.6285996341499999
0.6178348419999999
0.6320859006
0.6372027171999999
0.63310448365
0.6345369447500001
0.6412545883
0.6345331487
0.6253506919
0.61008271035
0.6146449921499999
0.60976034085
0.6162111216999999
0.6078208232499999
0.61272818435
0.6251708891500001
0.6364696866500001
0.6371474430500002
0.6502759703500002
0.6474811182500001
0.6473294838000001
0.65832947675
0.6570499858
0.6485533784499999
0.65111653895
0.6557592844
0.6400792554
0.6467502639499999
0.63900481725
0.6398205099000001
0.63767456785
0.6443137547
0.6464645714999999
0.6454738193999999
0.6387815142500001
0.6253017851999999
0.6265896738500001
0.6298654186999999
0.6329520618
0.63682399575
0.6328639571500001
0.6232723094000001
0.6191587338000001
0.6318240538500001
0.6254565711499999
0.60562827575
0.6160931196
0.6148352895
0.6325634113499999
0.64069147095
0.63871780925
0.6416281788500001
0.6439212532500002
0.6570480113500001
0.6600315694000001
0.66387443885
