0.5145784823999999
0.4545636476666666
0.3924209552666667
0.3370979735333334
0.34132794173333336
0.3405711524000001
0.2948402786666667
0.24906796673333337
0.20691382513333334
0.19797717113333332
0.21193071833333335
0.21267749633333335
0.19954826966666667
0.17066702353333332
0.1452389844666667
0.12036243893333333
0.11707792693333334
0.1127056192
0.10901601353333334
0.10407797466666667
0.10490221173333333
0.11781057286666669
0.11855908580000002
0.11200099040000003
0.10662257860000003
0.09525639186666668
0.08184984746666667
0.08037821586666666
0.08114199786666666
0.07872660439999998
0.08096883979999998
0.08132321546666667
0.09009774
0.08954488566666667
0.08021794846666669
0.06947151840000002
0.06053181753333334
0.05355519993333333
0.05078611413333334
0.05011346366666667
0.050163923666666665
0.0498860236
0.04855795266666667
0.050537286066666666
0.05285919906666667
0.04931179386666666
0.04749683439999999
0.04037650726666667
0.04008083266666666
0.038515252199999996
0.035694247133333336
0.039489741999999994
0.04261149499999999
0.043599012000000006
0.0457849946
0.05011176566666666
0.04794665006666666
0.04568084413333332
0.04379985719999999
0.04212597866666666
0.042757131
0.04360950946666666
0.0416851924
0.043100387266666665
0.0439071474
0.04802008113333333
0.04947088806666666
0.05457913253333333
0.06071670293333333
0.056692678
0.05101295893333333
0.05034829913333334
0.050340479
0.04613831613333333
0.04863773219999999
0.047478266
0.046255354799999995
0.04833740993333333
0.0456478602
0.04169959886666667
0.04101325260000001
0.035695525533333335
0.026837389266666668
0.0178542276
0.01799696893333334
0.01631971846666667
0.02208596106666667
0.02359095246666667
0.026901028733333335
0.023411936933333335
0.02282873306666667
0.023454176200000003
0.022509108200000003
0.02207227486666667
0.022893900600000003
0.019946253200000003
0.017322162533333334
0.018458129800000004
0.01926929206666667
0.020112324666666664
0.021976259733333333
0.014300203533333332
0.0121232026
0.012638191866666667
0.012306136466666666
0.012149981133333333
0.012631986
0.010519009266666665
0.008775504266666668
0.008319865666666667
0.008310275800000001
0.009987575933333333
0.009990771933333335
0.006190226733333335
0.004515168933333335
0.004747810000000001
0.006827299000000001
0.005575650533333333
0.0070301823333333326
0.007534437933333333
0.007562931133333333
0.006826950466666666
0.010089262533333332
0.0121838126
0.012216967533333335
0.014554243533333334
0.0147948426
0.013963199
0.015313273266666668
0.014869517666666667
0.014480654
0.013483393199999999
0.014991285266666666
0.0119061588
0.012748597933333331
0.014000468399999999
0.0126561782
0.0112944216
0.009813350266666666
0.010125673066666669
0.008314720266666666
0.008331819466666666
0.007724200733333331
0.0081143722
0.008391324466666664
0.007754787866666666
0.008187165733333331
0.007727580866666666
0.009767514666666666
0.008712033466666665
0.008371963599999999
0.008140474466666667
0.008111162533333334
0.007998889733333332
0.008031510733333334
0.0080284868
0.007331350666666667
0.008062544933333334
