0.4168533093
0.36404405785
0.3187382582999999
0.28257722955
0.27950052605
0.28111838645
0.2610997518
0.22813617765000002
0.18659555710000003
0.17554687645000006
0.18129457385000006
0.17397276480000004
0.15889666665000005
0.1374274491
0.12568219025
0.11543072324999999
0.11684894225
0.12026742939999999
0.11965906600000001
0.1095536901
0.1017002857
0.10739073785
0.10951308935000001
0.10154931189999998
0.09553278834999998
0.09023948204999999
0.08111760344999999
0.080526525
0.08443846584999999
0.08545645184999999
0.08293115335000001
0.07875948095
0.08008452470000002
0.08281613985000001
0.07624955765000002
0.0681367826
0.06566754129999999
0.06293357915
0.0613556393
0.06118071285
0.06179650444999999
0.05955930144999999
0.054721110149999995
0.05405029944999999
0.057142747049999984
0.05299919204999999
0.0533826955
0.049865177
0.0492928034
0.04922219095
0.052603695250000006
0.053500009599999995
0.052694537349999994
0.05060648765000001
0.04884789440000001
0.04912340085000001
0.04618918125
0.044146547550000005
0.041784204600000006
0.04140214705000001
0.04069531785
0.04193868475
0.04472792775
0.048739815500000006
0.04670967644999999
0.0463950038
0.043828404
0.04361553914999999
0.03969174615
0.038539477800000006
0.03578523095000001
0.03503513675
0.0370195259
0.03723516640000001
0.03632203660000001
0.0357235764
0.0356326854
0.03564188875
0.035290638150000005
0.03309188945
0.03151248785000001
0.03415899085
0.031568370550000016
0.024906199850000005
0.02371023515
0.0242051482
0.02495874995
0.024071621150000003
0.025713986249999998
0.026429406300000003
0.02498516215
0.02362248
0.021873611700000004
0.020984300150000006
0.020603704350000005
0.018904629350000004
0.016668732850000003
0.016429686800000003
0.016197978350000003
0.015710121500000004
0.017885852300000005
0.01616840965
0.01423027945
0.0146307062
0.01543573455
0.015133280499999999
0.013769038450000002
0.0129197002
0.01175101305
0.010215798650000002
0.0097753022
0.0107866448
0.011600509750000002
0.0133205935
0.013207828549999998
0.013803135250000001
0.01438946955
0.0142242909
0.015087384999999998
0.015242589699999998
0.01430533755
0.01205377835
0.011766741950000001
0.012324974550000003
0.012708471200000002
0.013088761050000003
0.011605435950000003
0.012208935850000002
0.011444192200000003
0.010114351700000003
0.011195170450000003
0.011740238100000001
0.0108099897
0.008093069549999998
0.007850923449999998
0.007609162999999998
0.0083319774
0.008932353199999998
0.0067856524
0.006188935749999998
0.004542257900000001
0.004310762750000001
0.0047011188
0.005307434000000001
0.0057032898
0.0064968688499999995
0.008131571550000001
0.0070947818
0.00832878415
0.00887746235
0.00742274545
0.005502161750000001
0.00418843455
