0.36175739143999996
0.33209762000000004
0.29607450676
0.25920471076000007
0.25295418336000003
0.24712818936000006
0.22329379412000003
0.19175835480000003
0.16136746859999998
0.15849608188
0.16652142148
0.16279053936000001
0.15554827644
0.14084531632
0.12569652512
0.11016413711999999
0.10846933988
0.10884886311999997
0.10563112535999998
0.09539338095999998
0.0913668018
0.09518355619999998
0.09637621876
0.09094610492
0.08784054828
0.08104590152
0.07150313207999999
0.06795243459999999
0.06891677067999999
0.06862121263999998
0.06804502795999999
0.06815419788
0.0703602632
0.07054388888
0.06466211560000001
0.05801255108000001
0.05299531312000001
0.04946667164000001
0.047794010280000014
0.04697615244
0.045308614680000005
0.046087068800000006
0.04529240208
0.04639097916
0.04885624676
0.04953078347999999
0.04812825864
0.04371012568000001
0.0430968718
0.04180693372
0.04198391863999999
0.04284192827999999
0.042344667119999985
0.04318257416
0.04325236268
0.044022309159999995
0.045837987479999995
0.048905109999999995
0.052498629279999987
0.051156334119999994
0.050551482519999996
0.04983913747999999
0.049688508719999996
0.04673136188
0.047880421719999997
0.049054329960000004
0.04690129595999999
0.04578021607999999
0.04441188307999999
0.04080112523999999
0.03856320132
0.03848731276
0.03759903708
0.03693125152
0.036678928279999995
0.034689035
0.03692500844
0.03883196475999999
0.03701174676
0.03558329544
0.03393952112
0.031291268840000004
0.02653820148
0.021225226239999995
0.0205218588
0.019923177880000004
0.018671630800000002
0.018469627560000007
0.020809837080000008
0.019563683760000006
0.019387831240000004
0.017751917680000003
0.017103440360000003
0.01720594576
0.017947218
0.016621558240000004
0.01745314512
0.016747173480000002
0.01577799224
0.014715596839999998
0.01511751228
0.011412599719999998
0.01030951924
0.008383355879999999
0.008225622959999998
0.0085392774
0.007775791359999999
0.006943365760000001
0.00818069024
0.008731540400000001
0.009191565000000002
0.01115601788
0.011725853120000003
0.011526704560000003
0.009978382560000002
0.01066430256
0.011709383160000001
0.011413517080000001
0.00998840472
0.009763651679999999
0.009937681120000002
0.00828663568
0.00962673136
0.010059082959999998
0.01138877976
0.01260568056
0.012757179240000001
0.01250804292
0.013700578680000002
0.01334468504
0.012804448719999998
0.01261209544
0.012702647200000002
0.010638918640000002
0.0102777836
0.01005279516
0.009102764840000001
0.008209722360000003
0.008609304200000003
0.009285819320000003
0.008896312600000001
0.00876455836
0.00899682104
0.00931194856
0.00924188088
0.0089331484
0.00892086992
0.008545403
