0.35645086744000004
0.32628631375999995
0.29152658375999996
0.25333039016
0.2476737184
0.24435400835999999
0.2225076186
0.19071471260000003
0.1589830398
0.15667470688000004
0.16613798476000002
0.16151597576
0.15397993416000003
0.1402712974
0.12571717312000003
0.11017496227999998
0.10837509552
0.11222006656
0.10966216356
0.09858725856
0.09515980564000001
0.09994515024
0.10095719712000001
0.09481937919999998
0.09243845903999999
0.08580422187999998
0.07663540192
0.07227339024000001
0.075959506
0.07723685184
0.07561175176000001
0.07487179696
0.07720946416
0.07941384956
0.07411599120000001
0.06726758723999998
0.06254338287999998
0.05978301115999999
0.05717515032
0.056658504119999994
0.05619893071999999
0.05673871636
0.053238867239999994
0.05301417239999999
0.05538998111999999
0.05569559243999999
0.054541326839999994
0.05000780011999999
0.04889392344
0.04795000588
0.04856554976
0.0488155572
0.048459082439999995
0.04658830136000001
0.04623806272
0.045314415440000005
0.043560297639999995
0.045218490039999996
0.04708249128000001
0.04508167500000001
0.0438777302
0.0441539984
0.04435441044
0.04152732976
0.040507365719999994
0.04192442356
0.03986327984
0.03973127924
0.039247813840000007
0.03762988240000001
0.035061454680000013
0.034521697840000004
0.03481696356000001
0.03433562176000002
0.033633258760000014
0.031225685040000003
0.03393614532000001
0.03515594844
0.03358008748000001
0.030928145480000006
0.03068559448000001
0.030570050560000003
0.027829365160000008
0.02310666636
0.024283149599999998
0.024796550239999996
0.02369854064
0.022337737280000002
0.02428185704
0.023281263640000004
0.021556973400000005
0.019828574720000006
0.018345092280000003
0.017505871320000005
0.017143726680000006
0.016955505760000003
0.018364724720000003
0.018026661000000003
0.01705214192
0.016803221560000005
0.017582228600000003
0.01425808864
0.01291042888
0.01258251692
0.013487600399999999
0.013252673439999998
0.012360856519999998
0.012360848159999998
0.014367142839999998
0.012704001440000001
0.012611351880000001
0.01244216636
0.012225635640000001
0.012788339199999998
0.012854834959999997
0.013276072319999999
0.014672761119999997
0.014296305119999997
0.013953738879999995
0.014401901319999997
0.0137445556
0.01060770968
0.011293354
0.010033305720000002
0.009230494120000004
0.010102185400000003
0.010737816240000001
0.010673079760000002
0.011440788040000004
0.010812101280000003
0.010878440520000003
0.010478432440000001
0.0100911104
0.007560386319999998
0.007239720719999997
0.0058673704399999985
0.006609795679999999
0.006677767439999999
0.006129778079999999
0.006770461399999999
0.007497780639999999
0.007469944240000001
0.00755578588
0.0068363534
0.006165687039999999
0.005569372919999999
0.005855196880000001
0.00425667872
