0.3001893838333334
0.2712133657666666
0.23752313919999993
0.2074509064666666
0.20897907059999993
0.21020677633333326
0.19444568029999995
0.17170719716666663
0.14672032243333338
0.14095898710000002
0.14398394623333335
0.1381947
0.1308589615
0.12001538553333334
0.10634233863333332
0.09453198946666667
0.09381043570000001
0.09507532013333335
0.09369527596666669
0.0880978359666667
0.08464309330000003
0.08822391353333338
0.08573507746666671
0.08054064170000004
0.0781627169666667
0.07128452126666668
0.06461386746666666
0.0624494586
0.06579656786666667
0.06569626343333332
0.06547683513333333
0.06127564776666667
0.062210028333333334
0.06269686703333334
0.05965125426666668
0.05309070766666668
0.04949713086666667
0.04714301920000001
0.04658134183333335
0.04704778333333335
0.05012542200000002
0.04856684420000001
0.04732793910000001
0.0440298686
0.044109112133333336
0.04493986773333333
0.0451213618
0.04107972149999999
0.04040197816666667
0.03735327116666666
0.03741065896666666
0.03869049723333333
0.0417738322
0.04340409496666666
0.04300958243333333
0.041860934499999995
0.04177409126666666
0.042220379133333326
0.03855302953333333
0.03860179913333332
0.03771318506666666
0.03703519876666665
0.037852424933333316
0.03735240229999999
0.0363105018
0.037082379199999994
0.035198899900000004
0.034203751366666674
0.03419219260000001
0.03431427880000001
0.0295057182
0.030904641033333336
0.02948364446666667
0.0291482265
0.029301284300000004
0.025860419266666664
0.024103607199999995
0.025775811399999998
0.025281043999999996
0.026199872399999997
0.025958928566666664
0.024884915399999995
0.021298151700000004
0.018500000000000006
0.017348832633333335
0.017368153133333338
0.01579005476666667
0.012957409066666668
0.013330346733333337
0.012858333500000001
0.012444373900000002
0.013989864766666669
0.012096212399999999
0.010346226933333334
0.009777238900000002
0.010312438566666669
0.010743354033333336
0.010667845933333335
0.008801154333333332
0.006808578133333331
0.007954603599999997
0.0068055043
0.006686719866666665
0.006754078433333335
0.005932774133333334
0.0059280315333333335
0.005903044433333333
0.005569809700000001
0.0060665558
0.0050451525666666665
0.004372308966666666
0.003253715066666667
0.0032501270333333324
0.0028291130333333333
0.0038955051
0.0030918724000000004
0.0036295087333333338
0.004731918900000001
0.005134352133333333
0.004799845033333334
0.005887859133333334
0.0050280056000000005
0.0055332747833333334
0.00618896155
0.006783489216666668
0.006222070483333334
0.006093618483333333
0.00594577555
0.00620420435
0.005712410183333333
0.006353607983333333
0.0056627613833333335
0.0061464405166666665
0.005532715083333333
0.00477525885
0.0062339561833333335
0.006709621116666667
0.007351539883333333
0.00572929185
0.006241247650000001
0.006279462350000002
0.00649947195
0.007092512450000001
