0.3132584722
0.2832617757666666
0.24977696186666662
0.21919748690000002
0.21992577010000003
0.22121361170000003
0.20403781876666668
0.1813144278666667
0.15776031493333337
0.15153843983333337
0.15330697370000004
0.14700993123333336
0.1416550476666667
0.12850517346666665
0.11388456633333335
0.10331211613333333
0.10200637956666667
0.1046389935
0.10270174436666667
0.09549957243333333
0.09064370156666667
0.09307205783333333
0.0906744728
0.08602342709999998
0.08442512449999999
0.07922587579999998
0.07374967843333334
0.07117936220000001
0.07426703639999999
0.07529433076666667
0.0736415941
0.070734289
0.07220467666666668
0.07292040703333334
0.0681916042
0.06169109533333332
0.05969554839999999
0.057704158566666656
0.05579090263333333
0.05527857299999999
0.057912641266666655
0.057144905666666655
0.052795438133333324
0.052061544266666655
0.053301861866666654
0.05181515499999999
0.05046406363333333
0.04692604389999999
0.04583086223333333
0.04592479423333332
0.04548437043333333
0.04618709153333333
0.04863361203333332
0.05020285746666667
0.048498350066666675
0.04719657613333334
0.04513612353333333
0.044825465233333334
0.04134830720000001
0.040184416300000005
0.04057179226666666
0.04079546253333333
0.04099438196666667
0.04085145556666667
0.03942138823333332
0.04029807789999999
0.038630723566666664
0.037443851733333325
0.0364960854
0.03517125990000001
0.03142356550000001
0.03329307903333334
0.03454950083333334
0.03306933226666668
0.03173991056666668
0.030584407700000003
0.030982502666666672
0.031442180966666664
0.030634828300000003
0.030202589133333336
0.030098355133333334
0.028584659366666668
0.025758171266666675
0.02234777866666667
0.022017406833333333
0.0219711616
0.02052427613333334
0.01931995016666667
0.020833573533333333
0.019951689033333338
0.019490646400000002
0.02071526096666667
0.01935666986666667
0.01799969213333334
0.017815709200000005
0.01685754376666667
0.016406738033333337
0.01629405526666667
0.014941744900000001
0.014951861933333336
0.015606898033333335
0.01300309533333333
0.012446264066666664
0.014624041099999997
0.015015802433333331
0.015036486299999997
0.013478089199999998
0.012755063333333332
0.013749172699999998
0.0124938113
0.012370763333333333
0.013002793199999998
0.012618756699999999
0.012226808399999995
0.012552220433333329
0.012980298233333331
0.013031206766666664
0.0134802213
0.01177255413333333
0.011221348733333332
0.011146443466666666
0.01005098096666667
0.0101660709
0.010265616666666668
0.009959261700000003
0.01002040796666667
0.009853381833333336
0.010096832000000002
0.01043893226666667
0.009809236033333337
0.008882067133333336
0.008685538500000001
0.008019162733333335
0.0068847020666666665
0.007549194599999999
0.008109453966666666
0.008859274766666668
0.008727215233333335
0.007266820233333332
0.006977930499999998
0.006558048733333333
0.005683236566666667
0.005113865966666667
