β=0,A=1,B=2
1.0
0.4664362280833073
0.5643334575686471
0.6317624192272929
0.5173157508060472
0.35917559010153155
0.3493282876589795
0.297921842170483
0.27362618658048177
0.17620254492105078
0.25628690398053017
0.22970611088735965
0.21829011967578296
0.2383886109296975
0.20321784814578484
0.21892813621912818
0.18955936051397598
0.1828593866118836
0.16844575995257316
0.18392504357098785
0.18773535519729523
0.18302812121754208
0.1637195775784057
0.1553578173618997
0.13424025820473157
0.1433228161134551
0.15066447189800597
0.14573960048229684
0.15686465085111448
0.1445968710660694
0.1641432416058289
0.1700911864348698
0.16493581473506527
0.1717036272018665
0.17171696135096534
0.16543883390314862
0.16674180887781276
0.18493028192445887
0.16442790088360593
0.15362513772568068
0.15376444814867957
0.16206644638188164
0.16122217083873036
0.16773377731177896
0.1621955595538408
0.1548369196160377
0.1456105191728486
0.144313824665452
0.13920879284098558
0.15745736585566347
0.15532677898871897
0.1697665185360927
0.16385241658675762
0.15692957421070514
0.1358547732103832
 
β=0,A=1,B=3
1.0
0.1416850620841758
0.46993319024228997
0.5699153111263483
0.3454651036510798
0.21964610154599196
0.2905366420319762
0.28523938718902175
0.23383643803790388
0.22505915059959397
0.20417267780248521
0.19375042130282477
0.2119624895186976
0.21098823514164014
0.20713498404191208
0.1834084552037915
0.18200860433645674
0.19871275800893093
0.16885748388626234
0.17539825902472014
0.19383762070055582
0.1924920057060762
0.18390342034122484
0.1584337412536103
0.1645355251304351
0.1636028595236238
0.15707062822157486
0.15771543206366526
0.15323773655106887
0.16060348371361022
0.1638995003379318
0.172802235844788
0.16841244942779707
0.166266581625168
0.1761019471897657
0.17322591104901008
0.18328608516290232
0.1971425823553654
0.18016066942155692
0.17979767383632037
0.15933077655711564
0.17917924056468815
0.16080888783032307
0.16134369194877551
0.14207076457642412
0.15229759354696357
0.14907031019690978
0.15688571959451883
0.1560648229055321
0.16389804746206132
0.14954211694604766
0.16569536840455448
0.16383459645539186
0.165951473147746
0.1529484274937127
 
β=0,A=1,B=4
1.0
0.08518368914327691
0.3782509094863683
0.49272869126246893
0.28368686963948203
0.2470484769273719
0.22849164731969765
0.23512016020766294
0.2429519964543001
0.18714815173001323
0.2141058321498621
0.21427298281780868
0.21350331027098893
0.21501981157620204
0.18940564702748744
0.17908201917483604
0.17470074982000539
0.18910919253449085
0.17935580285009095
0.1831537287249221
0.1810435215298495
0.17792355018721487
0.1866208250093061
0.16884783361210806
0.16542823834762685
0.17457484554296943
0.17834912617158158
0.16326877980786442
0.1710215755857996
0.16846849279802203
0.16514843491918904
0.16919586489081984
0.1719573228928279
0.17309859371320363
0.17228638951724645
0.18685402344440952
0.17726722140087167
0.175281319128254
0.17055934042753979
0.1764032084996257
0.1777883541329239
0.17036471378466056
0.15446305706076421
0.17225188310681472
0.1633454170501038
0.17209622091717106
0.17075826469728522
0.15794840040124952
0.1700105774519565
0.17239621319731344
0.1705644740717823
0.16312580127576784
0.16778627684210767
0.17995148515921555
0.16782880784555904
 
β=0,A=1,B=5
1.0
0.37046930580366866
0.3938564725026508
0.42035742966461903
0.22642394672744312
0.2281645824042067
0.233787083114023
0.25577967435763477
0.2141677400700773
0.1783311893423079
0.20307092043502015
0.19043304983424067
0.206343058894037
0.19973567091313743
0.17709793775483124
0.16734484681676767
0.185850998100135
0.1881358258907828
0.18161372243870422
0.17980069033010843
0.16886534528184197
0.1759004459275934
0.1806988079894185
0.1808604328364537
0.15959162964529078
0.17383781516624067
0.17344378246591044
0.15747764319536053
0.158311797670477
0.16238493757713723
0.16544188801081444
0.17821603621806215
0.1807466276547625
0.1777981215551278
0.18126795457166364
0.190404340049645
0.17699081111402326
0.1801982391878927
0.17979108964359927
0.17888097441070966
0.1720048015423987
0.1730435827947722
0.1588027807631267
0.16901892409343955
0.16651037170382457
0.17612975292004127
0.1586187088800403
0.16336455075416484
0.16930675232716086
0.15491200105434366
0.1765168775536774
0.1892362495420111
0.16812381589478434
0.17489243555232895
0.16587740830743525
 
β=0,A=1,B=6
1.0
0.7242762421454487
0.36941835679581486
0.35499444545698655
0.22157466704566245
0.23653816338347186
0.19355593616716446
0.194446116438002
0.22239332689340038
0.1931199400693079
0.19253621089550355
0.17988813107144774
0.1935890330347144
0.1954024573603233
0.17738814672685527
0.16082320931343574
0.18014007430575177
0.1908063037556797
0.20165482640047144
0.18663323135373658
0.178468942835459
0.16547570005907508
0.18270414755390807
0.17096420243303564
0.17391244428537936
0.1774444865968306
0.17168160215244033
0.15940923184042036
0.1803526208621849
0.16839211178584323
0.1693491476075839
0.17008694200250876
0.1687159737355307
0.18177380778037808
0.18385238839293389
0.19891393702922253
0.17597918681930483
0.1698086183733101
0.17748588392921744
0.17725674560535573
0.16721801320690713
0.17253902931836448
0.17678568772822723
0.17536391313589755
0.1734469142483227
0.17354387526015047
0.1576706647349716
0.1633643135170681
0.16725780208633284
0.16029504796767238
0.17792669834321884
0.17204527768183334
0.17572813901634682
0.18627472027052247
0.1762010217459481
 
β=0,A=1,B=7
1.0
0.9199331978066476
0.29651721090376226
0.25647010494199995
0.23284674047161552
0.20767595593267718
0.20870139761286988
0.2135794477926104
0.18455805581776094
0.1897095571045218
0.19192586020155636
0.18993718970782839
0.17127159483518445
0.18059759497997496
0.15004315471377427
0.16615785327233512
0.19189380422902397
0.20831544139634559
0.2073175412462536
0.18104477618443415
0.19233047914439555
0.18590059760671898
0.1938662164893061
0.1638580186734448
0.18537862440216255
0.1813252542984549
0.17969941517315835
0.17330202888309543
0.16580520438600524
0.17506350150236744
0.1897349205517868
0.17452452133223018
0.1859033493652375
0.17184221831179378
0.1824491666122349
0.1686336934055954
0.17111021387973635
0.17830547984484085
0.1624001858663981
0.17462823486398021
0.1620835973552304
0.16550473816805064
0.17584566186884062
0.1598639798829068
0.1597930190756282
0.1587270969812671
0.15760494287139465
0.1728677879348832
0.16321667753229055
0.17230780917399482
0.1789207569680371
0.18415561309180795
0.17711183924577958
0.17008302743654813
0.1758206601213655
 
β=0,A=1,B=8
1.0
0.983695859916152
0.22679430649054635
0.2476037819867101
0.24134735031702562
0.22539385953402274
0.17632630986129436
0.15771252331663546
0.1767043414866476
0.2239795941019188
0.20227239665704105
0.19446524956104236
0.16941117578461556
0.1975830277978067
0.16504252193399485
0.17806217219043968
0.19534795920774048
0.19723365841389473
0.20784442858770177
0.16897609133821545
0.18618338401156118
0.17237477309712074
0.1842638117822487
0.18966222813323952
0.18909989334300684
0.1807653898633354
0.17515297047239306
0.1707190205582274
0.1672725822410869
0.1762580596798412
0.16824114259884473
0.15727423572913904
0.16153825777145858
0.172628307884165
0.16840567787032776
0.17308125664996674
0.18407934888031838
0.153549334739372
0.17049002852997888
0.17005487159068874
0.16784162482714288
0.151534007023487
0.15388272428423094
0.15214969393233374
0.16537220013492174
0.15210645175477125
0.15460915875128015
0.1465601302551878
0.14798583037627827
0.1568877122289053
0.16207088876180087
0.17100160871600284
0.1533682555613801
0.15533167281499255
0.15113591301509519
 
β=0,A=1,B=9
1.0
0.9975692032126902
0.4537578258905925
0.22872508789547114
0.20229878777578897
0.16295985688265763
0.16558150369888638
0.19656974851876177
0.18443824364289602
0.23820402877058228
0.2188909387949983
0.19583303421593662
0.1982783510752541
0.1845022501258233
0.17383016872307094
0.1987282466416089
0.1712426018005569
0.1712947489525662
0.21033178405934372
0.18897441291668113
0.19688793089641463
0.18397939769637253
0.17994284798389676
0.18076416569866893
0.17807438914102752
0.15860182428583705
0.16285902464285731
0.17178492140707916
0.1716949243317382
0.15797191825117884
0.16065658267002153
0.16212423496729347
0.17072742122275586
0.16225934335202047
0.1657470821236414
0.1563890266514744
0.17370530949387356
0.15985356556410046
0.15854273186131515
0.1625230597258472
0.16170418212291454
0.14275783763028368
0.14233142232657026
0.15942269821622626
0.14084747323610158
0.15529180059084305
0.15275861771538496
0.1595698319079594
0.14920760033199895
0.16375939261213834
0.1489038415937441
0.14808400688011839
0.14739290152348755
0.17410012433787314
0.1609074956154058
 
β=0,A=1,B=10
1.0
0.9997007767892242
0.45465233663476984
0.12499669381216699
0.1293532669047349
0.15483093188595815
0.1550092882369012
0.1665907403672621
0.2111406623071563
0.2687709204569697
0.2193548938256437
0.18750712360817626
0.1764325966937214
0.10550916685035491
0.18524033692285105
0.18040518577558004
0.19696542056179175
0.18894587980029334
0.19457813695853224
0.20218234963113677
0.13808376312853726
0.12633007460962198
0.14767643998970859
0.15697516561866032
0.14808293542959405
0.16130248094208022
0.14756133243509303
0.18084410746997293
0.1634697367576785
0.17042758808969308
0.14093382588649347
0.14681750642110242
0.12346157976478189
0.1419866638554191
0.15666364173814953
0.15152863798842098
0.12774391834000828
0.1380639749725265
0.14373358434367198
0.13369038538335884
0.1424019097177427
0.12910680074123154
0.12919042605366407
0.1137721528743988
0.14117176691050223
0.12160193063223561
0.14103310067280417
0.137931638438828
0.13268211941995572
0.14524178314458072
0.1201737313958344
0.12065272825292633
0.13504791672208408
0.13209222202260495
0.1517053126258962
 
β=1,A=1,B=2
1.0000000000000022
0.4977530392955953
0.4725640049478035
0.49858143731996696
0.19780242997482814
0.08699323406006826
0.11320805388852377
0.22701036120291368
0.2260569340331136
0.07560213852926367
0.20674390408904036
0.19111488094688084
0.1530468606349659
0.21954351453621632
0.08476066462327168
0.05547000946604769
0.14404253581096715
0.2165351974663928
0.09161679314210434
0.0449408360439363
0.07786482951324
0.07072582879926619
0.18451752803082883
0.1429087051045883
0.0459650932821016
0.06986359060876053
0.09476092868534614
0.1083712159782273
0.020759600888473458
0.23225041809505775
0.23192291720663166
0.04518153884779036
0.08805169288256343
0.08059542895943038
0.042853877441463885
0.1825521693582655
0.1674829022777972
0.08138161253123957
0.11561162790948148
0.2460705077530324
0.12488318354463453
0.08319168093702405
0.056936784689776775
0.14725047015327544
0.01903672450340807
0.04157402783652402
0.07410118574257736
0.03147711618082227
0.057162706647101914
0.027794185603367435
0.06544916752189232
0.0900993533879426
0.09180282168393925
0.06754528832604782
0.08556891893446332
 
β=1,A=1,B=3
1.000000000000001
0.40276050343834435
0.4364872642548391
0.5669076795412399
0.11476060765295111
0.13677790012359564
0.07856432749216365
0.4230491153835121
0.24919852055286856
0.13774806734827252
0.12940227277154456
0.18149547274442338
0.09896768731056116
0.031227244563517925
0.025523605442827325
0.10699650923696734
0.29165805552790697
0.18570555392278548
0.14269993582273305
0.07498521834195537
0.10061713975653287
0.0921998592883822
0.15055664289848342
0.08382941844471786
0.1550255677471034
0.022216571168887093
0.07044187057637233
0.03854909144335318
0.12031519024260529
0.20932965350827054
0.06604747894723172
0.17525508839188278
0.0858571167480416
0.08535321772794154
0.14112886291444054
0.09481262831500648
0.08564801163279813
0.08654267185732138
0.22096866195288178
0.13700951235700956
0.21438364932949522
0.17321073545803642
0.020712779341465093
0.17070379439263655
0.10154995110586897
0.03823928031161547
0.30393001258252317
0.05007533650396384
0.15823218142091747
0.08838950872357605
0.13599720994234
0.055861932419957516
0.13242943157692885
0.07917785886854024
0.1114276738273742
 
β=1,A=1,B=4
1.0000000000000009
0.1604648370714449
0.41325098527495807
0.49448929313429085
0.25591896517666024
0.0459011668031645
0.116815262897534
0.0604756682401551
0.17567397413223867
0.07658645206545388
0.09808008186886065
0.14296517310991447
0.1364740791788537
0.24857933526224216
0.08468158587626508
0.05861650062012123
0.08465763314989534
0.07629784408159615
0.03505950184116384
0.12510525348377996
0.06972166882374091
0.1628342553026671
0.10983018774924169
0.049755920814428645
0.07794139465015287
0.03994728726101985
0.17460024531654886
0.04704467675445736
0.1423071177702284
0.15795509267330887
0.19404590040091155
0.19656700340312303
0.11889846677985685
0.14506195611098563
0.15589065770917931
0.14305334715089257
0.12082976960586994
0.12913908758860865
0.07813901789155875
0.1783285021959563
0.1374238118338682
0.2527149270545354
0.09679929039442599
0.3205513923218757
0.06883843250542306
0.083040766469794
0.13934409411063645
0.03971325009438329
0.2110142698027995
0.14354800288676392
0.12116946145933889
0.19272992720922622
0.052709388016340473
0.037500088424527775
0.13552784992835346
 
β=1,A=1,B=5
1.0000000000000004
0.15841762129320727
0.4401325737287542
0.5178190959133505
0.02249893919192878
0.25369645603629387
0.18895625480263897
0.2774267292372943
0.2807575405510726
0.30921672666710537
0.05589227467202974
0.06191712536405677
0.06643139352424277
0.08651413420139736
0.058636719434017055
0.09648195196061793
0.0463491523515833
0.1710566254659824
0.15685678731919542
0.12699398629644906
0.026147175391258867
0.06261260275557756
0.1003200325998163
0.09951885878150199
0.08270785075396968
0.12161678929095235
0.1375878428854895
0.02757538180412865
0.08017528594884962
0.08078155236919787
0.15410450254601757
0.07706751670259875
0.20912471508889335
0.05935350103384318
0.07129824916053083
0.08918948752921468
0.30080342107171776
0.16626907860495363
0.028801393321163278
0.17088288856829206
0.13239778305526062
0.14692908333084917
0.054396486235531824
0.12032899606837148
0.10417525922644313
0.24031526756533644
0.18586716042741724
0.11931348364434718
0.0969184962271445
0.1355459305612233
0.03179314297948005
0.09944717193872091
0.05172983658357475
0.17944269030202237
0.057530835531979935
 
β=1,A=1,B=6
1.0000000000000004
0.5684023585476765
0.478476296080628
0.21094011196029622
0.09804501691541254
0.30647991353933707
0.21005727188693937
0.08654268498193189
0.23125560502799847
0.22904488537372192
0.15986703787139808
0.23018961674365146
0.11113580232915465
0.09354832385821256
0.021909996900140758
0.11232433292471893
0.06684570728181781
0.10472782816984062
0.030541226265402555
0.20247349966309175
0.04789498753791406
0.1463119737073279
0.12745201329217545
0.1420552687168547
0.06310158534315069
0.0738601279118903
0.07721888585283518
0.07551305754220822
0.14225524623604582
0.06401952532221258
0.16804356734510761
0.08224741746807773
0.12174885575468321
0.08943517569212124
0.13118208456205252
0.017634973188099135
0.11200881900644104
0.13091049261565685
0.10970022380524182
0.09978553808271383
0.07259565041462082
0.20195619930569403
0.09207443755145399
0.17751546702853904
0.09307202716011197
0.12040562616101706
0.19514090014803206
0.100175717414324
0.08883579320795973
0.03961735678348894
0.22412227321328512
0.09471183933497547
0.022545843455714844
0.19717808943461843
0.0738490679486796
 
β=1,A=1,B=7
1.0000000000000013
0.7965553736880867
0.5319175075467897
0.25348856861752267
0.05972241594718374
0.06617988629802989
0.28164850952907383
0.19210296547261543
0.20715716130394707
0.22661141471712368
0.09452231578272104
0.25708264391907426
0.21582808992692296
0.012004580468962052
0.043976078754746156
0.15453527274297615
0.04323920889233429
0.05775836614720651
0.07351976367875089
0.10705188515589062
0.12974285339136488
0.1821344546459573
0.08914902722743732
0.025834528494266932
0.09154125059691412
0.029110867584433427
0.08313413217620606
0.05355266860288386
0.05546386000661167
0.22434225295588997
0.17614847750473722
0.21915612237532253
0.2106895529264201
0.21347963357906283
0.10184285167548589
0.10932660297609066
0.08175962208423189
0.07907369878583317
0.10476031459732327
0.24598650923892523
0.008538600564939465
0.28948979027593497
0.04982888398866468
0.14805294234340557
0.0966773741402908
0.06931262212641986
0.07984778059977969
0.09345389280673268
0.13690699196789996
0.12089332574425961
0.08558057196047637
0.14365225211155835
0.07391942822194941
0.10060970404254278
0.06964987331308364
 
β=1,A=1,B=8
1.0000000000000016
0.9532505352399769
0.29690697374700603
0.2453552503576833
0.16081935798376115
0.1108454841369137
0.0758274537673911
0.04619474028053761
0.19254686988107442
0.34362700083643855
0.150425305792076
0.0940266400615245
0.05779605837594071
0.149261482663514
0.12418781949843256
0.20254576918403536
0.02672585846252122
0.09501294054767269
0.16122366699396762
0.04664501271853319
0.11553055381234408
0.16100967577784422
0.08946548499672567
0.09570598549087986
0.22370406356552364
0.09545967866660139
0.09521095921446075
0.1038052487341328
0.05039226850648103
0.10793618053000077
0.10154907769905999
0.2163803046318514
0.234941910432484
0.11512590593602194
0.13469591219211866
0.09579992390623451
0.1911233528073234
0.08832169007788938
0.27717105724051083
0.33770161731032383
0.03119713617093459
0.09932861967498742
0.07803574311400921
0.03346144958708058
0.20187378808693443
0.10059264110905158
0.015117785975605983
0.10945358830053419
0.31879822076665637
0.0921919842201524
0.058049820365061955
0.055965605592205224
0.11035146156354837
0.20491580159556574
0.07041129455890074
 
β=1,A=1,B=9
1.0000000000000022
0.9893642741466607
0.5256617713966679
0.3307097784996088
0.1580300843131929
0.09377857401635593
0.13640896470671454
0.028835082259151244
0.1464776924056479
0.35865323533765475
0.11923149987781938
0.18200289114626542
0.14456435802968418
0.06710234330712525
0.056996602473749866
0.24988809392362352
0.12279905325814744
0.061885077120733205
0.15525855205427305
0.15099349077707344
0.06820169543696925
0.08862411237378665
0.0497707397910476
0.058024276196382146
0.19714182056533014
0.1403732055669177
0.19779744491617285
0.04249974980033494
0.12972357660979053
0.05540107926645503
0.03690755118740317
0.23088189810913232
0.2100409404629448
0.0168044318656557
0.12617529809751618
0.09660387487524986
0.1168759797071572
0.2511907327227849
0.11160776916951187
0.12831291813631338
0.08511762529814473
0.16324367217290395
0.1249058348123937
0.0793625984987306
0.2041596052272715
0.12255586583253066
0.048967597986377245
0.03192088122621448
0.05577930559506396
0.06480441372677329
0.130479715205772
0.05891229562978429
0.01310225091326153
0.09965368017346747
0.16461805321386083
 
β=1,A=1,B=10
1.0000000000000016
0.9985485672815488
0.4557834575241018
0.3129212719156437
0.07310307245919159
0.15325027179701925
0.23968480763378258
0.4882457597473278
0.2266495218116351
0.5021881101060862
0.490827595383276
0.17751151787592873
0.07570972879814061
0.07523699523935945
0.3156803451849188
0.16393188492503497
0.19009762475431485
0.22625376093607957
0.19288246121494104
0.13068132761493556
0.15547489212571444
0.10580538770602385
0.1656806640497102
0.13132653064001923
0.06869390489868
0.30727885373065555
0.09803100881910097
0.059231187799698624
0.10459312887141634
0.5160920247882484
0.05339655251059334
0.12489487426255308
0.20102176388125736
0.29927266355895815
0.1305272668460452
0.10205642720059188
0.1257230546153849
0.3668727626535317
0.15628182267898352
0.20310502460839114
0.065895686195785
0.431477397826277
0.253534673660708
0.12386974040180589
0.16655153496800615
0.28841297250277437
0.14436556847572077
0.09749222249801744
0.04266951133787306
0.25523266417140367
0.11602855309701487
0.1083693952454343
0.06834523694923222
0.27637477763088153
0.23518201168263866
 
β=3,A=1,B=2
1.0000000000000007
0.5353986835946306
0.47125346034677784
0.5004005631892421
0.3394644377178454
0.3237454441013825
0.16978248706179522
0.48502569151284325
0.35272971682130144
0.07188198363486271
0.2084671475599422
0.20130635963765353
0.31836340818120734
0.18143700607392138
0.07195484124320589
0.11467613267068447
0.2995642894645695
0.4914032708468759
0.4051060474348462
0.09087254939726351
0.08523735153178334
0.2075937416156649
0.411792883355072
0.2244136316197862
0.10503447511408566
0.24992824764154373
0.1746267901196122
0.30784316494933195
0.034779957211132854
0.19003210736165227
0.28254072641010264
0.056631297189518655
0.0269468312082957
0.10554315630984093
0.08701804419528353
0.4056240164606608
0.1477009978414926
0.029009475689953247
0.12031561725463326
0.3414351887053802
0.13574707297806166
0.0746547839174534
0.10138651563655401
0.14946623571202722
0.15696376155419695
0.13773297627692388
0.06292396108779055
0.11555084819618834
0.062431771253176546
0.04736017281137313
0.08142059573718871
0.15351622087298186
0.17800897798662096
0.07415053871127897
0.053133470833774114
 
β=3,A=1,B=3
0.9999999999999978
0.5513733947757357
0.46589908905109856
0.6155212204227739
0.2281446278328102
0.2329603460359274
0.2695807847625666
0.6134758322945073
0.38840019851247515
0.13035618697039902
0.20966740260742034
0.4824319404730597
0.18409072173816085
0.03266571909409262
0.03240080993469268
0.21323163249773627
0.4519239454355278
0.22024302756797942
0.2759663154336309
0.19189515400739374
0.2796442113539065
0.27169096853423647
0.1386582152507292
0.06800665687354665
0.2307388905950288
0.06598592504213481
0.0486975313917868
0.18286459463188146
0.2881549374923735
0.2722890733461459
0.19803953016843562
0.20684204609284745
0.18976381277106244
0.15499672999297312
0.26218766472049915
0.08992533768164777
0.12765970889798045
0.050622655492287796
0.4135854106312942
0.13220217460039002
0.2834120521228892
0.1945278267574795
0.05490525530471425
0.32148751893858796
0.1449987566102735
0.09940455736107723
0.4848467787538271
0.17864776538409027
0.22964856283224086
0.224056930693105
0.24379733852208624
0.08960577091126348
0.3050741907536916
0.15415205493440742
0.18159883943583885
 
β=3,A=1,B=4
0.9999999999999984
0.18575135407166615
0.43803849579631193
0.569119375164981
0.49191003485931156
0.03865636076593491
0.19781083373649339
0.1988569833944136
0.36168747431906034
0.25057700001243693
0.05167523531733037
0.13166868407466534
0.2717964501113946
0.2861872262772496
0.07869868122722244
0.08013327892186452
0.25991998031003444
0.10888944779807395
0.17496863849391223
0.09166054166410434
0.11690536393602283
0.2602241517395011
0.024200078001340684
0.18634719304422237
0.05716890570353158
0.09576731412526782
0.3916283182222194
0.12040934397847619
0.17473417145073253
0.09445788254365468
0.20758991947683253
0.29039267219247034
0.099112481598265
0.19769867819570497
0.15171528642968232
0.30138627491674247
0.07047331079788885
0.11611396497308299
0.11552127474862342
0.3070049878949385
0.10172344910769023
0.27228135083505045
0.0564782453908346
0.4276188059457853
0.10049457420492988
0.13434651015138088
0.18916758005142656
0.13872165855898472
0.17355549591507274
0.14976121971572912
0.22096148412749683
0.2979635374575123
0.08631583820759281
0.051472532721682465
0.15061787976237023
 
β=3,A=1,B=5
0.9999999999999971
0.1582267822283722
0.5313018579438789
0.6450088308862492
0.12367421712037178
0.38342864747592614
0.4014724384600345
0.3938883766647337
0.41468548649765774
0.4320113238859929
0.13162916788600346
0.0755390329560134
0.14869049499999823
0.17959115754019078
0.17074423379815304
0.23107330633839707
0.08465816300251892
0.21796366810155018
0.36727110685157416
0.07804697288925043
0.12458792572814592
0.12110230065198613
0.08272953240119242
0.1376228197751865
0.18350956892707768
0.23738763229437368
0.19183498352135225
0.1084026121206111
0.16443428407305896
0.18496967006322548
0.24321608632640312
0.19584246761735977
0.2968426533381472
0.1165387531638319
0.10232057865004357
0.08835331671530455
0.31874821643598567
0.20170155724778643
0.11752628947285511
0.15794367232764378
0.2669129325954031
0.20152560063318645
0.1665060236601807
0.058150145980310576
0.2229959921251896
0.254006771055964
0.2453588716448012
0.03593585830211247
0.19148619151486515
0.2824405966208785
0.0737390855567774
0.13647761298263741
0.08076317524248772
0.3357256358605754
0.17037244009303756
 
β=3,A=1,B=6
0.9999999999999972
0.665633776773774
0.5211211784585797
0.2800057907071249
0.222824837782871
0.49870805392742784
0.4153879463422824
0.05970661507308256
0.3849408382287823
0.37284427148551985
0.13619702585425453
0.2936733869884452
0.2752561491246602
0.24583729028609427
0.027435452907944385
0.2082152299150781
0.07510859006038807
0.11668474602319806
0.06877341636020615
0.24847018504132262
0.18833525362351028
0.19980424158000815
0.31194217544695924
0.2969508457981188
0.0535890111519777
0.17412319998816386
0.203060635870636
0.17568116097485478
0.11676288838080046
0.11557090363225173
0.13254525464077124
0.18738838924502554
0.19931706537684254
0.1825051839065833
0.16052309953731989
0.08011379333457391
0.2391449227236091
0.11138074990128231
0.1849524507293021
0.14913110498169407
0.26499043691657564
0.20201003836401654
0.09364780564671578
0.20184286183471467
0.12446506939814198
0.08090624602912598
0.2965909971212913
0.14549679960884124
0.015714290173047936
0.21995384158356635
0.39786640531161094
0.23715283222894862
0.1167656001903824
0.18094047851979692
0.06287500634533101
 
β=3,A=1,B=7
0.9999999999999989
0.7634059130141658
0.6268681228741262
0.31228445905446434
0.20219161431180693
0.15707077633583724
0.6066340478893563
0.2180145518230263
0.2576459173867034
0.2912035113553467
0.21014025148261004
0.2885728422817895
0.15682254031296125
0.06078203668220991
0.15154093612641706
0.1756908622486654
0.17064926170165817
0.09744808396788886
0.1390643535988936
0.23677517124343495
0.1691367378421137
0.30905989101442816
0.12784828525324987
0.14282469447613574
0.22595369403144538
0.09692117052224816
0.06693747084981584
0.09635740600751627
0.1632428377780144
0.3503703368209492
0.160147167437213
0.16581775936659485
0.27549877860296296
0.3933828553493014
0.22066339739938168
0.14379220761151149
0.11350007791768006
0.21470291950138842
0.1044249446413659
0.2750984392756901
0.08179574603018805
0.4262588442864014
0.12756237431965123
0.22759139151669192
0.020569375361154076
0.09449944139746157
0.204106060932046
0.24101500940866766
0.21564144635580126
0.18351994663052384
0.08793982550659833
0.16323143546526447
0.06297300376197305
0.19385176030449025
0.18747404134363274
 
β=3,A=1,B=8
0.999999999999999
0.9599947957479817
0.35811324036262226
0.48919848098367646
0.09403553234498649
0.21374667685697019
0.16333909076234698
0.1377505752555278
0.2826290985669165
0.5363720965908266
0.1799981896924086
0.24035969148009267
0.11488209457363747
0.24312141083621533
0.20484663757603636
0.21689276607769062
0.05087953351944417
0.15909350148261076
0.27801718613342546
0.1037088037236757
0.26766007071386894
0.3276845090832935
0.12607502057948938
0.19260089185355247
0.2574076495866834
0.10296790801615223
0.2716016366556486
0.06536011430756299
0.18868219754557097
0.07258942360784051
0.2674343806043112
0.38357696558061505
0.25966924932848695
0.22008367163848921
0.2755957392105524
0.05985374005863724
0.31395494975407245
0.14339322302146254
0.3783206593506188
0.4054100316107167
0.10792219035653766
0.07885771300442886
0.23003311130105647
0.07288322477080994
0.3071713026909831
0.2180849840817917
0.16674873997786493
0.16771317293450133
0.444167570365692
0.11487355529756978
0.06778549653075867
0.06577136618887752
0.34351671202552925
0.26266586054122976
0.12305408874699943
 
β=3,A=1,B=9
0.9999999999999996
0.987416784232883
0.687549349832439
0.4156808031274542
0.24409252714323276
0.1536907957766038
0.33285033189463553
0.12429808095177904
0.29942841542394083
0.5262343891454032
0.23878733081175935
0.194833784642433
0.10470961440188285
0.16080029813071964
0.14788025043745154
0.377645705842787
0.22682149508957822
0.12034049986882843
0.26145141227074253
0.3677490560135094
0.3269627118787411
0.03616441066965761
0.1222910218034902
0.20363657529510404
0.4280635139989974
0.12469393585183534
0.10637567291636278
0.16143001307705385
0.13144662485387007
0.14449864593269188
0.0431682141875511
0.22582020433539193
0.27346123167352254
0.16177900052304425
0.1476815217609511
0.06982022067132095
0.13148548179129932
0.478076007178683
0.05156343221054345
0.05685722243750043
0.10104072682049099
0.25735527531100866
0.1583734236655899
0.12134709639384805
0.11672014774795628
0.09979893625380223
0.14124179531817302
0.06725179638065715
0.05963842402595162
0.22598237867087448
0.09445358819106264
0.023378608667900896
0.14851292217072032
0.1154557236849346
0.1697691257285913
 
β=3,A=1,B=10
0.9999999999999989
0.9986732128727586
0.6762309137772848
0.38552571611598174
0.1450763165737425
0.24380928033659746
0.5128119515466132
0.7372900595313833
0.4677447003996311
0.7215555169949837
0.7230359581465725
0.28699258783251524
0.06223318401139655
0.33923816923779393
0.6114786901314739
0.4840636702891742
0.27134550358071535
0.39105599410177316
0.4251146525615592
0.3283831037020694
0.14414549806479443
0.30173766897070464
0.32479698290069126
0.14682874692722053
0.22102733731898722
0.5867680978140802
0.07148679354719678
0.07758267287113058
0.12783867164338847
0.5503358143762261
0.14047721013177328
0.12342507769049797
0.3357453262123021
0.4360700111968221
0.10900588568492646
0.09961019014841645
0.2115650743146152
0.7972186778541336
0.07665475503139563
0.10393428448446523
0.11089366760002077
0.6594759022038964
0.27227701570040425
0.2760134029411158
0.12003235179616417
0.4922566074486495
0.3342550276197283
0.37081585751077595
0.0787829371866458
0.5345983310871689
0.3412844683489088
0.23300227013360772
0.2797143225916397
0.21013630649584522
0.4565886197390847
 
β=5,A=1,B=2
1.0000000000000002
0.5442886129700872
0.47057976574371957
0.5021009815763815
0.3585848860782133
0.3530864972363891
0.18263142900601384
0.5168196680721019
0.3670235769109574
0.0728638891200406
0.2147702188566992
0.2012046664864967
0.3380328094836488
0.1737544947030099
0.08559395611485046
0.12101098248553148
0.3185490112663211
0.5245876865849024
0.45005864767027126
0.09962252011763245
0.08574728682407264
0.22277388647841884
0.43655174292233384
0.2341151331900327
0.12364736275079855
0.2733305023998962
0.191759631707126
0.3320056378710758
0.04202684891410504
0.18031609392354392
0.2845908977693456
0.06677952899098212
0.018230418603640386
0.10641354420427744
0.10323730472822648
0.42981158232505584
0.1448486619508415
0.043674384947447416
0.12795689417210876
0.35038010357682736
0.13449130613503393
0.07515736613890837
0.12152455226112638
0.14721824182681492
0.17553194921109516
0.149246722479474
0.05975943599589281
0.13256464978334156
0.0762147704710842
0.053285883902424135
0.09948614542804103
0.161852075743519
0.18573693905948144
0.08141671774061694
0.05124383621736186
 
β=5,A=1,B=3
0.9999999999999971
0.5697067025954039
0.47034418539079914
0.6199385550460557
0.23973865568831543
0.24193993043172157
0.294192062204276
0.6336992859925781
0.40170054765933394
0.12920784515183592
0.217634899974349
0.5162755267695329
0.1949131214817027
0.037712386174476815
0.030993628523827806
0.22246328432355322
0.467889086817121
0.2267494469275993
0.288062387453776
0.20494118705853187
0.29937398009232546
0.293181526086732
0.13573860499860418
0.06748642572673876
0.23503808568708237
0.07381747790337002
0.04889114655128059
0.20040143816744166
0.30707692215473226
0.28257689555503396
0.2129290547613808
0.20992517191866897
0.20323667705250362
0.16499242777675296
0.27469020925124454
0.1023733554376436
0.1391099217293856
0.051413654548510726
0.43355464382109565
0.13167779008235408
0.29073973269858067
0.19421418819271247
0.06406389148398756
0.3361922284692193
0.15152995178231526
0.11137276649696744
0.502446305101103
0.19433639310582496
0.23939149557025194
0.23879552756218056
0.2565195967873952
0.10115848363028375
0.3232788889891338
0.16093097482800447
0.19334641655407805
 
β=5,A=1,B=4
0.9999999999999979
0.1970164831685331
0.43707326525014956
0.5762332352162916
0.5169438887375717
0.049202838403738965
0.20959589597583286
0.2176311121212247
0.3810462411170866
0.27471126630400694
0.054417857048139666
0.1317729295424194
0.2871210141223474
0.28946329157678247
0.08381310433048104
0.08224676866293304
0.2803514409530978
0.11387492532068705
0.19286462360949222
0.08746842243069926
0.12476071930224839
0.26844188510030387
0.017771819153421218
0.20353530821020935
0.07077590820878217
0.10650859903185937
0.41608891289997313
0.13074199592520652
0.18094061992886787
0.09391909290562617
0.21150170915991187
0.30024307948355833
0.09719798454320695
0.20884197692444434
0.1509390146427443
0.3180937609605303
0.06448514386190947
0.1227041530887185
0.1301676697285871
0.32276828804818114
0.11537477019544905
0.27382143550915017
0.051265830377770175
0.4367585116305195
0.10446830030595805
0.14665719116110348
0.19360710371551698
0.15380216961307158
0.16673241842396447
0.15494231232213138
0.2347283917618488
0.31230327109719325
0.09058919067997522
0.06183854550619179
0.15232059813493967
 
β=5,A=1,B=5
0.9999999999999968
0.17500268179909073
0.5414168568728448
0.6575159617376046
0.14166610631643822
0.3946752883560039
0.4274336679191615
0.4052061537504538
0.42901337046691546
0.4411759235333484
0.14360502923735294
0.08333172410797376
0.16039289730737025
0.19110123046966676
0.18152379669694144
0.24487110333481268
0.09049950134059896
0.22475592182298781
0.39135051522042014
0.07363785429816815
0.13627622546777718
0.13057181031790027
0.0819048765880741
0.13895908581820218
0.1933210396451067
0.2501995367170594
0.19652108283627107
0.12287090527588602
0.17941618823145353
0.19774089997505237
0.2550496730145044
0.20828603404675583
0.30614454429550303
0.12603290553585197
0.10282171665132862
0.0952275356133072
0.3167717800668653
0.20349789200219665
0.13479125883641002
0.15725935551086984
0.2828969836660193
0.21003180241804686
0.18161071940059278
0.05035015505015913
0.23527274943337245
0.25425560719253604
0.25088933829964366
0.026979174706783928
0.2002426060400382
0.2993751073520624
0.0846437771594646
0.14905324390007987
0.0892340199324869
0.35151031950324846
0.18337971290192975
 
β=5,A=1,B=6
0.9999999999999966
0.678997509370278
0.5237040103536278
0.28719154202093305
0.23776028554784337
0.5186725589829682
0.4378764917656217
0.05989940904472007
0.405347266279021
0.391451536703369
0.1310779688430233
0.29857623498951197
0.29337323979707536
0.26292256866629515
0.0311454435911155
0.22025228536522973
0.09309710827085277
0.1151753554881439
0.07589625292686902
0.25514955908897474
0.2042842000260862
0.20914949855140658
0.33136271020863967
0.31350183801547643
0.07006220195444027
0.1822612954334432
0.21567689821034217
0.18719333960267978
0.11398632088569287
0.12755305606616385
0.12798293017848525
0.19833613192810898
0.2056935187144459
0.19500783919498113
0.16613689308214666
0.09179020885028799
0.2509010966840333
0.10761852823921121
0.19542201907469736
0.15618348805803794
0.2875096435332601
0.2020699405707642
0.09680746777386633
0.20703945258353784
0.12720877887388796
0.08988775285779
0.30619976114651704
0.15320818362144037
0.024704782775408607
0.24041502426866834
0.4149139305335671
0.2529268580421042
0.13265834818324843
0.17743426610588026
0.06024737571270176
 
β=5,A=1,B=7
0.9999999999999988
0.7589839021379862
0.6369249437269585
0.31803816179888617
0.22888272721686825
0.1681306202717197
0.6448923891130478
0.2194134437865896
0.2697273713386149
0.30102991499105586
0.22286289566877615
0.2906053503207963
0.1510545086087652
0.06732810236332444
0.1659918698307288
0.17948343188533672
0.18595316117137017
0.10455474799249019
0.14702008795345128
0.2539603310231835
0.18236823436410327
0.3227644961955003
0.14598646863627615
0.16143564337402888
0.24234819357753679
0.1111397687923987
0.07390431667856029
0.10328474011161923
0.18230941790825264
0.3650541610946121
0.15698147988380884
0.1604307493351521
0.28054821746047365
0.41072438614859513
0.23705189970744972
0.14708536775470404
0.13283767639111976
0.23121476398832358
0.11505616780244977
0.28187813845324083
0.09097122599263507
0.4384482139484222
0.14305724435672307
0.23669821153308784
0.014214209177711493
0.09739091783190026
0.2185020379183904
0.2597094015419635
0.22253088928684045
0.19982297844795768
0.08927648504634544
0.16640480774266433
0.07173019362317128
0.20152670773731168
0.20187393644436533
 
β=5,A=1,B=8
0.9999999999999987
0.9610350279574471
0.36280954963424594
0.5147138120063001
0.08675887473455147
0.22514951594503596
0.17360054474013734
0.15614843625207472
0.29643852081618477
0.5598649723661004
0.1815337032952304
0.25695049318751484
0.11824007162859433
0.25228213971021185
0.21121992176725138
0.21734271852347667
0.0543706934611054
0.1648422865032059
0.29472996198321144
0.11955809468349084
0.2860323411060069
0.34487074158311587
0.12774784394485522
0.20462955083683138
0.2603142981529769
0.10568053436950871
0.2895641971385134
0.0614216505768818
0.2051813175634143
0.0691593634278942
0.28712646090835653
0.40290896908415413
0.26039489277579553
0.23527814285412862
0.2920965607507575
0.06383533022920584
0.32525931280566
0.15451858273061925
0.3869230079514237
0.40897448797897124
0.11930577173266549
0.07512730627402138
0.2490033612906718
0.08010758629956138
0.3191277678051686
0.2303521508323579
0.1842256120763421
0.17545454513459954
0.45553937582675136
0.11769788175956118
0.07669933911752594
0.06378096032899465
0.3710976795931721
0.27341515297587005
0.1284504781627963
 
β=5,A=1,B=9
0.9999999999999998
0.9872017787879876
0.7017852063777846
0.4242388716830381
0.2567762755739771
0.1599115915460868
0.35533835279548615
0.14066459484793617
0.3200149576696727
0.5490742806622588
0.2501665069088378
0.19376422660222256
0.09775966462454186
0.17226671636632715
0.1594080891108583
0.3901278720063527
0.2363618618190043
0.12753676675203376
0.2747868025960706
0.39101191186768647
0.35925243631066134
0.04978096437265557
0.1302987254341874
0.22137308146843254
0.4527147662157978
0.12143302699746833
0.09048215611874282
0.17442286738130855
0.13247424645404546
0.15677143224883133
0.052017377484264694
0.22172634270839656
0.2792006025903573
0.17777214275460565
0.14856269743349385
0.07232555637821855
0.14596195043679625
0.5046131078322954
0.04415221509844054
0.05028479607838476
0.10245125904053849
0.2659878791175446
0.16528287786264728
0.12971194138174158
0.10261929693591154
0.09605959644598318
0.15499033261272788
0.07419509795089724
0.07006668744032721
0.24801049807130246
0.09672516809247264
0.030042014482789887
0.16835092077269223
0.11830637749249838
0.16610549105499617
 
β=5,A=1,B=10
0.9999999999999986
0.9986987664885558
0.6998966645957915
0.39269685600738186
0.1554470425432691
0.2527450631957955
0.5443389880303577
0.7626330136961583
0.5020359385362921
0.7505377256938481
0.7493913512371432
0.2999714399182393
0.061172698827600014
0.37274470019886335
0.6428312987719477
0.5264508506023838
0.27626378493035736
0.40550425253391337
0.44914988882623064
0.3526518925571547
0.14536935617329633
0.3262351036077592
0.34215646292982765
0.14967485938987593
0.2366300593351813
0.6172963859741349
0.06451658252583461
0.08077744993353046
0.13433251005929986
0.5524798829308415
0.15852636253838762
0.13017410283368416
0.3479969687204741
0.4489026261071517
0.10859166759088063
0.09390254851845352
0.2183795922330251
0.8424143857775774
0.06810818053168437
0.11631020671427757
0.11454437126021667
0.6817454555027106
0.27183143785634595
0.29251379031889957
0.1100386787584903
0.511960483229846
0.35860023468730845
0.40069053140615535
0.08721233060866296
0.5625396112370428
0.36725696723126966
0.25060091459793604
0.3080378912686945
0.1974985562682587
0.48108316843831206
 
β=7,A=1,B=2
1.0000000000000033
0.5450018198516199
0.4705347764649721
0.5022484080542853
0.36006279566337074
0.3553424650512333
0.18365362401817836
0.5192656311350586
0.3681293665295328
0.0729424346600998
0.21532000616410657
0.20119917429205234
0.33955033089584014
0.17316543639178297
0.0866868302725119
0.12149855320644214
0.3200091112390752
0.5271385935498017
0.45352753705065085
0.10031809947963752
0.08578414256077602
0.22393829778343907
0.43844725794852357
0.2348630337140979
0.12507974531463043
0.27513216826002024
0.19309999796742894
0.3338616852938307
0.04258704002846292
0.17956058860257756
0.28474180980194236
0.06757669644878764
0.017566455292097483
0.10647551634406045
0.10448434290732357
0.4316663940332793
0.14463508235520958
0.044815426669737715
0.12860452986256973
0.35106940722430363
0.1343981323609429
0.07521140165783487
0.12307609603564595
0.1470485777652115
0.17695823139144254
0.15013116222757236
0.05951321276129023
0.13387117066170273
0.07727536842892523
0.05374146861219686
0.10087974449609721
0.1625043403353113
0.18632538170334217
0.08202131618879571
0.05113742416306889
 
β=7,A=1,B=3
1.0000000000000004
0.5711293933536701
0.47068924334357437
0.6202753426173432
0.2406270652175815
0.24262470689120916
0.29608372335963495
0.6352506935600648
0.4027176052820701
0.12912686460427877
0.21824043885326103
0.5188666207990266
0.19575445573917954
0.038118058632242546
0.030880919150944573
0.22316358787754279
0.4691109785538838
0.22727353864293717
0.28899083354640076
0.2059442267469689
0.3008869298137737
0.29483418198748784
0.1355151237581122
0.06745137752155096
0.2353605483406681
0.07442762501005626
0.048941827655682245
0.2017443955713881
0.30853057251147886
0.2833879766508319
0.2140699751605775
0.21016374176868036
0.20427653793294615
0.16576758579766687
0.27564723180154266
0.10338378735105164
0.14001253361965296
0.05154379603652341
0.4350847557781466
0.1316497659581487
0.29130226154815825
0.19418481559909717
0.06476656482768617
0.33731397226367493
0.1520664403009206
0.11229815265085684
0.5037907557551942
0.1955397640489969
0.24014644424587422
0.2399237943385842
0.25750210093916837
0.10205608791162257
0.32467228173887336
0.16144683277681326
0.19426960621770437
 
β=7,A=1,B=4
1.0000000000000007
0.19796117446012967
0.4369894506325978
0.5767831793035324
0.5188567743543858
0.050011502130001585
0.2105188103597197
0.21908095292531513
0.3825264180284999
0.276570210134935
0.05471812736125026
0.13178562164807697
0.2883008526171624
0.2897256575813342
0.0842539645049505
0.08242518674626399
0.28191840675489116
0.1142587763261879
0.1942420621978145
0.08715666469139359
0.1253697201259095
0.2690730788910481
0.017387468799696756
0.20485519297722612
0.07184680711511436
0.1073619216318702
0.4179634317744142
0.13154041335007696
0.18144038068060203
0.09396617403359837
0.2118267705407798
0.3010014053977407
0.09708050857779704
0.20972274583934072
0.1508795636388581
0.3193714680387287
0.06404965314438701
0.12326699910507219
0.13131103158432214
0.32398394304782235
0.11654692614368359
0.2739489688029834
0.050880854153340115
0.4374552779975433
0.104782274263505
0.14763426062162271
0.19394826251966457
0.15495820893656279
0.16620798294893088
0.15537122661184816
0.23580499555786116
0.313418430211626
0.09091819176227185
0.0626453237029506
0.15245340213290987
 
β=7,A=1,B=5
1.0000000000000004
0.17640393080393701
0.542193221115104
0.6584747984965031
0.14305729436274042
0.39552956925544597
0.4294276215389169
0.4060714272236065
0.43011940289080075
0.441869638104003
0.14453034604998938
0.08395583511109389
0.16129852544562823
0.19198456179408632
0.1823457919527257
0.2459259112564627
0.09095049629300608
0.22529753445616588
0.39320001737545485
0.07330790897241038
0.13717080785924693
0.13130940545170472
0.08187060984508686
0.13905826957229797
0.19407356624404876
0.25118227026225187
0.19687808097604156
0.12397687889284802
0.18057682009198417
0.19872330149165998
0.25596783581496935
0.209236065686121
0.3068566178033655
0.12677136793471436
0.10285781537136822
0.09580778036285344
0.31661292837144445
0.20363099534109813
0.13611515201478191
0.15722724119521772
0.28412291785099075
0.2107032645278085
0.18277481932043954
0.049768369674107166
0.23621488577147762
0.25428822820642805
0.25131674950389293
0.02634849639682618
0.2009087063134916
0.30067358609213857
0.08548821257924802
0.15006498623251663
0.08990438778905428
0.3527163496132801
0.18437706871604395
 
β=7,A=1,B=6
1.0000000000000002
0.6800335236279913
0.5239097307720556
0.28774970382913767
0.2389039736604558
0.520199643068213
0.4395994856425003
0.05998144524053749
0.406925339555326
0.3928879225939844
0.130688264775248
0.2989453694198832
0.29475885488192477
0.2642315169576155
0.03143237915072365
0.22118182056318225
0.09448413739840839
0.11506776242172509
0.07644649050645409
0.2556773506428748
0.205507516760291
0.20989014601224862
0.33284728584311724
0.3147696310478156
0.07133030209913978
0.1828779115391333
0.21664038175718237
0.18807745270988485
0.1137907624487857
0.1284842925127533
0.1276405886296353
0.19917450122220504
0.20617878464951797
0.19597370899780267
0.16658430463000926
0.0926892895240448
0.2518012110342148
0.10732993986575007
0.19623670783713965
0.15673538830692207
0.2892372148406349
0.20208945324098532
0.09706310990032782
0.2074719332401724
0.12741900239150677
0.09068209604709543
0.30694524698461206
0.15381587796936366
0.025570421399736674
0.24198030597687067
0.41621820806611154
0.2541325482359322
0.13388071844784613
0.17717122975385077
0.06004303478239506
 
β=7,A=1,B=7
1.000000000000002
0.7586432278294933
0.637696594950244
0.31848187096205655
0.2309573449836956
0.16898129329306594
0.6478302934510837
0.2195233079325752
0.2706985267910557
0.3018033293077606
0.2238387632543578
0.2907687759429531
0.1506785013497508
0.06782614530190804
0.16710607306972855
0.17979700625418893
0.18712937199439297
0.10511199097931234
0.14762912831233946
0.25528713042301443
0.183427438398122
0.3238161049698312
0.14740426101839177
0.16287391280262117
0.24361020257895957
0.11223353317620458
0.07451393455747818
0.10381789604028853
0.18378198577718466
0.3661855502014051
0.15675094465962724
0.16004557203114558
0.28093200024362164
0.41204851946734833
0.23832094538768595
0.14735216417561642
0.13433674225777903
0.23248304506194786
0.11593494053733987
0.2824311195667477
0.09167756340563407
0.4393799895504144
0.14426864104158657
0.23740883154051298
0.01394719204235961
0.09761244855009792
0.21960750871632212
0.2611443838408003
0.22306026512444035
0.2011053599385256
0.08938287430287963
0.16667098240891667
0.072458585439013
0.20210776853515225
0.20298374609514266
 
β=7,A=1,B=8
1.0000000000000013
0.9611162417807141
0.3631750514353212
0.5166684564233959
0.086289313662714
0.22602116339980624
0.1743907261961808
0.15756710551040232
0.297516093099794
0.5616807751286631
0.18165698601203903
0.2582230501090312
0.11849185502747522
0.2529943947927975
0.21170020466004336
0.21737958740429725
0.05466133393373515
0.16528483766384494
0.29602054495525976
0.1207920456350252
0.28745021419098254
0.3461855177940157
0.1278713790610851
0.2055564152969596
0.26054386813526237
0.10589739075350049
0.290937563561381
0.061143476594314
0.2064470196646015
0.06893046634909876
0.2886381318276762
0.40439470570330155
0.2604517546705501
0.2364541733395298
0.2933653226714147
0.0642310573923731
0.32612052927504454
0.15539541501740567
0.3875755747152201
0.40924429784247485
0.12018055878085623
0.07484310364793278
0.25046402277267776
0.0806779259557109
0.32004569712420544
0.2312893488027986
0.18556368738147896
0.17605503418582227
0.45641159856602315
0.11792084382894291
0.07740697447464504
0.0636225506997675
0.3732128297535231
0.2742762360213699
0.1288639902305588
 
β=7,A=1,B=9
1.0000000000000024
0.9871852676100511
0.7028695145826577
0.4249004688829696
0.2577589974586175
0.16038705067186113
0.3570646091626043
0.1419304063646882
0.3216010304210745
0.5508432323248478
0.25103476937961383
0.1936801588302766
0.09722182484619868
0.17315349162464408
0.16029508486043859
0.3910801276971219
0.23708837544066635
0.1280937344895141
0.2758143530339468
0.39279212044014944
0.36173724272497704
0.05096112614683081
0.13091343109462472
0.22273583594066462
0.45459873695247605
0.12118108095778107
0.08927342959045265
0.1754188277287642
0.1325665420011796
0.15772107268573615
0.05270313675764908
0.2214090578214471
0.2796449702146621
0.17899468900946108
0.14862860066079076
0.07255766348565408
0.1471337192546196
0.5066536600232632
0.04358536241846783
0.04986852811807354
0.10255982826426072
0.26664390052536713
0.16585905208598944
0.13036927346832955
0.10155159810407523
0.09578617827850813
0.15605334251801178
0.07472660905705944
0.07088834329776811
0.2497010862666663
0.0969884438383956
0.030640324629442932
0.16987523047697495
0.11854598937556543
0.16581475669452406
 
β=7,A=1,B=10
1.000000000000002
0.9987007688645492
0.7017143648334306
0.3932682201824434
0.15625478862325115
0.25342498392928353
0.5467576396376579
0.7645818278819387
0.5046808083876906
0.7527803730145114
0.7514276639136274
0.30097957436897627
0.06109749756362951
0.37531607429897845
0.645234512727713
0.529716072418176
0.2766372133935371
0.4066044454108996
0.450983160458658
0.354513882982531
0.14548414006021387
0.3281192604715466
0.34348920199212374
0.14992213683396188
0.23782461687904885
0.619633431047407
0.06399334236225733
0.08103527189715352
0.1348618981971738
0.5526486220644926
0.15993389544824785
0.1307275157316778
0.3489477011385212
0.4498813130719245
0.10857349683732696
0.09346700904022313
0.2188937347929411
0.8458690580402206
0.0674690673785234
0.11747785358233831
0.11482214018837118
0.6834536727479842
0.2718032782630669
0.29378612500785556
0.10926306961762229
0.5134660246210476
0.3604705685806858
0.40297679669614217
0.08787282493933328
0.5646699365035972
0.3692470130652234
0.25195890618543937
0.31021989822379525
0.1965210348698953
0.4829677314960319
 
β=9,A=1,B=2
1.000000000000001
0.545054172291495
0.4705315397046017
0.5022592930429708
0.36017102998979333
0.3555075769549087
0.18372861852539618
0.5194446669554453
0.36821034735328007
0.07294819168812379
0.2153606070370797
0.20119879432293708
0.33966142257599874
0.17312235235621523
0.08676700963628095
0.12153424351810013
0.3201159816444748
0.5273252909219038
0.4537814549281186
0.10036912051940983
0.08578684653202498
0.22402350804342122
0.43858596259605975
0.23491777742927208
0.12518458278216063
0.2752640297341166
0.1931982108375191
0.33399752157670287
0.04262804993720861
0.17950527619549056
0.2847528424668146
0.06763511878396145
0.017517932019211147
0.10648004286297373
0.10457560704166949
0.4318021416077691
0.14461948262305382
0.04489898272636223
0.1286522438217549
0.35111988251708015
0.13439135326099852
0.07521543925315957
0.12318966030410551
0.14703620091752015
0.1770626121753648
0.15019589479153025
0.0594951864583122
0.13396679201515815
0.0773529954031891
0.053774811067141694
0.10098175771003409
0.16255215791872876
0.18636843281936585
0.08206579852193659
0.05112987739957982
 
β=9,A=1,B=3
0.9999999999999983
0.5712335906687754
0.47071450755033695
0.6202999829830597
0.24069207630253323
0.24267481563746593
0.2962221652309055
0.6353642445179858
0.402792028017253
0.12912098052128093
0.21828473875030138
0.5190562183306169
0.19581608212443471
0.038147828208964084
0.03087266067092903
0.22321481364401333
0.46920039514379785
0.2273120194545092
0.2890588106904659
0.20601763436531084
0.3009976502089176
0.294955144938484
0.13549878997861292
0.06744882771582984
0.2353841313770657
0.07447231230096292
0.048945743181170634
0.20184266920289134
0.30863696341297125
0.2834474505710061
0.21415346273176072
0.21018121406386392
0.20435265871719477
0.1658243549855719
0.2757172636932705
0.10345800108215714
0.14007871159647692
0.05155369340740984
0.4351967277555027
0.13164778970581703
0.29134343173546645
0.19418265211989794
0.06481798742754596
0.33739604307911164
0.15210589997142984
0.11236590127439261
0.5038891276125462
0.19562783096902525
0.24020173220374003
0.24000635257183642
0.2575740461336521
0.10212183186472393
0.3247742431000148
0.16148457136600824
0.19433729211779038
 
β=9,A=1,B=4
0.9999999999999989
0.19803072546533862
0.43698329703917016
0.5768234661317798
0.5189967374105661
0.0500706762566095
0.21058645955967736
0.21918708877883322
0.3826347222993545
0.276706265450394
0.05474056434019941
0.1317865662064946
0.28838720431945747
0.2897449284535815
0.0842864849186647
0.08243834086806388
0.28203307596462657
0.11428687264426557
0.19434287326907315
0.08713391178912627
0.12541431202846856
0.2691192875693233
0.01736014294016911
0.20495178344556225
0.07192529347506016
0.1074245045827125
0.418100603788231
0.1315988697087571
0.18147707343225533
0.09397010916897676
0.21185069554142685
0.30105691313904337
0.09707209912162283
0.20978732796661592
0.15087521417305672
0.31946496679673936
0.06401793745226747
0.12330848449292924
0.13139481125385505
0.3240729377376948
0.1166333027988958
0.27395835947109387
0.050852781324677195
0.43750626010828436
0.10480530493720697
0.14770592310277814
0.19397323976525924
0.15504280646032284
0.16616961785241977
0.15540278367849075
0.2358838901129867
0.31350013053237763
0.09094227001178484
0.06270441356318708
0.1524631293546467
 
β=9,A=1,B=5
0.9999999999999978
0.17650704370755219
0.5422500390245704
0.6585449727796018
0.14315913552473752
0.3955920650180246
0.4295735566525132
0.40613474975695707
0.43020039067228755
0.4419203823246658
0.14459808964246124
0.08400163008753299
0.16136483694707926
0.19204920350436247
0.18240593789090365
0.24600309127761588
0.09098351064179012
0.22533729366497968
0.3933353812769565
0.07328381211263037
0.1372362738054707
0.1313634297143095
0.08186827161613298
0.13906553549216782
0.19412864927920176
0.2512541911459742
0.19690420598553074
0.12405780241344143
0.180661816344718
0.19879520969517614
0.25603507925341756
0.20930557508640424
0.30690873202932767
0.12682545490994354
0.10286047253899609
0.09585052255420151
0.31660128574327606
0.20364072804212383
0.13621203088501602
0.15722500920695606
0.284212634156373
0.21075250598165102
0.1828600232231102
0.04972591427666039
0.23628384289648965
0.2542907086642578
0.2513480596774979
0.02630276244948226
0.20095743531237756
0.3007686069178782
0.08555003954246855
0.15013925833291428
0.0899535560246141
0.35280459441086437
0.18445005474775028
 
β=9,A=1,B=6
0.9999999999999974
0.6801093863280817
0.5239248568939755
0.2877906026410483
0.2389876613033593
0.5203113828554525
0.43972557935915174
0.05998783038340612
0.4070408910450657
0.3929930834598022
0.13065977801661685
0.2989723627920921
0.29486023930003624
0.2643272986394511
0.031453391557891605
0.22124987675433208
0.09458566889993314
0.11505996281367385
0.07648676800609543
0.2557160531171217
0.20559704268772933
0.20994447898404187
0.33295591062820423
0.3148624020268128
0.07142311131577125
0.18292301955692078
0.2167108764474887
0.1881421565573306
0.11377655509583838
0.12855250757878067
0.12761558118401337
0.1992358478218808
0.20621428883886767
0.19604443103608798
0.16661714005034395
0.09275509201946482
0.2518670961673144
0.10730883522242235
0.19629639512343175
0.15677583199411582
0.2893636366649936
0.20209096855766573
0.09708188600084314
0.20750377547832682
0.12743438649398534
0.09074074241431594
0.30699986749190294
0.15386043654621884
0.025634339003216114
0.24209483753466007
0.41631364829930767
0.2542207713878963
0.1339701778417759
0.17715202944440592
0.06002807547039144
 
β=9,A=1,B=7
0.9999999999999998
0.7586182946074471
0.6377530694863863
0.3185143595160135
0.2311092689781203
0.16904355539507893
0.6480453151385231
0.2195313812742203
0.27076983424846535
0.301860025301344
0.22391017610073297
0.2907807847413178
0.15065138905869857
0.06786258090782571
0.16718763444272952
0.17982008902892
0.18721545166840095
0.10515283164350044
0.14767369765946967
0.2553842736356369
0.18350518511696598
0.323893070814232
0.1475081381218404
0.16297920639804686
0.24370259592576193
0.1123135830659896
0.07455892714904781
0.10385693556935907
0.1838897886802718
0.36626836808414903
0.15673416203264812
0.16001754675828753
0.2809600839401205
0.4121454008586397
0.23841387415075424
0.14737179632053968
0.1344465201550303
0.23257587199599858
0.11599958559343794
0.28247177332878276
0.09172926450839938
0.4394481751704488
0.14435739396237138
0.23746092261507354
0.01392935292380108
0.0976286590561284
0.21968841982752277
0.2612494073819298
0.22309902211476546
0.20119936320049384
0.08939067654789594
0.16669058630848138
0.07251216116799031
0.2021502682606594
0.20306499139169581
 
β=9,A=1,B=8
0.9999999999999993
0.9611221925427624
0.36320184487583806
0.5168115011140326
0.08625551744181616
0.2260849414892212
0.17444857229826793
0.1576709539457944
0.29759506012814696
0.5618137411868653
0.18166605490139476
0.2583161740726888
0.11851027636266534
0.25304658504498373
0.21173532719538757
0.2173823052478156
0.054682730743267155
0.1653172385278649
0.2961150337879522
0.12088242899392995
0.287554035153911
0.3462817217316169
0.1278804083366683
0.20562427588268603
0.2605607193172791
0.1059132940022589
0.2910380567378858
0.061123266048308776
0.20653964480400896
0.06891391928836942
0.2887487577555673
0.4045034541688949
0.26045593191146027
0.2365402807221755
0.29345818160627324
0.06426047482868584
0.3261835352056369
0.15545970926581595
0.3876233088744039
0.4092640545004292
0.12024458604605598
0.07482231757071825
0.25057093514132706
0.08071973868745619
0.3201128727339666
0.23135792982965403
0.18566160103068713
0.17609902301526562
0.4564754514299253
0.11793719405505117
0.07745887899816718
0.06361095188928263
0.373367614179738
0.2743394492649905
0.12889425493059167
 
β=9,A=1,B=9
1.0000000000000007
0.9871840593025881
0.7029488439999102
0.42494892386242905
0.25783093988661887
0.16042184670645177
0.35719095157570036
0.1420230753397945
0.321717132701317
0.5509727712047368
0.25109829707357173
0.1936740067194861
0.09718245471140201
0.17321842665952666
0.1603600057191547
0.391149799733672
0.2371415294779574
0.12813453274426076
0.2758895791893523
0.39292238620994424
0.3619191079950606
0.05104802072204128
0.13095842450388193
0.2228355664870418
0.4547365851005511
0.1211626394497143
0.08918508761292371
0.17549170994217914
0.13257337273647704
0.15779060617943924
0.0527533541964288
0.22138583906174084
0.2796775177301652
0.17908414037984594
0.14863342173189936
0.07257485228670178
0.14721977153363994
0.5068030225103519
0.04354389460778468
0.04983863673026461
0.10256777405822735
0.26669189199379745
0.16590147160880575
0.13041745194674942
0.10147358972757073
0.09576626605639717
0.1561311826091231
0.07476550796380242
0.07094856891096386
0.24982480911525656
0.09700820064553538
0.03068445604881345
0.16998678317686242
0.11856363905612276
0.16579346101867543
 
β=9,A=1,B=10
0.9999999999999997
0.9987009156205127
0.7018473985304353
0.3933101701852508
0.1563139478594546
0.25347473653413316
0.5469346446094956
0.7647245103337884
0.5048744232623137
0.7529446006934033
0.7515767660712314
0.30105341797507995
0.06109202524674894
0.3755042552262105
0.6454103847454995
0.5299550543121964
0.27666454194822826
0.4066849341481444
0.4511172883648952
0.3546501419020033
0.1454926402697627
0.3282571672719186
0.3435867342389056
0.14994041092379043
0.23791203788989573
0.6198044599009238
0.06395519408725367
0.08105421127157028
0.13490079906113991
0.552660998269204
0.16003700250418643
0.13076820818826795
0.3490173795380734
0.44995291988484803
0.10857222151674356
0.09343521140905983
0.2189313420759943
0.846121833675159
0.06742239647288972
0.11756437945279333
0.11484246623762301
0.6835786909702355
0.27180126866985327
0.29387928895784604
0.10920628653133355
0.5135761896703134
0.36060746573325553
0.40314408647751143
0.08792123372585482
0.5648257955371351
0.3693926405213494
0.25205833325711285
0.31037961034779815
0.19644948193151152
0.48310568476697774
 
