β=0,A=1,B=2
1.0
0.4664362280833073
0.5643334575686471
0.6317624192272929
0.5173157508060472
0.35917559010153155
0.3493282876589795
0.297921842170483
0.27362618658048177
0.17620254492105078
0.25628690398053017
0.22970611088735965
0.21829011967578296
0.2383886109296975
0.20321784814578484
0.21892813621912818
0.18955936051397598
0.1828593866118836
0.16844575995257316
0.18392504357098785
0.18773535519729523
0.18302812121754208
0.1637195775784057
0.1553578173618997
0.13424025820473157
0.1433228161134551
0.15066447189800597
0.14573960048229684
0.15686465085111448
0.1445968710660694
0.1641432416058289
0.1700911864348698
0.16493581473506527
0.1717036272018665
0.17171696135096534
0.16543883390314862
0.16674180887781276
0.18493028192445887
0.16442790088360593
0.15362513772568068
0.15376444814867957
0.16206644638188164
0.16122217083873036
0.16773377731177896
0.1621955595538408
0.1548369196160377
0.1456105191728486
0.144313824665452
0.13920879284098558
0.15745736585566347
0.15532677898871897
0.1697665185360927
0.16385241658675762
0.15692957421070514
0.1358547732103832
 
β=0,A=1,B=3
1.0
0.1416850620841758
0.46993319024228997
0.5699153111263483
0.3454651036510798
0.21964610154599196
0.2905366420319762
0.28523938718902175
0.23383643803790388
0.22505915059959397
0.20417267780248521
0.19375042130282477
0.2119624895186976
0.21098823514164014
0.20713498404191208
0.1834084552037915
0.18200860433645674
0.19871275800893093
0.16885748388626234
0.17539825902472014
0.19383762070055582
0.1924920057060762
0.18390342034122484
0.1584337412536103
0.1645355251304351
0.1636028595236238
0.15707062822157486
0.15771543206366526
0.15323773655106887
0.16060348371361022
0.1638995003379318
0.172802235844788
0.16841244942779707
0.166266581625168
0.1761019471897657
0.17322591104901008
0.18328608516290232
0.1971425823553654
0.18016066942155692
0.17979767383632037
0.15933077655711564
0.17917924056468815
0.16080888783032307
0.16134369194877551
0.14207076457642412
0.15229759354696357
0.14907031019690978
0.15688571959451883
0.1560648229055321
0.16389804746206132
0.14954211694604766
0.16569536840455448
0.16383459645539186
0.165951473147746
0.1529484274937127
 
β=0,A=1,B=4
1.0
0.08518368914327691
0.3782509094863683
0.49272869126246893
0.28368686963948203
0.2470484769273719
0.22849164731969765
0.23512016020766294
0.2429519964543001
0.18714815173001323
0.2141058321498621
0.21427298281780868
0.21350331027098893
0.21501981157620204
0.18940564702748744
0.17908201917483604
0.17470074982000539
0.18910919253449085
0.17935580285009095
0.1831537287249221
0.1810435215298495
0.17792355018721487
0.1866208250093061
0.16884783361210806
0.16542823834762685
0.17457484554296943
0.17834912617158158
0.16326877980786442
0.1710215755857996
0.16846849279802203
0.16514843491918904
0.16919586489081984
0.1719573228928279
0.17309859371320363
0.17228638951724645
0.18685402344440952
0.17726722140087167
0.175281319128254
0.17055934042753979
0.1764032084996257
0.1777883541329239
0.17036471378466056
0.15446305706076421
0.17225188310681472
0.1633454170501038
0.17209622091717106
0.17075826469728522
0.15794840040124952
0.1700105774519565
0.17239621319731344
0.1705644740717823
0.16312580127576784
0.16778627684210767
0.17995148515921555
0.16782880784555904
 
β=0,A=1,B=5
1.0
0.37046930580366866
0.3938564725026508
0.42035742966461903
0.22642394672744312
0.2281645824042067
0.233787083114023
0.25577967435763477
0.2141677400700773
0.1783311893423079
0.20307092043502015
0.19043304983424067
0.206343058894037
0.19973567091313743
0.17709793775483124
0.16734484681676767
0.185850998100135
0.1881358258907828
0.18161372243870422
0.17980069033010843
0.16886534528184197
0.1759004459275934
0.1806988079894185
0.1808604328364537
0.15959162964529078
0.17383781516624067
0.17344378246591044
0.15747764319536053
0.158311797670477
0.16238493757713723
0.16544188801081444
0.17821603621806215
0.1807466276547625
0.1777981215551278
0.18126795457166364
0.190404340049645
0.17699081111402326
0.1801982391878927
0.17979108964359927
0.17888097441070966
0.1720048015423987
0.1730435827947722
0.1588027807631267
0.16901892409343955
0.16651037170382457
0.17612975292004127
0.1586187088800403
0.16336455075416484
0.16930675232716086
0.15491200105434366
0.1765168775536774
0.1892362495420111
0.16812381589478434
0.17489243555232895
0.16587740830743525
 
β=0,A=1,B=6
1.0
0.7242762421454487
0.36941835679581486
0.35499444545698655
0.22157466704566245
0.23653816338347186
0.19355593616716446
0.194446116438002
0.22239332689340038
0.1931199400693079
0.19253621089550355
0.17988813107144774
0.1935890330347144
0.1954024573603233
0.17738814672685527
0.16082320931343574
0.18014007430575177
0.1908063037556797
0.20165482640047144
0.18663323135373658
0.178468942835459
0.16547570005907508
0.18270414755390807
0.17096420243303564
0.17391244428537936
0.1774444865968306
0.17168160215244033
0.15940923184042036
0.1803526208621849
0.16839211178584323
0.1693491476075839
0.17008694200250876
0.1687159737355307
0.18177380778037808
0.18385238839293389
0.19891393702922253
0.17597918681930483
0.1698086183733101
0.17748588392921744
0.17725674560535573
0.16721801320690713
0.17253902931836448
0.17678568772822723
0.17536391313589755
0.1734469142483227
0.17354387526015047
0.1576706647349716
0.1633643135170681
0.16725780208633284
0.16029504796767238
0.17792669834321884
0.17204527768183334
0.17572813901634682
0.18627472027052247
0.1762010217459481
 
β=0,A=1,B=7
1.0
0.9199331978066476
0.29651721090376226
0.25647010494199995
0.23284674047161552
0.20767595593267718
0.20870139761286988
0.2135794477926104
0.18455805581776094
0.1897095571045218
0.19192586020155636
0.18993718970782839
0.17127159483518445
0.18059759497997496
0.15004315471377427
0.16615785327233512
0.19189380422902397
0.20831544139634559
0.2073175412462536
0.18104477618443415
0.19233047914439555
0.18590059760671898
0.1938662164893061
0.1638580186734448
0.18537862440216255
0.1813252542984549
0.17969941517315835
0.17330202888309543
0.16580520438600524
0.17506350150236744
0.1897349205517868
0.17452452133223018
0.1859033493652375
0.17184221831179378
0.1824491666122349
0.1686336934055954
0.17111021387973635
0.17830547984484085
0.1624001858663981
0.17462823486398021
0.1620835973552304
0.16550473816805064
0.17584566186884062
0.1598639798829068
0.1597930190756282
0.1587270969812671
0.15760494287139465
0.1728677879348832
0.16321667753229055
0.17230780917399482
0.1789207569680371
0.18415561309180795
0.17711183924577958
0.17008302743654813
0.1758206601213655
 
β=0,A=1,B=8
1.0
0.983695859916152
0.22679430649054635
0.2476037819867101
0.24134735031702562
0.22539385953402274
0.17632630986129436
0.15771252331663546
0.1767043414866476
0.2239795941019188
0.20227239665704105
0.19446524956104236
0.16941117578461556
0.1975830277978067
0.16504252193399485
0.17806217219043968
0.19534795920774048
0.19723365841389473
0.20784442858770177
0.16897609133821545
0.18618338401156118
0.17237477309712074
0.1842638117822487
0.18966222813323952
0.18909989334300684
0.1807653898633354
0.17515297047239306
0.1707190205582274
0.1672725822410869
0.1762580596798412
0.16824114259884473
0.15727423572913904
0.16153825777145858
0.172628307884165
0.16840567787032776
0.17308125664996674
0.18407934888031838
0.153549334739372
0.17049002852997888
0.17005487159068874
0.16784162482714288
0.151534007023487
0.15388272428423094
0.15214969393233374
0.16537220013492174
0.15210645175477125
0.15460915875128015
0.1465601302551878
0.14798583037627827
0.1568877122289053
0.16207088876180087
0.17100160871600284
0.1533682555613801
0.15533167281499255
0.15113591301509519
 
β=0,A=1,B=9
1.0
0.9975692032126902
0.4537578258905925
0.22872508789547114
0.20229878777578897
0.16295985688265763
0.16558150369888638
0.19656974851876177
0.18443824364289602
0.23820402877058228
0.2188909387949983
0.19583303421593662
0.1982783510752541
0.1845022501258233
0.17383016872307094
0.1987282466416089
0.1712426018005569
0.1712947489525662
0.21033178405934372
0.18897441291668113
0.19688793089641463
0.18397939769637253
0.17994284798389676
0.18076416569866893
0.17807438914102752
0.15860182428583705
0.16285902464285731
0.17178492140707916
0.1716949243317382
0.15797191825117884
0.16065658267002153
0.16212423496729347
0.17072742122275586
0.16225934335202047
0.1657470821236414
0.1563890266514744
0.17370530949387356
0.15985356556410046
0.15854273186131515
0.1625230597258472
0.16170418212291454
0.14275783763028368
0.14233142232657026
0.15942269821622626
0.14084747323610158
0.15529180059084305
0.15275861771538496
0.1595698319079594
0.14920760033199895
0.16375939261213834
0.1489038415937441
0.14808400688011839
0.14739290152348755
0.17410012433787314
0.1609074956154058
 
β=0,A=1,B=10
1.0
0.9997007767892242
0.45465233663476984
0.12499669381216699
0.1293532669047349
0.15483093188595815
0.1550092882369012
0.1665907403672621
0.2111406623071563
0.2687709204569697
0.2193548938256437
0.18750712360817626
0.1764325966937214
0.10550916685035491
0.18524033692285105
0.18040518577558004
0.19696542056179175
0.18894587980029334
0.19457813695853224
0.20218234963113677
0.13808376312853726
0.12633007460962198
0.14767643998970859
0.15697516561866032
0.14808293542959405
0.16130248094208022
0.14756133243509303
0.18084410746997293
0.1634697367576785
0.17042758808969308
0.14093382588649347
0.14681750642110242
0.12346157976478189
0.1419866638554191
0.15666364173814953
0.15152863798842098
0.12774391834000828
0.1380639749725265
0.14373358434367198
0.13369038538335884
0.1424019097177427
0.12910680074123154
0.12919042605366407
0.1137721528743988
0.14117176691050223
0.12160193063223561
0.14103310067280417
0.137931638438828
0.13268211941995572
0.14524178314458072
0.1201737313958344
0.12065272825292633
0.13504791672208408
0.13209222202260495
0.1517053126258962
 
β=1,A=1,B=2
1.0000000000000022
0.46967046320455136
0.40823063691876244
0.4217104189858591
0.15653498761068932
-0.014977007492670481
0.1038466364827284
0.09349004816472457
0.08999857797442386
0.06950042232884344
0.19690274997787896
0.18927080476619504
-0.05429834469521363
0.20888779190448004
0.08054972913876102
-0.05544344631641946
0.06500216583462101
0.05424006812725309
0.00448705100519112
0.019630185075973843
0.07571940559764027
-0.0688175042575038
-0.037861762641019654
0.14206873757401414
0.04155669710528474
-0.0530470593581248
0.07058842467121064
-0.025061114351973616
0.02075934948500141
0.22294427880214884
0.2263010726849661
0.04341332930335585
0.08753898477418577
0.02455083165101778
0.03766829259692617
-0.10657804750585348
0.14131069888235828
0.0730762225693275
0.09000122537810155
0.21454571022262162
0.11913994055183229
0.08312932115990983
0.04688790535387872
0.14468917934706077
0.0012500732806919551
-0.02723985678663669
0.05958440983075269
-0.006574225164770107
0.05624980026634724
0.027115133101708593
0.06462114122020918
0.003438353901554167
0.0004910394591104893
0.05720015825261176
0.058420402584179444
 
β=1,A=1,B=3
1.000000000000001
0.3678051496743936
0.4136952599763173
0.5282803184156429
-0.11348594841557823
-0.10513418053910731
0.05477963261665331
0.40495858775877625
0.2373552458657951
0.13566248401793915
0.07409913394622712
-0.049311982607934166
-0.013123972529237292
0.02970907959884413
-0.0121464970078792
-0.10257769079458416
0.2834983958131864
0.17439551746801615
-0.06146256534634965
-0.07390151362432076
-0.07088469624735004
-0.040651497649456726
0.1457027764735339
0.07946417509281241
-0.1541291910725442
0.018164874095352942
0.07043934752504573
-0.010724182132034426
-0.10629614414405857
0.17642735957964994
-0.022606849564531833
0.17095525330678876
0.044754774402467445
0.07979730741545916
-0.063665549391889
0.07682760727430726
0.07556894934750384
0.08557454327470973
-0.08871778153170959
0.11966405777791345
0.21432442294710743
0.17284596742175107
0.0182035622220083
-0.17033211567648382
-0.09186029294005031
0.026386353388036226
0.28776776430385564
-0.006005546830499321
0.13742280394665507
-0.05029906379986976
0.08698701876364412
0.051057621556238705
-0.10962344203080011
-0.03835488347031334
0.10827271867495714
 
β=1,A=1,B=4
1.0000000000000009
-0.1439434346854197
0.3502058193789959
0.36781685425766597
0.21044620182136256
0.040114912895154335
0.08912742786172613
0.05543977554877519
-0.0986338766198162
0.04091010180008736
0.08015331691510819
0.14208220507932323
-0.13606928470248686
0.24760707319313788
0.04605926302372115
-0.05631471117413109
-0.009003318176294899
0.07060965145687381
-0.03374408791508241
0.12403886087741216
0.04139611588584507
-0.089046587265762
0.10982321139179785
0.013605308914259276
0.06539974171119112
-0.039932144605356865
0.025592766993643754
0.02226816191194592
0.1374233961333356
0.15436163709663184
0.1869115486917265
-0.1908210702642547
0.1175374390535144
0.143277499499611
0.1558795793235929
0.05089893046587627
0.12071904908873303
0.12602507446105726
0.04728494848236734
0.15269519843011556
0.13200180135445053
0.2521410002388319
0.09271421355330493
0.31939477437890534
0.023337393544148148
0.033164967751651654
0.011301064054749167
0.033989280728295226
0.17858922651728062
0.1186911245848825
0.026075159016048795
0.13200887537769374
8.252066524650704e-5
0.036623778230385
0.12451044138296873
 
β=1,A=1,B=5
1.0000000000000004
-0.07751920271861501
0.39494077060830746
0.3635937641624156
0.006064180011562777
-0.2486714741411764
0.15531970287249558
0.2606276830568516
0.1979160837493392
0.10932357567740188
0.029595833518603305
0.061675254503353996
0.004105370380029733
0.08300079131304254
-0.03772010607765532
-0.058288908307225225
0.045990970318552093
0.10787987513096467
-0.12887741519496557
0.12601996405850782
0.010892624280916374
0.04637867181351546
0.09013911679844507
-0.006469951157838754
-0.07527606312800522
-0.12148477301726518
0.1267214445582337
0.027086788028179754
0.05217113752132526
0.05101559798651174
0.13326787142169463
0.008863947541467658
0.19556485583138777
0.03430099360396128
-0.0329160611909271
0.07212697605436738
0.2989316041345642
0.15926053572405366
0.028632200012279653
0.17019662815351264
0.09069908865059166
0.14188051006066832
0.015718712199730388
0.11975103720330321
-0.09879403690566206
0.23462429996294845
0.18442913743472503
0.11696764542832723
-0.00281897180060021
0.0633650383221148
0.026405653080204868
0.0839539347834068
0.02767143117941931
-0.03366823412668646
-0.04213965966785251
 
β=1,A=1,B=6
1.0000000000000004
0.42837967159719037
0.3781186428263338
-0.01314593191316141
0.09513268296238704
0.30447503496782086
0.06096029399455604
-0.05216807248754731
0.2027325533110834
0.21000178414827417
0.15775002857367396
0.20134717450832212
-0.049246661781457535
-0.0352841327940201
0.019793156692912543
0.03717662957181765
0.03262864018796798
-0.031511412024101584
0.03017222664552897
0.1813213465370599
-0.04066942898475556
0.11672279305431944
-0.05626141203939539
-0.11263495262629611
0.032001433956600586
-0.06447959173654783
-0.07562418244667525
-0.07510147389361871
0.14037553427397606
0.04512478466808072
0.15596293758149088
-0.03391492999393096
-0.012683196730845213
0.05638935313966173
0.11940560483124264
0.017277416918309547
-0.08752559460104697
0.1308748217455926
0.08318618421369983
0.05784584415995169
-0.04431535588176465
0.19483122950647766
0.0887247016991107
0.17599533842038098
0.048561835119155475
0.11202295803405081
-0.19415128797905123
0.08590915860200948
0.07600043548932212
-0.03827480036083029
-0.033507075347681006
0.053249196599483586
0.02032767513289616
0.19698487882234147
0.06749936185475926
 
β=1,A=1,B=7
1.0000000000000013
0.7630593519729614
0.5316581091763647
0.06509749466506949
0.005436104425633501
-0.06617218350084267
0.13200486732268615
0.17676616491056413
0.20282658653242558
0.2262992895546792
-0.06855917018189205
0.2448101622331792
0.19596004118180999
0.011937328006415842
-0.024687556315811317
0.12355099960802432
-0.028305948981723925
0.05058060531559559
0.0664328667719882
0.034960354267699764
0.11802391900982687
0.13915947626935007
0.08834159014631326
-0.008817504392751594
0.011868606019814284
0.028900137485304053
0.02173713591166404
0.013801787949800252
0.03646456425016725
-0.21898225723704318
0.1667017420632039
0.2164780533410453
0.2030279936333775
-0.16813613634787974
0.09101865269675455
0.022082603043113526
0.07693394279651578
0.05248832983718945
0.08211089111438062
0.24360157757079573
0.005845812027018308
0.22165106233772236
0.04367395661122151
0.08353519428814547
0.09622298652557634
0.04688891994669466
0.004992501047279615
0.03819038299762485
-0.10510108250647585
0.12002278309752057
0.08404488193451343
0.14032062825870004
0.057985489482950736
-0.08806623310629963
-0.011720053448506317
 
β=1,A=1,B=8
1.0000000000000016
0.9476544932191134
0.24994699363036602
-0.16561166569714955
-0.16063340624273387
0.11000178855411102
-0.07575948068036464
0.02646554894594297
0.18059505487349115
0.28918094565305563
0.12541243461884918
-0.07584134274116873
-0.05653589269402327
-0.1478073147581768
0.09708254847254681
0.20099397107943762
-0.02667054584378291
-0.06042343543030812
0.13804603804211302
0.033737812694566605
0.007538767417510015
-0.05862936612810929
-0.07876731293200816
0.01735112966511534
0.2214028739454771
0.09257840004018529
-0.09461352297874188
0.07337215671363663
-0.0416146974114847
0.10319106770826558
0.006790161521373113
0.19069922937345402
0.2300939871125969
0.10161813253873367
0.07285094569348499
0.08565394165434843
-0.18073053779647927
0.06208666093327681
0.27512273265904635
0.33381842949033563
0.013578583922203152
0.06352987592091584
-0.01641209722298903
-0.024567327191883988
0.16293482982450166
-0.0011050532494462555
-0.010830885433215623
0.06369578991879492
0.3033925422825246
0.04068110845748972
0.03471409454005823
-0.04575086076896703
-0.008419693055161073
0.18800464540391482
-0.022203445714065982
 
β=1,A=1,B=9
1.0000000000000022
0.9889571614927186
0.37823867600575695
-0.2701991449559063
-0.15159285417515456
-0.07758380868528025
-0.062439056941212934
0.01521859497755438
0.12083552203538633
0.34363501276800623
-0.11917718946999553
0.09778681013069403
0.13887491722156664
-0.06506617436088677
0.027026756978992823
0.23205753024340434
-0.11063418623895369
0.0307100228425798
0.09681165647196958
-0.07708052130049327
-0.05442470346664369
-0.045328795125000085
-0.015007903751344323
-0.02228392718905881
0.028260635194016222
0.13979198333658174
0.17250892212333657
-0.01617850082848678
0.12940144885513669
-0.053537017938171005
0.03640347639960625
0.20411626423933527
0.1647836532886381
-0.015094943943220484
0.12240309251665701
0.09617600098247346
0.10859772195709197
0.10515998276129239
0.10685411846134495
0.09356952799980932
-0.012968021226560749
0.15758590785054624
0.0825770689397582
0.04135773983792043
0.20383022820414662
0.11710474192744232
0.00925436973311172
0.027447979622433186
0.0542909890076672
0.01890238302398779
0.08541631513492275
0.05107652935208539
0.00837961924391836
0.06866544642898609
0.13916988121109994
 
β=1,A=1,B=10
1.0000000000000016
0.9985036924881241
-0.34800092100340074
0.3098213997391967
0.009965685121607218
0.11244294051973014
0.15304101456772382
0.2511636812247949
0.19757363619061336
0.46952454316276765
0.40985784328693275
-0.07462198745550339
0.06414180255807579
0.03767041848490237
0.1921509141477581
-0.15902360184783637
-0.17697310397587984
-0.18572070765140225
0.05654481851244802
0.06397327474771385
0.15115752637994426
-0.07970048955917501
-0.16507375055432744
0.12835375573642538
-0.05749788922088805
0.15076917834122047
0.06739933348512621
0.028767991889631243
-0.09630651685851752
0.5125741691730593
-0.018225885777287048
0.10452947758113093
-0.0021768052764340024
0.26637121747289794
0.10600175454398643
0.06885076882216863
0.09547832058152703
-0.11312472476886984
0.15549812133334182
0.20289706749471442
-0.045037940488334274
-0.43029875603594475
0.2387762816849852
0.0014445654368580192
0.16529589043409526
-0.23929672624541218
0.08836143278333601
-0.09472872467717906
0.02932954486937228
0.04414707262665445
-0.013866227853220928
-0.01462948606452534
0.03717515536570351
0.269321806981274
-0.23517944675919814
 
β=3,A=1,B=2
1.0000000000000007
0.4219741751137883
0.33558596897684756
0.3297479690405687
0.061852794411105
-0.20718854880419296
0.033787874481862726
-0.012720778157428687
0.02039873245365598
0.06825798105906224
0.1898646293488464
0.20101775320395363
-0.18804316417723305
0.1763718021025892
0.008267034027788384
-0.11068729969735269
0.016915489572254156
-0.03409529164872342
-0.2381045435821808
-0.05948644240150622
0.06621849121391683
-0.20680818338103193
-0.18025468051438978
0.22438720820802613
-0.10503076960099635
-0.22616612799542907
-0.044467279962451735
-0.18641051262078234
-0.02526367764078234
0.18159808522397572
0.2806384099042181
-0.010732460821094724
0.026931427810319822
-0.015766398760205465
-0.05214806950708059
-0.32550669922097547
0.11126564964922286
-0.0185507130818817
-0.01719769046551094
0.24972526867069153
0.11147878931220497
0.0636026797575196
-0.09667393802789707
0.13383077090716183
-0.1556406889556034
-0.13351358570205485
0.043704624273339696
-0.04707465393460687
-0.046733607261419854
-0.018675101831559498
-0.07834354229532603
-0.11751675071598426
-0.002657472155587112
0.05841320956930093
-0.009140231585734217
 
β=3,A=1,B=3
0.9999999999999978
0.4410295132842055
0.4327125858472281
0.5725124307898752
-0.2214877371905495
-0.13413056442272797
0.10057575413422233
0.5224298729420207
0.38112489985642994
0.13031392791687124
0.058337390771517506
-0.1566032602589027
-0.10081572497967602
-0.0066031894325082035
-0.018430793554307736
-0.1993794388023953
0.41892586056943176
0.1577557107515615
-0.21377769817763312
-0.19084471391032148
-0.1497668668220836
-0.20943338756361546
0.11853035365781422
0.06091385543693743
-0.2306306009865745
0.002393831612707666
0.03208240960730329
-0.16939716039234226
-0.22483485404752943
0.11843957726965332
-0.08504844065300286
0.19278590851036337
0.11702893216258824
0.09742481841172404
-0.18439212364928867
-0.06196145474498483
-0.01795800332349083
0.02744731532268894
-0.20569165813329618
0.07867764088537894
0.2820102320151608
0.19436523487451868
-0.03280273807609488
-0.3214578960921167
-0.13762597861677764
-0.06430695280273306
0.4708016780104392
-0.11951485671012384
0.12589789744287266
-0.14843070982565076
0.05638582038963695
-0.04967648561481013
-0.22755898736121016
-0.08378193069356737
0.08438973959655435
 
β=3,A=1,B=4
0.9999999999999984
-0.1717724649890915
0.3242568380950451
0.31646398253374514
0.3543940195862426
-0.03499171269001379
0.03408593914415494
0.12897740114734405
-0.18634253139437487
0.11209922112163814
0.0475687364695514
0.12807742447813908
-0.27178421506915246
0.2684241374299911
-0.048436527789887426
-0.0760786064668494
-0.022841912242184365
0.0864554571902419
-0.17056689770596836
0.09148758808560047
0.0013150066757393847
-0.1946440152021932
0.022112102483540046
0.03341748152702486
-0.05519472425123441
-0.04749867482530954
0.003355786292712965
-0.045114562304463236
0.17279385366179034
0.04856111771451671
0.14919300167070326
-0.28932519091738185
0.09099091915816962
0.13690080695000362
0.15168949438074547
0.02289865639371069
0.06731521667897938
0.040709373674151596
-0.10966967924180022
0.2019853245682867
0.041810339275038
0.258431792856533
0.056435657017393136
0.42045482934948325
-0.028074342557895336
-0.08871285176452089
-0.049347721339541066
-0.02652510603855244
0.12058951102620721
0.0324247142174341
-0.08817740175325031
0.04722217216436315
-0.01754334684707965
-0.04498596805285676
0.1440674797211929
 
β=3,A=1,B=5
0.9999999999999971
-0.14903984297779005
0.4596382910799139
0.37702963404802725
-0.1188297879663397
-0.3623286667503579
0.2296551354535326
0.33084979073055565
0.18498890573231627
0.1572831643178169
-0.04667584719779767
0.037429249817813016
-0.09068075026043862
0.16971596363368527
-0.15134244582727915
-0.15362259661812974
0.08313591189205316
0.00996887712633418
-0.23738357664575793
0.07653977706694826
-0.08829933416677946
0.011481085013257555
0.04682200724781656
-0.058200234098609464
-0.18323602620659407
-0.2262608622863643
0.15823720826407373
-0.09770544833510501
-0.07065916273953067
0.04479580026656869
0.14087613655575976
-0.03223810150771648
0.23500485703853163
-0.02331717279258693
-0.08512371595206143
-0.029038811700235836
0.3164316330605004
0.1976938185300431
-0.11686630979825079
0.1416864096288711
0.10530636894238438
0.13602045536384116
0.009954109923518122
0.05269276691979875
-0.1802335945050865
0.2136424188587763
0.22343324466078562
0.030584000903746706
-0.017977974076118678
0.0887876188761062
-0.0628502352600433
-0.01930371982313353
-0.06865771043954863
-0.11525475539983553
-0.10448884308580587
 
β=3,A=1,B=6
0.9999999999999972
0.41949679807575263
0.2989780653790663
-0.13506367146164122
0.20569952300144528
0.4986111962125139
-0.00396166232076805
0.015630133904294623
0.22184517430507422
0.26835564822570246
0.1271008341365112
0.24572225149687305
-0.11555514088162686
-0.11298378548702273
0.00915398930752854
-0.030818252426215446
-0.0462036105533374
-0.07849257264616001
0.054164427265383154
0.16496942038077408
-0.18801922317524342
0.050217492234885176
-0.1622021927708281
-0.2326181715086491
-0.02684539312174523
-0.16652155701906135
-0.19589445236931288
-0.1744837973473345
0.10231091682103889
-0.0766719144358883
0.10738761334715803
-0.08306803329263203
-0.014335651577798064
-0.008423834029925657
0.0816247438439961
-0.07234821502610451
-0.22285838615517456
0.10928618082094813
0.042759444122298366
0.01894607992483792
-0.1598926422537028
0.16453162541561384
0.05686879092703254
0.1534859520876041
0.0669752377490402
-0.018308592289609467
-0.2871040891159906
0.04900504510011949
-0.013223740178903884
-0.21345929580508766
-0.12750375941998132
0.07243135179015582
-0.07389704209100542
0.17657780785819352
0.05228332218150456
 
β=3,A=1,B=7
0.9999999999999989
0.7268647830028396
0.6264529336722919
0.008144337144558594
-0.1882375602225544
-0.15504522732384796
0.08459302126756366
0.16157548690953505
0.15401448753927482
0.26529206524638027
-0.14850979286141142
0.28608324428077553
0.08587895352790509
-0.01781705872077403
-0.14986923014064324
0.05402605057923001
-0.11862132349454826
0.0166627006696196
0.09381757554550782
-0.07769786365842425
0.0007854652651062396
0.1874821453092808
-0.0417491125735049
-0.12891533770537425
-0.13264231555037204
-0.03706880161841203
-0.0632091715585012
-0.08050160967421002
-0.09905416310864124
-0.3216176565734147
0.12581971287573038
0.14444388088886548
0.2716024870683743
-0.31101394302396723
0.11949540942384741
-0.0724355765409652
-0.09640974229632478
0.05457565121647659
-0.06495864559242492
0.21122001335237675
-0.028171431754989668
0.29940312886037984
-0.013740115287724383
0.0028019368321752715
0.015802108597946642
0.05409660259021181
-0.09276082656737265
-0.06473867046473268
-0.1943354504279738
0.062429956659019126
0.0785901265285525
0.16145155266548813
-0.04244621890760634
-0.16305241426967867
-0.1225694958272559
 
β=3,A=1,B=8
0.999999999999999
0.9469398247358378
0.23356297193937942
-0.23656320756532623
-0.07853484944490385
0.21193029115370407
-0.1538422905417682
0.1045357648768864
0.14590113976586
0.2984742248169473
0.12209628614923804
-0.18550027041445546
-0.10402584996423517
-0.23493771432843935
0.16291807550617354
0.21689250073628738
-0.020048331460790877
-0.13019735817966768
0.13498356926396013
-0.09526841105357757
-0.16604682417177455
-0.15097198004388926
-0.09915391578861957
-0.08597986762595813
0.2316473737370515
0.1028520080004316
-0.26064928867519077
0.020773131254388046
-0.17651790500011216
0.051553307906956
0.040123431727214526
0.2639878651262497
0.2579324561936511
0.12724515997412014
0.16493920454165162
0.05196700362216864
-0.2940662599898829
-0.042147908996008704
0.37684941851838333
0.380039792090221
-0.080620622855078
0.0531062353158366
0.00561855725198064
-0.06934246533077576
0.23845231657321653
-0.08465492841204202
-0.08231110829406844
0.0029700876706930794
0.37862127537788554
0.005733865849510531
-0.06146410088760919
-0.06402538949335522
-0.08899176648607648
0.1376949958798729
-0.02032407361924795
 
β=3,A=1,B=9
0.9999999999999996
0.9867781707477623
0.5031276277490082
-0.26422001784730637
-0.23199161023264087
-0.14198365442786365
-0.2403832334402972
-0.07918590968983297
0.13980538259817463
0.40839728159803057
-0.23607641784402675
0.09424553016098489
0.10266699912970595
-0.15065933871815979
0.03587046676077945
0.339111267429778
-0.21830035419462418
-0.03276005278915486
0.05804971813514873
-0.2458131954761392
-0.32325773353009424
0.03604642861510129
-0.11454060582680363
-0.0736371774514367
-0.016375523339776734
0.12135621513718878
0.09910720161538654
-0.08777118039782925
0.12445278385366869
-0.1365314510136432
-0.02753413766820764
0.18245679586875455
0.23706530029089634
-0.15801177368908997
0.14377657597519092
0.038701728493167026
-0.027757915730800446
0.02671847514120641
0.04459649380292561
0.011388638651293321
-0.03902026842302989
0.2440134606170194
-0.00883236021207297
-0.03582631816997558
0.11521531745815006
0.09962520305661185
-0.12280774531615107
-0.036312853236380255
-0.03154794273771455
-0.1329779088875419
-0.024810522863395593
-0.010124489269590475
-0.14727068344361904
0.019264631840224297
0.12359216375955091
 
β=3,A=1,B=10
0.9999999999999989
0.9984933469604628
-0.46077120122612636
0.34273873609515315
0.01989442933483455
0.10782068876270545
0.21790293063504346
0.13263229025742215
0.21789122851135617
0.5224484485548836
0.6803368747091231
-0.19421129776704663
0.048013625391172904
-0.037114680510287205
0.26694458284575834
-0.48237940259903495
-0.2673657423138684
-0.3070875641390201
0.01885467090672665
0.09014421779550992
0.11289741704617831
-0.2963300251616341
-0.3185285289383974
0.09820605831243463
-0.2193901242854903
0.10337570554905652
0.0017898654635333047
-0.02107133804431332
-0.12571533779331667
0.53428405286438
-0.1320682797465969
-0.018530191876520326
-0.1784959860321795
0.35719886290272385
0.0934027838454587
0.03806856204039467
0.12479791028601715
-0.22622042789700894
0.07656010842604599
0.01650610433693597
-0.05706220892206286
-0.6580357948072735
0.2677195078587276
-0.10395913988503722
0.11885475978826834
-0.3461314259281167
0.009441879830203028
-0.3623749562404216
0.06997642100274873
0.058415441080072475
-0.15867055384649184
-0.19822979454163356
-0.03560897325599836
0.19900174834471787
-0.4330538865328954
 
β=5,A=1,B=2
1.0000000000000002
0.4170140218650978
0.3263282565324445
0.3196318510931908
0.051730255093628684
-0.23058888774141195
0.023356660419306993
-0.025076516147089695
0.010308960212254118
0.06905741960998671
0.18681526995647177
0.20056608173603152
-0.20548711197492678
0.17000623809925852
-0.00028782582187024354
-0.11611121044066902
0.011464751899218965
-0.04383408578246608
-0.27115080780022044
-0.07067467593473775
0.06450381422734576
-0.22181836227236965
-0.19526525494189387
0.23403773973355335
-0.12363110679367194
-0.24796834541315027
-0.05943923143360475
-0.20515318575855948
-0.03173884115829328
0.1728211738398773
0.28308931519749253
-0.018438998979043105
0.018095922433941373
-0.018188835391137123
-0.06265017706660996
-0.34997665258516103
0.10640489962488205
-0.031382235239618306
-0.0321173467522017
0.25028292231856325
0.10706334004479981
0.061196726622114145
-0.11474711903838028
0.1290980453826502
-0.174335401661459
-0.14548857005069463
0.04103516248560983
-0.0502386629417686
-0.058915849093111275
-0.022134996154313146
-0.09681655455057092
-0.12957098986948384
-0.0014532168148173106
0.05745462655136732
-0.015921741950718243
 
β=5,A=1,B=3
0.9999999999999971
0.4467796020465479
0.43600348241485115
0.5770747530405524
-0.23302725907822666
-0.13535615159428357
0.10745741402297442
0.5337595283571429
0.3948819342675923
0.12895588664150326
0.057478311439402664
-0.16790717162342375
-0.11274097097286583
-0.011552991741084994
-0.01695210904268244
-0.2073449211944042
0.43142836254086075
0.15452744825215237
-0.22914662914922093
-0.2037161576173891
-0.1563486324129946
-0.23003514633526043
0.11357082602962983
0.06053942900412721
-0.23480635672389655
-0.000497192570557282
0.026811726544403745
-0.18686752134122006
-0.23624788475512545
0.11127535916555063
-0.09187497503698333
0.19435570698430826
0.12833351704603968
0.0989710048369655
-0.19569717462321723
-0.07918194084133635
-0.02911084744471075
0.019827843527298824
-0.21958328245583814
0.07284883397634882
0.28895881716209015
0.19405731735505882
-0.0371105140364645
-0.3361261826623534
-0.13954373832733089
-0.07493474434418385
0.48847155337425685
-0.13278341236169822
0.12519834549429565
-0.15867997055633204
0.05085076504587828
-0.061057807557952835
-0.23878351457515382
-0.08701764590864566
0.07934136612701127
 
β=5,A=1,B=4
0.9999999999999979
-0.17377953118798536
0.3200305974572806
0.30991064885959513
0.3705014262754944
-0.04435995740180888
0.02502772470383634
0.13719670549286886
-0.1953509593324847
0.12281987959086277
0.04476019233835266
0.12771487236193485
-0.28711296350073756
0.26786679153332277
-0.05944534978273009
-0.07592358331955651
-0.02242881270203821
0.0912085699327549
-0.18802664582898723
0.08691560159004973
-0.0018260317983844836
-0.20492188776668616
0.013145046258989965
0.03650250484748582
-0.06992547068624606
-0.045460256064039466
0.00020278540388460342
-0.052853490931888424
0.17725048556847406
0.03571204531840536
0.14384678283867602
-0.29948169767052224
0.08525565572230806
0.13646342582204607
0.1509029878387359
0.018658929070612423
0.05959657056659318
0.030339251850834498
-0.12624792382537445
0.20686669236193456
0.028926595165576604
0.2570528241811283
0.05121591361546649
0.42864229811383553
-0.034202977366930946
-0.10473917395071698
-0.05455154005909077
-0.03207779325641854
0.11270488324849846
0.022566369231931265
-0.10385978737971864
0.0367600039999367
-0.018897661124341415
-0.0560064403344377
0.14612247097123557
 
β=5,A=1,B=5
0.9999999999999968
-0.15576313813443204
0.4665797758084874
0.3785660086152824
-0.1370456010380153
-0.3716227038026681
0.23795984648425852
0.3368713005816894
0.18152870275224384
0.16436952867577798
-0.05507873420040869
0.03494115628536118
-0.10202392994588182
0.18104045424079387
-0.16265465026706064
-0.16177485261096394
0.08852138340617431
-0.0017689392772749666
-0.2472007333334974
0.07139601077298983
-0.09900179450878004
0.0075667843107887
0.039867221321507204
-0.06294455951561156
-0.19324806958469354
-0.237173237142786
0.15994194843578224
-0.1114530251049241
-0.08431834704939918
0.04339419873668826
0.1412130697951269
-0.03425418509976367
0.23882753958532815
-0.03024828506285236
-0.08795380938622184
-0.0422095308843108
0.3146292867639992
0.20003696008194022
-0.13407655778123673
0.13691425008684568
0.10801415568853195
0.1339220645062903
0.008870970975938183
0.04351991257812926
-0.18698488426525625
0.20775299175577003
0.225330420522558
0.019868242504804158
-0.017560200317436846
0.09197756092435813
-0.07382662568309362
-0.03402970201157142
-0.07959243081812399
-0.12380262318992907
-0.11032003276075968
 
β=5,A=1,B=6
0.9999999999999966
0.4197768700084123
0.28795172227772775
-0.14683388984278023
0.2191547837825904
0.518619926936049
-0.012012295437268363
0.02513166325713784
0.2238024652985214
0.2751301147450558
0.12059073016535489
0.24989384359117695
-0.12344789908911706
-0.12096487112854819
0.008592287761176971
-0.0387912457149719
-0.05387916004711431
-0.08239676813903804
0.05910054579417971
0.16242326294633166
-0.20367899630229996
0.04100152116032263
-0.17315292389023848
-0.24447429774000234
-0.03490910621831084
-0.17530154711026094
-0.20795907294256247
-0.18563031005253194
0.09632788022987704
-0.08998252394805624
0.10091271276172424
-0.08781899332260856
-0.012210874090779334
-0.01581677565994159
0.07684987634228563
-0.08303116946235979
-0.23629154442805528
0.10490294424482999
0.03677422308200915
0.013643282399343789
-0.17271215289017763
0.15928358418897368
0.05438946756692712
0.14814039859939954
0.06844128611542975
-0.035406318558351906
-0.2933967026187203
0.043766473539563935
-0.02468559910538867
-0.23318923543843223
-0.13709107507905002
0.07376663768138608
-0.08488934122993895
0.1715796900092793
0.04964198502661665
 
β=5,A=1,B=7
0.9999999999999988
0.723301234861662
0.6362686188308084
0.0026697026942102717
-0.21641785994159798
-0.16545160610431142
0.07805317704967707
0.15777019556281074
0.14679585218039834
0.26953871727552386
-0.15798517938296383
0.2890583651912452
0.06909154417840913
-0.020172280288179537
-0.16475401666123157
0.04472382793024899
-0.12852593096409645
0.01224833344475748
0.09736866083670283
-0.09131501384023247
-0.014225723583318512
0.19149899556128083
-0.05718832110091957
-0.14321758272962454
-0.1491946727097018
-0.04422531449403579
-0.07286115660097077
-0.08885025144575559
-0.11531698284466431
-0.3325756001040099
0.11816937966675155
0.1345430165741329
0.27731686604871425
-0.32527150169317476
0.120941812438143
-0.0822955361075531
-0.11697172771934988
0.0535798058289456
-0.08250535363666803
0.20584115677903464
-0.02918988590015422
0.3042659800693311
-0.02378338378380302
-0.00837385537814601
0.005091261586335166
0.05587756224976058
-0.10371649229495843
-0.07539739853068644
-0.2029231581724185
0.05566869320260274
0.07876596850120637
0.16292399987139253
-0.05559619755844726
-0.16936441048829634
-0.1364648903883414
 
β=5,A=1,B=8
0.9999999999999987
0.9470474836509309
0.22886305790941183
-0.24173910845935373
-0.06412770935445042
0.22301621206784045
-0.16181708437979425
0.1151061987056677
0.14128940455777708
0.29774174666909237
0.11791912956774607
-0.19787245385551486
-0.10541203179805704
-0.24101459134093667
0.16872425409002478
0.21728037310386109
-0.01578478718424276
-0.13725505767020155
0.13564810100823338
-0.11256326746215126
-0.18585907033039537
-0.15978389443101154
-0.09942092213064628
-0.09769106300327114
0.23029790524613813
0.10537921490516698
-0.2768517334619841
0.013902811619785859
-0.19292420832905252
0.04367185762021569
0.04493547555046771
0.2712913990199783
0.25917922306009317
0.1304556666981194
0.17756360224873405
0.04860095904517022
-0.3047379568665499
-0.0552255240985722
0.38552380260927877
0.380138407999528
-0.09136365867380968
0.05172801170248724
0.010992438134870676
-0.07437761382545417
0.2470254979549852
-0.09379383963693783
-0.08862410718554324
-0.003883103417147217
0.3828981443528502
0.0015479625641192372
-0.07235100444301379
-0.06256605294665979
-0.09964873010710026
0.12930330201066198
-0.018533556080874106
 
β=5,A=1,B=9
0.9999999999999998
0.9865563441989821
0.516145187951982
-0.26163490019082863
-0.24435961203151646
-0.14902113228698732
-0.2616033889400234
-0.09293703274608894
0.14288263017645772
0.4163304238330677
-0.24701479800305798
0.09603843683236503
0.09603511934915387
-0.15910606626561974
0.03601365166184163
0.35099056110806914
-0.2283177334388734
-0.040430045531770514
0.05372874980740342
-0.2646157441912519
-0.35602970838284254
0.04859603329760281
-0.12322608528621364
-0.07857905874805042
-0.020896827509244563
0.11793186486921335
0.08631484033719007
-0.09371996677960666
0.12309720866152363
-0.1461992435907512
-0.0359778091177037
0.1769855591383769
0.24511001111263742
-0.17386854618617634
0.14498458885798082
0.03305066078120533
-0.04560278889337383
0.01697955760365753
0.037352041109666945
0.00023900975365045253
-0.03914703576020089
0.25164517763609195
-0.023249322049326452
-0.04463900072241326
0.09993500790011084
0.0952873856442092
-0.13803655223325353
-0.042193612925761
-0.04232873745423321
-0.14987607365627573
-0.03940671240344256
-0.020115784900135533
-0.1670467283512837
0.011986544578228522
0.11877611652549679
 
β=5,A=1,B=10
0.9999999999999986
0.9985001986885377
-0.4703133700403278
0.34125722014143006
0.025951257238233053
0.10659194275058119
0.22377496510450912
0.11727620549241125
0.22312311367738963
0.5288287883493296
0.711006668263614
-0.21028305312841758
0.048654859810327744
-0.047303070886409386
0.27252715436961594
-0.5248008280126226
-0.2731445661969781
-0.31656947262844126
0.016578341288822244
0.09517643549331113
0.10914442179214928
-0.32165088247533113
-0.3351178929722184
0.09131306789984352
-0.2354855621966653
0.09720564678105464
-0.005050203613092243
-0.026967971712413285
-0.12995273907791446
0.5342585552826759
-0.14571497901972272
-0.030905169917541817
-0.19796461855006306
0.3656561874574912
0.09487155630425907
0.02963427498208364
0.12572758342405108
-0.23429183239075074
0.0676498065900485
-0.008007388489304466
-0.05643517764511533
-0.6796118464622922
0.26869723665591494
-0.1200112250834369
0.10903057876852687
-0.35503424722657123
0.0009372879191403531
-0.3917495416646406
0.07446786634054538
0.05930413411050381
-0.17565522077770182
-0.21785350674991222
-0.044786539823278106
0.18662121781057567
-0.4523495845519961
 
β=7,A=1,B=2
1.0000000000000033
0.41663546556355974
0.325614436500469
0.3188574608080519
0.0509554070489874
-0.23238678536450008
0.022550005711110332
-0.026022075721773737
0.009530863298883514
0.06912047755094917
0.18657756560513236
0.20052811645084218
-0.20683229640402423
0.16951358646947798
-0.0009427534386901941
-0.11652642376294263
0.011047851773937436
-0.04457959512161033
-0.27369706234046837
-0.0715420631579686
0.06436708007048075
-0.22296884208805995
-0.19641376030685287
0.23478072430924427
-0.12505988380846692
-0.24964607027610378
-0.060591029106399706
-0.2065906604040894
-0.03223689524254133
0.17213878850680794
0.2832690011098546
-0.01903272325172549
0.017414143107126745
-0.018366842679430437
-0.0634558383565821
-0.3518508641844169
0.10602861733885262
-0.03237080194030276
-0.0332669261471424
0.2503195215542912
0.10671656951120377
0.06101253871126078
-0.11613534854939984
0.12872649188864638
-0.17577033047577784
-0.14640584384760605
0.040828547315510846
-0.05047670455630374
-0.05984859977752632
-0.022395050050059834
-0.09823543508501675
-0.13048922384571968
-0.0013574926827145818
0.057378028691137985
-0.016438202840637524
 
β=7,A=1,B=3
1.0000000000000004
0.44721568110187
0.4362585846839125
0.5774233786968754
-0.2339125674100044
-0.13544571616855072
0.10798788996838003
0.5346258252759872
0.3959329784296751
0.12885120620203974
0.05741521243126402
-0.16877183689291617
-0.11366097197547109
-0.011934554872524069
-0.016832739235804955
-0.207947789997086
0.43238135149307116
0.15427867218106942
-0.2303193493903825
-0.20470493366164438
-0.15685004921224466
-0.2316183611640038
0.11318632375143604
0.0605166050615398
-0.23511749586880357
-0.0007219199238960843
0.026404512830284024
-0.18820320544975544
-0.23711873415084994
0.1107262686602988
-0.09239531371281724
0.19447530353090423
0.12920716090871856
0.0990875914754146
-0.19655683961580833
-0.08050355212635281
-0.029967045635522525
0.019239846857071842
-0.22065237571225418
0.0724009162295113
0.28949109837692943
0.1940282596677673
-0.037436349626122606
-0.3372446467086676
-0.13968505932781697
-0.0757508110049944
0.4898201970953433
-0.13380003760134157
0.12515082361731888
-0.15946465089037623
0.05042071548986952
-0.06192812065644828
-0.23963959241168623
-0.08726180423825707
0.07894954716310638
 
β=7,A=1,B=4
1.0000000000000007
-0.17393066383285913
0.3197029638100221
0.30940605381296316
0.37173456553147094
-0.04507843852325237
0.02432620926998445
0.13782562372397542
-0.19604137546915776
0.1236455722402448
0.044546492114055376
0.12769098936391615
-0.28829305602847205
0.26781955928697765
-0.060289663528753645
-0.07590772191216225
-0.022393412320443347
0.09158070310708787
-0.18937046255534828
0.08656431021073466
-0.002064447412749868
-0.2057085349873452
0.012461122168467158
0.03674046803741062
-0.07105509998841689
-0.045296942044455474
-4.141467148470019e-5
-0.05344719623553887
0.1775943441442797
0.034728507214301825
0.14343740555097478
-0.3002610266930404
0.08480908024740993
0.13643284084229146
0.1508426469591826
0.01833009980322581
0.059001287693958446
0.029545259259591512
-0.12751437458394518
0.20724032918104882
0.027933931879384206
0.2569448702312351
0.05081406807873372
0.42926437288556446
-0.03467454117689596
-0.10597229006869172
-0.05494538935381153
-0.032498691072279824
0.11209820912290262
0.02181260560763674
-0.10506857599528058
0.035957739923208214
-0.018999914023771228
-0.056854808746717285
0.1462809629892731
 
β=7,A=1,B=5
1.0000000000000004
-0.15627690202180358
0.46711025543455004
0.37868539799831225
-0.13845115863481763
-0.37232670252800576
0.23859439072432762
0.33732869291076595
0.18126192540643676
0.1649156996542942
-0.05572229452748147
0.03475226274565644
-0.1028954128984199
0.18191056440314002
-0.16351685066620866
-0.16239391750129553
0.08893591840635577
-0.0026671945732422778
-0.24794891057010002
0.07100253600930086
-0.09982099345862114
0.007266491343744397
0.03932861166404079
-0.06330594696029808
-0.1940105576953477
-0.23800788539111722
0.1600672786838394
-0.11250233778684515
-0.08536352376029933
0.04328357935072828
0.14124020042362795
-0.034400790229358325
0.23911936560549552
-0.030781625976597265
-0.08816258406467686
-0.04322179285879304
0.3144843292665238
0.20021061597592085
-0.13539613385258004
0.13654521144960685
0.10822435910389375
0.13375908427397656
0.008786317362404466
0.04281478263358672
-0.18749861328723819
0.20729613251729567
0.22547083476360344
0.01904814126613201
-0.017523716391010784
0.0922209309405869
-0.07467143402481716
-0.03516491531956347
-0.08042956808316325
-0.12445858295942763
-0.11076405593542187
 
β=7,A=1,B=6
1.0000000000000002
0.41980038955363896
0.28710260759465117
-0.1477327327940224
0.22018597933800935
0.5201497548041176
-0.012629568303606089
0.025863191583962743
0.22395303372832223
0.27564995193842384
0.12008634181192868
0.2502105459114532
-0.124054252700946
-0.1215767821373273
0.008547907480688439
-0.039401950739922545
-0.05446351258397581
-0.08269417115371451
0.05948223244479533
0.16222980591771802
-0.20487727100541536
0.04029162975656122
-0.17398974839977835
-0.24538005194314294
-0.035530154212311475
-0.17596643290488442
-0.20888106875904053
-0.18648511277831373
0.09586666396074378
-0.09099998123199673
0.10041596583320174
-0.08818318284565523
-0.012041917895849246
-0.016382058595864744
0.07648336944961075
-0.08385312445844956
-0.2373163736447799
0.10456230272930082
0.03631135066760771
0.01323316738237913
-0.1736946869697203
0.15887957055864874
0.054201122826638345
0.14772443182680917
0.06855232272132146
-0.03672004935890997
-0.2938700414544076
0.04336409021780203
-0.025567445290995642
-0.2346980994534111
-0.13782424491510942
0.07386440632971408
-0.08573153555445528
0.17119175478534668
0.049437049430083715
 
β=7,A=1,B=7
1.000000000000002
0.7230285698717437
0.637019564398057
0.0022519649877896035
-0.2185929571630898
-0.1662489421186715
0.07754926235085502
0.1574742998332495
0.14624150696575974
0.26986650819435365
-0.15871433253909972
0.2892852190937724
0.06779747541815062
-0.020351791826324368
-0.16589739343799892
0.0440087724937704
-0.12928572252986673
0.011907984065296293
0.09763977356376248
-0.0923604862687096
-0.01537885897152427
0.19180243994664464
-0.05837168161683716
-0.1443165841886262
-0.15046432668833748
-0.04477476935115659
-0.07360091758615878
-0.08948232420094744
-0.11656449755003491
-0.3334163172100619
0.11757641252445977
0.133783525615339
0.2777494689962993
-0.32636358919077635
0.12104812885560612
-0.0830478966606543
-0.11854852056432563
0.05350036101589155
-0.08385164144709616
0.20542768228163089
-0.029262234035421816
0.3046310434896844
-0.024563545876304882
-0.009234401603525628
0.004269257645018468
0.05601623353517299
-0.1045563622104332
-0.07621042795347582
-0.2035791741778236
0.05515117646597887
0.0787817005061529
0.163036148114687
-0.05660727145996104
-0.16984445256466127
-0.13753378015504342
 
β=7,A=1,B=8
1.0000000000000013
0.9470560199408127
0.22849852239722548
-0.24213080783860155
-0.06301385228159484
0.22386389268529905
-0.16242606334712223
0.11592049253625662
0.14093595979024529
0.2976836302315006
0.117590775086319
-0.19882250586514238
-0.1055067139859546
-0.24147346804260902
0.16916460359910476
0.21730794143764443
-0.015451126952761097
-0.13779636839530854
0.13570195235250906
-0.11389319319515263
-0.1873779712417965
-0.16045639116872326
-0.09943759928989719
-0.09858731317234241
0.23018926052693575
0.1055787338555634
-0.27808785816931275
0.013373978733730323
-0.19418276105748405
0.04306486703594737
0.04530587454752814
0.27184995089228553
0.25927256950490063
0.13070332196570847
0.17853717963386453
0.04834349841624248
-0.3055521627746617
-0.05623045423106668
0.38618154449291375
0.38013497832509247
-0.09218615285719148
0.0516231282694884
0.011410418517103215
-0.07476513257007515
0.24768300512474495
-0.09449303030380239
-0.08910387629910393
-0.004408088404599952
0.38321736251760075
0.0012272915895860873
-0.07318415237207002
-0.062445158851570794
-0.10047105480613294
0.12865539241732035
-0.01839297398760706
 
β=7,A=1,B=9
1.0000000000000024
0.9865393557140932
0.517139874880762
-0.26143320952637183
-0.2453183596141987
-0.14955718577578153
-0.2632307531016599
-0.09399861455276805
0.14311945478956542
0.41694255585202683
-0.24784912687009528
0.09618195554902012
0.09552061770906349
-0.15975230973271606
0.03601909254902259
0.3519018478939723
-0.2290796838592369
-0.04101921947424294
0.05339794410137129
-0.2660559336036194
-0.35854831548971683
0.04956162413100028
-0.1238881469415526
-0.07895945938370394
-0.021242645505157053
0.11766815950372884
0.08532632136630698
-0.09417198414225882
0.12299223601722968
-0.14693986027462103
-0.03662643548873218
0.17656152330161343
0.245727759026715
-0.17508083928394994
0.14507549880697207
0.032621776192290966
-0.04697580432161229
0.01623232209504718
0.03679788178898939
-0.0006184289792868243
-0.03915052763928473
0.252223740003848
-0.024366391314731405
-0.04531450593549358
0.09875362369693126
0.09494893932651889
-0.13920393206764678
-0.04264021819753045
-0.04315578048616673
-0.1511671197072771
-0.04052777877122784
-0.020888924488456143
-0.1685658747471362
0.011425722539200064
0.11839876979736577
 
β=7,A=1,B=10
1.000000000000002
0.998500734978532
-0.4710424978595702
0.3411334383050818
0.026430039955946377
0.10649350929875001
0.22422058820304025
0.11609599689422495
0.22353251574774985
0.529322239775753
0.7133593371147265
-0.21152013895783697
0.04871110202907755
-0.0480890498841069
0.2729482243127161
-0.5280679956778542
-0.27357922600355455
-0.31728860021165944
0.016408882430171787
0.09556583280476423
0.10886332386241808
-0.3235923341437483
-0.33639135179835394
0.09077649600218039
-0.23671356664245988
0.09673295741724859
-0.005572661506268795
-0.0274222163139634
-0.1302780692817861
0.5342550736540783
-0.14676348870018158
-0.031845183025144046
-0.19945662507646825
0.36630063897815474
0.094992120981169
0.02897648166472346
0.12579204555242873
-0.2349006422401448
0.06696799353361797
-0.009895101794248384
-0.05638354468929723
-0.6812621400550539
0.2687685169091392
-0.12125199603416109
0.10826858454341208
-0.35571378439539625
0.0002881969760197719
-0.39399801357796016
0.07481009355398474
0.0593678696740364
-0.17695651006824134
-0.21935148356602835
-0.04549255339081461
0.18566621276189868
-0.45382200297632164
 
β=9,A=1,B=2
1.000000000000001
0.41660776858149645
0.32556218960131533
0.31880079652263077
0.050898710460637396
-0.23251835962053455
0.022490959581890686
-0.02609126283838294
0.009473913226381065
0.06912509652109523
0.18656016126112732
0.2005253286279576
-0.20693075536873615
0.16947752386513226
-0.00099067538348615
-0.1165568070064048
0.011017347153754645
-0.0446341458986675
-0.27388342449621794
-0.07160556301610478
0.06435705894679009
-0.22305302951559214
-0.1964977984753053
0.2348351029066417
-0.1251644447864726
-0.24976885814006156
-0.06067532552251436
-0.20669585218888564
-0.032273344800887595
0.17208882713036752
0.2832821280418089
-0.019076176940656858
0.01736424161462076
-0.018379846162414844
-0.06351479507239612
-0.35198800835761584
0.10600107131447652
-0.03244315538001031
-0.03335106488291034
0.25032218353154617
0.10669117121856644
0.060999061285279065
-0.11623694099029788
0.12869927963329472
-0.17587533874301162
-0.14647296465335052
0.04081342293622718
-0.05049411065601815
-0.05991685175199783
-0.022414064938083726
-0.09833927022839949
-0.13055640011488986
-0.0013504779032013161
0.05737241532766438
-0.01647598565216618
 
β=9,A=1,B=3
0.9999999999999983
0.44724757935151255
0.4362772603614333
0.5774488869005266
-0.23397735342191361
-0.1354522580160801
0.10802671733414568
0.534689213503086
0.3960098817639663
0.12884354466449383
0.05741060244579249
-0.16883510510747188
-0.11372831043984627
-0.01196248245565904
-0.01682398625046752
-0.207991883468636
0.4324510730026024
0.15426046474086702
-0.23040514888314617
-0.20477729436543007
-0.15688673234042397
-0.23173422554802575
0.11315817531070106
0.060514952368111066
-0.23514024015456347
-0.0007383727845571066
0.02637470509452752
-0.18830093619295757
-0.2371824485945634
0.11068608802336526
-0.09243338057659538
0.1944840546048062
0.12927111190514082
0.0990961182729877
-0.1966197270697043
-0.08060026651384164
-0.030029702055200634
0.019196808485606107
-0.22073062048986394
0.07236813673773773
0.2895300482782849
0.1940261188595244
-0.037460180536137797
-0.33732647492420714
-0.13969538528858938
-0.07581053186248124
0.4899188711130276
-0.1338744288630582
0.12514736504094268
-0.15952206850299983
0.05038923002941152
-0.06199179971816619
-0.23970222434777216
-0.08727965972629188
0.0789208619440566
 
β=9,A=1,B=4
0.9999999999999989
-0.17394171584396312
0.31967897836622367
0.30936912341257944
0.37182479823707726
-0.04513101399932053
0.024274856696378837
0.13787164278725525
-0.19609189744125124
0.12370600325625225
0.04453085810777831
0.1276892524180459
-0.2883794260496056
0.2678160915800113
-0.06035144769033701
-0.0759065516638277
-0.02239081128749658
0.09160795687421036
-0.18946881270519705
0.08653860330154337
-0.00208188709231723
-0.2057660956600147
0.01241108504946421
0.036757885184174166
-0.07113776311840674
-0.045284971249959505
-5.929138634779757e-5
-0.05349064310640463
0.1776195131236279
0.034656540435212636
0.1434074518096282
-0.30031805785209414
0.08477638315007612
0.1364306119210664
0.1508382318447771
0.018306026875481676
0.05895771708493669
0.02948716140959681
-0.12760703673546572
0.2072676699251598
0.027861278869069757
0.2569369649416908
0.05078465858240617
0.4293098800755542
-0.03470905343797189
-0.1060625372037019
-0.05497419483921235
-0.032529477776216426
0.11205380888116193
0.021757453902543786
-0.10515704833793495
0.03589903287880513
-0.01900739131914067
-0.05691689830495865
0.1462925647566877
 
β=9,A=1,B=5
0.9999999999999978
-0.1563144933214681
0.467149070091686
0.37869414006223634
-0.1385540370057816
-0.37237819514289777
0.2386408188698589
0.33736215224070987
0.18124240102679026
0.1649556752563891
-0.05576938583177969
0.034738446235892596
-0.1029591908451393
0.1819742402820018
-0.1635799285967449
-0.1624392021895715
0.0889662572395722
-0.002732919680453828
-0.2480036475264011
0.07097374558936895
-0.0998809353245961
0.0072445169691054655
0.0392891834482095
-0.06333238446663661
-0.19406633988785918
-0.23806895635043815
0.16007643451748532
-0.11257910926343014
-0.08544000076686842
0.04327547550438446
0.14124219076048958
-0.0344114953054554
0.2391407170207958
-0.030820659180123434
-0.08817783775468607
-0.043295872763314106
0.31447370411475717
0.20022330701366112
-0.13549269638082342
0.13651819774651897
0.10823974894066249
0.13374715220752412
0.008780118893462769
0.042763178843737204
-0.18753619620041184
0.20726268769993916
0.22548109653158185
0.018988133983233214
-0.017521033674357558
0.09223873627521843
-0.07473326435951014
-0.035248003874380034
-0.08049082277064619
-0.12450658626075457
-0.11079653827644645
 
β=9,A=1,B=6
0.9999999999999974
0.41980211622739677
0.28704046220673396
-0.1477984975006413
0.22026143738777507
0.5202616920580606
-0.012674736974174115
0.025916731120411946
0.2239640548572313
0.27568799411689826
0.12004941801268192
0.25023371255697247
-0.12409862633927105
-0.12162156083830993
0.008544655730521057
-0.03944663857885326
-0.0545062616276122
-0.0827159282256203
0.05951017252292955
0.1622156558800796
-0.20496494981451277
0.04023967368025436
-0.17405097689930693
-0.2454463228478499
-0.035575608279613764
-0.17601506317268706
-0.2089485297762718
-0.1865476653758414
0.09583290693758938
-0.09107442728165013
0.10037961541083766
-0.08820983260221037
-0.012029536728967631
-0.016423418429932977
0.07645654904711531
-0.08391328046860219
-0.2373913528665138
0.10453736343968316
0.03627746811709628
0.0132031458803291
-0.17376658481081084
0.15885000179531994
0.05418734564818855
0.14769397582725094
0.0685604452714399
-0.03681619080438346
-0.29390465340507876
0.043334644085481606
-0.02563198466270319
-0.23480850151116345
-0.13787789048522792
0.07387154750061484
-0.08579316221350042
0.17116335452436895
0.049422046304508256
 
β=9,A=1,B=7
0.9999999999999998
0.72300861847992
0.6370745117872836
0.0022214025510563745
-0.21875216331778746
-0.1663072863855395
0.07751238208450428
0.15745263631644424
0.146200941130465
0.2698905024459759
-0.158767697453894
0.28930181745279565
0.06770276058378696
-0.02036492635036657
-0.16598106811635757
0.04395644254477072
-0.12934132219851255
0.011883073580654656
0.09765960964581366
-0.092436994279642
-0.015463247703023533
0.19182463271122982
-0.058458274389358474
-0.1443970117062859
-0.15055723777931249
-0.044814979420839014
-0.07365505107076015
-0.08952855433341568
-0.11665578788903735
-0.3334778400831345
0.11753300428623235
0.133727948573755
0.27778111033393466
-0.3264435026724233
0.12105589622153028
-0.08310294135733307
-0.11866390616831944
0.05349453906354513
-0.08395016144526066
0.2053974229110708
-0.029267512784110074
0.3046577380724808
-0.024620663927587407
-0.009297383363838877
0.004209105441233679
0.056026386751916964
-0.10461782103442163
-0.07626991016697597
-0.2036271723642899
0.05511330904987374
0.07878285805690094
0.16304435357440755
-0.05668126540804003
-0.1698795699190697
-0.1376120073905851
 
β=9,A=1,B=8
0.9999999999999993
0.9470566453945594
0.22847183580947528
-0.24215945762149302
-0.06293231784223426
0.22392591703035192
-0.162470620194703
0.11598009120270171
0.14091009738940113
0.29767937389720595
0.1175667250076298
-0.19889203221784357
-0.1055136095841933
-0.2415070281889387
0.16919681400349548
0.21730995326577662
-0.015426691188471148
-0.1378359798839271
0.1357059020054044
-0.11399052347970727
-0.1874891189568887
-0.16050559393168326
-0.09943880877738169
-0.09865289188177201
0.23018129564360015
0.10559335137871187
-0.2781782978024401
0.013335274644382535
-0.19427485951580264
0.0430204423601749
0.045332984013538864
0.2718908214048812
0.25927939542079675
0.13072144952995596
0.17860843972473883
0.04832466037303113
-0.30561173268788594
-0.05630399790500141
0.38622965587653424
0.3801346973449996
-0.09224633616773034
0.05161545636502496
0.011441021751818084
-0.07479349386041305
0.24773111997338113
-0.09454419030830298
-0.08913897234743741
-0.00444650395962519
0.383240698550662
0.0012038274213441585
-0.07324511478684465
-0.062436286285796845
-0.10053124483500511
0.12860796848046704
-0.0183826769898397
 
β=9,A=1,B=9
1.0000000000000007
0.9865381125983981
0.5172126535488621
-0.2614184407708124
-0.24538854748591923
-0.14959640224232823
-0.26334983923618877
-0.09407631798635777
0.14313678797681498
0.41698736115789325
-0.24791016958014336
0.09619247407827859
0.09548295119819743
-0.15979959732377014
0.03601947463511976
0.3519685358140305
-0.22913542341475746
-0.04106233615425044
0.05337373868119682
-0.26616131823272493
-0.3587326364360852
0.049632292232729386
-0.12393658449168028
-0.07898730071668159
-0.021267950084456977
0.1176488589333614
0.08525396337932428
-0.094205050544926
0.1229845516688762
-0.14699405394179912
-0.03667390162926627
0.17653048231341442
0.24577296837321969
-0.1751695404307432
0.14508214739349762
0.03259040451284487
-0.047076290848519484
0.016177639848598963
0.036757333566883515
-0.0006811806960629267
-0.03915076580733425
0.25226606012618147
-0.024448167963974976
-0.04536393658699776
0.09866714721026734
0.09492415712745618
-0.13928935740396095
-0.04267288731279676
-0.04321630151704454
-0.15126158058684702
-0.04060981856698661
-0.020945519401852592
-0.16867704821178572
0.011384675822858582
0.1183711337376888
 
β=9,A=1,B=10
0.9999999999999997
0.998500774253483
-0.47109584719052827
0.3411243531062981
0.026465117288026023
0.10648629381698453
0.2242531828137485
0.11600962640987249
0.22356249937330727
0.5293583636733911
0.71353150347767
-0.21161067868798544
0.04871523690119759
-0.048146578139150825
0.272979017365234
-0.5283071172587622
-0.27361100847812203
-0.31734120041107505
0.01639649534883528
0.09559433636406238
0.10884277360011425
-0.32373440329344405
-0.3364845441724488
0.09073720969725863
-0.23680341025658289
0.09669836962222512
-0.005610888498003784
-0.02745546362209393
-0.13030187555579442
0.5342548154680603
-0.14684022168394326
-0.03191394450046868
-0.1995658050598492
0.3663477874681416
0.09500096718049288
0.028928316713110035
0.12579674396747884
-0.23494516586951025
0.06691810368734842
-0.010033262710268448
-0.0563797560425307
-0.681382894240188
0.26877372454152576
-0.12134281873467452
0.10821279894546297
-0.35576350191857553
0.000240707424527658
-0.3941625387136832
0.07483513222001802
0.05937252125770055
-0.17705173014848807
-0.21946108199441747
-0.045544224539998124
0.1855963145168411
-0.4539297290189397
 
