β=0,A=1,B=2
0.0
6.313321870549563e-19
6.072135847378768e-19
-3.498131091751362e-19
1.5832182804786122e-19
4.768829431301792e-19
-1.2995415120620727e-21
-1.410557252749651e-19
2.8457953002636324e-19
-3.0741686762716803e-19
-5.417066740913153e-19
-6.131374496667592e-20
8.702413998672111e-19
-1.72118117955576e-18
4.793680885631188e-19
-2.8031684096860585e-19
8.276810508294234e-20
-4.254980541932774e-19
2.0273997509231185e-19
2.333981428504547e-19
-6.396668938781458e-20
-6.949429999482781e-19
-1.0601624756338567e-19
5.655681071224128e-19
3.9277208418104937e-19
6.089040715143724e-19
-7.798795823598712e-20
-9.51061420601295e-19
-1.4502538995450023e-18
-1.6409487799109492e-19
-9.169326185260071e-20
9.816137744198947e-19
-2.6011365501089923e-19
-4.3243091057071895e-19
2.557229479772634e-19
-8.157472437895279e-19
6.812698663675395e-19
-4.714968748690704e-19
5.569444221936454e-19
2.1668295629294732e-19
7.015715830417015e-19
-2.4136775008279864e-19
-2.4440092331514126e-19
-4.2472580708699946e-19
-3.268889532781542e-19
8.973722536544216e-19
8.897714197593565e-19
-3.2250958974620803e-19
2.4039693890852346e-19
-1.194028104129481e-20
5.245972529170983e-19
-3.427798026376854e-19
1.987488283643729e-19
1.1522830917041084e-18
-2.9206631582693685e-19
 
β=0,A=1,B=3
0.0
-1.8163841184118013e-18
-1.153669044809914e-18
-7.71116680240842e-19
1.0795596572611779e-18
-4.165294201185622e-19
-3.7316337222627467e-19
2.3963710260352047e-19
-2.7521029036660165e-19
1.5084918850535026e-18
6.747129212864595e-19
1.458973300697958e-18
1.0977619688129865e-18
-3.78172133228001e-19
-2.469698909752186e-18
9.17167246692819e-19
-1.2283625256289439e-18
1.1338637675925272e-18
8.842964998351344e-19
-1.3694221022269375e-18
-4.3244629068677486e-20
1.7989064198165056e-18
-9.304727081144224e-19
-1.781395790087857e-19
-1.8882654220444946e-19
7.872330252536191e-20
4.699084252344098e-19
-3.7959413266846357e-19
7.92237491759276e-21
-5.280062379086083e-19
6.478870075851637e-19
4.411604730172805e-19
4.295396848351673e-19
-2.568821302369056e-19
-1.3722310467970366e-18
1.0833307943345014e-18
1.5969506335174513e-18
1.0372207358852865e-19
1.6341728827701487e-18
-2.483666689988926e-19
-7.731465952740824e-19
-1.2459827793976902e-18
1.1829972703005662e-18
-7.678161130688535e-20
-2.1164896613341985e-19
1.792635622713156e-19
-1.4232873166044838e-18
-1.934634384844242e-18
1.0062968131495471e-18
1.09048745812097e-18
-6.852715723856018e-19
-2.1407155149935937e-19
2.8263993531267706e-19
-1.902245482346577e-20
1.515201719527881e-18
 
β=0,A=1,B=4
0.0
-2.1749784387223284e-19
-3.387429707616697e-19
-7.27985583585372e-19
6.401988939050437e-19
-7.44925470585708e-19
3.3956963954518744e-19
-6.249279830705958e-19
2.4314633388931104e-20
-6.633399964350508e-19
-1.8806567623797462e-18
-7.472699612546277e-19
-3.208384952127672e-19
-3.854005838203558e-19
7.094391759299692e-19
1.3854909142582318e-18
1.0224867361298447e-18
-6.356141626561441e-19
-2.909080880924373e-19
5.658346413826343e-19
1.282369584279199e-18
-1.4118849911432367e-18
-8.992799281176189e-19
-6.902538607366752e-20
-6.30726912392681e-19
7.740340965306539e-19
-4.1780861909112784e-19
1.9680657659561698e-19
-1.548981853520125e-19
3.0590503892615427e-19
1.2752513161821616e-18
4.123589124123523e-20
7.219241504435463e-20
5.012063562621741e-19
-1.712533570526814e-18
2.6285705669570343e-19
-1.3615848262096587e-19
5.925325034538374e-19
-1.3621478710424593e-19
8.307280125651524e-19
5.012707633438612e-19
1.0581314644994256e-18
-2.2645834551091653e-19
4.970012457078266e-19
4.0315765508664935e-19
-3.4057918199156013e-19
1.7761206601322835e-19
3.7576443443690576e-19
5.4279667580654e-19
-3.9373632790517617e-19
1.8158294440815356e-20
2.5360775366864445e-19
3.791094238497111e-19
2.9321653608602133e-19
5.24686861409915e-21
 
β=0,A=1,B=5
0.0
-4.4202952884917475e-20
7.275370656625307e-19
6.643566849693357e-19
-2.8088017140054467e-19
6.504523363579974e-19
-3.0543232941332e-19
-4.795289808540205e-19
6.909185994031616e-19
-2.0430389671198806e-19
3.3813690872671644e-19
2.5641112933325994e-19
-2.1104014162184945e-19
-8.810934243720878e-19
2.6343458546301435e-19
7.958323086132622e-19
-4.62213433143905e-19
2.48835231705814e-19
7.506408359620288e-19
5.007184282881524e-19
-3.259270550901397e-20
-1.1462551014780646e-19
1.6350093362610926e-19
-8.37363284328976e-20
2.821859798822247e-19
-5.975273147135128e-19
-2.926461144071152e-19
4.2689544605513183e-19
3.1192449958448334e-19
-1.2363927539155965e-18
1.0394121968894067e-18
4.626042864578716e-19
9.889573502879279e-20
9.970011307184134e-19
6.258508454523086e-19
4.458181575623768e-19
4.972764273093549e-19
2.529665597613615e-19
4.335974047663155e-19
8.048823776923457e-19
7.691029911498986e-19
-2.1589474723235596e-19
3.591885128632083e-19
2.275912690606807e-19
-9.176831875613356e-19
1.533959070078053e-19
3.28581764295782e-20
-3.601107715723435e-19
-7.448922249267661e-19
5.8041400815313275e-19
2.543001177063186e-20
1.1676296066277643e-18
-1.3860753185423068e-19
6.587959957509884e-19
-5.158697189355495e-19
 
β=0,A=1,B=6
0.0
7.916538553363442e-20
-1.3733770766940123e-19
2.0437674321342543e-19
-9.983099688340206e-19
-7.719446061250213e-19
-5.626884247529579e-19
-5.656841796051268e-19
-1.3610962195843744e-18
-6.4021789273156785e-19
1.1237445114441703e-19
-6.132940774078922e-19
-1.6754918595856294e-19
-1.260645111603495e-18
-6.569007497286773e-19
-5.1072850031671105e-19
3.276798321862663e-20
-4.952384279148962e-19
-1.4774429277319417e-18
-9.954827401295456e-19
-4.3309592156850565e-19
5.960989118080754e-19
8.72422651735759e-19
4.995519846871345e-19
1.376032137356732e-18
-1.5736254917399658e-18
-3.585836294398586e-19
-7.250373186816431e-20
8.981478639894569e-20
-1.0673151972157714e-18
7.617804569142816e-20
4.383450119101476e-19
-1.701293099108833e-19
-4.0153141822671667e-19
4.0107621536668587e-19
-2.9427062494822863e-19
5.049723060902749e-19
6.985056108027046e-19
1.4455669345283062e-18
1.0251489710530613e-18
5.333765004564925e-19
2.820083984423301e-19
-8.567195224174474e-20
-8.011997515683831e-19
5.171915387341587e-19
8.844051004799229e-19
-6.962244323546202e-19
-8.95412925091019e-19
1.406727155374543e-18
7.405557627479125e-19
-1.3208607431415038e-18
-1.1136747510118132e-18
5.739705741514789e-19
-1.618915160029377e-19
7.979207205633634e-19
 
β=0,A=1,B=7
0.0
6.33211385639263e-19
1.5558866477197944e-19
-4.289152924660646e-19
4.42105611914e-19
4.568202467001613e-19
6.240966305401245e-19
1.0900304124564705e-18
1.3221071037165438e-19
7.211419209434632e-20
-1.195599473157506e-18
9.756048204401047e-19
-1.587311545257942e-20
5.466761961705786e-19
1.0004113651376575e-19
1.0275964894490634e-18
9.982857972482682e-19
3.417484906506565e-20
-8.39756123011428e-19
9.014070393973596e-19
7.6052035404332995e-19
-3.1110397931484727e-19
-3.241555782499223e-19
-1.9445832655266208e-19
-1.091810312290734e-19
1.6619295555395323e-18
5.656958741480047e-19
4.278768111347021e-19
-7.702571532517242e-19
3.004006436084978e-19
-3.3207743799970745e-20
6.879300278598456e-19
1.0017891059640372e-18
6.780937344246256e-19
1.2795589149167493e-19
5.914491590369777e-19
-8.27092289199265e-19
1.3760281443237062e-18
-1.1500234121889014e-18
8.456972740801196e-19
-1.6037212434280876e-18
6.964668296284531e-19
9.538652903711176e-20
-5.831969700479817e-19
5.733405435709823e-19
3.895174430533426e-19
-4.7870368384805206e-20
-8.70317778128932e-20
1.1528719388410154e-18
-4.964852955804772e-19
-4.481552671407902e-19
-1.1937472960188381e-18
-1.0291824989161902e-18
8.881031680176707e-19
-1.4934766560590503e-18
 
β=0,A=1,B=8
0.0
-2.31877662516864e-19
-2.7113778931638235e-19
-3.9906886419689873e-19
1.2715307047029572e-19
4.478349615189104e-19
1.655721945846163e-18
-7.480893236521434e-19
1.029990967048156e-18
1.0367397562174485e-18
6.056036424277579e-19
-1.5925239292418504e-19
1.1527526064128013e-18
6.849946398912061e-19
-2.3729659207905043e-19
-1.4164312466886256e-19
4.918804903464033e-19
-1.13770092600597e-18
5.133185263546562e-19
8.282223647082624e-19
-4.513888245238264e-20
8.205140801935992e-19
3.2581658882984523e-19
-5.746231807324728e-19
-4.86007805092254e-19
-5.580662572130772e-19
1.6950529487832317e-18
8.733093939730747e-21
1.419293864116017e-18
-1.3515817618875513e-19
-4.750950908649794e-19
-3.554365978668546e-19
5.638643675525167e-19
-8.543179732046629e-19
-7.071611445590422e-19
4.799568201046431e-19
-2.2478858531280905e-19
-2.2761706234767714e-19
-6.1142388909146325e-19
-8.450668411064589e-19
5.128730783493938e-19
-1.4148095620002212e-18
5.185412398047465e-20
1.8087979145583446e-19
-7.990316416163087e-19
1.1726356422697926e-18
-2.227282258242842e-19
-7.436995885970788e-19
1.2234396985643423e-18
-3.3849574099446523e-19
9.124084946616777e-19
-6.278705649079816e-19
1.5897160374785097e-19
1.399055125824113e-19
3.662243928133067e-19
 
β=0,A=1,B=9
0.0
4.481263521299884e-19
3.356194631268755e-19
-6.309146336271451e-19
-6.259237004106125e-19
-1.0406080681997653e-18
-1.410485559764293e-18
-4.017018061692475e-19
-1.8357695006442622e-18
9.521468108262976e-20
2.7441120521701753e-19
-4.1260462165977465e-19
5.097010006399868e-19
-6.932569881409585e-20
-1.0232669899308468e-18
-4.962363790019736e-19
-7.669410271664032e-19
-7.5546035171525625e-19
-1.105954290957003e-19
6.968711571455438e-19
3.946556723626589e-19
-1.0774860652505565e-18
1.391876838998471e-19
-3.1594111647279537e-19
-6.923377343914427e-19
5.714055131738968e-19
-7.7136548913714795e-19
-8.896818920340963e-20
-2.0020819518504755e-21
9.7190181119767e-19
-4.507891273505767e-19
1.048304350711268e-18
1.006871776372116e-18
9.502260576368653e-20
7.411081316167449e-20
2.317658817714917e-19
9.188141738280228e-19
1.1972380646970509e-18
-1.065676459999337e-18
-1.191535246899976e-19
7.252159003162264e-19
7.82358445160337e-19
5.284385559093215e-19
-8.997324977883861e-19
-4.1671022023292603e-19
-5.523552981828303e-19
9.137014639652836e-19
2.640589637808817e-19
-2.393643614442231e-19
-5.867264070169669e-19
-5.876074051724215e-19
5.631672682846795e-19
-3.0103498660775145e-19
-1.8462162815360147e-19
2.5987511232675357e-19
 
β=0,A=1,B=10
0.0
-3.642513046244851e-19
4.1037630063321515e-19
5.118323653619521e-19
-4.9527961421957565e-19
9.085540763718318e-19
-1.6294995526142544e-20
-1.4037755939243954e-20
3.966645807206758e-19
7.610437927120423e-19
1.7536900899908963e-19
-5.867513271582819e-19
4.1788014639362876e-19
-1.126625800365409e-18
2.4106981656857995e-18
-5.869687666038061e-19
-8.449898123875415e-19
2.6643788365161847e-19
7.418449985557649e-19
4.763349711313615e-19
4.87856305777836e-19
6.276990471547394e-19
-1.3002622288735275e-18
8.735292656447715e-19
-8.132371563305944e-19
1.1474391141516292e-19
-2.772205920983183e-19
1.0245152874005647e-18
-1.0377548283971949e-18
2.3395285308129826e-19
-4.2538571707205863e-19
-2.019876072078523e-18
3.007266634327253e-20
-7.728883725501694e-20
9.67700174889671e-19
2.834644208878612e-19
7.943805893995523e-20
-3.691351303429744e-20
-4.9169836590831844e-20
-3.0997357665349164e-19
-1.1933717585131603e-18
-3.431649654503107e-19
1.809463127958619e-19
6.87229910544745e-21
-1.9581508993634261e-19
-2.0631612138262127e-18
-5.440830282521808e-19
-6.592774897521399e-19
-5.409960485803902e-19
-9.192786101714157e-19
-8.050447225427973e-19
-1.8575707731069717e-19
2.8892151088388537e-19
1.054214877597057e-18
7.457636700186765e-19
 
β=1,A=1,B=2
0.0
-0.16482640601925583
-0.23804303361621237
-0.26597701434299786
0.12092393872872371
0.08569429396870198
0.04507704023614422
0.20686545141138193
0.20736921996051638
-0.02975524569400114
-0.0630265731983519
0.026485093590495737
-0.14309098963099823
-0.06756659802139274
0.026383923192940334
0.0017164529477191445
0.12854170747139695
0.2096318362066236
0.09150684760672259
0.040426904138345515
0.018152225512756665
-0.01631851608178746
-0.18059126523816924
-0.015471644993215489
-0.019642574325477818
-0.04546351049142682
-0.06322110334173295
0.10543368057711393
0.00010216657124356762
-0.06508536897582168
-0.05075494091482933
-0.012516161210721665
0.009488243472326345
0.07676509515657473
-0.020434151428438723
-0.14821070921916837
-0.08989888173260904
-0.03581665189800578
-0.07256602468318467
-0.12050241910810776
0.03743640070237448
0.003220518688065464
-0.03230049198287405
0.027344877769606892
-0.018995636251822608
-0.031406846272677515
0.0440531932279245
-0.03078292394402921
-0.010175215045328102
0.006106251733352016
-0.010377939906672547
-0.09003372258977761
-0.09180150842651084
-0.03592363944431443
-0.06252276744926727
 
β=1,A=1,B=3
0.0
0.1641200627677967
-0.13920259957989645
-0.2056799025123749
0.017056863166810512
0.08749284567660771
0.05631647542842532
0.1223891180913958
-0.07591040709762015
-0.02387928994477486
0.10608612796619694
0.17466807091737324
-0.09809365156141774
0.009618284276278347
0.02244809669523691
0.03043140384778726
0.06850606488238496
0.06381814980733505
0.12878518837528574
-0.012702332613541995
0.07140846343891308
-0.08275427355522912
0.03792101856180646
-0.02669861932007826
0.01664689504486988
0.012791144733846179
-0.000596196732819261
-0.0370273462282535
-0.05636377154892872
-0.11266006670353744
0.062058035966759725
0.03858299332683166
-0.07326973907740555
-0.030291277717456884
0.1259525853968544
-0.05556035680684904
-0.04031024424592738
-0.012908586116567441
-0.20237664095774194
0.06672420664518795
-0.0050389312578542345
-0.011235231370686057
0.009881778710216867
0.011258587354391633
-0.043290635830079
-0.027676757643047206
-0.0977914432656216
-0.049713908851063936
0.0784372117853595
0.07268224978116568
0.10453946469498647
-0.022664394426320084
-0.07429842060978342
-0.06926785870073623
0.026327644887328625
 
β=1,A=1,B=4
0.0
0.07091721615609056
-0.21939065819630899
-0.33050026134398974
0.1456259347645706
-0.02230943471507316
0.07551229865772056
0.024160665061101545
0.1453709172096033
-0.06474448401740918
-0.0565256423838654
-0.0158646689894541
-0.0105035255162068
0.021964134951011634
0.0710599414313784
-0.016264914703830062
-0.08417752141966794
0.02890740619008138
0.009513422104046465
0.01629986016733979
-0.05610234124466723
0.13632938053220664
-0.0012378936247368051
0.04785966177731797
0.04239970264188616
-0.001099812134551778
-0.17271437676756415
-0.041440687445972006
0.036961141260112323
-0.03350069095229722
0.05213333317620154
-0.047179507946647166
0.01793866838263397
-0.022683237156201765
0.0018584700428627729
-0.13369203045994804
-0.005171499794032242
0.02818837615584323
0.0622080361695915
-0.09211531399197873
0.03822078620502982
-0.017022054950578416
-0.027824040433707332
0.02720612465863549
0.06476183947641727
0.07613050512063327
0.1388850694450068
0.02053949923031653
0.11239621983130968
0.08073689415350509
-0.11833057285686562
0.14042251124228677
0.052709323420026405
-0.008059497501642376
0.05352520988114485
 
β=1,A=1,B=5
0.0
-0.1381554050555689
-0.19426391885374267
-0.3686952545866646
-0.02166628684268422
-0.05024330556232761
0.10761159848566286
0.09507260867211074
0.19913317244902148
-0.28924615788602404
0.047413426435480646
-0.005467485280714901
-0.06630441900518833
-0.02440418115868991
0.0448938577477372
0.07688413505062586
-0.00575104971882008
0.13274901753887616
-0.08941288263311818
-0.01569844623378669
0.023770265400622777
0.04206372338062794
-0.04403462914144371
0.09930832283946657
-0.03426518490085083
0.005665100386000171
-0.053591883704126785
0.005167939237251859
-0.06087896916596709
-0.0626343992168527
0.07738134240038876
-0.0765560746426268
-0.07407788890525523
-0.04843841371014777
0.06324534171804497
-0.05246393057117105
0.03350513659105594
0.04776492710166816
-0.0031172711940352254
-0.01529932582234488
0.09645127410200431
-0.03818476650927981
-0.05207590423175051
-0.011779489953102842
0.03304879584461903
0.05198909204723267
0.023075844305996004
0.02354309457788042
-0.09687749123980474
0.1198230829604417
-0.017707213951424675
0.053305504790715524
-0.043706611507253794
0.1762558626361635
0.03916690082308388
 
β=1,A=1,B=6
0.0
-0.3735934932046392
-0.2931993483250061
-0.21053008171745155
0.023719147841385152
-0.0349984354568001
0.2010171635176481
-0.06905163674248359
0.11125945660857042
0.09143746590103576
0.025930643701614558
-0.11156421905837205
0.09962897601966843
0.08663901470847286
0.009395685834146917
0.1059936506620229
0.058341412577093056
0.09987466598401704
0.004733206212003297
0.0901004292764882
-0.025296785908705224
0.08822121758246326
0.11436200945927036
0.08656250237308201
0.05438490872972264
0.03602361370891195
-0.01561215429161407
-0.007873403227255455
0.02304917480027873
-0.04541204059652865
0.06256358866802399
-0.07492940146347774
0.12108641706756929
-0.06941823610241847
-0.054323483365213414
-0.003533149299971125
0.06989453358418556
-0.00305583211798492
0.07151362009354958
-0.08130812950670624
-0.05750024080118607
-0.05317046592795142
0.024609537964383317
-0.023181498844032873
-0.07939868014994064
0.04414036343900997
-0.01962774278055783
0.05152466232562108
0.045997086432955414
-0.010226173079350986
-0.22160340532567466
0.0783253188421455
0.009751957794260337
0.00872676735302542
-0.02995865461079599
 
β=1,A=1,B=7
0.0
-0.22856265818801585
0.016609930216641092
-0.24498728662543234
-0.05947449651104274
-0.0010096935926159534
0.2487983077174538
0.07521484086391547
0.04213627030378964
0.011889694156860309
0.0650700266243898
-0.07848229272763392
-0.09045123913759989
0.0012689177684251749
0.0363925825656449
0.09282403254332364
0.03268642589637116
0.027886039982448454
-0.03149333046590413
0.10118240827785688
0.053884715343917616
0.11750574340695209
0.011971320145212396
0.024283213930715523
-0.090768589016209
-0.0034963788194273906
0.08024201427586888
-0.0517435886258293
-0.0417920485365152
0.04874646117098112
0.056910590581454645
-0.034156381486610786
-0.05630027987088522
-0.13154388471935183
-0.04568994745742871
-0.10707317479710793
0.02767316839718318
-0.05914072260781975
0.06505785944013584
0.03417066186908643
0.006223679084942656
-0.18621263447619213
-0.023989647631362666
-0.12223561286213427
0.00936223983673364
0.05104575175538438
0.07969154911283546
0.08529434170697965
-0.08773418322219442
0.014481980079850717
-0.016139768204530478
-0.030758589398840002
-0.04584500930398575
0.04864823875532336
-0.06865671998932629
 
β=1,A=1,B=8
0.0
-0.10313847205057768
-0.1602505894989067
0.18103031531513453
-0.007731410037370164
-0.013650196644863201
0.003209958237624174
-0.03786196968695925
0.0667811594406695
0.18561760793375776
-0.083063192002309
-0.05557967049628899
0.012003216280857121
-0.020784318869949553
-0.07744413014458143
-0.025024232337290928
-0.0017185735228355309
0.07332439786534199
0.08328482562782522
-0.03221051390615281
0.11528432612463682
-0.1499557038645167
0.042423854364855226
-0.09411999765259697
-0.03200430384199932
0.023276384966961966
-0.010649320358069371
-0.07343062224947251
-0.028418263222439344
-0.031651581518670854
-0.10132180855098959
-0.10224597864436327
0.047481137015592007
0.054108496162156725
-0.11329487399186179
0.04290719869105645
-0.062165976997936696
-0.06281693619057732
-0.03363446069199611
0.051065041531504145
-0.028087067556715875
0.0763552850299921
0.07629036812140043
0.02271816548746075
-0.11918585296346708
-0.10058657118428058
0.010547007800167143
0.08901086640676843
0.09790439648622679
0.08273094565589582
0.04652647939270563
0.03223364311089992
0.11002978614024553
-0.08151526881573487
-0.06681884015667146
 
β=1,A=1,B=9
0.0
-0.028379564655113206
0.3650421919193653
0.19068660063139584
-0.04464430659182851
-0.05267991623405432
0.12127971726817993
-0.02449196471909053
0.08279185338497538
0.10269917827372986
-0.0035983431113818594
-0.1535017659509588
-0.04015732783985663
0.016404799034001567
-0.050181342157709696
0.09270038911521986
0.05328868844644087
0.0537276210830828
0.12137842129943346
0.12983692653898724
0.04110259010141592
0.07615466910542867
-0.047454076372199616
-0.05357465088217342
-0.19510569933818836
0.012760808593384203
0.09677035188119876
-0.03929993440240991
0.00913626633957427
-0.014250168215708531
0.006078999973194299
0.10790274114893293
0.1302441717675238
-0.007384551284844327
0.03062170459585446
0.009082151503481798
-0.04320334961826415
-0.2281187459010203
0.032225634312514406
0.08780061725608286
0.08412395949943653
0.04260490759776021
0.0937149681507677
0.06773447715875282
0.011592345612552006
0.03614442789792622
-0.048085156684764194
-0.016295737875425736
0.012799197054381699
0.06198638523486638
0.09863573991688276
0.02935722612435754
0.0100722867473586
-0.0722212741428991
-0.08792523874070428
 
β=1,A=1,B=10
0.0
-0.009466641834128492
-0.2943364047028664
0.04393657566252848
0.07242060703301784
0.10412603388748033
-0.18446477948520446
0.4186892966686096
0.11106153258379796
0.17815611496582678
-0.27005235915635506
0.16106488744231892
-0.0402217876192596
0.065127145061178
0.25046378286740456
0.039814029567675296
0.06940913056921776
0.12922299751663024
0.18440804576733508
-0.11395187363644198
0.03638467122565487
-0.06958887864917682
0.014168250346483176
-0.027784366796779026
-0.037587834539533925
-0.26774792027640265
0.07118573267060892
0.05177582689635462
-0.0408016840055994
-0.06015562439690917
0.05018972910516491
0.06835435563060184
-0.2010099775451967
0.1364203124746438
-0.0761642660563019
0.07533316643780483
-0.08179350072441091
0.348996304597917
0.01563145424029886
-0.009188635547265404
-0.048102238781397993
-0.031870446950957275
-0.08523918144218826
0.12386131687459737
-0.02041280004797346
-0.16099415988201046
0.11416511970735202
0.023047823511953194
-0.030991369694938556
-0.25138565758318315
0.11519701757818802
-0.10737739037315545
0.05735049465508125
-0.0620385524884375
0.0010983811407180605
 
β=3,A=1,B=2
0.0
-0.3295292793241616
-0.3308502400100118
-0.3763867698973103
0.3337818693377915
0.24876498511811093
0.16638651523151313
0.4848588487700119
0.3521393826925919
-0.022535917842931793
0.08608120662492995
-0.010775589422333214
-0.25689497479508666
-0.042571993095852315
-0.07147835565203184
0.029982279600004595
0.29908632488788806
0.49021901807905877
0.32774553542924917
0.06869631288774078
0.05367045292807977
-0.0180426396247587
-0.3702453631506264
0.003443668013765417
-0.0008822695245231586
-0.10636264154640016
-0.1688702959084872
0.2449868057477356
-0.023903807555928552
-0.055985152239644655
-0.03273140642839104
0.05560501871316338
-0.0009109930109014325
0.10435889283610529
0.06966145894436183
-0.242025270358167
-0.09713670764190535
0.022302930837889704
-0.1190801713049485
-0.23284174512666217
0.07745803609436669
0.03909009963435836
0.030551190796751736
0.06655434152869402
-0.020337118347197286
-0.033830388515057506
0.04526953386223439
0.1055271314676731
0.04139681164225485
0.043522712924449106
-0.022172117418487007
-0.09877774735374037
-0.1779891403585724
0.045674931187532304
-0.052341397472771695
 
β=3,A=1,B=3
0.0
0.3309162868140765
-0.17268983533505589
-0.2260439987741531
0.05470972018920902
0.19047182078412403
0.2501166071925927
0.32158921727449535
-0.07482329125316767
0.0033189866432568166
0.20138810430140444
0.45630690994645723
-0.15403111187970855
0.031991359665581254
0.02664804558279215
0.07560137882665612
0.16951806925568408
0.15368840853356314
0.1745179160312404
-0.020051067403230892
0.23615835904334323
-0.17307119505192048
0.07194898135672965
-0.030239173185194715
-0.007068346454166395
0.06594248913922067
-0.03663561869879195
-0.06887715166071692
-0.18022917745653672
-0.2451803540251311
0.17884747203085474
0.0749481521567372
-0.14938049964535252
-0.12055036734061497
0.18639183530319753
-0.0651716539842559
-0.12639031368166867
-0.04253584524454335
-0.3588089096739816
0.10624144103777658
0.028153513586450372
-0.00795178314349367
-0.04402916572894571
-0.004364157801778534
0.045647885255503326
-0.0758015952693527
-0.11585412746431308
-0.13278261596416727
0.19206296319274468
0.16783870999345868
0.23718722884978508
-0.07457506927628961
-0.20319244359759142
-0.12939646104031918
0.16079959681314293
 
β=3,A=1,B=4
0.0
-0.07069501970456495
-0.2945084493662267
-0.4730194614887001
0.3411456599120015
0.01642845916955208
0.19485193018337693
0.1513569616436693
0.30999079030325616
-0.22410398827141584
0.020187750141901373
-0.030542031775908578
-0.002578901394099947
0.09925528161881808
0.06202729401290562
0.02516720145013342
-0.25891435496991866
0.06619943930121858
0.038999459783118404
-0.005628154620877403
-0.11689796779438344
0.17271455206354575
0.00983354966573086
0.1833263436712019
0.014893830741937477
-0.08315800830110848
-0.39161394042082004
-0.1116381941156507
-0.025967572263917535
-0.08101919168288287
0.14434342008170425
-0.024876454001808032
-0.03929295915705331
-0.14262866618168576
0.002797397174935747
-0.30051512148900766
-0.02086022862477526
0.10874373433365546
0.03630050102336869
-0.23120119214964102
-0.09273378903113502
-0.08573297179917326
-0.002192902059485197
0.07794600487001285
0.09649347508807062
0.10089110328300128
0.18261756690173012
0.13616209936321885
0.12481858833037282
0.14620896292177377
-0.20260484517373203
0.29419778399959706
0.0845142290202212
-0.02501368231852366
0.04393525908533472
 
β=3,A=1,B=5
0.0
0.05313040390868867
-0.2664850945695725
-0.5233402783761791
-0.034275260352207536
-0.12544108161254883
0.3293002241160272
0.21374393382065057
0.37113765299112306
-0.40236275944463706
0.12307559923368047
0.06561399818640397
-0.1178382995275664
-0.05873223607624045
0.07905098017314789
0.17261219745563197
0.015982012290003934
0.21773557839986274
-0.2802447206761404
0.01526409197159315
0.08789413417825684
0.12055684099263049
-0.06820465650236324
0.12471075845227036
-0.010016016564395169
0.07182555369615784
-0.10845112642766623
0.0469549963284823
-0.1484786735513487
-0.17946340886591947
0.1982623988482317
-0.19317084907830886
-0.18135125587966225
-0.11418226850934948
0.05677546827453311
-0.08344492788440266
0.038359445770068175
0.0400084030072741
-0.012437618397289917
-0.06979373148658732
0.24526125304835378
-0.148697691418461
-0.16620821763906612
-0.024594954601852636
0.1313128474890164
0.13739125374800273
0.10138323863027625
0.018868089480101748
-0.1906403786950341
0.2681220791987656
-0.038565537290525934
0.1351055337372549
-0.04253009842979295
0.31532212724721964
0.13456912726864773
 
β=3,A=1,B=6
0.0
-0.5168082441160451
-0.42682478730768403
-0.24527749077488553
0.08566571408644569
-0.009828431391032889
0.4153690542133767
-0.057624463534327756
0.31458570783465156
0.2588399058200475
0.04893881704074534
-0.16082485300653182
0.24982585343948
0.21833606553254506
-0.025863266538117092
0.20592187180089175
-0.05921593259161722
0.08633797538676437
0.042379212084078306
0.18580237671703917
0.010905937557585172
0.19339063686487384
0.2664551922611316
0.18457678918052195
-0.046380027860984996
0.05088673522702753
-0.05346948074475783
0.020476200446546546
0.05626764969559087
-0.08647572667003751
0.07769263174451087
-0.16797056369715316
0.198800859264432
-0.18231067213142532
-0.13822107899112324
-0.03440865683213114
0.0867434941928907
-0.021498886718689204
0.17994176549408136
-0.14792272485504962
-0.21131558061431974
-0.11720665440975428
0.07440330719089383
-0.13108242973560347
-0.10490887011470403
0.0788074621777552
0.07441412222340019
0.13699570887860157
0.008489500063230696
-0.05305489102584874
-0.3768825650111114
0.2258210909371898
0.09040703821064155
-0.03949347463781812
-0.03492449920314402
 
β=3,A=1,B=7
0.0
-0.23335846943110286
-0.022811518342922887
-0.3121782393752248
-0.07381104131141017
0.025143712192890744
0.6007069908128682
0.1463683942541616
0.20654528891758955
0.12008166031078127
0.1486733557751195
-0.03782410136905653
-0.13121781316255152
-0.05811203319260135
0.02244703051901796
0.1671779439294849
0.12267906150489882
0.09601293389646717
-0.1026506549450175
0.2236638631971532
0.1691349139952754
0.24569994184793761
0.12083954502364348
-0.061479501108181005
-0.18292372173092142
0.08955231567065991
0.022027837720891015
-0.05295508032623942
-0.1297555272682664
0.13900163993367304
0.09907832805427987
-0.08143398918830633
-0.04616996891917912
-0.24087423716008702
-0.1855079030081051
-0.1242146779610606
0.059895152372088444
-0.20765076916957753
0.08176150332613794
0.1762533893329213
0.07679136996765316
-0.30340462877318364
-0.12682022147097385
-0.22757414317644403
0.013167861124979757
0.0774835596280202
0.18180955190455172
0.2321575743040035
-0.09346104051089124
0.17257482818424974
-0.039458901687161416
0.024039502198546232
-0.04651792883666506
0.10484471934236185
-0.14185638819019192
 
β=3,A=1,B=8
0.0
-0.15778141903427653
-0.27146534044305165
0.4281973874548289
0.0517200035389721
0.027806358245988618
-0.05488358781942379
0.08970783045438761
0.24205797812047175
0.44565475776789537
-0.1322567397190317
-0.15284773784577002
0.04874954556551907
0.06254830767591096
-0.12417667091516313
0.00033926566493280575
-0.046763140792663895
0.09142970051921197
0.24304936085970152
-0.040981042264960396
0.20992943013551268
-0.2908343149196576
0.07786791250510064
-0.17234432368316205
-0.11224166920741858
-0.004884110103380416
-0.0763504901565409
-0.06197113489509182
-0.06665133820860045
-0.051102650259738015
-0.26440737159853
-0.27828348062743025
0.029982779869954856
0.17957029761360568
-0.22078965165101833
-0.029696813525030397
-0.1099670187403694
-0.13705900253448172
-0.033332222455805575
0.14116320398256743
-0.07174617998062353
0.058294653878960954
0.22996448445194848
-0.022440743188285123
-0.1936354872375983
-0.2009840873738699
0.14501732219154975
0.16768687174309843
0.2322299730779498
0.11473036428567478
0.02858387381023251
0.015053973248799807
0.3317893864163199
-0.22368156473770148
-0.12136408360332064
 
β=3,A=1,B=9
0.0
-0.03550700663964816
0.46860078814558664
0.32090234068553386
-0.07590161124005382
-0.058834535621136066
0.2302286787590908
-0.09581025328684104
0.2647863874142138
0.33186487114874713
0.03587916239458619
-0.17052267791343428
-0.02058131769085623
-0.05620052967664197
-0.14346385636740427
0.16619214013805345
0.061586897901852365
0.11579557353340965
0.2549256189612875
0.27352374874704505
0.04908210134139803
0.002918832502911448
-0.0428432448650953
-0.1898563164472128
-0.427750177384555
0.028657401937335156
0.038646427731112785
-0.13548383303416497
-0.042305079796001746
0.047318300481849526
-0.033247044665811694
0.1330574399550277
0.13631246687807796
-0.03470913980298225
0.033736153759437705
0.058112300128571194
-0.12852209940773565
-0.47732880881635553
0.025883204628038763
0.055704960757347904
0.09320218414075812
0.08178733867849837
0.1581269450050959
0.11593788306503414
-0.018682171001316843
-0.005886135686453177
-0.06976748838150945
-0.05660548388856399
0.05061095661333707
0.18271538308977464
0.09113681077046625
0.021072590260259847
0.019168564102086078
-0.11383715602417598
-0.11638957473881664
 
β=3,A=1,B=10
0.0
-0.01895315766016468
-0.4949526733625087
0.1765226233847591
0.14370577341236512
0.21867250456558404
-0.4642137551491827
0.7252622335851093
0.41389433106742674
0.49768462173196926
-0.24479120426182635
0.21129769826111106
-0.03959369860208136
0.3372017733619285
0.5501334185215503
0.04034536952395497
0.04630272292669338
0.24211984320598187
0.4246963258700671
-0.3157680838765054
0.08962197184088813
-0.056869473916854804
0.06350319955508128
-0.10915242111356241
-0.026852508417622444
-0.5775900484899206
0.07146438296999412
0.07466639031620007
0.023203012973714923
-0.1319471842820319
-0.047872915632756356
0.1220261520819402
-0.28436614960962764
0.25013201915428107
-0.056197892165754514
0.09204876189053443
-0.1708369464079473
0.7644487807051477
-0.0038080528771742886
0.10261522309538645
-0.0950858024455741
0.04355867697718754
-0.04960885395369338
0.255687105340684
-0.01677234489840777
-0.3500137191051552
0.3341216461026393
0.07866887104315544
0.036194636279441215
-0.5313972260415055
0.3021568196785319
-0.12245409933275593
0.27743846756813206
-0.06749497361627296
-0.14469795794687862
 
β=5,A=1,B=2
0.0
-0.3497847906596242
-0.339050416480955
-0.3872219976534211
0.35483390654174146
0.26739266889883334
0.18113173458793977
0.5162109429720396
0.3668787692792479
-0.023242614622881703
0.1059542439869449
-0.016017636311200813
-0.2684049684704303
-0.03589573006412485
-0.08559347217917504
0.034085842986733936
0.31834263308994626
0.5227531098330408
0.3592074968205442
0.07021208369011621
0.05649650562480698
-0.02061112940872531
-0.39044705718061784
0.006019299709790833
0.002004930971193062
-0.11498375196193705
-0.18231493114672473
0.26103623110843044
-0.027548175830309357
-0.05144643428315728
-0.029196210613311322
0.06418339979237832
-0.002210374115106949
0.10484754960050248
0.08205422841676786
-0.24950819414611167
-0.09828088422866339
0.03037444998519447
-0.1238605780858909
-0.2452033355772068
0.08139626922874893
0.043630153972638655
0.04001644005479525
0.07075948985795291
-0.020460521043811446
-0.03328152874297162
0.04344313099129492
0.12267625327667686
0.04834887758363981
0.0484708919714829
-0.022892092457563903
-0.09699202548007713
-0.18573125394524923
0.05768576787647198
-0.04870758548241275
 
β=5,A=1,B=3
0.0
0.35348792649432365
-0.1764216994960002
-0.22651388795342506
0.056328674382854764
0.2005333941339736
0.2738646995059781
0.34157803055153246
-0.07369930785898668
0.008065144095710195
0.20990758300004297
0.48820856327862666
-0.15899873706994158
0.03589919849806249
0.025946695513649455
0.08061015151274928
0.18107944543175242
0.16594149396293423
0.17456162641061398
-0.022374478285922966
0.2553035156414936
-0.18176699009737834
0.07434135028310053
-0.02982272947308592
-0.010434393393892722
0.07381580348111307
-0.04088368294083731
-0.07239658753952155
-0.19617128502600079
-0.2597450602881569
0.19208792602224845
0.07933748778296693
-0.15759332251696928
-0.1320122775548865
0.19276235862580263
-0.06488855174960544
-0.13602988232225507
-0.04743648906791639
-0.3738352728739715
0.10969087377379613
0.03213089096069216
-0.00780438827278087
-0.0522206083842529
-0.006663618531547795
0.059066668949452325
-0.08239342939373163
-0.11767680762958876
-0.14189855209608357
0.2040432856941216
0.17844879077186745
0.25142892281958473
-0.08065347448556932
-0.21792584342657945
-0.13537617205257862
0.1763172833712073
 
β=5,A=1,B=4
0.0
-0.09282332239357145
-0.29768012343380207
-0.4857984469831688
0.3604992055898976
0.021286462512454987
0.20809625802993462
0.168938938569603
0.32716087870853205
-0.24572658995647376
0.03094880203732351
-0.032450213216034765
-0.002150102432299895
0.10971043325093913
0.059083727427448
0.03162499725553166
-0.27945282035659463
0.06817987523906018
0.0429271883348036
-0.009818509192082
-0.12474735543764326
0.17340145786683114
0.01196015530296004
0.20023533361543408
0.010938817673080655
-0.09631950366525649
-0.4160888634851471
-0.11958251542269674
-0.036356200378796194
-0.08686452573629698
0.15505184953597534
-0.021368657846300026
-0.046678917796161234
-0.15809081168309902
0.003297635920611446
-0.3175460362340441
-0.02462889675954325
0.11889423443696209
0.03170305935320718
-0.2477610529538215
-0.11168970270252991
-0.09435053855064968
0.002261759681172386
0.08380798141821802
0.09871059774944656
0.10265494220633462
0.18576285981404453
0.15041982102597554
0.12287110582006779
0.1532901794878493
-0.21050074219475712
0.3101322866841368
0.08859616172319466
-0.02621610862402014
0.04300916290101686
 
β=5,A=1,B=5
0.0
0.07977332533740612
-0.27465528524419874
-0.5376011691401174
-0.03588577594241925
-0.13291030530884065
0.3550699254119055
0.2251882631969026
0.3887155799765046
-0.40941281556444403
0.13262253753092543
0.075652441072641
-0.12376186498695961
-0.061188513753054306
0.08058755185369955
0.18382261642983272
0.018818193929125124
0.22474896050557014
-0.30339252331372535
0.01803172846238983
0.09364750029651477
0.13035237406694106
-0.07154728138098337
0.12388547113691789
-0.005311117702927789
0.07967850247490206
-0.11418891859417046
0.05172506702051642
-0.15836850997076862
-0.1929207273440168
0.21238927615075628
-0.20545004936012418
-0.19153560592620822
-0.12234923182662574
0.053258171481738496
-0.08536181254817697
0.03678005651311081
0.03737120081712587
-0.013862182809311405
-0.07736273662979368
0.2614644249954964
-0.16179690561115964
-0.18139393395355013
-0.025321045056771473
0.1427932760400404
0.14657628800516176
0.11032525395194072
0.018251816556974897
-0.19947115239682514
0.28489574090966135
-0.04140287854810922
0.14511667339813283
-0.04034544918294524
0.3289869529458095
0.1464841611767603
 
β=5,A=1,B=6
0.0
-0.5336899822340506
-0.4374353621939624
-0.24681732232969314
0.0922015950458454
-0.00738883121933292
0.43771169369722845
-0.054372223660951374
0.33796281275634404
0.2784559669818578
0.05137421254091543
-0.163403901531575
0.26613619453113746
0.23344330589446427
-0.02993678752833186
0.216809382787017
-0.07592172074585984
0.08047443763122501
0.047616874059196096
0.19677393414058938
0.015713078806703255
0.20509116998750687
0.2825231152756818
0.1962542233523006
-0.06074591711171595
0.04988534247477735
-0.057179965044622715
0.024139891909556368
0.06094112601088535
-0.09040424489898373
0.07871629323171138
-0.17783432075954259
0.2053307531644231
-0.1943653440179568
-0.1472941402404184
-0.03913141114874825
0.08436626309760911
-0.024023320110675622
0.1919307741242816
-0.15558644795529925
-0.2298527949985864
-0.12434227233803599
0.08008415345481495
-0.14463663861173642
-0.10722809229605648
0.08262082497752996
0.08761660013174609
0.14682385134061712
0.0009733903575441771
-0.058499268112890204
-0.3916115510100335
0.24193073116955155
0.1019413414089444
-0.045203194188596245
-0.03413824252776662
 
β=5,A=1,B=7
0.0
-0.22998236313291284
-0.028907241873356356
-0.31802695648001134
-0.07450243429935832
0.02989433910386692
0.6401514626152052
0.1524822111144883
0.22628263882116473
0.13404435687110272
0.15718954596665946
-0.02994546957450246
-0.1343272983949222
-0.06423513427884632
0.020234002171894916
0.17382198231697793
0.13438624639239644
0.10383483835206354
-0.11015557248141233
0.23697556410052725
0.18181254547915968
0.259817348734367
0.13431881831876186
-0.0744996036812934
-0.19098061829761734
0.10196160927099704
0.01237335372862741
-0.05266279861487359
-0.14120452303538053
0.15052578100760247
0.10334013129315157
-0.08738536504112696
-0.04245772162008564
-0.2507847115822799
-0.20387908465334995
-0.12190795767425094
0.06295604167466483
-0.22492103390636603
0.08019219644500225
0.1925738900103887
0.08616098026217588
-0.3156882159457505
-0.14106638798357143
-0.23655004098301968
0.013271126478458623
0.07976646484058374
0.1923175233839068
0.24852405425650384
-0.0913355821360091
0.19191200929834343
-0.04202633684128689
0.03385749999305283
-0.04532420428711071
0.10921863573306385
-0.14876296550836038
 
β=5,A=1,B=8
0.0
-0.16336887301934494
-0.2815181522214111
0.4544144712829176
0.058435770193920836
0.03092044121929736
-0.06286795954136715
0.10551254505270728
0.2606014212996476
0.4741293489892104
-0.13802015908578663
-0.16392085881456409
0.05356321583830202
0.07455363691681409
-0.1270668384478364
0.0052054547373049185
-0.05202896117538438
0.09129090077085814
0.2616588297449283
-0.04029452596309776
0.21741873455271565
-0.30562221038489273
0.08021840110131248
-0.17980464200062873
-0.12135241514744456
-0.007974735769638074
-0.08485600711538549
-0.059827510299638176
-0.06985429777520491
-0.05362635920656145
-0.2835884475623281
-0.29788691509738857
0.02513226049690946
0.1957986811274196
-0.23193009282728783
-0.04138714976126585
-0.11370311434437902
-0.14431262556379898
-0.03287570081168411
0.15084734860529056
-0.07672384924169592
0.054482336158593235
0.248760608292197
-0.02975224267804502
-0.20204191531561266
-0.21039208406984747
0.1615080300494939
0.17541157007518338
0.2467896553337885
0.11768770191735299
0.025458216299502272
0.012389508431110275
0.3574683459937102
-0.24090766273814943
-0.12710638315697645
 
β=5,A=1,B=9
0.0
-0.03569218069698775
0.4754961838382332
0.3339547862346524
-0.07888241695999029
-0.058003614048667045
0.24047663475378273
-0.10558994359353746
0.28634616659941514
0.3579826027557139
0.03958498132471525
-0.16828901972961066
-0.01828135331688197
-0.06603848306189983
-0.1552866889593402
0.17030966657605756
0.06113871375717375
0.12095882891240982
0.2694828534899861
0.2878694550460909
0.04801207914654264
-0.010796756995037094
-0.042344890539574645
-0.2069574176614593
-0.45223222148568026
0.02894918469037553
0.02714348749630255
-0.1471050797639122
-0.0489540927125454
0.056595610632292875
-0.037568667948578695
0.13356153228874476
0.13369390015696825
-0.03704947215102198
0.032409012055261706
0.06433226194798816
-0.13865524375392424
-0.5043273571994205
0.023542368679483203
0.05028422805395742
0.0946771887530522
0.08616412484293715
0.16363953904483317
0.12178894593321986
-0.023317682123778258
-0.012155665611429861
-0.07048342678218965
-0.061029596002384695
0.05583563982252823
0.197601542754489
0.08833385059007365
0.02231317619783514
0.020914661655062124
-0.11769758580562163
-0.11611747629768322
 
β=5,A=1,B=10
0.0
-0.019914301512071266
-0.5183248740641563
0.19430473596756706
0.15326550584917656
0.22916855087577673
-0.49621537549978206
0.7535618124643702
0.4497289847507301
0.5325851953468796
-0.23676341565728942
0.21392499230714718
-0.037078345414670415
0.36973102522111373
0.5822035973884295
0.04164839753506986
0.04139715957781894
0.2534116568408769
0.4488438272191416
-0.3395656099355919
0.09601950273718404
-0.054498189225020255
0.06904377549432911
-0.11859379057985162
-0.023245106536471157
-0.6095948575657484
0.06431861988786092
0.07614279295824719
0.03402218195500376
-0.14071892960985852
-0.062431983061040676
0.12645223414761184
-0.28620255072407486
0.2604018438873836
-0.052835008039898275
0.0891038627925118
-0.17855593260995445
0.8091781847281829
-0.007888467764118744
0.11603424458106897
-0.09967689657870889
0.05389438047433199
-0.041159757294276
0.2667613603592203
-0.014860811428528478
-0.3688552828484354
0.3585990097715683
0.08417362154553633
0.04539303352808003
-0.5594048926208338
0.3225258491864593
-0.12385745029705716
0.30476467693602877
-0.06463900363514449
-0.16377077978162613
 
β=7,A=1,B=2
0.0
-0.3513429556376695
-0.33967368842084794
-0.3880507480731167
0.3564390036365188
0.2688208501151663
0.18226395929376524
0.5186131961811433
0.36800596890025183
-0.023301466848069018
0.10747798410545957
-0.01641896003043837
-0.26928577455133496
-0.03537530724971091
-0.08668170371335074
0.03440190396297522
0.31981834882821203
0.5252501846819821
0.361631227812847
0.07032392396836003
0.05670800753057599
-0.020814818568846972
-0.39199187844227246
0.006217402851362256
0.002228934675033875
-0.11564838782775455
-0.18334758358606335
0.26226689448163115
-0.027828736290160916
-0.05109053210441785
-0.0289235416142408
0.06484107763258423
-0.0023082398865303657
0.10487942920670067
0.08300803871456368
-0.2500736793634495
-0.09837296047750835
0.03099279995954431
-0.12422735900715738
-0.24615008799034516
0.08169719563038833
0.04397982559473231
0.04074685549444223
0.07108287071308887
-0.020469650256493624
-0.03323694870279233
0.0432995637076829
0.12399029248884916
0.048883818084265986
0.0488529137498579
-0.022946070322722244
-0.09685155180974825
-0.18632043656161965
0.05861107517237119
-0.048423358386254854
 
β=7,A=1,B=3
0.0
0.35522798106163
-0.17671109497973278
-0.22654743960889784
0.05644727914511353
0.20129879871880396
0.2756885686035638
0.34310154563410655
-0.07361077499885228
0.008432901209617876
0.21055256477264006
0.4906512378983586
-0.15937688160876276
0.036201557893076816
0.025889960552819846
0.08099199707196747
0.18196559312355634
0.16688724540038635
0.1745528549472463
-0.02255913706214653
0.25677033823024653
-0.18242842333346024
0.07451982878946763
-0.029789743895851244
-0.010693495761588028
0.0744241237520539
-0.04120805984845525
-0.07266604848828548
-0.19739761925859053
-0.26086095671606313
0.19310375519176304
0.07967530778588329
-0.15822267068842852
-0.13289297090812663
0.19325321523870903
-0.0648643629590784
-0.13676799971657463
-0.04781831451202718
-0.37498169795747055
0.1099534820092689
0.03243318583781962
-0.007795964311927019
-0.05285099475175075
-0.006838431884958446
0.06010230000904872
-0.08290168708102848
-0.11781892930199596
-0.1425950534282903
0.20495752250611227
0.1792608496193011
0.25251749134975837
-0.08111937470040816
-0.2190546878710594
-0.1358324605341021
0.17750394052730875
 
β=7,A=1,B=4
0.0
-0.09453438936331504
-0.29790903795498946
-0.48677174300834325
0.3619748127737158
0.021658363871828127
0.20910859632694337
0.1702955119190206
0.32847258575697813
-0.24739210496591132
0.03177551734046837
-0.03259541851908561
-0.002120251293375398
0.11051533976903641
0.05885479595063712
0.03212365427939879
-0.2810276199092589
0.06832307652593862
0.04322969625654418
-0.010144180492662516
-0.12535272147555818
0.17344832203647395
0.012126190892566575
0.2015335904957994
0.010636562333410477
-0.0973384264199349
-0.41796342972258993
-0.12019266849050696
-0.03715993365824187
-0.08731307261331882
0.15587267690824255
-0.021098860174339366
-0.04724452405636136
-0.15927871817067926
0.00333745145277579
-0.31884501256631953
-0.02492400686829933
0.11967385146160121
0.031347588267746584
-0.24903220939016127
-0.11314981857386763
-0.09501247902287235
0.0026061091042554807
0.08425685977456655
0.09887871962158556
0.10278982754577556
0.18600250730340917
0.15151198498935972
0.12271546401081687
0.15383246827466548
-0.21110326920340877
0.31134892538105025
0.08891074659685712
-0.02630527141509214
0.0429408859809581
 
β=7,A=1,B=5
0.0
0.0818283367639096
-0.27528439529156307
-0.5386895484394237
-0.03600925079843125
-0.13347833809281773
0.35704453343449766
0.22606051611577577
0.3900600147939934
-0.4099409580484697
0.1333568401767314
0.07642553554446345
-0.12421653801083679
-0.06137278326586139
0.08069837291464772
0.18468288871983782
0.019036680203285004
0.22528174605399284
-0.30516813629728534
0.018239775167340804
0.09408294103445297
0.13110819220640435
-0.07180568961430221
0.12381259796927702
-0.004944958788841295
0.08027938331693721
-0.11462741846329294
0.05209117480443781
-0.15912591481514765
-0.1939522681340293
0.2134730398811347
-0.2063887516687923
-0.19230941963966838
-0.12297752327265171
0.05298196819682389
-0.08550442912579646
0.03665178109895971
0.03716573037286728
-0.013972170403391835
-0.07794748619449714
0.262703864731207
-0.16280163714429557
-0.1825635100583532
-0.025372918792628315
0.14367234346037142
0.14727802432045398
0.1110090593249321
0.01820471303478967
-0.20014301795568146
0.28618159491825845
-0.04162224682392912
0.1458866985832956
-0.04017316917645982
0.33002861150550095
0.1473981932760898
 
β=7,A=1,B=6
0.0
-0.5349889963247046
-0.4382390885236043
-0.24693102622993007
0.09269974721495995
-0.007204250517057411
0.43941802623653864
-0.054119027099854965
0.33975472131539003
0.2799607538862569
0.05156251603824197
-0.16359406044316832
0.26738235715565345
0.23460047015906743
-0.030247772426683545
0.21764393863724407
-0.07720737022419831
0.08001414878596623
0.04802009927245793
0.19761679509510086
0.016082390069727837
0.20598654801856173
0.28375144606664404
0.19715108606943665
-0.0618515977093875
0.049801054402952925
-0.05746089210914407
0.024421935424912247
0.06130187892482422
-0.09070400673773459
0.07879564500342033
-0.178589496332578
0.20582682879775885
-0.19528779474026814
-0.14798859667791323
-0.03949630249818291
0.08417118674694092
-0.024216540618584963
0.19284794869392033
-0.15617575109072337
-0.231275424909908
-0.12488966798874816
0.08052009431101519
-0.14567805367954695
-0.10740661627645944
0.08291489925564557
0.08863285723719652
0.14757669190989647
0.0003901177412731257
-0.058917489709055845
-0.3927366474360966
0.24316126655050818
0.10283068891914814
-0.04564019879454414
-0.03407556557897994
 
β=7,A=1,B=7
0.0
-0.22971555080310438
-0.02937723242998462
-0.31847390911216855
-0.07455477369433415
0.030264942217354204
0.643171984014972
0.1529455053857029
0.22779621166128194
0.13511964082336603
0.1578402755379897
-0.029335014525841707
-0.13456415977492714
-0.06470077708940983
0.020062265755972083
0.17432782738725452
0.13528711621195205
0.10443529366615334
-0.11072865096567545
0.23799382247408163
0.1827816069905033
0.2608997774402012
0.13535421290673139
-0.07550254962425447
-0.19158918861665178
0.1029154312956271
0.011628902515353898
-0.05264094598151418
-0.142086368829361
0.1514114150068784
0.10366603045146265
-0.08784391498963687
-0.042166589062384435
-0.2515368562373075
-0.2052905831036508
-0.12171978946530879
0.06318709197646792
-0.2262434034672502
0.08006130566025112
0.19382157942841102
0.08688208843743489
-0.3166302300155629
-0.1421621363161402
-0.23722917004545727
0.013277710835340201
0.07993980042806258
0.19312023458433916
0.24977661996820139
-0.09116688937580895
0.1933952262348334
-0.04222252815740913
0.0346183590754855
-0.04523122175755401
0.1095463921599849
-0.14928784443176052
 
β=7,A=1,B=8
0.0
-0.16379659736560825
-0.282284507628975
0.4564197254264552
0.05894997941488688
0.031153231877075346
-0.06348148807950181
0.10672315657380985
0.26201694771782924
0.47630846039235014
-0.13846180044177123
-0.16476879185427273
0.05393192942717865
0.07547667207852346
-0.1272804523179502
0.005580645858304019
-0.05243209039610156
0.09127561787590367
0.2630839089783454
-0.04023753014917354
0.21798422312578092
-0.3067542326740096
0.0803943619319511
-0.18037178701558235
-0.12204921778097338
-0.00820903927726511
-0.08550911664750607
-0.05966289821043857
-0.07009584321832796
-0.05382217403896288
-0.2850602548172134
-0.29938717774935153
0.024755831904722782
0.19704623243495106
-0.23278249082456445
-0.04229107346262433
-0.11398454034807448
-0.1448650096655492
-0.03284266750586502
0.15158592800903967
-0.07710434443187601
0.054189877203469995
0.25020397489395924
-0.030316706422272497
-0.2026878812857202
-0.2111062057203135
0.1627709473557405
0.17599984039421251
0.24790320766510146
0.11791445697913414
0.025217445130305837
0.012183230012873249
0.35943481111152165
-0.24222973320382352
-0.12754460586803648
 
β=7,A=1,B=9
0.0
-0.035705072658516315
0.476016705944204
0.33495236290211117
-0.07911133425161206
-0.05793663958193054
0.24125651439489945
-0.10634143460103249
0.28800007713303555
0.3599821825002811
0.03986559603476803
-0.16811018812459727
-0.01810786621620229
-0.06679319723495829
-0.15619583605960868
0.17061288265662936
0.06110152381116563
0.12134837637642305
0.2705960400768671
0.2889634753289338
0.04792638348295689
-0.01186093553016175
-0.04230902372255029
-0.20827063255778494
-0.45410214891666034
0.028966508610830492
0.02625193541313116
-0.14799798148773516
-0.04946511839299068
0.057311554084792694
-0.03789623790675272
0.13359640479741483
0.13348849317476003
-0.03722631339820505
0.03230418827788525
0.06481075719784099
-0.13943315656627303
-0.506393565257667
0.023358075969410468
0.04986469334369429
0.0947932200062866
0.08649944893381205
0.16405945304419475
0.12224051299173368
-0.02367380164267059
-0.012636885295482377
-0.07053304904759106
-0.06136674908477383
0.05623820610698759
0.19874389148388658
0.0881150236115501
0.02241611757448699
0.02105088597513538
-0.11799408655305099
-0.11608731562119352
 
β=7,A=1,B=10
0.0
-0.019987695664410703
-0.5201173089061752
0.1956728654556368
0.15400328553515985
0.22996381227661597
-0.4986672681538519
0.7557162768079186
0.45247754945227375
0.5352534506891545
-0.23613976845489043
0.21412130908106145
-0.036879977598291876
0.3722225126297981
0.5846595960552641
0.0417529558104807
0.04101895821979631
0.2542737092261623
0.450684545546741
-0.34139019439299007
0.09651120000645627
-0.054316207303119264
0.06946718880494628
-0.11931586183918431
-0.022961614949129114
-0.6120362112006891
0.06375024164997047
0.07625442507734091
0.03486195992130989
-0.1413931248139659
-0.06355571805748675
0.12678946205214037
-0.28632420932042035
0.2611839155375279
-0.052580425701814155
0.08886194511296215
-0.1791391314239804
0.8125983950421128
-0.008207490177212012
0.11706038203762527
-0.10002509567957427
0.054688383778611765
-0.04050316522213911
0.267597161242161
-0.014708228419201531
-0.370290510317572
0.3604704533736239
0.0845923399138801
0.04609862541619614
-0.5615403754329186
0.32408293722758325
-0.12396861321941703
0.30686611549658876
-0.06440942931735992
-0.16523746330957362
 
β=9,A=1,B=2
0.0
-0.3514569929449591
-0.33971928199438484
-0.38811138811501134
0.35655643609021115
0.2689253608563649
0.18234681791118898
0.5187889821805701
0.36808844706972554
-0.023305786867568345
0.10758948505128946
-0.016448325618528492
-0.2693502264132619
-0.03533720121759878
-0.08676135385934815
0.03442503577323585
0.31992633490523936
0.5254329219470045
0.3618086215430813
0.07033209579549342
0.05672346958383799
-0.020829742677171876
-0.3921049117017927
0.006231901406153591
0.002245334638239848
-0.1156970335353264
-0.18342315432778764
0.26235694979796215
-0.027849270310228467
-0.05106446669567627
-0.028903584985858037
0.0648892037726564
-0.002315395296439855
0.10488174666330975
0.08307784539241012
-0.25011503647220973
-0.09837971149755943
0.03103804631175555
-0.12425420037788734
-0.24621936627894866
0.08171921325693879
0.04400541812505032
0.040800318075462555
0.07110653839224886
-0.020470316372605293
-0.0332336792709858
0.04328904849887533
0.12408644628600835
0.04892296775518537
0.04888087558808814
-0.02295001789005517
-0.09684126410304712
-0.18636353978442094
0.058678797248350886
-0.048402543938161735
 
β=9,A=1,B=3
0.0
0.3553553402899056
-0.17673228259115084
-0.22654988833836776
0.05645594459843357
0.20135479120950497
0.2758220432019429
0.3432130070020107
-0.07360428913820839
0.008459823228980286
0.21059973859931186
0.4908299757258413
-0.15940454643159122
0.03622369128841904
0.025885800423135614
0.0810199323703799
0.1820304377349951
0.16695647099294741
0.1745521796080526
-0.02257266891293327
0.25687767253467964
-0.18247681013032543
0.07453287493462801
-0.02978732784465476
-0.010712458363510162
0.07446865182802209
-0.04123179242688602
-0.07268576573032405
-0.19748736988341065
-0.2609426127586041
0.1931780933625392
0.07970003293496529
-0.158268723226021
-0.13295742194254143
0.19328914202701464
-0.06486258571636908
-0.13682201006053388
-0.04784627308278226
-0.37506557430302345
0.10997269351768703
0.032455297862944
-0.007795356606789337
-0.052897130057853514
-0.006851218917097559
0.060178103452927005
-0.08293888730827213
-0.1178293369813712
-0.1426460148277388
0.20502441117336803
0.1793202691704451
0.25259713921322186
-0.08115346764685852
-0.21913729172351706
-0.13586584481511943
0.1775907673773683
 
β=9,A=1,B=4
0.0
-0.0946596414401951
-0.2979257502834408
-0.4868429485565265
0.3620827707289713
0.02168557576333478
0.2091826672605785
0.17039480626616413
0.328568559766442
-0.24751400384194028
0.03183601828854272
-0.03260604007571817
-0.0021180761300218813
0.11057424951306728
0.058838034481318344
0.0321601532892141
-0.28114285960692037
0.06833353127227797
0.0432518369848263
-0.010168024502987157
-0.12539703109607067
0.17345173628030888
0.012138349591195231
0.20162859770951072
0.010614447700327267
-0.09741301537131246
-0.418100599584137
-0.12023732202891775
-0.03721876864246823
-0.08734589642502893
0.15593274180509847
-0.02107911470521773
-0.04728591003533356
-0.15936565221595225
0.003340369097421145
-0.3189400482700094
-0.02494561908983209
0.1197309051997326
0.03132156764961953
-0.24912523352268998
-0.11325668395975066
-0.09506092136438314
0.0026313154740313983
0.08428970579763015
0.09889101856296632
0.10279969806160504
0.1860200409816401
0.15159190252351795
0.12270405784831753
0.15387214944460376
-0.21114735328601397
0.31143794130160873
0.08893377058315607
-0.026311787617837645
0.0429358976792389
 
β=9,A=1,B=5
0.0
0.08197875124709111
-0.2753304398983541
-0.5387691801280116
-0.03601828582249126
-0.1335198924780234
0.3571890257891655
0.22612433127742407
0.3901583886124108
-0.40997957206998437
0.1334105810353712
0.07648211693251389
-0.1242498113619158
-0.06138625612014714
0.08070646280282666
0.18474584301184835
0.019052671242820642
0.22532072045481633
-0.3052980723455183
0.018254987120643003
0.09411478952159419
0.13116351489721018
-0.07182460554284907
0.12380723823546633
-0.004918149397612361
0.08032335022041177
-0.11465950220963615
0.05211796712368137
-0.1591813373292552
-0.1940277521841102
0.21355234804956202
-0.20645743569339667
-0.1923660241795035
-0.12302350580607267
0.05296173845196011
-0.08551485295301868
0.03664237375825573
0.037150685673880024
-0.013980221216939195
-0.07799028916582988
0.262794555048933
-0.16287516094826499
-0.18264911060657554
-0.025376703604454313
0.14373666730731458
0.14732936842451985
0.11105909332674432
0.018201265898521397
-0.2001921681442869
0.28627568956806626
-0.04163830524756627
0.14594305435898366
-0.04016054894019519
0.3301048194363539
0.14746507994235114
 
β=9,A=1,B=6
0.0
-0.5350840687056185
-0.43829787670888537
-0.24693933486800085
0.09273619280044026
-0.00719075140976108
0.4395428718400256
-0.0541004883724775
0.33988584718206216
0.2800708723645573
0.05157630101284851
-0.1636079546154184
0.26747353450534245
0.23468514385295638
-0.030270525250496075
0.21770500836828827
-0.07730146314676113
0.0799804367358546
0.04804961026178489
0.19767847836624555
0.016109416794975875
0.20605206361011635
0.28384132162645676
0.19721672041326346
-0.06193251912816503
0.049794865399322104
-0.05748143939545339
0.024442577950498715
0.061328284154765655
-0.09072593840854931
0.07880145538570865
-0.17864475500163354
0.20586311755000303
-0.19535529239654295
-0.14803941186846825
-0.039523011734141564
0.08415687563094017
-0.02423067811417144
0.192915059146422
-0.15621887989711736
-0.23137953286143897
-0.12492972625521231
0.0805519966300305
-0.1457542669773317
-0.10741968257856808
0.0829364240159682
0.0887072339039296
0.14763178030552115
0.00034741672780015805
-0.05894809563518917
-0.39281896730634475
0.2432513002533007
0.10289578158683213
-0.045672175383233614
-0.03407097274446464
 
β=9,A=1,B=7
0.0
-0.22969600457315079
-0.029411631547770312
-0.31850661310026585
-0.07455860279933632
0.030292080081884016
0.6433930067202888
0.15297939299516336
0.22790697214325786
0.13519834157409888
0.15788788809357743
-0.02929032593341881
-0.13458148919762253
-0.06473484117703028
0.02004969170607938
0.17436483469202435
0.13535304841540857
0.10447923508967269
-0.11077058104139273
0.2380683290758082
0.1828525114273438
0.26097898690636934
0.13542998548176258
-0.07557595337428359
-0.19163369592328683
0.1029852346728924
0.011574414429280366
-0.052639348636040674
-0.14215091112216954
0.15147622794522259
0.10368987632131153
-0.08787747743759985
-0.04214526674830755
-0.25159187389875765
-0.2053938786273188
-0.12170598789090983
0.06320398843960127
-0.22634016551438227
0.08005169736591476
0.19391287061203016
0.0869348644830361
-0.3166991652865494
-0.14224232878919021
-0.23727884109584604
0.013278189042952459
0.07995247999044423
0.1931789670961195
0.24986827261685496
-0.09115453002176238
0.1935037646090053
-0.0422368835270401
0.03467405847847722
-0.045224414523528406
0.10957035494132744
-0.1493262406640007
 
β=9,A=1,B=8
0.0
-0.1638278957083037
-0.2823405751270272
0.45656645164554527
0.058987605987694196
0.031170249442385396
-0.06352638782783554
0.1068117416897122
0.262120514775904
0.4764679109263808
-0.13849411783327453
-0.16483083846115673
0.053958908403244674
0.07554422240168558
-0.12729606008673006
0.005608105427009645
-0.05246158823859798
0.09127448714682886
0.2631881862776892
-0.04023334681945838
0.21802557970583708
-0.30683706608239264
0.08040722694688793
-0.18041327488752698
-0.12210020305868227
-0.008226177181462816
-0.08555691147710855
-0.059650851650007684
-0.07011350680062532
-0.053836510017076365
-0.2851679604475431
-0.29949695435904894
0.024728274870951757
0.19713753330330774
-0.23284486167994942
-0.042357240526731205
-0.11400512042340517
-0.144905420964592
-0.03284025737163857
0.15163996234685576
-0.07713218483238658
0.054168476726631484
0.2503096014116789
-0.030358021838116648
-0.20273515602067382
-0.2111584423460509
0.16286335900416898
0.17604287690636075
0.24798468648800615
0.11793104994495053
0.025199823323084184
0.012168128660506814
0.3595787036661014
-0.24232648197492881
-0.12757666769750484
 
β=9,A=1,B=9
0.0
-0.035706012545876055
0.476054774463774
0.33502535234933156
-0.07912808809498707
-0.05793172996605441
0.2413135679190622
-0.10639643002987761
0.2881211089129659
0.36012849823862014
0.03988612054326965
-0.16809708150196792
-0.018095179861398206
-0.06684842578223318
-0.15626237193021644
0.1706350363454681
0.061098794911886495
0.1213768636567339
0.27067749061284946
0.28904351620739516
0.0479201031672078
-0.011938843635918284
-0.04230640581608813
-0.20836673443017084
-0.4542389636833412
0.028967761220009616
0.02618666799426212
-0.1480633266891497
-0.049502517203980585
0.05736395649038113
-0.03792019670651476
0.13359894666974098
0.13347345032148988
-0.03723924597612833
0.03229651008118508
0.06484577640930614
-0.139490085562963
-0.5065447537923548
0.02334457510143885
0.04983398141821093
0.09480171840193005
0.08652398605961878
0.16409017449308977
0.12227356635681132
-0.023699862311557424
-0.012672099590306947
-0.07053666491205104
-0.06139141527505905
0.05626767023523972
0.19882748675131204
0.08809899902065221
0.022423671866984247
0.02106086088878015
-0.11801578565022129
-0.1160850826514985
 
β=9,A=1,B=10
0.0
-0.01999306570902387
-0.5202484729278676
0.1957729953005792
0.15405728759892964
0.2300219800153261
-0.4988466853373075
0.7558738937716358
0.4526786853148863
0.5354486852373236
-0.23609411014039755
0.21413566059787517
-0.0368654478124111
0.3724048236885254
0.5848393119615378
0.04176062074226625
0.0409912772551427
0.2543367810300713
0.450819212991163
-0.34152371221662714
0.0965471853950225
-0.054302891171852725
0.06949816888246574
-0.11936869608214228
-0.02294085141784591
-0.612214826531896
0.06370859267792105
0.07626259031892522
0.03492344218395882
-0.14144246589020562
-0.06363797189049451
0.1268141333574109
-0.2863330589897678
0.2612411313903265
-0.052561806664647194
0.08884419633944417
-0.17918178409195676
0.8128486491693038
-0.00823085323868788
0.11713546412383873
-0.10005056301752781
0.0547464901655392
-0.04045509419860222
0.26765828367508654
-0.014697046041723194
-0.37039550928556003
0.3606073853964958
0.08462297286535977
0.046150258130251164
-0.5616966111911852
0.3241968656892935
-0.12397675933090577
0.3070199116192649
-0.06439260042058456
-0.16534480266087126
 
