0.8611096220000001
0.6199164554000001
0.444919765
0.2258558748
0.038393051000000004
0.0005722622000000011
0.0884365852
0.1313799128
0.2381901588
0.3314003594
0.407039429
0.4064992416
0.32001411640000005
0.21726999920000006
0.11411572600000001
0.050000408600000004
0.0481575256
0.1387323612
0.2526620886
0.3559909284
0.40880441359999997
0.43303562900000003
0.3928518916
0.3057301446
0.21098774099999998
0.1513746804
0.1159331318
0.1307124786
0.1743628376
0.21399302760000002
0.23088941200000002
0.25694463
0.25371072520000004
0.2139303246
0.1784609176
0.15962470979999996
0.1258853144
0.104756413
0.144348389
0.19507734999999998
0.22344912620000001
0.2463397458
0.264102218
0.2310188998
0.1712013806
0.12139245520000001
0.09554231360000001
0.11337251340000001
0.1315349388
0.1611157802
0.1867560114
0.19846839919999998
0.1738068198
0.18946698820000002
0.2020353198
0.1981078608
0.18972208819999997
0.1766610084
0.1402154492
0.12328619
0.1393579304
0.1665698934
0.20352924359999996
0.21350492279999997
0.20308782060000002
0.17240457199999998
0.13395155079999999
0.1014447614
0.092609474
0.0801184252
0.0794382328
0.07970134459999999
0.0782199694
0.0937390014
0.13096627840000002
0.143858028
0.1373631752
0.1257279464
0.1299729978
0.11498145659999999
0.11662001820000001
0.1367378312
0.1568473
0.16182490440000002
0.18365146000000002
0.20289431340000003
0.1928264766
0.1668036952
0.11743320199999999
0.07639429439999999
0.04540116079999999
0.0474078286
0.056766906799999996
0.08957406939999998
0.11230182420000001
0.1322260564
0.16080500080000001
0.180609794
0.17970636020000003
0.172181403
0.15772352559999997
0.1357417364
0.12516405179999998
0.10287079860000001
0.08670246020000001
0.0786858644
0.06657335519999999
0.0633225148
0.07754713599999999
0.0961104778
0.11052180959999999
0.129613856
0.1408347734
0.1497564782
0.1509371796
0.1452534864
0.1182238664
0.1036692596
0.08101423699999999
0.055351234400000004
0.036793299
0.055688596800000004
0.059191403399999995
0.0813317598
0.110438131
0.1332271948
0.129481071
0.12151658800000001
0.11156317639999999
0.09154548280000001
0.0699057026
0.05187072279999999
0.054305711
0.050682589199999996
0.0700427452
0.0957122154
0.11858047739999997
0.12367910659999999
0.1340876936
0.12909140940000002
0.12309219279999999
0.1118761818
0.10009302440000001
0.0813151816
0.06590090280000001
0.062480186199999996
0.0692598856
0.077284277
0.08501261340000002
0.09243905960000001
0.09735715460000001
0.087053914
0.0863586666
0.0897277626
0.07715067939999999
0.05777272659999999
0.0548409202
0.052632054399999996
0.052131433799999995
0.061942168
0.07158392420000001
0.0822503372
0.0880321682
0.0920921426
0.10028291280000001
