0.4229071044
0.37161742740000003
0.2987712647333333
0.2271053442666667
0.1613030454666667
0.15253736660000003
0.18103111746666667
0.19670879680000003
0.23604074886666668
0.26716900460000004
0.2886147504
0.2958974654
0.2838661230666667
0.2585540774666667
0.22703146513333333
0.20339316753333334
0.19904209546666665
0.22076557713333333
0.24425169026666668
0.260323899
0.26368950199999996
0.26863779693333334
0.25909169846666663
0.23134110226666668
0.20114722873333335
0.18062960073333334
0.16625435873333333
0.16305987226666666
0.17754718373333336
0.1958437650666667
0.20465441600000003
0.20972323006666668
0.20752311873333337
0.1964325378
0.1815798827333333
0.1681554304
0.15592245793333334
0.16074371480000002
0.1689674092
0.1757981702666667
0.1771991976
0.18011681953333333
0.18376051706666666
0.1840069422666666
0.17811749353333334
0.16875210913333338
0.161244267
0.1546134472
0.1537391254
0.16214576333333333
0.17474060086666665
0.1849201269333333
0.1846656906
0.1810624534
0.17613644346666663
0.1699567877333333
0.16341451079999997
0.16054500446666664
0.14877661533333336
0.13549747860000005
0.13040024506666667
0.12674092960000002
0.1277313248
0.13328446606666666
0.13805750806666667
0.13190027759999995
0.11700535686666665
0.10179755906666667
0.10544049106666666
0.10868872006666666
0.11330542633333333
0.11793411699999999
0.12026507193333331
0.12851230119999998
0.14319973166666664
0.1544574532
0.15564249433333333
0.14979298053333331
0.13641036806666668
0.1250090703333333
0.12163849746666668
0.1256573788
0.12680596733333332
0.12294405859999998
0.12411585953333333
0.1268405102
0.13367976866666664
0.13472679866666665
0.12890454386666667
0.12029250720000002
0.11178358093333335
0.11465152193333335
0.12084691753333335
0.12405040940000002
0.12372856246666668
0.12287848213333334
0.1210400308
0.1230321202
0.12004143160000001
0.118331447
0.1156437332
0.11064298253333332
0.10977378
0.1100581376
0.1112500392
0.11148705346666667
0.10480369253333331
0.10260884926666664
0.10277261706666667
0.10079963060000001
0.09752286500000001
0.10117543973333333
0.10123181213333335
0.10403415833333333
0.105575515
0.10509132673333332
0.10113117806666665
0.09479241699999999
0.09130305773333333
0.08577828273333334
0.07997539880000001
0.07901346353333334
0.0783379008
0.08119250846666667
0.090675453
0.0996150376
0.09997742373333332
0.09983380186666665
0.09877781973333333
0.09689321246666666
0.0962367036
0.09410912733333335
0.09269261399999999
0.0886951548
0.08834501913333331
0.09376153146666664
0.0999055149333333
0.10035213599999997
0.10013849619999997
0.09581045726666666
0.09430984453333333
0.08939666046666668
0.08791198933333334
0.08535185253333331
0.0784968806
0.07253668913333335
0.0703849066
0.07209166600000001
0.07562393660000002
0.07717730233333334
0.07557126846666666
0.07471505713333332
0.0756742964
0.07798377966666667
0.07979192006666666
