0.5857200174
0.5432721403999999
0.5069789061
0.47566901450000004
0.4502125479
0.47652190930000005
0.517239845
0.4730695751
0.4959378844
0.4860935314999999
0.48019955559999994
0.46566813399999984
0.45589941389999994
0.45173067420000007
0.4473589758
0.45004077269999987
0.45438059519999996
0.4818260717999999
0.47597253019999997
0.4803184374999999
0.4770439561999999
0.47346723839999993
0.4636821126999999
0.44831819920000004
0.4239217504
0.40285749590000003
0.39486002729999997
0.3981774476
0.40830249539999997
0.40045280949999995
0.38886285349999994
0.3863429716999999
0.37843729429999995
0.3728536019
0.3755850748
0.3772579272
0.37652541050000005
0.3805277361
0.3782588445
0.37258474129999997
0.36950614930000003
0.3619554503
0.369581936
0.36484405259999997
0.3531580168
0.3428510958
0.3334088634
0.3295182003
0.3459323566
0.36573798129999996
0.3622977962
0.3628791137
0.35231372169999997
0.3461944911
0.3364184284
0.33797012260000003
0.34353756080000003
0.34899794910000004
0.33328158760000004
0.324557666
0.3247649235
0.3130755157
0.3087149819
0.30429010079999996
0.2986327545
0.2849910134
0.2702531101
0.2551934059
0.26107615219999997
0.2692406871
0.27258834289999995
0.27394980669999996
0.2649763734
0.2669859662
0.27864599619999997
0.283247474
0.28513242720000004
0.28932056280000007
0.2888315258
0.2901784508
0.3035899556
0.3032912016
0.2963754607
0.2795659459
0.2666290449
0.2597930629
0.2554006663
0.24443950610000004
0.23890231750000002
0.22734969780000003
0.21910811199999997
0.23835777890000004
0.253747279
0.2610291552
0.26664635670000003
0.2697540178
0.271944743
0.2701806075
0.2547801601
0.24270003
0.232624404
0.21106750840000005
0.20233936090000001
0.20355622429999998
0.20181242619999998
0.20162134089999997
0.20534051299999997
0.21232483119999998
0.22444991290000002
0.2301146368
0.2308869938
0.22853928970000004
0.22929200670000002
0.2219789586
0.2116598696
0.20104506490000001
0.1934677041
0.1882385304
0.18960352519999998
0.19461984829999998
0.19513147409999998
0.2038973667
0.20051072799999997
0.2068191096
0.2112017148
0.20682322449999999
0.1986774968
0.1979059035
0.18783140780000002
0.18785013690000002
0.1947998906
0.19677915899999998
0.20028158289999998
0.20198922000000002
0.2072363176
0.21795463929999995
0.2191908731
0.2122027288
0.2096282765
0.2033618776
0.1950911609
0.19181904449999998
0.19183315139999996
0.18429806179999997
0.179338229
0.17744522189999998
0.1766945237
0.1793388876
0.1808020525
0.1726394758
0.162673762
0.1551282133
0.15144652399999997
0.15442595799999997
0.1548631942
0.1519755627
0.1556483858
0.15802870010000003
0.1600043893
0.16915301230000002
