0.6998300360666666
0.6735585949999999
0.6168901284666667
0.5833380681333333
0.5423500364666667
0.5547066588666667
0.5766102160000001
0.5731509598666666
0.6172413938666668
0.6307372842000001
0.6339960378666666
0.6257751107999999
0.6028057796
0.5685345142000001
0.5463220681333333
0.5368781159333333
0.5312368860666665
0.5594133427333332
0.5678476277333332
0.5800556752
0.5795290884666665
0.5762477342666664
0.5621886628666666
0.5409551092000001
0.5106822946666667
0.48476147759999993
0.4765808697999999
0.4818478437333332
0.4996202035999999
0.50435599
0.5063514975333333
0.5096744762666667
0.5074358417333333
0.4905859776000001
0.4703878038666668
0.4590952842
0.4483554508666667
0.4529304240666666
0.4555874205333333
0.46494662473333326
0.4728798350666666
0.47185224859999997
0.4702637064
0.46901652113333336
0.46249802980000004
0.4414941546666667
0.4308664986
0.4255990108
0.43050313053333333
0.43453012753333337
0.4382259285333335
0.44562148466666673
0.44626671253333333
0.43936500500000003
0.43583520166666667
0.42384713139999997
0.40779222093333334
0.39926581273333334
0.38907463733333336
0.376408185
0.38244639573333333
0.3787331488666667
0.37238074353333334
0.3721570272666667
0.3810678956666667
0.37322976
0.3597135834
0.34182280473333326
0.3411141944
0.3415743000666666
0.3448319206
0.35320909033333336
0.356225094
0.35858402780000004
0.37068422846666677
0.3792598137333334
0.3720395516000001
0.36005682206666667
0.34473233813333337
0.33190075300000005
0.32885389820000005
0.3297777232000001
0.33146257440000004
0.33364186693333336
0.32763690233333337
0.32895031133333336
0.3348444831333333
0.3308708777333333
0.319711757
0.30884028133333336
0.2996009823333334
0.3043803172
0.3064667644666667
0.3057879723333334
0.3040247751333333
0.3039403061333333
0.29900807299999993
0.2963154403333333
0.2896321862666666
0.28732702046666664
0.28174385306666666
0.2751961848
0.27291312193333334
0.2768116123333334
0.273260115
0.2686473372
0.26095115139999997
0.2655457531333333
0.26525057706666666
0.2632854431333333
0.25718253739999997
0.2602613363333333
0.26127476546666667
0.26316238066666664
0.2644370336
0.2638975666
0.2599380566666667
0.2547617796666667
0.2527488992
0.2506895349333333
0.2435661132
0.24362791126666666
0.242125199
0.24381512426666668
0.24963273446666664
0.2599379316666667
0.26315849133333336
0.2625141763333334
0.260641816
0.2578460044666667
0.2548220910666667
0.2477844937333334
0.24403308466666665
0.23809722306666667
0.24132434253333335
0.24765733986666666
0.2520671948666667
0.2516570745333333
0.24992216073333332
0.244401933
0.23561806179999994
0.22702848413333332
0.22348686599999998
0.21751053679999996
0.21024715366666666
0.20345734093333334
0.20445691386666667
0.20757412913333334
0.20973227126666666
0.2070244094666667
0.20361957106666667
0.20061243913333335
0.1996322094
0.20039024433333336
0.20281432573333336
