0.6482925697599999
0.63276591984
0.60992840656
0.58111686076
0.5612489402
0.5668865320800001
0.57745758124
0.57204130088
0.5938308480000001
0.5931805436800002
0.58778486048
0.5798336242
0.56669961668
0.55180231912
0.53165893132
0.5192514346799999
0.5145792847199998
0.5289030357199999
0.5308861420399998
0.5384525123199998
0.5378734352799998
0.5372961373999998
0.5326122299999998
0.51783759824
0.4969708554799998
0.4828444082799998
0.47338182823999986
0.4767744033599999
0.48403406291999995
0.48283366527999994
0.48085246616
0.47894850224
0.47541325392000006
0.47158747808000007
0.46791792508
0.45505247499999996
0.45006739599999995
0.45065843875999995
0.45156641103999995
0.45127955519999996
0.45492307883999994
0.4548061971599999
0.45542572464
0.44788094376
0.44172119228
0.43134984648
0.41781914904000006
0.4105112365200001
0.41068067392
0.4115301537600001
0.4090631419200001
0.4082940148000001
0.40232863044
0.40150817508
0.40095231776
0.39513303379999987
0.38752299803999996
0.37836118363999993
0.37113954772
0.36916695444
0.37335250604
0.3712247040799999
0.36888688644
0.3675292122800001
0.37322261432
0.3736834730399999
0.36414485496
0.35060269615999995
0.34472857496
0.33859164856
0.3381370938800001
0.34071429940000003
0.33767924064000004
0.3378798854800001
0.3399041848400002
0.3412548554000001
0.3448915046400001
0.34398096696
0.33606205012
0.3298860457200001
0.32950620644000006
0.3309448952400001
0.3293890720000001
0.3235328417200001
0.31606193360000007
0.3136021252
0.308193689
0.30173344844
0.29650878055999996
0.28988986003999995
0.282745279
0.2867854845599999
0.29169474687999997
0.29530961463999994
0.2947016629199999
0.29338226983999993
0.28964895216
0.28983897923999996
0.2824980678
0.27745105808
0.27054146084
0.26344380092
0.25997578108
0.26257915476000004
0.26324791140000003
0.26132322956
0.26012012823999997
0.260671756
0.26348617076
0.2627005188
0.25715775407999997
0.25642085512
0.2573248344400001
0.2550078306
0.25483448648
0.257457908
0.25622118484
0.25373641372
0.25287727695999995
0.25399944508
0.25302808188
0.25222013364
0.24776415492
0.24719415836
0.24952385844
0.25144263556
0.25150437024
0.25155421988000004
0.24706369864000002
0.24281342612000006
0.24049020512000005
0.23647544132000006
0.23497146552000006
0.23173425952000007
0.22973401632000004
0.22896281852
0.22871753520000002
0.22703351299999996
0.22674444655999995
0.22395886343999996
0.21765161919999992
0.21397673892
0.21382503972
0.21091275564
0.20979441887999997
