0.618354076
0.6023977405333335
0.5881517356000001
0.5755928479333333
0.5612028558333334
0.5671178736666668
0.5764289751333335
0.5676698113666667
0.5790982515333334
0.5707097894333334
0.5593787577333333
0.5511779902999999
0.5423268116666667
0.5340773589
0.5253390290666665
0.5216148067333333
0.5204556811666665
0.5334245922333332
0.5292168026666665
0.5252217395333331
0.5193121863333331
0.5123015925666664
0.5075595434666665
0.4982712648666666
0.4878144596999999
0.4788206563333332
0.47421655919999994
0.4760557750666666
0.4843183623666666
0.4834270098999999
0.47392282609999997
0.4702704874333333
0.4665174262666667
0.4605445540666667
0.4524589657
0.4486606063666666
0.4469884677666666
0.44959856829999995
0.4474762127666666
0.4503909131999999
0.44836348323333325
0.43982223476666665
0.43476475956666666
0.42904557923333336
0.4194531074
0.4119702752
0.4047998237333334
0.39898987716666673
0.4013300789
0.4077990116
0.4057278442666667
0.40266753403333333
0.39404475863333327
0.39023959969999994
0.3887047508666666
0.3843395259999999
0.38050065563333324
0.3777454533666666
0.3738293325666666
0.37354620673333333
0.3808531047333333
0.3753863502333333
0.3662187827999999
0.3584446827
0.35648432433333327
0.35104182909999987
0.3447456532999999
0.33664268956666654
0.3373780306666666
0.3346056012
0.33689111596666677
0.3440267867333333
0.3435479858666667
0.33914789240000004
0.3397622549000001
0.3394303980333334
0.3382099344000001
0.3332617932666667
0.32526015523333335
0.31796276406666674
0.3163971021666667
0.31439289810000015
0.3138890073666668
0.3116370266000002
0.3074819614000001
0.3053470822000001
0.30502033396666667
0.30189199983333326
0.29826168466666664
0.2910501981666666
0.28412415976666666
0.2826657342999999
0.2860062587999999
0.2855192747
0.28365510913333325
0.2805614217666666
0.2796347046666666
0.2787951029
0.27639728346666664
0.2758820270333333
0.2728207098333334
0.26756712073333333
0.26383745080000004
0.26478025576666675
0.2619748249666667
0.25610672520000005
0.2522895313333333
0.2538354760666667
0.2545328506666667
0.2564590888
0.2585602345333333
0.26170991383333336
0.26189447090000006
0.26190209833333333
0.2611415190333334
0.25935982883333336
0.2538612752
0.24939743216666665
0.24542306113333331
0.24600693873333332
0.24561172653333332
0.2478475530666667
0.24689113676666669
0.2468686425
0.24701733373333337
0.2477779967333334
0.2450934877333334
0.24300052116666673
0.23907617640000006
0.23404657906666673
0.22913971600000005
0.22612070380000004
0.22580360690000004
0.22391474716666668
0.22417437600000004
0.22563845546666667
0.22633981700000003
0.22564464196666664
0.2251562025333333
0.22360812936666666
