0.6468691488999999
0.5574761444999999
0.4862186111
0.45085941529999995
0.5096949737
0.4458603387
0.37218963780000003
0.3195418796000001
0.2587494581
0.2295726785
0.27351219590000003
0.269725278
0.2422164043
0.2198932606
0.1895175333
0.2006981658
0.22965942889999996
0.17394044439999998
0.16534398489999996
0.1430746288
0.1129848674
0.11760024090000001
0.12373111250000002
0.1117546336
0.11204749119999997
0.11549235809999998
0.08732695019999999
0.10970470399999999
0.0896690961
0.060860817100000006
0.07457471470000002
0.09335821559999999
0.1173072332
0.12623369280000002
0.1163911798
0.09939825490000001
0.0977721248
0.0934978121
0.09532289299999999
0.09891822135999999
0.07156965726
0.04223074646
0.012522686460000002
0.00362669476
-0.006821280439999999
-0.006547436639999999
0.02090038766
0.035280497359999996
0.037305174159999996
0.0425932535
0.0827794082
0.1096430361
0.1437440567
0.18008755640000002
0.2244541769
0.2382714553
0.1956017275
0.21768061219999998
0.2478816906
0.2726614531
0.2530864882
0.22364520200000002
0.22015408939999997
0.22808385709999998
0.23801535290000003
0.26932149829999996
0.3309760354
0.317999843
0.2532629352
0.2594751878
0.27759856689999995
0.33226946259999995
0.3222889743
0.2784099309
0.2404130618
0.20526718600000002
0.1797270342
0.2026563335
0.2682722769
0.2272519649
0.18224867900000002
0.13464306470000004
0.1200000842
0.1391554088
0.13458020739999998
0.13311066649999997
0.14466066549999998
0.1216109597
0.11555634430000002
0.1725911897
0.221912673
0.20631111619999998
0.21466294279999998
0.21003965789999998
0.23151294500000003
0.2588774406
0.2582121651
0.2334672733
0.20402132330000003
0.146441058
0.1391161128
0.18672074370000002
0.19992386510000001
0.1903546216
0.16848055590000002
0.13325265790000002
0.10324430500000001
0.11960545360000004
0.12684449790000002
0.1343982351
0.100263884
0.045074736500000004
0.03387455069999999
0.0478891517
0.054608182400000004
0.05876850279999999
0.0700640524
0.0921644495
0.09267863270000001
0.091898321
0.08909342550000002
0.10903501369999999
0.08319375400000002
0.05332599470000001
0.046450889000000016
0.04246459500000002
0.0327580767
-0.00043524989999999924
-0.011069449499999998
0.0100591938
0.018464221800000003
0.017342937200000002
0.0263980221
0.038535160799999996
0.035668677999999995
0.0325895425
0.030729904000000002
0.029602915400000002
0.030236599700000005
0.007685742400000001
0.0041860975
0.0218993107
0.0205607693
0.019706763510000003
0.021606612051
0.023400742151000003
0.019511386851
0.008660899851000001
0.007507283351000003
0.007436559216000002
0.0032795090160000033
-0.004880828283999998
-0.0014257263839999985
0.011025787506000004
0.010780585665000003
0.010920297765000005
0.018820885565
0.051097167565000004
0.061562637165
0.0562258312
0.056611153000000004
0.0445971406
0.05484360939999999
0.0639488949
0.0638545657
0.0641167103
0.059632001000000004
0.052457696600000006
0.0941695984
0.1647144744
0.2216010162
0.2409176066
0.24459283879999996
0.216304742
0.2759758454
0.3318104693
0.3732791618
0.400247436
0.3802114357
0.3013499116
0.2928675203
0.32435934639999997
0.34996943900000005
0.40587411660000006
0.40092374680000004
0.3414570062
0.3177169525
0.2977395771
0.2853441245999999
0.3167153864999999
0.2618337898
0.21082924560000005
