0.6272734003
0.5368831762
0.4653416924
0.43214726490000005
0.5001371772
0.4309287454
0.3546620204
0.3018324778
0.2410808921
0.21294221249999995
0.2634968251
0.25642293569999997
0.22612734799999998
0.2038043058
0.1736026108
0.18949913770000001
0.21911564330000002
0.1570978334
0.1509400576
0.1294552576
0.0997704639
0.10829219729999999
0.1160839041
0.1012667174
0.1007724857
0.10333228909999999
0.0751600095
0.10398375599999998
0.07988694290000001
0.048122148600000005
0.0628044693
0.0829449702
0.1082091366
0.1170733687
0.10780757190000001
0.0911257467
0.09110964939999999
0.08426195950000001
0.0865939211
0.09169398000000001
0.06259287620000001
0.03254965889999999
0.0029567212
-0.0030516015000000007
-0.013229978600000001
-0.014195419300000001
0.013165734799999999
0.030059385499999997
0.0335427482
0.0344447014
0.0751174127
0.1015783613
0.1355121252
0.1718498523
0.2169955862
0.2324738343
0.1858097123
0.2089512965
0.23881000870000002
0.26855729260000005
0.24902236720000004
0.21440515100000002
0.21048914159999996
0.2182980854
0.22815452409999998
0.2594303352
0.32535155299999996
0.3120333128
0.24525371220000003
0.25144218900000004
0.270228318
0.330209941
0.31873908040000004
0.27209452700000003
0.23416550910000006
0.198147464
0.17275085620000002
0.19506292549999998
0.2621817108
0.21828160030000002
0.1749622128
0.1268797736
0.11437679849999997
0.1364069028
0.1288378049
0.1271083106
0.13819706780000002
0.1153851585
0.1097553593
0.1697608498
0.2167955555
0.1989879638
0.2070249187
0.201953411
0.2263959672
0.25493896660000004
0.2533176466
0.22859759600000001
0.1976981122
0.1420756494
0.13589806310000002
0.18597086000000002
0.19894175380000004
0.18975528490000002
0.16700206099999998
0.1315276228
0.10259995929999999
0.11867029579999999
0.1270523881
0.1331734811
0.09906023459999999
0.0442076319
0.034156534599999996
0.04752479159999999
0.054976423899999995
0.05929484349999999
0.0697607709
0.0916307762
0.09141082409999998
0.0901630447
0.08665076899999999
0.10648108870000002
0.08320477639999999
0.054151150999999995
0.047883759799999995
0.04398720109999999
0.035275915899999996
0.002348539299999999
-0.007941694000000001
0.013212459999999999
0.020205370799999997
0.019095367399999997
0.024902540600000002
0.0370372717
0.0349633673
0.0321094156
0.031622731999999994
0.0303045202
0.031689704199999995
0.009064068
0.006243567300000001
0.0233945597
0.020984358900000003
0.02002413435
0.02047771985
0.02207708655
0.01706119245
0.006453755949999998
0.007464572749999998
0.007845992149999998
0.003290679349999999
-0.00402951255
0.0003530404499999987
0.0115796749
0.010811193199999998
0.010767421499999999
0.017341139100000003
0.0490507213
0.057202642000000005
0.05205867690000001
0.052835986400000014
0.04100732990000001
0.0498148813
0.06031995490000001
0.0611743597
0.06010720679999999
0.057199314
0.049141599700000003
0.090348081
0.1600856118
0.21782552810000003
0.23827807190000003
0.2427637123
0.2107941157
0.2692668514
0.3265957468
0.36755508890000005
0.3951691444
0.3765332239
0.29251426389999996
0.2844633461
0.3143153688
0.34069943220000004
0.3997677316
0.39634595809999995
0.33136540830000005
0.3063846715
0.28715519700000003
0.2739190408
0.31095310680000005
0.2548512884
0.20106821570000002
