0.5158254531333334
0.4499664814
0.4071358164666667
0.3815656233333334
0.4215985675333334
0.40692160373333336
0.3632658707333334
0.3056618970666667
0.2517616244
0.2070363472
0.21434895720000002
0.22614010506666668
0.1952605324
0.18724569506666666
0.17704010593333333
0.18400342059999997
0.19082323966666662
0.17201275346666664
0.1510843188
0.12648326186666667
0.10866437940000001
0.1039003718
0.10422650920000001
0.09855115246666668
0.09036456526666667
0.09933007353333334
0.09990210813333333
0.13248801906666668
0.12398531513333336
0.10756282173333333
0.09844288873333333
0.09018734046666665
0.08414996373333333
0.08719496546666666
0.08012246721333333
0.06872323147999998
0.06859392541333333
0.06801308148
0.06569055234666668
0.06046138214666667
0.042478200346666675
0.04023862794666667
0.027699600146666663
0.026120918546666667
0.030670050346666665
0.05747635221333334
0.07660067001333332
0.10144896721333332
0.12220377661333331
0.14495943333333333
0.15451140200000005
0.14466385206666668
0.16632543973333333
0.19129813106666668
0.2182468113333334
0.23211822406666674
0.2147478716666667
0.2280960206666667
0.2528350748666667
0.27746978406666667
0.28092422713333337
0.29279265433333335
0.2827647552
0.24174654493333333
0.24312359300000003
0.2593947728
0.30403890066666667
0.2966147194
0.2725498210666667
0.25671681826666665
0.2495548809333333
0.2627665576666667
0.2707815410666666
0.2668979373333333
0.23497391726666664
0.20015868473333334
0.1733713382666667
0.16469014940000004
0.19451728040000002
0.17222760146666669
0.15279004406666666
0.13851329520000003
0.13740878753333335
0.15806964213333335
0.18873065513333337
0.21071000473333334
0.19210366646666666
0.17291185966666667
0.1572299441333333
0.17514592880000002
0.20382090619999996
0.22111373679999996
0.21447338159999996
0.20330346406666663
0.19803547699999996
0.21491619186666663
0.21879850826666664
0.22405818113333334
0.2063442727333333
0.1721906798
0.1439943164
0.14995572406666666
0.14820139279999997
0.14497474219999998
0.1310591147333333
0.1076254647333333
0.07544932273333331
0.0887813331333333
0.09992227539999997
0.10861738753333332
0.08868198793333333
0.07207423806666666
0.07611294866666667
0.08020105793333335
0.08046787966666667
0.0790247866
0.07950400386666666
0.06472790453333334
0.05081109226666666
0.0499026284
0.04993225986666667
0.06289334193333333
0.052423526466666676
0.039823561666666674
0.049694742933333334
0.0515065334
0.043836587066666675
0.021110362133333335
0.014257936200000003
0.011783754133333334
0.011243868133333336
0.010086465400000001
0.01671021673333333
0.024307595733333336
0.023786819866666673
0.02605896966666667
0.03697705166666667
0.035743326866666675
0.0358671974
0.020745689066666666
0.015379075299999998
0.012510762099999998
0.005098244699999998
0.0031652638999999988
0.004417485633333331
0.005787822766666665
0.012670812566666667
0.014911783233333333
0.02342560763333333
0.023313185233333332
0.020324288566666668
0.011094631366666668
0.02590509343333334
0.0322783711
0.028759715300000002
0.028844348133333333
0.030206424666666665
0.0460368824
0.061857116266666665
0.06223088040000001
0.06238146153333334
0.055406255599999996
0.0631295844
0.08867467493333334
0.13222230253333334
0.17001886079999998
0.17840157373333332
0.1748624163333333
0.1662619601333333
0.20945190639999997
0.24694539539999996
0.27556307499999994
0.29446006379999995
0.30065642286666666
0.2938615658666667
0.3257379001333333
0.35849804059999996
0.37642506493333333
0.37522565406666664
0.3679686602
0.3298455246
0.33034688493333336
0.3337468294666667
0.34821326586666673
0.3202645917333333
0.2786207844
0.25059491813333334
