0.44538511270000003
0.39665305595
0.3457345202
0.31797578535
0.336869894
0.31021394155
0.28688883184999997
0.22946515559999994
0.19601047484999998
0.17119873504999997
0.18163364449999997
0.18235756649999996
0.17110562604999996
0.15253551159999995
0.13718754824999996
0.14641571339999998
0.14713782639999998
0.1305407947
0.11541350025
0.0887887031
0.0812874666
0.09561858375
0.11214652034999999
0.10917004304999997
0.10429002879999998
0.09722901789999999
0.08313482945
0.09412285774999998
0.083240432
0.06990806429999999
0.06269867275
0.057747314550000005
0.05558292890000001
0.057010883600000006
0.047288796650000006
0.03846516370000001
0.05213769210000001
0.05716067250000001
0.06006833465000002
0.06306934070000002
0.06885514445000002
0.06706401009999999
0.06923442319999999
0.08439912540000001
0.1018828038
0.10913920750000002
0.09948772355
0.11950534099999999
0.13617637845
0.151500997
0.16206988995000002
0.15799175615
0.1730006334
0.19507396884999997
0.22257505514999995
0.24595208475
0.25558063265
0.26049230464999995
0.24203186045000002
0.2599997408
0.25962534260000003
0.272307546
0.264614111
0.24519630620000005
0.2311600166
0.22878889959999998
0.2490512045999999
0.25354811915
0.2537177115
0.23486189465
0.22259526540000002
0.22854485730000004
0.21655793945000004
0.20425071490000007
0.18150165700000007
0.16262788730000002
0.15547396200000002
0.155224042
0.18596853505000002
0.19402122505000002
0.19587888415
0.16293386869999998
0.1607008586
0.16918015690000002
0.17761688605
0.19102363860000002
0.1957573572
0.17199137725
0.15372673575
0.1559182496
0.1763468093
0.19247941189999998
0.20298333624999998
0.19585434794999998
0.19669901409999996
0.1932332947
0.17795880294999997
0.17363394589999998
0.16237525014999998
0.13762456525
0.11747914885000002
0.11508924595
0.11654914420000002
0.11864003824999998
0.11098924245
0.09541123315
0.0861803651
0.10515053599999999
0.1092316061
0.11166826289999998
0.09285550179999999
0.0753443603
0.05868065550000001
0.05083797130000001
0.05143009185000001
0.05164102230000002
0.052518343400000014
0.046989657750000004
0.04173456504999999
0.05168775234999999
0.0534280699
0.06278822805
0.05405365849999999
0.04559421135
0.04142356355
0.03804830834999999
0.03344932395
0.01632652975
0.011874005099999998
0.011138263999999998
0.013224469049999998
0.02124496355
0.02294344975
0.028530703025
0.027720543575
0.027093251075
0.024341962225
0.018379138075000002
0.019577138475000002
0.008455030075000003
0.004767123324999999
0.009682523575
0.010668699674999999
0.015801904624999998
0.015644456524999996
0.016422254025
0.017201165775
0.027752238624999998
0.032333607375
0.029952334525000002
0.028063332874999996
0.018488908675000002
0.025083960875
0.0359498149
0.03599277645
0.035437314149999996
0.037270226549999994
0.0490961605
0.07377536150000001
0.10607214435000001
0.13533075725
0.1396427009
0.1462892968
0.1355570353
0.16522060555
0.19335147680000003
0.21237720145
0.22215537205000002
0.23344065245000004
0.22629993784999997
0.25114443710000006
0.27629672035
0.29173157225
0.3052809236499999
0.33280640475
0.32898057755
0.3369698802
0.3411621707
0.32522613235
0.30173368535
0.26965731725
0.25769179225
