0.32516445556666684
0.29533620740000005
0.26365277973333334
0.24007003256666665
0.25308213533333335
0.23572699623333332
0.20998400579999998
0.1811386198
0.15045027823333335
0.12355000073333332
0.13616199096666665
0.1433471511
0.1444108672
0.1345271502
0.12117988619999999
0.12234860839999999
0.1228235916
0.1086752143
0.09881464406666665
0.08257995869999998
0.06794562686666664
0.06823686479999996
0.06977615269999995
0.06560695433333331
0.059240000066666666
0.05406487536666666
0.05415362899999999
0.06760842316666667
0.06099737453333333
0.05131172009999999
0.05992005473333333
0.06560418206666667
0.07586187116666666
0.0892424583
0.09792096703333332
0.09747169203333332
0.09146255939999999
0.10283298193333333
0.11503871049999999
0.12696457206666667
0.12400335423333333
0.11053831289999999
0.11077147803333333
0.12382689076666667
0.13887748943333333
0.15419865206666666
0.16968753453333335
0.17940626893333336
0.1692847671666667
0.1813529339666667
0.1946475108666667
0.21178352606666673
0.21760511530000004
0.2167486264333334
0.22275118203333338
0.22581933056666675
0.22386252653333338
0.23456701023333337
0.24459480046666668
0.24276920113333336
0.2286647611666667
0.22046531983333337
0.21106794176666666
0.20553740249999997
0.19343515643333334
0.1916590168
0.20873463706666667
0.20363481146666668
0.20196071533333332
0.20937329729999998
0.2170641805333333
0.21616989166666664
0.21010890703333335
0.19975765210000004
0.1928144555
0.18978227743333334
0.18452163856666665
0.17664411509999997
0.18517186826666662
0.1729627935
0.1721180922333333
0.1668517746333333
0.17005382376666667
0.17302941083333334
0.17010562050000003
0.16749750506666666
0.16102074333333333
0.1505465786
0.14136006776666668
0.14500685406666666
0.14636725576666665
0.13982704799999998
0.14354136053333333
0.143300371
0.14657687719999998
0.14519010703333335
0.13839433206666668
0.14294674683333333
0.13536266079999998
0.11844422239999998
0.10393444413333335
0.10830515446666665
0.1026376575
0.09491917496666667
0.08776523556666667
0.0761429305
0.06697877253333333
0.06815165546666667
0.06836903603333334
0.07649604550000001
0.06593425433333333
0.05387245709999999
0.04463310086666667
0.0431862127
0.0440453467
0.043771149866666664
0.0443046053
0.0398298039
0.03671570663333334
0.03584167683333333
0.03658134053333333
0.04791639956666667
0.04061729716666666
0.034574342433333335
0.03194133226666667
0.03045596026666666
0.026282177199999996
0.011543956533333335
0.009007037133333333
0.008286363533333332
0.008354552066666666
0.01150664036666667
0.0139566417
0.020664381733333334
0.019299581800000003
0.018864846533333333
0.019397591400000004
0.025997678500000003
0.029948660866666667
0.0208379025
0.018206929933333334
0.017934274000000004
0.02158748036666667
0.028558613500000003
0.028581575333333338
0.02753710426666667
0.02679549263333334
0.0316105437
0.04828362416666667
0.06988615306666666
0.08790067686666667
0.08862113426666668
0.09425814493333333
0.0913588759
0.11065696489999999
0.12933850943333333
0.14400769633333335
0.16040887263333334
0.17076570630000001
0.16455624776666664
0.18119356396666667
0.19402227433333333
0.2068933586333333
0.21976261439999997
0.23902742716666664
0.23600421223333334
0.24004352263333334
0.24023361579999997
0.24298067633333328
0.2505025541
0.24938616793333332
0.24753579656666663
