0.33018022976666667
0.30053276973333337
0.2691843148333333
0.24573942936666665
0.2581707579
0.2412533907333333
0.21631255773333327
0.1876380223999999
0.15730263086666663
0.1301732062333333
0.14202391943333328
0.14922003439999995
0.15014012956666664
0.14071479729999997
0.12739422279999998
0.12798572449999998
0.12846176739999998
0.1151145163
0.10580697386666665
0.08975712873333333
0.07505593646666665
0.07459560879999998
0.07574992063333331
0.07176282819999998
0.06511669299999998
0.06008753883333333
0.059811797900000005
0.07276836700000001
0.0666745374
0.05808694333333333
0.06683825273333334
0.07235766346666667
0.08222599433333334
0.09529053983333333
0.10385772650000001
0.10313472056666667
0.09669503216666667
0.10775754716666668
0.11964889266666669
0.13156532466666668
0.12891088536666667
0.11617772373333332
0.11631932933333333
0.12903211206666668
0.14397337723333334
0.1592362500666667
0.1747756667
0.18368133159999997
0.1725354897
0.18481472766666665
0.19812269929999998
0.21539781776666664
0.22158011573333333
0.2207474882333333
0.22643853979999998
0.23001721116666662
0.22797070716666662
0.23868251159999995
0.2487484772333333
0.2460936939666666
0.23140429933333329
0.22383162186666664
0.21453500683333326
0.2089331717333333
0.19705261269999994
0.19489536993333328
0.21209982566666657
0.20749379893333328
0.20573026076666664
0.21316154636666668
0.22066202876666668
0.21869255946666669
0.2133802658666667
0.2034849469333334
0.19646642706666675
0.1933982470666667
0.18808852353333333
0.17968189333333337
0.18987839410000001
0.1767060331666667
0.17588527713333335
0.17061286579999999
0.1734478236666667
0.17603853290000007
0.17407861103333339
0.17119163333333337
0.16470489123333334
0.15421768343333336
0.14483528653333336
0.14833666010000002
0.15058461773333334
0.14305548523333336
0.14670773570000004
0.1464111625
0.14945815070000001
0.1485871443
0.14189279226666668
0.14629955599999997
0.13872044146666662
0.12180405839999998
0.10720302223333332
0.11221986019999998
0.10543435493333335
0.09714374249999996
0.08995408156666664
0.07826988913333333
0.06921221536666668
0.07088320376666667
0.0701738394
0.07884966193333333
0.06863879146666665
0.056594696
0.04742128386666667
0.046237738099999995
0.04594118366666666
0.04513048673333333
0.04555313959999999
0.041427945233333326
0.038386278099999976
0.03747985756666664
0.03769990236666665
0.04965700526666665
0.043030558633333306
0.03707085234999999
0.03444161565
0.03272456775
0.02798661345
0.01303560515
0.010404194316666667
0.010040840050000001
0.009913205816666668
0.012820138183333333
0.01541331331666667
0.022880360316666667
0.02208409345
0.021651307883333335
0.022008354516666665
0.02860299915
0.032118972983333334
0.02298957901666667
0.02079007768333333
0.02012412568333333
0.023717426883333333
0.03064125471666667
0.030821090916666665
0.03098390495
0.030533881850000003
0.034882025649999995
0.051671765249999994
0.07333009361666668
0.09131739795
0.09175196308333332
0.09764387801666664
0.0942312485
0.11375080143333334
0.13249012503333332
0.14736518066666665
0.1644538218
0.1746946489666667
0.16821951753333333
0.18504162019999998
0.19786692353333335
0.2110926752666667
0.2236272674
0.24226238973333336
0.23935612063333334
0.2437130248
0.2438219803666667
0.24693344856666669
0.2545176608333333
0.2523800542
0.25122055213333333
