0.3499144368666667
0.3203948605333334
0.28957428496666676
0.26632497106666675
0.2740409147000001
0.2577929915666667
0.2335831212666667
0.20494420313333334
0.1751563884333333
0.1487004562333333
0.15683951536666668
0.1630211066
0.16387427573333335
0.15561550510000002
0.1423014638333333
0.14122315466666666
0.14050529006666665
0.1280813586
0.11913964213333332
0.10330286454000001
0.08869380544
0.08624714860666666
0.08611979534
0.08212085240666665
0.07541297370666668
0.07090413694000001
0.07007036803999998
0.08009380960666666
0.07505311684
0.06911643603999999
0.07795962047333332
0.08339400524
0.09279946547333333
0.10469937104
0.11254095027333332
0.11161731674000001
0.10662888874
0.1171692606066667
0.12849434170666668
0.13935409674000002
0.1372982122066667
0.1274932498066667
0.1278978104066667
0.1394779967066667
0.1540699172066667
0.16920028967333337
0.18469666217333336
0.1921068612066667
0.18197516077333337
0.1940415131666667
0.20695308740000004
0.2243513763666667
0.23147007956666668
0.23192397606666668
0.23748181480000002
0.24083655250000005
0.23875721466666666
0.24943878086666663
0.25986650609999995
0.25622185066666664
0.2405414559333333
0.23308199629999996
0.22372745229999993
0.21813191266666665
0.20767559723333331
0.2060924084333333
0.22127609793333328
0.21701175346666662
0.21530973159999997
0.22272373669999995
0.23013244283333326
0.22743511206666658
0.2218467003666666
0.2120639407333333
0.20505992303333329
0.20198979546666665
0.19724253753333335
0.18958176549999997
0.1989103722333333
0.18513153923333334
0.18385311796666665
0.17865590173333334
0.18073348433333336
0.18220695743333337
0.18046066746666672
0.1773521605666667
0.1710296952666667
0.16055662623333333
0.15110234316666665
0.1531025217666667
0.15572318546666666
0.1482815297666667
0.15162735736666672
0.15161286973333338
0.15332643226666673
0.15179908990000002
0.14543637316666663
0.15008556489999997
0.14327266533333333
0.12632927973333333
0.11150955149999997
0.11472986396666665
0.10646464866666665
0.09789291723333331
0.09048087156666663
0.07877886229999996
0.06917133233333331
0.07060242979999996
0.0698729185333333
0.07915606523333331
0.07009426066666664
0.05795541256666666
0.048611655399999995
0.04722949706666667
0.0461258169
0.045134327366666664
0.04479523463333333
0.040719060633333345
0.03755934400000001
0.03684472413333335
0.03799561476666667
0.049935196800000005
0.04408342666666667
0.03784537953333334
0.035220216000000006
0.03344280435
0.02817367458333333
0.013104303416666666
0.008711600050000002
0.008100619883333337
0.008515845450000004
0.011378638983333335
0.015810999983333334
0.023866601683333332
0.02355000255
0.023191629116666668
0.024035841516666667
0.03082421015
0.03407278425
0.024752702183333333
0.022111711716666666
0.021358593383333332
0.02556756355
0.032511190083333336
0.03332418301666667
0.03408464215
0.034038534083333336
0.039020683816666665
0.056050141283333334
0.07776774388333332
0.09517157468333333
0.09474810255000002
0.10038375488333331
0.09927016561666667
0.11910581085000001
0.13789487176666665
0.15288474983333333
0.1702484731
0.18125676956666667
0.17804622313333335
0.19405968083333333
0.2069521481
0.21977732466666663
0.2319501645
0.25009548136666665
0.24993219269999997
0.2543742293333333
0.2543046229
0.257237613
0.2648582490666666
0.26278308989999993
0.2630789965666666
