0.6459581732000002
0.5931623736
0.5699410506
0.6147860798
0.7935811267999999
0.667238018
0.5428101606
0.4235158243999999
0.306503163
0.233304045
0.23428016820000003
0.21392691000000003
0.22795057440000002
0.2234076272
0.23791053079999996
0.319246625
0.3330605416
0.2655192924
0.225374083
0.1498944658
0.08952007840000001
0.1314328636
0.0923117304
0.11295537500000001
0.14331532119999998
0.14324355839999997
0.10797631379999999
0.1582072376
0.11492349840000002
0.0862399986
0.0932295014
0.072291938
0.0621605596
0.067774584
0.041538376
0.061517160800000005
0.11943807259999999
0.17709625999999998
0.189257863
0.19491009059999997
0.140582004
0.0788320108
0.0131930716
0.004552449399999999
0.003918935039999999
0.004070529639999999
0.007511692839999999
0.01374991284
0.0032613446399999994
-0.0174448792
-0.017217932600000003
0.0343721802
0.05615581599999999
0.0705489616
0.1055360952
0.18557645960000002
0.18791813699999999
0.2344411728
0.2928010236
0.34678708399999997
0.295175679
0.211701239
0.20837933039999998
0.210544408
0.2024172548
0.21560253359999998
0.24462423900000005
0.24146755879999998
0.25515979299999997
0.28320501340000004
0.3319944688
0.42205248500000003
0.39844737639999994
0.2595354338
0.24374851079999998
0.230587316
0.245439978
0.249929223
0.30295423639999997
0.2431969306
0.186082858
0.12080721000000001
0.1639680238
0.2382041418
0.2179763104
0.1838058802
0.1538668268
0.0801732014
0.042393463
0.055509563399999996
0.08848139400000002
0.1408658488
0.1680851374
0.1936113216
0.2927060916
0.35984274
0.28157832380000003
0.2704772402
0.23568504780000002
0.1772221314
0.1631385846
0.24089703780000002
0.20485776719999998
0.1806140228
0.12417820799999998
0.12176725099999999
0.1339201632
0.19683953599999998
0.20273374759999996
0.21517169999999997
0.1470771136
0.0750499712
0.0429068752
0.051576456199999995
0.0538274362
0.05403202960000001
0.017377833800000003
0.0265975882
0.0454566224
0.056853026400000006
0.0649368206
0.1237949092
0.1588343826
0.1435700952
0.1307231764
0.11810550959999999
0.0973392686
0.008751742800000004
-0.0365934408
-0.0378683176
-0.03324555059999999
-0.032454152
-0.010315545999999998
0.012494030599999999
0.05622937
0.0696596412
0.06662464459999999
0.0648948896
0.0668732188
0.01699021
-0.0026824861999999996
-0.0039110963999999995
-0.004448693399999999
-0.006444462199999999
-0.0018591204
0.011199754000000001
0.0482176068
0.0467837844
0.0471728356
0.0471059776
0.037619958099999996
-0.006774224099999999
-0.0270403569
-0.0312325817
-0.031994400299999996
-0.0314562438
-0.003430944999999999
0.0249919222
0.054336569
0.05482797840000001
0.0548091514
0.0434890632
0.07976371500000001
0.07373112600000001
0.0634455678
0.0631801368
0.05056115579999999
0.033355010000000004
0.0575036538
0.068419095
0.0691550964
0.0721685478
0.0762700282
0.13478924499999997
0.2648022448
0.37772134920000006
0.4124750176
0.4149622108
0.30649298159999994
0.2951343794
0.29395974059999996
0.3420456596
0.3921479524
0.460687042
0.32164807339999996
0.3055326106
0.3209734446
0.3221650316
0.35849693860000004
0.4871235278
0.3900442226
0.32802155060000004
0.28692750440000003
0.225455817
0.152022174
0.14028552
0.10278975920000002
