0.34917588259999993
0.2685976609
0.24967425200000007
0.2291409464
0.20560712539999998
0.19935772570000002
0.1919561559
0.1851814166
0.1775937379
0.1725683362
0.17025931179999998
0.16456844040000002
0.1608197036
0.1565402067
0.1524732524
0.14929393340000002
0.14771286560000002
0.14452581430000006
0.1407164579
0.1373989987
0.1347951223
0.1334410771
0.1315257792
0.1291679157
0.1270687794
0.1254852652
0.1235132608
0.1215104625
0.1201567254
0.11863088479999999
0.1171453047
0.1156368112
0.11413776809999998
0.11253491730000001
0.11080656400000002
0.10966100790000002
0.1085229386
0.10801783499999999
0.1073502439
0.1067322884
0.10587625749999999
0.10552547590000001
0.1051898402
0.1050980132
0.10480336750000001
0.1043634161
0.10379168320000001
0.10328777600000001
0.10283531570000001
0.10163695259999998
0.1008268895
0.099494664
0.09791758469999999
0.09621296149999999
0.0945040623
0.0932024531
0.091785078
0.090515418
0.0893736498
0.0891891729
0.088671002
0.08823486
0.0879655182
0.0879304895
0.08797813519999999
0.08788367279999999
0.0877703807
0.08743132059999999
0.08696638579999998
0.0866163826
0.08619340410000001
0.08599929960000001
0.0857440421
0.0854161942
0.0851342754
0.0846911744
0.08408140480000001
0.0833468106
0.0829104845
0.0821467213
0.08146229990000001
0.0803144449
0.07873271740000001
0.07724853360000002
0.07580012510000002
0.0745297832
0.07345471669999999
0.0725807918
0.0716270597
0.07085284419999999
0.0701265988
0.0694854766
0.06933691969999999
0.069153628
0.0690808608
0.0688130565
0.0684124536
0.0681698774
0.0679047126
0.06748669869999999
0.0671187054
0.06692119299999999
0.06655954210000001
0.0662853349
0.0659840698
0.0656932611
0.06566035320000001
0.0655885617
0.06558740199999999
0.0653235301
0.06503601070000001
0.0648050319
0.0647250016
0.0645735214
0.06448054439999999
0.0645277462
0.06441652579999999
0.06397284519999999
0.0634217353
0.0629632701
0.0624482797
0.0620120966
0.061480181200000004
0.06103056760000001
0.060293784899999994
0.0596866897
0.0591774632
0.0587538514
0.058388868399999995
0.058191274800000005
0.05811744349999999
0.0579891151
0.057990920900000006
0.05785805450000001
0.05786981370000001
0.0577975109
0.05749943630000002
0.05735910540000001
0.05721487999999999
0.057231631000000005
0.057194447800000006
0.0571084809
0.0569923918
0.0568496507
0.0568969757
0.05669329359999999
0.05682107259999999
0.0568853297
0.0567301028
0.0564501532
0.056216939099999995
0.0560628943
0.0559771959
0.055853915899999995
0.05562652109999999
0.055522607099999996
0.0549738042
0.0543893052
0.053904000099999995
0.05356050929999999
0.0531895505
0.0527211263
0.0521051989
0.051544062999999994
0.0507385878
0.050011127700000005
0.0495697886
0.049125706
0.048859565
