0.6642290585999999
0.6247985816
0.5984383488
0.5825536679
0.5667737201999999
0.5448468556
0.5485951607999999
0.5315701049999999
0.5203566485
0.5130350341
0.5140474861000001
0.4822091103
0.4795394412
0.4751535251999999
0.47197149239999997
0.47581941399999994
0.466292889
0.45838784749999995
0.44591894619999994
0.4252323509999999
0.40840304389999993
0.41727951049999995
0.4141335745
0.4026344055
0.3929396519
0.3825269817
0.37536812070000003
0.36042632850000006
0.35783143400000006
0.35628469819999997
0.3532871724
0.354092283
0.35276824300000004
0.3507380201
0.34669378900000003
0.3426564323
0.3375076401
0.34430158190000004
0.34552696369999997
0.3484417091
0.3508253466000001
0.3478963273000001
0.34654780900000004
0.3403697269
0.33889768830000006
0.3406555513000001
0.34016110210000006
0.34019577609999996
0.338162723
0.33501378309999996
0.33130377329999994
0.32708472489999996
0.3221641584
0.3229062777
0.3186446792
0.31582358880000005
0.31558792950000003
0.3127275838
0.3109592898
0.3091010297
0.3079499317
0.3061653024
0.3031603323
0.3029424548
0.3024551198
0.3030852773
0.3031756677
0.3010056667
0.2988719135
0.2983674997
0.296533682
0.2974436091
0.29983964030000004
0.29950752900000005
0.2992003886
0.29653737769999994
0.2941255131999999
0.2909842142
0.28998241880000003
0.2884513956
0.28677533850000003
0.28326486900000003
0.2797955097
0.27608563680000003
0.2718012174
0.2689913338
0.2665783297
0.26680829800000005
0.2657254007
0.264102242
0.26328781190000006
0.26016725200000007
0.25932375620000003
0.2591244901
0.26055029720000006
0.2602729025
0.25957885849999995
0.2589270287
0.2578789237
0.2571041166
0.25612779510000006
0.2577089847
0.2571639061
0.25578370009999996
0.2549887613
0.25395152019999995
0.2531604091
0.2509830069
0.2496858884
0.2477643833
0.24564847269999998
0.244756114
0.24405532030000004
0.24348525629999998
0.2426564046
0.24171045730000004
0.24030290499999998
0.2388835185
0.2358197327
0.2339319611
0.23104899239999996
0.2285801234
0.2250278274
0.22182630199999998
0.2181870933
0.2157581183
0.21344730069999995
0.21224937479999997
0.21283528999999998
0.2121440946
0.21288507230000003
0.2126921491
0.21317991189999996
0.2130877108
0.2129358889
0.21260115760000003
0.21168711910000004
0.2109012618
0.21009212260000001
0.20987359749999998
0.2092428201
0.20761850939999998
0.2069210242
0.20669168239999997
0.2070923428
0.20676722060000002
0.20792020129999997
0.20753409029999997
0.20676509640000001
0.2064375202
0.20542331100000003
0.20596636219999995
0.20484751279999996
0.20424076919999998
0.20324732589999997
0.2018051147
0.20000440790000001
0.1987766055
0.19732235880000001
0.1957073357
0.1950389051
0.1932429429
0.19212187990000001
0.19014137409999998
0.18827642949999998
0.18782754299999999
0.1867319495
0.1861722149
0.1851850565
