0.6448055787
0.6033523847
0.575143941
0.5587484138000001
0.5428655914
0.5243480855
0.5255717967
0.5091502359
0.4963643426
0.48706269290000004
0.48619967290000005
0.45511347120000006
0.45257331800000006
0.44585729230000004
0.4407845279
0.44212600059999996
0.43249149880000004
0.42225074520000005
0.40962084509999996
0.3914786428
0.3753985137
0.3837002222
0.3806976664
0.37177237760000004
0.3637547923000001
0.3544801126
0.3487401911
0.3375236669
0.33793189479999997
0.3379451735
0.3362174512
0.33565045379999997
0.3335363310999999
0.33111443929999995
0.32663295999999997
0.32377459129999997
0.3176903201
0.3211926427
0.31855786189999996
0.3181721189
0.3186271043
0.31681806970000004
0.3152296593
0.31035162029999996
0.3102204956
0.3087400332
0.30786448680000006
0.30750495670000005
0.30631477490000003
0.3042700051000001
0.30038358430000006
0.29418827470000003
0.28885625170000007
0.28758957220000003
0.28044230940000003
0.278659139
0.27818735759999996
0.27545392169999994
0.2735818835
0.271918201
0.2722094097
0.2714906137
0.27062941099999993
0.27072361659999994
0.2719257408
0.2723349376
0.2735139014
0.27365840750000003
0.2719595962
0.27089529370000004
0.2686736152
0.26926373589999997
0.27103541519999996
0.27117971330000007
0.27118160700000005
0.2697774618
0.26808526639999997
0.2649995466
0.2634272795
0.26148477569999995
0.2606258035
0.2571417227
0.2523211045
0.24829811939999996
0.24449430910000003
0.2409108943
0.23661766609999998
0.2350014937
0.23430795880000002
0.2326552414
0.23124022540000003
0.23058607400000003
0.2310018769
0.2306465546
0.2316700774
0.2315168748
0.2311083781
0.23086726519999998
0.23087505039999998
0.23084986460000004
0.2295823334
0.22886091209999998
0.2269393372
0.22609751490000002
0.22527900239999998
0.22499461600000004
0.22605213930000004
0.22555707019999996
0.2241552358
0.22181046159999998
0.22037383789999998
0.21923570369999998
0.2182217719
0.21717472460000004
0.21539274620000004
0.21485459690000003
0.21334308789999995
0.21123072199999998
0.20877488579999998
0.20782484480000002
0.20732440410000003
0.2072456571
0.2062715925
0.2051763682
0.20455180999999997
0.2028186475
0.20101108300000003
0.2005113181
0.20128954100000002
0.20119448690000002
0.20102699080000003
0.19994574240000001
0.20026426160000002
0.2009703997
0.1995810963
0.1988568374
0.19845367639999997
0.1977374377
0.19715113039999996
0.19725445039999995
0.1964364931
0.19629558199999997
0.19564590709999996
0.19388186970000001
0.19359769620000003
0.19351902059999998
0.19369253280000004
0.1940206593
0.1931346167
0.1919018473
0.19134272530000002
0.1902500232
0.18951943059999998
0.1893978482
0.189297147
0.1887978397
0.1873350286
0.18639483269999998
0.18552126249999998
0.18455991189999998
0.18372225
0.1829917852
0.1823041128
0.1807485153
0.179178438
0.17773944949999998
0.1771939635
0.1757312099
0.1744108895
