0.4832267737333334
0.44152337760000004
0.42169203373333336
0.4050467421333333
0.39066192566666674
0.3837099399333334
0.37036321886666673
0.3571605075333334
0.3482599263333334
0.3409603441333333
0.3369833794666667
0.3281450243333333
0.3259743049333333
0.3193628676
0.3128481724
0.30722694133333334
0.29915964679999996
0.29197328459999994
0.286372869
0.27946457699999994
0.272166149
0.27313191519999996
0.2675314834
0.26121476653333336
0.2538171584666667
0.24773788680000003
0.24402130280000003
0.2405399234
0.23807969006666668
0.23678677893333333
0.23475358519999998
0.23189862833333333
0.23013732446666663
0.2281423852
0.22613804906666665
0.22550175873333334
0.22487143839999998
0.2263349009333333
0.22542187819999998
0.22597315973333332
0.2253413788
0.22298284493333329
0.22211471459999999
0.22115973706666664
0.21962997746666665
0.21846615586666665
0.21749493113333332
0.21554793853333332
0.21340815759999998
0.21047889153333335
0.20835656540000003
0.20563660653333335
0.20342377693333333
0.20234025646666667
0.20045951813333332
0.1993534881333333
0.19786387806666667
0.1958339018
0.19470404406666664
0.1935016977333333
0.1932011861333333
0.1931874538
0.19284685759999992
0.19204857179999998
0.1918389195333333
0.1911515277333333
0.19075712426666666
0.18976090113333335
0.18916905900000006
0.18823465786666665
0.18746556660000005
0.18686913646666667
0.18557750493333333
0.184082622
0.18320719173333336
0.18105921273333336
0.1783935028
0.17655837459999998
0.17503556726666666
0.17331549146666667
0.1717307308666667
0.1696054020666667
0.16845737693333335
0.16649392873333335
0.16475689226666665
0.16312878446666668
0.16182174286666667
0.16111923226666666
0.16019552173333335
0.15899355580000002
0.15837566886666668
0.15811837726666667
0.15781525786666664
0.1577969927333333
0.15779823706666665
0.15721719806666665
0.15692297653333334
0.15579614600000002
0.15543246193333335
0.15502435046666668
0.1544679148666667
0.1542691144666667
0.15377100466666668
0.1531185538666667
0.15251438213333335
0.15208612526666665
0.15142007866666668
0.1506363089333333
0.1497448849333333
0.14900774606666667
0.148566348
0.14761975759999996
0.1470178754
0.1461526778
0.144653584
0.1435756746
0.14213380953333335
0.14068111613333334
0.13941594340000002
0.13826599133333334
0.13689193413333334
0.135989779
0.13473941446666665
0.13351573673333336
0.13221566906666665
0.13094576506666666
0.13029398953333332
0.1294387618
0.1285603662
0.12801515986666667
0.12737282726666665
0.12687055340000003
0.12637048593333333
0.12603221553333335
0.12548313706666667
0.12545802646666668
0.1251184564
0.12519439533333332
0.12523156166666666
0.12492034146666664
0.12499695286666664
0.12463578973333331
0.12441788526666665
0.12433300646666666
0.12411205039999999
0.12375769266666665
0.12355779039999999
0.12342718593333332
0.12302857913333333
0.12270618206666666
0.12214043513333332
0.12164143493333332
0.12097480833333332
0.12027703113333334
0.11970210739999998
0.11891683959999999
0.11828815726666667
0.11765711946666668
0.11698322926666667
0.11643389726666668
0.115626107
0.11457395873333334
0.11389832273333332
0.11306290846666665
