0.2936456275333333
0.23725555313333332
0.22346584940000006
0.2080348282666667
0.19055760226666668
0.18554965253333336
0.17949261833333333
0.1736510654
0.16748176573333332
0.16320820706666664
0.16039099473333332
0.1566656896
0.1533668909333333
0.14908516926666668
0.1450855178
0.14250791693333334
0.14048256580000001
0.1378806404666667
0.13519788426666668
0.1328751692
0.13054163033333335
0.12929556986666665
0.12716073020000002
0.12482951506666667
0.1225239394
0.1210754978
0.11909852953333333
0.117621943
0.11641019053333333
0.1151468794
0.11378555406666667
0.11268347753333334
0.1114887674
0.11028440053333334
0.10896627873333335
0.10800282600000001
0.10710667293333333
0.10674152813333332
0.10637104906666668
0.10592853453333333
0.10526429499999998
0.10478672553333333
0.10425543933333334
0.10381799946666669
0.10285320446666667
0.10211341373333334
0.10108782320000002
0.10000802793333334
0.09894619413333336
0.0977763838
0.09681509206666665
0.09562646026666664
0.09447249119999998
0.0933350905333333
0.09244374140000002
0.09165180433333334
0.09071660773333333
0.0897931894
0.08900964333333335
0.08867050553333332
0.08818628093333332
0.08781027139999999
0.08748164846666666
0.08717070673333334
0.08718528826666666
0.08697910499999999
0.08685942213333334
0.08661227213333332
0.0863713396
0.08596724053333334
0.08553306253333331
0.08504130126666667
0.08440251006666667
0.08382403673333334
0.083297679
0.08269818973333334
0.08188879826666667
0.08081320333333333
0.07989277146666666
0.0787564022
0.07775731526666667
0.07667824600000002
0.07562700986666668
0.0746312804
0.07377672486666668
0.07298847266666668
0.07215817946666665
0.07147327606666667
0.0707215338
0.07004582853333333
0.06932448633333332
0.06874358513333333
0.06858511653333332
0.06840206639999999
0.0682344406
0.06804775413333333
0.067802497
0.06745910959999998
0.06716038393333332
0.06679997893333332
0.06636892786666666
0.06619350286666666
0.0660862112
0.0660245824
0.06572955346666667
0.0655297236
0.06539754920000002
0.06516252573333334
0.0649395898
0.06479587606666667
0.06464162173333333
0.06452372473333333
0.06436174659999999
0.064115516
0.06371568700000001
0.06336640266666667
0.06296537813333333
0.062423605400000005
0.06190170020000001
0.061442712600000005
0.06107540773333334
0.06077201226666667
0.060380979800000005
0.059992414
0.0595228406
0.05909286753333333
0.05868043766666666
0.058435655866666665
0.05819257966666667
0.05804707500000001
0.0579748952
0.05776357206666668
0.05763359593333335
0.05744862226666668
0.05748140466666667
0.05743137293333334
0.05730111613333335
0.05726134946666668
0.05716643453333334
0.05718420893333334
0.05702546193333334
0.05698487706666667
0.056896535133333336
0.05669665446666667
0.05653496433333333
0.056377658399999996
0.05634342146666666
0.05634007646666666
0.05625912513333333
0.05611413566666666
0.055910901466666656
0.055561759266666656
0.055161144066666654
0.05473288739999999
0.05431065339999999
0.054041829666666666
0.05361012393333334
0.05315332260000001
0.05280176526666667
0.0523064254
0.05177369386666667
0.05123302213333334
0.05059348413333333
0.0500699868
