0.5918055851999999
0.5583561231333333
0.5442953778
0.5295818760666667
0.5190171748666667
0.5117633062000001
0.49766897860000003
0.48028295213333333
0.4710648230666667
0.46145803326666673
0.4566858664666667
0.4444488658666667
0.44236658060000006
0.43016349693333333
0.4180925424666667
0.4124635916666667
0.40308792893333334
0.39464790580000003
0.38800351306666675
0.3792527662
0.3688728262666666
0.3735333458
0.3656668132
0.3582132319333333
0.3495329728666666
0.34185789206666667
0.3385272322666667
0.3355049630666667
0.33566590920000006
0.3360223110000001
0.334456878
0.32952674439999996
0.32599679739999987
0.3227368881333333
0.3191445239333333
0.3179558865333333
0.31724581799999996
0.3206422913333333
0.3172790595333333
0.31753919240000006
0.3161385993333333
0.3110027664
0.30864254779999994
0.3062037785333333
0.3042358873333333
0.30236188186666674
0.30157778773333344
0.29908469733333337
0.2966335330666667
0.2923859860666667
0.28949328913333333
0.2852489583333334
0.2821253894
0.28169062066666667
0.27870102426666665
0.2780081328666667
0.277328539
0.27450100019999996
0.27290609419999995
0.2708231432
0.2707941913333333
0.2714660428
0.2719934932666666
0.2712706366666666
0.2723363471333334
0.271351117
0.2713794578666667
0.27155532920000003
0.2713046474
0.27033208053333335
0.26917289273333334
0.2691958112666667
0.2682402503333333
0.26640641193333336
0.26537570373333336
0.2635450276
0.2604646720666666
0.2573304605333333
0.2555303295333333
0.2527314241333333
0.2506644121333333
0.2474317647333333
0.24421763600000002
0.24182524226666663
0.23969146000000002
0.23785353666666667
0.23546521046666669
0.2346653474
0.23367651293333333
0.2328549586
0.23125845966666667
0.2300762016666667
0.22991507646666667
0.23020986293333331
0.23059516366666663
0.23030116273333331
0.23029404113333335
0.2292905764
0.22820288366666666
0.22793746593333336
0.22709472006666667
0.22705357853333333
0.22628520533333332
0.22588231706666667
0.2240220864666667
0.22287247146666672
0.22237892486666672
0.22086024753333333
0.21906933313333335
0.21763272033333333
0.21727622906666666
0.2167083624
0.21581279520000002
0.2143338976666667
0.21238598140000003
0.2110923302
0.20984127006666664
0.2080032624
0.2064167547333333
0.2061269526
0.2055727688
0.20455861526666663
0.20400582599999997
0.20374377526666665
0.20292047519999998
0.20187392613333335
0.20090970640000003
0.2006922888
0.201213764
0.20063112026666668
0.19992772433333333
0.1986972948
0.1983163894666667
0.19839361673333336
0.19805556880000005
0.1976191565333334
0.19776603906666665
0.19744868146666666
0.19627531646666663
0.1955665931333333
0.19492241086666665
0.1945284884
0.19415398793333327
0.19316976140000003
0.19293606946666667
0.19260974846666662
0.19229693693333338
0.19197001006666667
0.19110646166666667
0.1902617242
0.18982997526666667
0.18855478613333335
0.18798660499999997
0.18759602326666666
0.18691087993333336
0.18607856806666667
0.18516310519999998
0.18415897906666662
0.18284906073333326
0.18177945133333331
0.18076112473333333
0.17985074633333337
0.1787944578666667
0.1776047174666667
