0.5891382723499999
0.5535038459500001
0.538988895
0.5288535965500001
0.5193726063
0.5103331348000001
0.5074440249
0.4949789762499999
0.48313779734999984
0.46913369255
0.46122526500000005
0.44974431039999996
0.44683650785000006
0.43889396534999997
0.43245557214999997
0.42917319784999997
0.42083050485000006
0.40940708800000003
0.4018751901
0.39075852459999993
0.38084510815
0.38568589675
0.38345090875
0.37668621280000003
0.36981672044999997
0.36259170700000004
0.3564378804
0.3523639552000001
0.35167919885000004
0.35236320364999996
0.35205625949999997
0.35099430514999996
0.349658026
0.3455538735
0.34279573864999996
0.3416559918
0.33883437110000003
0.342248679
0.34184484335
0.34172774610000006
0.34106455995000007
0.3374905261000001
0.3343559837
0.3316380023
0.32877118375000003
0.32823957005000004
0.32787451580000004
0.32646167994999997
0.3245610064
0.3220574064
0.3196268525
0.31662501365
0.31266224535000003
0.31292436625
0.31054989950000006
0.30945443305000003
0.3093817986
0.30686662524999997
0.30491560165
0.3037342647
0.30224180685
0.30180445575
0.3014999863
0.3012249919
0.3008277542
0.29981132749999995
0.29865059045
0.29599494044999997
0.2944271661499999
0.29340944765000004
0.29165451025
0.29035423904999996
0.289817575
0.2877965829
0.28550080299999997
0.2827643557499999
0.28035192144999993
0.2788962560999999
0.27785390974999996
0.2762768188
0.2750315752
0.2717160605000001
0.26955963295000007
0.26760506345
0.26617575730000004
0.26463211815
0.26307859410000006
0.26286766335000006
0.2618021622000001
0.26060317930000004
0.25970780350000006
0.25893811835
0.25824383115
0.25745409509999995
0.25776952924999996
0.25711221135
0.2563696338
0.2549550178
0.25378240605
0.25243424994999997
0.2508881339
0.25123254934999995
0.25060961319999997
0.24963447819999995
0.24882258295
0.24783098875
0.24673165705
0.24493326270000004
0.24275281054999995
0.24084817220000004
0.23834873254999994
0.23666811869999999
0.23454157385
0.23265577915
0.23042174895
0.2287342878
0.22687510285
0.22556644665000003
0.22432751135
0.22303802785
0.22196703234999998
0.22063613625
0.21910386965
0.2174570064
0.21556149109999997
0.21417963794999997
0.2125672099
0.21157531830000004
0.2114637063
0.21100884605
0.2110639462
0.21015532924999997
0.21005046805
0.20988969659999998
0.21001411584999996
0.2096841891
0.20980366020000002
0.20921767604999997
0.2084286095
0.20815555885
0.20733306555000003
0.2067924358
0.20588426850000002
0.2054662258
0.20516983435
0.20428616765
0.2039623046
0.20315534789999998
0.2020437276
0.20107242794999997
0.20023110805000002
0.19960465254999996
0.19848469634999993
0.19719107165
0.19576187769999995
0.19481632885
0.19336817870000003
0.19247441020000003
0.19125370765000002
