0.2597175972
0.21658305065
0.20524697780000004
0.19284057655
0.1790401889
0.17432582955
0.16983451074999997
0.16485361544999996
0.1591550979
0.15498366744999997
0.15252721704999997
0.14900475875
0.14617274139999997
0.14285406120000002
0.13977101590000002
0.1373895993
0.13561306320000002
0.13301813840000004
0.13043659165000002
0.12801494175
0.1259702135
0.12453894415
0.12283177365
0.1208514165
0.1189376717
0.11757313655000001
0.11601809970000002
0.11476414875000003
0.11375348465000004
0.11268158660000001
0.11151078110000001
0.11058114355000001
0.10966380415000002
0.10881646525
0.10780496575000001
0.107012212
0.10615731089999998
0.10565280549999997
0.10509277980000001
0.10418462049999999
0.10335157349999999
0.10251006995
0.10155371245
0.10065548735000003
0.0996537149
0.0987829346
0.0977883806
0.09690159699999999
0.09610448275000001
0.09541306275
0.09474894575
0.09386476199999999
0.09294155144999999
0.09207172549999998
0.09124109875
0.09054306295
0.08977772935
0.08897336930000001
0.0881700178
0.08790277775
0.08743220304999999
0.0871170798
0.08685478014999999
0.08667334185
0.0865562053
0.08628742359999998
0.08592589274999998
0.08538906559999998
0.08493843514999999
0.08438155195
0.083827852
0.08315687225
0.08223837975
0.08133236390000001
0.08046720025000001
0.0796104788
0.07876806075000001
0.07796380119999999
0.07726877210000001
0.07649978275
0.07579444935
0.07489996075000002
0.07403481855000002
0.07320108080000001
0.07244049295000002
0.07167141985000001
0.07093358515
0.0703753346
0.06976588615
0.06916977144999999
0.06862265209999999
0.06820333479999999
0.06794823089999999
0.06771948144999998
0.0675324653
0.0672531588
0.06703640340000001
0.06687921955
0.0667460573
0.06640511439999999
0.06607735804999999
0.06586311244999998
0.06564227184999999
0.06542942815
0.0652323071
0.06511050365000001
0.06503843950000002
0.06478070345
0.06450456865000001
0.0641434001
0.0637421452
0.06340856425
0.06310259139999999
0.0628020445
0.06238716465000001
0.06210721795
0.0617969945
0.06136334830000001
0.06090530185
0.06057727245
0.0602828616
0.06000060585
0.05973555105
0.05944431105
0.059081799299999994
0.05874210029999999
0.05833844975
0.0580564784
0.057801874200000006
0.0577114529
0.05765594565
0.057548798
0.05749165635000001
0.05735385260000001
0.05738339470000002
0.05724540225
0.057160254450000024
0.05712221755000001
0.056972491400000005
0.056840892100000005
0.056705693450000004
0.056585687600000004
0.056484793850000006
0.0563517833
0.0562617484
0.05610795034999999
0.055897438399999985
0.05563731745
0.05531705145
0.05500533124999999
0.054703244799999995
0.054392010299999995
0.0540411974
0.05369898944999999
0.053182554449999996
0.052766867399999993
0.0522717964
0.05175750560000001
0.05138178255
