0.53193375136
0.5080102733999999
0.4954775247599999
0.48159746367999995
0.4680017620399999
0.45721738919999994
0.4520814760399999
0.44044883783999994
0.43134784488
0.42237673688
0.4158035649200001
0.4061653959600001
0.40042941512000013
0.3932708560800001
0.3860335948800001
0.38196513548
0.37611293887999997
0.37020327591999996
0.36524788355999993
0.35820484371999994
0.3508335322799999
0.35119613551999995
0.347877145
0.34235108392
0.33698863128
0.33256557696
0.32984356724
0.32739484156000004
0.32554019364
0.32570158483999995
0.32417014008
0.32086184136
0.3186000611199999
0.31616804284
0.31319471639999996
0.31092696563999994
0.30802280068
0.30792787548
0.3054032646
0.3027004392
0.3011468151999999
0.29787660288
0.29536709735999994
0.29315502052
0.2913088127999999
0.290300893
0.28954291812
0.2877025828
0.28626956648
0.28420188796
0.28262994852
0.28055493556
0.27873859664
0.27779821088
0.27557873204000005
0.27427432580000005
0.27410261776
0.27311476619999997
0.27221554183999996
0.27096652872
0.27038749952
0.27011373223999996
0.2691959146
0.2681332938
0.26799571856
0.26706099159999996
0.2656843638
0.26386163932
0.2621020362
0.25999697196000005
0.25786809336
0.2561645532
0.25494474768
0.25356703068
0.2522875188
0.25062310671999993
0.24851323284000004
0.24679902707999996
0.24557681956
0.24430688543999998
0.2430053972
0.24090241008
0.23887748768000003
0.23744516552
0.23615482184000006
0.23454505536000003
0.23282349111999998
0.23157494331999998
0.23064491371999998
0.22982457612
0.22875292220000001
0.22846657671999998
0.22817187396000002
0.22778801208000002
0.22708128284
0.22633023280000003
0.22587070616000002
0.2248630546
0.22379162004
0.22291957804000004
0.22219867079999997
0.22156938227999995
0.22026341199999996
0.21903934455999996
0.21754318979999993
0.21665324451999995
0.21632561776
0.21502478551999998
0.21351214716
0.2124003562
0.21149319644000003
0.21042945064
0.20969220436
0.209116155
0.2079093836
0.20706619443999996
0.20588305899999995
0.20490766207999997
0.20423821271999995
0.20350861007999999
0.20288639624
0.20211663972
0.20149847067999999
0.20110671732
0.20065406528000002
0.19969895291999998
0.19906405664000001
0.19867373611999997
0.19828100627999998
0.19781775063999998
0.19736424284
0.19669539
0.1965980974
0.19629001672000004
0.1955940802
0.19510858404
0.19475963271999996
0.19427698111999997
0.19352432915999995
0.19305881467999997
0.19247258239999998
0.19165110447999997
0.19105032583999992
0.19011036184
0.18958560643999994
0.18905474907999997
0.18857487624000005
0.18810365116000002
0.18696328312000002
0.18582840972000003
0.18499376496
0.18401045708000002
0.18308444695999998
0.18232196976
