0.55746628796
0.5350133094400001
0.5239733346000001
0.5104352516
0.49660431396
0.48547205532000004
0.48065679143999995
0.46885439219999997
0.46021162571999996
0.45137658588
0.44478545720000007
0.43524112508
0.4287685264800001
0.42054635804
0.41240870516
0.40884818204
0.40285564032000004
0.3973336474
0.39236417436
0.38484008783999996
0.37622903567999993
0.37736053699999994
0.37467338275999995
0.36869573343999995
0.36299679184
0.35885055508
0.35549701564
0.352597632
0.35014448664
0.3503062227599999
0.34913003864
0.34651317363999995
0.34509826339999994
0.34290706044
0.33982644432000003
0.33836127171999997
0.33618365732
0.33729276396
0.33617442412000004
0.33525021516000003
0.33414460520000006
0.33111143224
0.3290819997200001
0.32699556832000004
0.3247893406000001
0.32447867148
0.32364672224
0.32083626412
0.31914062056000003
0.31685557944000003
0.31504857748000004
0.3132231684
0.31086514280000005
0.31039644295999996
0.30857726516000006
0.30682992376
0.30655972504
0.3046938098
0.30367854296
0.30253022164
0.30114201924
0.30003948372
0.29839316512
0.2972268994
0.29649995172
0.29521062363999995
0.29363050084
0.29152098015999994
0.28972908175999995
0.28761029672
0.28555858007999996
0.2842046946399999
0.2838523514
0.28234007776
0.2811588005999999
0.2792916374799999
0.27642713455999995
0.27484821596
0.27383011239999994
0.27248341571999996
0.27105426828
0.2690587944
0.2674873067600001
0.26568863564000006
0.26432029180000005
0.26312780444
0.26186052316
0.26132009272
0.26015062492
0.259098362
0.25792474096
0.25701701044
0.25596230564
0.25512873628
0.25470555815999996
0.25379066
0.25313163688
0.25221890164
0.25125456716
0.25052002704
0.24929379912
0.24907127163999998
0.24778621056
0.24580683332
0.24405822372000002
0.24210109596
0.24073214284000002
0.23865922112000004
0.23683351847999998
0.23495321772000005
0.2331459284
0.23136659804
0.22982039804000004
0.22862746928000002
0.22692035704000002
0.2256745168
0.22454483884
0.22353798312000003
0.22219424744000002
0.22102181995999998
0.21992700235999998
0.21813900007999998
0.21655877464000003
0.2152702158
0.2138072342
0.21268746192
0.2114710806
0.2107529854
0.21054302732
0.21028597263999999
0.21021429364
0.20987503123999995
0.20956127979999997
0.20924573355999995
0.20910740495999997
0.20855353899999998
0.2084787052
0.20779224059999998
0.207105219
0.20672726516
0.20578231060000005
0.20479993476
0.20379995724
0.20293959275999998
0.20221598368
0.20152863799999998
0.20110103472
0.20028048783999997
0.1991249196
0.19808839796
0.19721619976000004
0.19644531079999997
0.19550043351999996
0.1943369424
