0.42056175772
0.3925217586
0.3777583413600001
0.36469016292000006
0.3513973417600001
0.34334516996000014
0.3362570530400001
0.32654086908
0.31861760328000005
0.31150817004
0.3060809824
0.29861509803999997
0.29429975808
0.28884653676
0.28374579479999995
0.27926842556
0.27402051371999997
0.26906707515999995
0.26450993168
0.25907225372
0.25397135712
0.25317829872000003
0.25032695924000004
0.24654707860000002
0.24261479300000002
0.23919200996
0.23665094648000004
0.23451611568000005
0.23248194312000006
0.2316207872
0.23013708804
0.2283144326
0.22715193316
0.22538205252000001
0.22317149399999997
0.22175136123999997
0.21979610827999999
0.21913683231999997
0.21786311324
0.21661183283999996
0.21556321711999998
0.21362012871999997
0.2122464278
0.21103828295999996
0.20982443071999995
0.20889702979999997
0.20789358244
0.20656987955999997
0.20531904783999994
0.20358968319999998
0.20237101768
0.20078571752
0.19904400632000002
0.19783912940000004
0.19613128872000002
0.19504930648
0.19428469631999998
0.19283413971999994
0.19184387611999998
0.19098723895999994
0.19029667624
0.18951810564
0.18858761939999993
0.18772372648000002
0.18722666332
0.18599260607999998
0.18443985527999998
0.18292476492
0.18145631588000005
0.17984487272
0.17847565212
0.17732961071999997
0.1764082248
0.17491780692000003
0.17374035568000004
0.17225323524
0.17069867908
0.1695510442
0.16861189644
0.16751944508000002
0.16632709076000002
0.16485660708000002
0.16375737896
0.16263307612000003
0.16158302024
0.160326631
0.15936191476
0.15853940944
0.15772771088000004
0.15683065092
0.15629845652
0.15622404608
0.15587862224000001
0.1554616884
0.15503877948
0.15454032739999998
0.15394541304
0.15306473816
0.15258364984
0.15213353252
0.15158916911999998
0.15084072359999998
0.15007859532
0.14930200452
0.14822666784000002
0.14741845996
0.14663330544
0.14559813719999998
0.14443305879999996
0.14331943204
0.14234516904
0.14138549452
0.14043069924
0.13943361472000002
0.13844832368
0.13747587924000002
0.13645564864
0.13547924960000002
0.13456709192000005
0.13352713448000003
0.13259048116000002
0.13190359028000004
0.13103864340000002
0.13020545716
0.12920466664
0.12848017612
0.1278847138
0.1273366112
0.12688094504000003
0.12660837816
0.1263286462
0.12595683676000002
0.12572131108000004
0.12551732976
0.12503476992
0.12470993628000002
0.12444439712
0.12425130628
0.1239131626
0.12349897443999998
0.12319697815999998
0.12269318104
0.12225823912000001
0.12191094400000001
0.12162054668
0.1212550536
0.12080739907999999
0.12049329119999998
0.12008793799999999
0.11960522604
0.1188107846
0.11811769852
0.11747366272000001
0.11661197068000001
