0.3952268575333333
0.37034151220000006
0.35683265916666673
0.3457098055666667
0.3350632513333334
0.32793804446666674
0.32174756703333335
0.31234599546666675
0.30473734643333344
0.29738875130000003
0.2923606331333334
0.28608316356666663
0.28325711416666655
0.2787212788333333
0.27481747566666664
0.27099026326666664
0.26552913756666663
0.2610553045333333
0.2572576271
0.25280131303333336
0.2488339538666667
0.24900167680000002
0.2469331921666667
0.2433183223666667
0.23989515910000003
0.23653963280000004
0.23350207386666672
0.23132731900000003
0.2296197135666667
0.2282083782
0.2266098705333333
0.22469677973333332
0.2228426315
0.22077527140000003
0.21830847029999997
0.21692916206666665
0.21525402246666664
0.2148793389333333
0.2138810673333333
0.2132163389333333
0.21234743346666665
0.2104233615
0.2089743082
0.2079318905666666
0.20656583759999994
0.20583367099999997
0.20534119246666666
0.20419739806666665
0.20272836469999997
0.20115890553333332
0.19975404656666665
0.19819686539999998
0.19659233903333334
0.19575465773333336
0.19434708799999997
0.19340952736666664
0.19236650726666665
0.1907057033666666
0.1893933330333333
0.1883544447333333
0.1871301994333333
0.18579047829999998
0.18470261609999997
0.18354206953333335
0.18257720549999998
0.18144112929999998
0.18018126316666666
0.17910913903333334
0.1778314938666667
0.17649577506666667
0.17529717553333335
0.17434543966666669
0.17334836860000002
0.1721390718666667
0.17110037376666667
0.16971744079999998
0.1682559400333333
0.16718681623333334
0.16641628
0.1655568642666667
0.16447396446666668
0.1632641893
0.16212676146666666
0.1609631953333333
0.15989062136666662
0.15879834966666664
0.15804542866666665
0.15744511846666667
0.15665703780000004
0.1557539689666667
0.1552308970666667
0.1547692279666667
0.1542257834
0.15377093883333337
0.1534029915666667
0.15289177303333334
0.1522713670666667
0.15140701070000004
0.15079256986666667
0.14983896723333331
0.14902179473333327
0.14820146199999995
0.14722606039999997
0.14626724863333335
0.14539018673333332
0.14448902969999997
0.1437049288333333
0.14268786169999997
0.14163031083333333
0.1406117075666667
0.13975605653333334
0.1389568735666667
0.1382283186
0.137356522
0.13633437193333334
0.13547425093333337
0.13450218146666668
0.13352580103333336
0.1327240794666667
0.13187456420000002
0.13117498030000002
0.13055411770000003
0.1299669049
0.12937364920000002
0.12856800526666667
0.1279713589666667
0.12746488963333336
0.12692832353333333
0.12644668633333336
0.12606360513333334
0.12556525996666668
0.12521417190000003
0.12489883593333335
0.12453039733333335
0.1240946595666667
0.12379923080000002
0.12337994566666667
0.12308460183333333
0.12275429639999999
0.12231122443333331
0.1219568962333333
0.12146197349999999
0.12103750236666667
0.12065811786666666
0.12027297383333332
0.11969189983333334
0.11906587456666666
0.11866275433333333
0.1180457438
