0.4822214312
0.3278543476
0.300034715
0.26891700900000004
0.2265361344
0.21613033399999998
0.2093409742
0.19931378900000002
0.1893648838
0.1846781164
0.1825851174
0.17457133760000001
0.17104904420000003
0.165822592
0.16045855600000003
0.1579335062
0.15456554320000002
0.15059036300000003
0.1472578214
0.1444879488
0.14065436059999997
0.140860188
0.1384612656
0.1341750944
0.1303100486
0.128935884
0.1260219662
0.1245902928
0.12416073700000001
0.1238275102
0.12203464639999999
0.12100455539999999
0.11843063219999998
0.1161527138
0.1134342594
0.112255963
0.11026906699999998
0.109844904
0.1089171208
0.10817886859999999
0.1070660528
0.1067768102
0.10619076599999999
0.10578336699999999
0.10528570820000001
0.10468646220000002
0.10427414160000001
0.1041889144
0.10441265940000002
0.1043210268
0.10404037000000002
0.1033092248
0.1023866376
0.101257972
0.0989528784
0.097613409
0.0956801032
0.0934485318
0.091167951
0.09005524620000001
0.08879149720000001
0.08789005280000002
0.0875823042
0.0875793486
0.0883230996
0.0885505068
0.0885796672
0.0883487322
0.0882816304
0.08763317080000001
0.0872168388
0.0869610942
0.08651390900000001
0.0856511412
0.0855995944
0.0851699694
0.085037505
0.08497417520000002
0.0851812472
0.0846689564
0.0842123794
0.0831253046
0.081719446
0.0806397218
0.0796244862
0.0787122204
0.07750358519999999
0.0757459888
0.0738573454
0.071975764
0.070347346
0.0694058482
0.06941559480000001
0.06939677400000001
0.0697299244
0.0699058516
0.069565105
0.06925824459999999
0.068910482
0.0684317972
0.0677202614
0.0672598022
0.0670815102
0.0668989432
0.06654160020000001
0.0665171494
0.06658258380000001
0.066037574
0.06567172660000001
0.0654265394
0.06486937279999999
0.0647381226
0.0651395494
0.0655030774
0.06522052079999999
0.0652026486
0.06487194119999999
0.0643104538
0.0636439654
0.063740568
0.0638528438
0.06396111039999999
0.0636352366
0.0631995052
0.06218597220000001
0.06104371559999999
0.0600630828
0.0593251258
0.05886163
0.05840159760000001
0.0583296638
0.058291843600000004
0.058182577
0.05791610680000001
0.057980951999999995
0.0579052232
0.05768638660000001
0.05779926479999999
0.0578000022
0.0577586754
0.057689798599999995
0.057312485999999996
0.056918946000000005
0.0566297578
0.05670458660000001
0.056699097
0.0569044758
0.0570658376
0.05706954360000001
0.0570893648
0.0566874902
0.0567376694
0.056704821800000006
0.056390662
0.0558109416
0.055746388
0.055388119199999995
0.055249570000000005
0.055317169799999996
0.0554421006
0.055298826200000005
0.0545594892
0.05352904039999999
0.0524908304
0.051678918
0.051080274800000006
0.050882763399999996
0.050681357399999995
0.0505972956
0.0497982576
0.048941980600000004
0.0482568138
0.0475700546
0.04712183439999999
