0.6546352954000001
0.540763808
0.5082916096
0.4811708169999999
0.4528386578
0.4372233548000001
0.437409912
0.40257718240000007
0.38419139480000003
0.3656035338
0.35782167099999995
0.3463964128
0.3542073092
0.3497780146
0.3535435854
0.356084794
0.3272833318
0.314697031
0.31081036959999997
0.3037339132
0.29704367340000004
0.3107553284
0.3090185746
0.29750021860000003
0.28126701860000003
0.26855235660000004
0.25944028020000004
0.25220424820000004
0.25080801880000003
0.25339279919999996
0.250902417
0.24920013700000002
0.2413716274
0.23533606219999997
0.22679165760000003
0.2237588868
0.2234234912
0.2280438946
0.22809498920000001
0.23017588
0.22959945180000002
0.2230722568
0.22099645140000002
0.2209961042
0.2214466096
0.22314693759999998
0.22811856719999998
0.2299643568
0.22717454119999997
0.2262969896
0.22327774700000003
0.2177577108
0.21538333559999998
0.21530856580000002
0.2111463332
0.20897378299999997
0.20660851539999997
0.20129612319999998
0.19774136579999999
0.1939933518
0.1928181662
0.1925435934
0.193591872
0.1939708378
0.1962388694
0.19626851520000002
0.1944395254
0.1926137102
0.19239992860000002
0.19027287199999998
0.190516877
0.19257924259999998
0.19233499059999998
0.18977494900000003
0.18900501720000001
0.186669191
0.1852526048
0.1843340026
0.1853322994
0.1854260844
0.18521063180000003
0.18277556199999997
0.1800635216
0.17714061760000002
0.1751904736
0.1712978154
0.1671523416
0.1652775996
0.16263378480000001
0.15932991640000002
0.15868374540000002
0.1588883026
0.16003100960000002
0.15970738380000002
0.15975028679999997
0.1594047926
0.1594245844
0.15804908759999997
0.1582453966
0.15790046419999998
0.1570384686
0.15604224479999998
0.1553656764
0.15543819779999998
0.1557439602
0.15520833299999998
0.1553021004
0.153973674
0.1526137914
0.151428627
0.151156943
0.15146299820000003
0.15197366359999998
0.1513036724
0.15037055920000003
0.1498930998
0.14749513740000003
0.1459615892
0.145317191
0.145224052
0.1446490012
0.14390113720000003
0.14311837340000003
0.14183717
0.1383661408
0.1361849228
0.13500515399999996
0.1329633858
0.1310934692
0.1312077812
0.1298418784
0.12906304580000003
0.1281364842
0.127616571
0.1270730852
0.126810494
0.1268137688
0.1272164154
0.1269710584
0.12576461319999999
0.1254661094
0.12473484559999999
0.1237585582
0.1235090172
0.12361171280000001
0.12409747600000001
0.1238067548
0.1246082124
0.1252146094
0.1253846984
0.1254272732
0.1253657688
0.12488688519999999
0.12427539280000002
0.12333973999999999
0.1217483288
0.12150084759999999
0.12078646019999999
0.1195957352
0.1193941078
0.1192457034
0.1180576884
0.1172510796
0.1169599654
0.11637247440000001
0.1157564866
0.1153059358
0.1149338186
0.1143939872
0.11353510959999999
0.111876131
0.110358252
0.10951007000000001
0.1078347728
