0.5791437528000001
0.5499627226000001
0.5349975651000001
0.5225268241000001
0.5142810215
0.537672855
0.6088024595999999
0.5998897660999999
0.6181626586
0.5974375418000001
0.5588936939000001
0.5319027557000001
0.4854594724
0.44501590809999997
0.40988944250000003
0.37200367999999995
0.36139244389999997
0.3991425177
0.45205775270000004
0.47011617670000005
0.4547100059000001
0.421529196
0.4206931642999999
0.4229482301
0.4226695476
0.4229024685999999
0.42410511619999997
0.4141344854000001
0.3905289479
0.392569067
0.41295320560000004
0.43638166600000006
0.4145407864
0.38373856399999995
0.3586196775
0.32339775670000004
0.29328769620000006
0.2903860226
0.3122255918
0.3436886232
0.35373428259999995
0.34092937649999994
0.3436665754
0.35075959659999995
0.3502253817
0.3602732515
0.3659133422
0.342631818
0.3088101577
0.2861905707
0.29209978979999995
0.30088006139999995
0.2960486395
0.28105817499999997
0.2799897285
0.2713652324
0.26758542739999996
0.26686858650000006
0.2721756486000001
0.26988781370000003
0.26969754389999995
0.2807369367
0.3085699523
0.3224981278
0.30103479580000003
0.28219338130000005
0.2720807188
0.2775068968
0.28580936800000006
0.28192663160000003
0.2631431578
0.2477625974
0.23629092570000002
0.2582514232
0.2897942084
0.3063216916
0.2962957314
0.281411875
0.2718414723
0.27491932379999995
0.27537256320000003
0.27090682250000003
0.2643200589
0.2444972332
0.2288504931
0.2329947228
0.2418270802
0.23653470320000003
0.22731014469999997
0.2243434251
0.2367328133
0.24994572439999999
0.2555094678
0.2470092706
0.24489104339999995
0.23999701300000004
0.2420191005
0.24842955659999996
0.2558310664
0.24356557610000001
0.22881043280000002
0.21870197530000005
0.2143544828
0.21444277279999996
0.21778725540000005
0.2207845909
0.22071030040000003
0.22404326130000002
0.22005452120000002
0.22092317699999997
0.2188170801
0.22184150809999997
0.2230041457
0.22912861539999999
0.2212586168
0.21084450920000003
0.2020424699
0.1980895043
0.19695399829999996
0.20334957699999995
0.20085799180000002
0.1938596465
0.1886270976
0.1913339743
0.2002534173
0.2013778597
0.2040751255
0.20483685729999998
0.20366108
0.1963789653
0.1976065153
0.19326110700000004
0.18702834730000004
0.17869336630000002
0.17467416470000002
0.1805997018
0.18941408180000002
0.18124219040000003
0.1747507385
0.17439401799999998
0.1756922226
0.17954246699999998
0.18285859189999998
0.1795419049
0.1744782281
0.1735492006
0.1681099245
0.175401539
0.18159130279999997
0.18115381779999998
0.1786806252
0.17574650949999998
0.17527554829999997
0.1797720797
0.17843511429999998
0.17297882459999997
0.17114891429999998
0.17265937739999998
0.17230580280000002
0.1735964126
0.1678388971
0.16450911390000003
0.1638234135
