0.6691981108
0.6479703208666666
0.5981970181999999
0.5377845620666667
0.4776988982666666
0.4435662889333333
0.47470439133333325
0.4755940369999999
0.5157350625999999
0.5311229153999999
0.5271292223333334
0.5201527449333333
0.5067004966666666
0.48498175566666657
0.4381187478
0.37963958006666665
0.34774899593333336
0.3576848559333334
0.38035606526666677
0.41080414946666666
0.43377170086666667
0.44414196806666667
0.45626582246666664
0.4504761998666666
0.43429527093333337
0.41630402566666663
0.3975296088666668
0.36573270406666664
0.3449115221333333
0.34937745786666663
0.3567318775999999
0.3614711474666666
0.3668618370666667
0.37380603613333335
0.3729388225333333
0.3601595174666666
0.3387108354666666
0.3156164116
0.3071795256
0.30993196733333334
0.31586844393333335
0.3163141654
0.32381188266666666
0.32246515299999995
0.32635826006666663
0.33537566313333333
0.33380063093333334
0.3110648112666667
0.2851174819333334
0.2695022252666667
0.2635104560666667
0.2706279717333333
0.2770812785333333
0.2758722738
0.27479243166666667
0.2790456690666667
0.2849342975333334
0.2921628148666667
0.2904283910666667
0.27438781326666667
0.25765862786666666
0.2536327845333333
0.26384278373333336
0.27771023100000003
0.2749620224666666
0.26769705740000005
0.25897461466666666
0.26073041706666666
0.2760458993333333
0.27998772926666665
0.2650896654
0.24702509406666665
0.235600824
0.2395013248
0.25168544800000003
0.26107273826666666
0.2596434706
0.25341480806666666
0.2461596102
0.24871773773333333
0.255407359
0.25234565393333336
0.23924251646666667
0.22238852820000002
0.2182880046
0.22816539626666665
0.23959356699999998
0.24275074866666665
0.23700554026666668
0.23126770606666666
0.23060347199999998
0.236477095
0.23684962873333334
0.2337952090666667
0.22503884140000002
0.22003471300000002
0.22277013326666667
0.22490813953333336
0.22186818626666668
0.21839084266666667
0.2122242936
0.20508251473333333
0.2035309866666667
0.20684885593333335
0.20739328373333335
0.20438466613333334
0.20231816053333332
0.2045044568
0.20367975279999997
0.19980993186666668
0.19367265346666668
0.19055789999999997
0.19202482693333334
0.19246509039999998
0.19169547893333333
0.18835853453333332
0.1896287027333333
0.18547722273333336
0.18482466933333336
0.18540942733333335
0.1812213602666667
0.17389553466666666
0.17151349806666663
0.1728762534
0.17599132013333332
0.1759654868
0.17252513273333334
0.16973023986666672
0.17313398026666665
0.1714143928
0.172735353
0.17178520453333335
0.1643441382666667
0.15811135413333335
0.15695709686666665
0.1635592951333333
0.16492349080000002
0.1588500726
0.1538683778
0.1556142374666667
0.16150110086666666
0.16527443033333336
0.16758147266666665
0.16653237046666666
0.16184027086666664
0.15741118326666664
0.15302918193333334
0.16063969873333334
0.16185906073333334
0.15586075753333334
0.14994747519999999
0.1546426428
0.1591652648
0.16160522666666666
0.16047026766666667
0.15565721466666668
0.15352567393333333
0.1521193228
