0.6733221342666666
0.6529298673333336
0.6040220623333334
0.5408996592
0.47875397960000005
0.44381806686666664
0.4741820912666667
0.47620914006666665
0.516237268
0.5356513576
0.5352287524
0.5272163482000001
0.5134520307333333
0.4939202782666667
0.4493107497333334
0.3885095008
0.3493332488666667
0.3567447388666667
0.38609431566666674
0.4191393614666667
0.4445679355333334
0.4553512551999999
0.4659020393999999
0.45759563813333326
0.43776383273333325
0.4158091845333332
0.3993260636
0.36701025133333337
0.3405481898666667
0.34480836200000003
0.35702643606666673
0.3698569220000001
0.37903061160000007
0.38378054593333333
0.3851098831333334
0.36969706053333334
0.34387557046666667
0.32003164466666667
0.31403528899999994
0.31657923846666663
0.3219064666666666
0.3228780394666666
0.3310912993333333
0.3338282750666666
0.33682381193333344
0.34883174926666666
0.34893714726666675
0.3238067226
0.2932570111333333
0.2741133086666666
0.2669937665333333
0.27398207339999997
0.27989264006666664
0.28143897639999993
0.2832654332666667
0.2884479442
0.29215287693333336
0.3010988121333334
0.30238232453333336
0.28400945873333333
0.26038949419999996
0.2547825116666667
0.26753147826666673
0.2846064384
0.284556702
0.28296656113333335
0.2789376569333334
0.28071370493333336
0.29309950760000003
0.29728038853333333
0.28480559266666666
0.2651550414666667
0.2494260934
0.2508353347333333
0.26714638733333335
0.27841934906666665
0.2781550594
0.27192247966666666
0.2655580844
0.2618962962
0.264706636
0.26119803
0.24958861173333335
0.23020781573333332
0.22351253179999997
0.23202676353333335
0.24725505473333334
0.2546542082
0.24900328326666665
0.2418774426
0.24112293586666667
0.24193954866666664
0.2389949435333333
0.23776370453333331
0.2333225871333333
0.22923723686666667
0.2318383181333333
0.2398673946
0.24042503533333331
0.2375066628
0.23049078760000002
0.22244926600000003
0.21801747253333337
0.2197938716
0.21734400953333338
0.21511728160000002
0.2183865898666667
0.2229171206666667
0.2226234013333333
0.2226353566
0.21851350519999999
0.21134292906666666
0.20717415353333335
0.2081346886
0.2077188906
0.20183288220000004
0.20048615393333336
0.1993063448666667
0.20347637006666666
0.20885551679999997
0.20688735826666668
0.19949867400000001
0.19506262793333332
0.19115633166666665
0.1911324562666667
0.19300755293333335
0.19463191200000002
0.1919322402
0.19130261540000001
0.18973857526666665
0.1933818316
0.19653496420000002
0.1901393564666667
0.18010084113333333
0.17389285673333335
0.17588379486666667
0.17827680633333334
0.17728006326666668
0.17522316533333332
0.17513808379999998
0.1773436218
0.1797675092
0.18238815093333333
0.1820327988
0.1782126254666667
0.1746044104666667
0.16916509146666667
0.17330230186666665
0.1785707261333333
0.17783214799999997
0.17553468980000003
0.17417180740000002
0.17558867460000002
0.17720873073333335
0.17762474846666665
0.17079754146666665
0.16676455106666666
0.16558355153333335
