0.5336544254
0.51755889172
0.50355259312
0.48566444552
0.45472609452
0.43121127280000005
0.4422145902
0.44154159227999995
0.47203463596000006
0.48350317008
0.48536406052
0.4818307359199999
0.4701259328
0.4475352218799999
0.4219509524399999
0.39241117032
0.3778514263599999
0.37753666356
0.38291765463999994
0.39190305016
0.39584765644000003
0.39283044204000006
0.3988258520000001
0.40271816392000004
0.4031482978400001
0.3955865488800001
0.38117172168000013
0.36268866828000007
0.3502715988400001
0.35361993528
0.36108525892000004
0.36979191892
0.3673892836
0.35787110332
0.34876004108
0.3392356172
0.32419086616000004
0.30755829779999994
0.29956816728
0.30035251292
0.30274656464
0.30378310144000004
0.30835778144000003
0.3115958976
0.31509321484
0.32398327332
0.328376069
0.32156993244000004
0.30639292256
0.28826984388000004
0.27638436796000004
0.27435218776000003
0.27893421332
0.28487742571999997
0.28563977764000004
0.28346735628
0.28093407232
0.28197413856
0.28905008987999997
0.28896078636
0.2813516752
0.27701290108000004
0.27800573476
0.28369548332
0.28244751152
0.28101370868
0.27542997052000007
0.27279231028000006
0.27186445656
0.2657406815200001
0.25836535436
0.24941330444
0.24115692864000007
0.24016803504000006
0.24659042116000005
0.25947678096000004
0.26496331092000003
0.26432044584
0.25648782376
0.25254954432
0.25284685279999997
0.25201939843999993
0.24915716291999995
0.24018429971999997
0.23248504807999995
0.23131835555999994
0.23577965687999997
0.23717168811999997
0.23330183823999995
0.23261867052
0.23239910148
0.23253025600000002
0.23367204096
0.2329487212
0.23379044079999997
0.22960972928
0.23012781044
0.23450034568
0.23920952896
0.23479922984
0.22525572615999997
0.21925275227999996
0.21585684619999998
0.21483016484
0.21515358232
0.21165040091999998
0.20964795199999997
0.20677714992000001
0.20660249436
0.21176280624
0.21275100604000002
0.20945621348
0.20915115775999996
0.21200138808
0.20998739939999997
0.20682753459999997
0.20424172755999997
0.19897056831999996
0.19660829447999997
0.19539471164000002
0.19615862863999997
0.19860681543999997
0.19335194996
0.18864922587999997
0.18937626383999998
0.192991146
0.19365858871999997
0.19125113312
0.19071528548
0.18830345864000006
0.18803679420000002
0.18784407020000005
0.18823382588
0.18678521236
0.18158642080000004
0.18111562335999998
0.18321496944
0.18403149832000001
0.18327288531999997
0.18041139283999996
0.17932873876
0.18001593579999994
0.18193300412
0.182351928
0.18062747716
0.17586752144
0.1694807376
0.17070598028
