0.54536724184
0.5295458213999998
0.5152447761999999
0.49732215583999995
0.4658655287599999
0.44060046039999995
0.45130493880000006
0.45317970056
0.47673171523999996
0.4874869547199999
0.4860152395600001
0.47998029248000007
0.4682408614
0.44754631619999996
0.4218715056400001
0.3936307907599999
0.3792813942
0.37576618772000003
0.3815983318800001
0.3888726645200001
0.3884998136
0.3833649924800001
0.3879403806000001
0.39157429935999993
0.3925764989999999
0.3858334166399999
0.3711151468000001
0.35359041036
0.34086497816
0.34495943735999984
0.3553681090799998
0.3604204958799999
0.35544240375999997
0.34686378451999994
0.33820513088
0.32946219095999996
0.3171601901999999
0.30081977388
0.29235906860000005
0.29370067159999996
0.29415727488000004
0.29497416451999997
0.30039955504
0.29944142916000005
0.30020842164
0.30875638396000005
0.31449838592000007
0.31062299044
0.29683719748000004
0.2790745253200001
0.26796165720000004
0.26611335964000005
0.26975559715999997
0.27467749184
0.27271870468000003
0.26525444296000006
0.26057043408
0.26255067568000007
0.27158987696000003
0.27238610316
0.26658478532
0.26243306380000003
0.26534459808
0.2694675032
0.26838445895999996
0.26649902652
0.25952265896
0.25555571488
0.25684989367999994
0.25707388831999994
0.25107145691999994
0.24101724791999993
0.2307984966399999
0.23076595923999993
0.23872621795999993
0.2488888463599999
0.2540095332799999
0.25268937703999994
0.24504468875999996
0.24216786911999996
0.24424287528
0.24602414716
0.24122724188000003
0.23149947952000002
0.22410455560000003
0.22403848548
0.22646427144000003
0.22438288596000003
0.22018607612
0.21874945476000002
0.21957977956
0.22127295976
0.22275908419999996
0.2214582362
0.21737319672000002
0.21362925956000006
0.21600765112
0.22038440608
0.22027421428
0.21301771196
0.20334283979999998
0.19704287124
0.19394733292000002
0.19346180619999997
0.19500611848
0.19423281707999998
0.19316392439999996
0.19193564060000004
0.19207591236
0.19359554828
0.19034124792
0.18668289195999999
0.1883476212
0.19087905456
0.18757799844
0.18158755571999993
0.17750844203999994
0.17366688484
0.17323288080000002
0.17341878392
0.1752432292
0.17484415080000001
0.16783944947999999
0.16473487316
0.16788384728
0.17227323292000002
0.17130224644000003
0.16844276860000004
0.16772102700000002
0.16592925356000002
0.16547309552000006
0.16289587860000004
0.16292943480000005
0.16225750148000004
0.15927729004
0.16095712300000004
0.16232433916000003
0.16131516988000003
0.15812455756000005
0.15580550972
0.15666242596000002
0.16057275248000002
0.16210378356
0.16080377484
0.15936277848
0.15522621252000002
0.15194016024
0.15559454552000002
