0.20368287492000003
0.16270904428000005
0.12084394820000002
0.08783845019999999
0.11046057
0.10450290019999998
0.08495304608000001
0.05212612364
0.019471735120000003
-0.011440765520000002
-0.005896874799999999
-0.0018507276399999995
0.0006619611199999992
0.001007167879999998
-0.002631131360000001
0.006633457359999999
0.008369907
0.0066221788
0.0033886510800000005
-0.00215323932
-0.0092438584
-0.004764769760000002
-0.00546487752
-0.0016901097999999996
2.7937959999999735e-5
0.0036319163199999976
0.007923039239999995
0.01434527924
0.012635321839999998
0.007636264
0.004446631280000001
0.0009172264399999977
0.00441143116
0.0037347809199999994
0.007705906239999999
0.0128280974
0.01093027464
0.01150254904
0.0103038556
0.00906410772
0.006126369519999999
0.00906955116
0.009509985359999999
0.010679258319999997
0.013214043079999994
0.014938127439999997
0.015149856479999996
0.025502575279999995
0.024326204759999994
0.02271358227999999
0.020020877999999995
0.015961499320000003
0.007610662719999999
0.01596283776
0.02712436184
0.03134820332
0.03452507156
0.035182253479999995
0.037925954240000004
0.032740549519999995
0.03806990508
0.04550141675999999
0.04986902519999999
0.05799615855999999
0.0647653802
0.06260212839999998
0.059554232999999984
0.06322149719999999
0.07335713883999999
0.08099215272
0.08575638092
0.08801496696000001
0.0823367176
0.08266455739999999
0.08721650500000001
0.08688153604
0.08584773611999999
0.08978266891999999
0.08508600624
0.07465320680000001
0.07324530828
0.06891155208000001
0.06909953356000001
0.07009628287999999
0.07419674868
0.06906861848
0.08187335576
0.09022026984
0.08369640456
0.07688714964
0.07816419480000002
0.07972311532000002
0.08253726920000001
0.07240198152
0.06340998796
0.05771565456000001
0.05756910940000001
0.06425928696000001
0.0722420648
0.07615030564000001
0.08474935768
0.09138496204
0.08728075568000002
0.0931816884
0.10054387268000001
0.09688187599999999
0.1012509266
0.09998535936
0.09734419775999999
0.10523056268
0.11202193776
0.10275868383999998
0.10094186848
0.10459308911999995
0.10472003435999998
0.10679492823999998
0.10536840919999997
0.10128214743999997
0.10378823423999997
0.10236833951999998
0.09929844991999996
0.10425104291999998
0.09570486599999997
0.08800743843999999
0.08063293664
0.0744540896
0.06662902256
0.07492623792
0.070342164
0.0609809986
0.061189939240000005
0.058328483880000004
0.06053784908000001
0.06764783728
0.06529203236
0.063565076
0.06523306815999999
0.06038292468
0.05799391588
0.06008826524
0.059096080040000006
0.056987083640000005
0.05440268144
0.05622770688
0.05784605848000001
0.06214865504000001
0.054857451519999996
0.05309532676
0.0499901666
0.048562891999999996
0.048187090720000006
0.05123986296
0.04655894588
0.04318306491999999
0.043316395640000005
0.04459042612
0.04891675676
0.05655254600000001
0.055976423319999996
0.05508163291999999
0.053704752839999995
0.042797740079999994
0.03985567584000001
0.049142824960000005
0.051968743479999996
0.060174959759999994
0.06722770491999999
0.061579153719999995
0.07460972231999999
0.0905347414
0.09860691127999999
0.10706758631999999
0.11635863248
0.12390633956000001
0.12094399348000001
0.12240100812000002
0.12533627128000002
