0.2699698918000001
0.21389383350000007
0.16262054720000002
0.11893043085000002
0.1385981543
0.12232033145000001
0.09284739665000002
0.05389434674999999
0.012803698600000002
-0.017165384900000004
-0.0023643530999999988
0.006890485050000001
0.006358375299999999
0.006586207549999998
-0.000620842500000001
0.004197346299999999
0.0036000883500000003
0.0015093774499999996
-0.0012497840500000008
-0.00496733305
-0.007970269349999998
0.000494783599999998
0.0009351180000000002
0.0025619524000000016
0.0019496984000000003
0.0038114751499999976
0.004551565949999996
0.004734515050000001
0.007019730849999998
0.0005573642500000005
-0.003768398399999999
-0.003440111900000003
0.00666829125
0.004258181999999999
0.006680902
0.0105650295
0.010350427649999999
0.011045212849999998
0.009995723849999997
0.012300454499999999
0.01194064635
0.0068005478999999995
0.0076098402499999995
0.0073942216000000005
0.009054350749999999
0.011242515550000002
0.017787684749999998
0.0196536966
0.018023662549999996
0.018432329799999994
0.017944239049999994
0.0135850875
0.0186811351
0.0216333345
0.0194040121
0.01569941
0.0153652292
0.0106673307
0.01954325305
0.0309539715
0.0337151619
0.03984392379999999
0.0406448434
0.044523347149999996
0.04189600675
0.0518700658
0.0523403799
0.05805864005
0.06654034689999999
0.07349352215
0.07082251674999998
0.0732931554
0.066802349
0.07931233014999998
0.09128054285000001
0.1001136177
0.10365192205
0.11208870369999999
0.10501048404999999
0.09451919105
0.0851160759
0.07951855990000001
0.07891785000000001
0.07849331805
0.0833447931
0.0776844159
0.06910659295
0.06468297885
0.05964850255
0.05368521735
0.05995317840000001
0.08023928335000001
0.09180710585
0.07946442905
0.0683622683
0.06133228410000001
0.06292834085000001
0.06705303850000001
0.0664841103
0.06152239655000001
0.06365626585
0.06830363865000001
0.08018447625000001
0.08895555725000001
0.09639056460000002
0.09949613765000001
0.10761032235000001
0.10164437765
0.10735007495
0.1162786981
0.1124509878
0.09332855649999998
0.07688934075
0.07670824404999999
0.08911448364999999
0.10227535709999998
0.10903374399999999
0.11481285495
0.11970331354999997
0.11999982629999999
0.12268137619999994
0.12267746559999997
0.11333161409999995
0.1059168221
0.0942949389
0.08184263115
0.08438623975000001
0.09071461415000001
0.08248774480000001
0.07150189455000001
0.07146140465
0.0643329423
0.07032047585
0.07359753275
0.06096674299999999
0.04891098965
0.03779080654999999
0.026384316499999998
0.03052667925
0.03982948115
0.048238041800000006
0.0588645677
0.06368882649999999
0.0624604156
0.06714973345
0.07242841385000001
0.0635975165
0.061703883400000006
0.06619215765
0.06581134120000001
0.06646083795
0.06967177594999999
0.0634259752
0.05704774804999999
0.055979261300000006
0.055207844000000006
0.05547216615
0.052846846850000004
0.043016567299999996
0.0334971971
0.0251926773
0.0173954173
0.021596343150000002
0.02800481355
0.03357119075
0.041498882800000005
0.04112788825
0.0455050695
0.053604313199999996
0.05980308969999999
0.06996129474999999
0.07906033324999999
0.07230866709999999
0.0969666023
0.11827615295
0.12948561365
0.13945643015
0.15067558345
0.15795184135
0.15301375860000002
0.1524710715
0.1509965593
