0.5305524811
0.4196794625
0.3119197355
0.229495651
0.283121966
0.24284907709999998
0.1867746493
0.11623470639999997
0.0405244105
-0.02400339110000001
0.009387302500000002
0.0081082045
0.0133213589
0.008365210699999997
-0.005925657400000003
0.001791585799999998
-0.0010798559999999995
-0.0084460129
-0.0149170133
-0.0103273787
-0.014116008699999998
0.005672765599999999
-0.0006046082999999994
0.0048072044000000026
0.004683972400000002
0.006603106799999997
0.008280032699999997
0.0114647678
0.012417445199999993
0.00039271259999999996
-0.0018245299999999978
-0.004683198400000003
0.0024748443000000013
0.0003167004000000008
-0.0007845756000000002
0.0010198434999999998
0.0008230992000000008
-0.001995737700000001
0.001622016499999996
0.0007220159000000007
-0.005712266799999999
-0.002197025400000001
0.0108617382
0.0081996636
0.014146379599999998
0.020110215499999997
0.019877756099999998
0.024086163399999996
0.0183694312
0.0238788931
0.029593559499999998
0.0157981212
0.004357942299999999
0.0065887796
0.003962321899999999
0.002374815599999999
0.0156976134
0.0152212298
0.0176778939
0.012985766499999999
0.0062949186
0.0113720538
0.033004327900000005
0.0366778894
0.034845702299999996
0.029024004399999997
0.015032845
0.006113431599999999
0.021408612200000003
0.048922176500000004
0.061135405200000006
0.06831579380000001
0.048285358900000006
0.052368804899999996
0.0489463112
0.07471612720000001
0.0896479148
0.1100038485
0.1116720816
0.0980648678
0.0805096283
0.07827051700000001
0.0853193391
0.1062558554
0.13361477449999998
0.12551110819999997
0.11765592929999999
0.1141735589
0.09834888650000002
0.09097351430000002
0.08972252350000001
0.08076660280000002
0.07251636090000001
0.05073078069999999
0.0330748117
0.029857723600000007
0.020557256600000004
0.015192398799999998
0.0209481186
0.0163969204
0.0301838333
0.07971196389999999
0.11109785080000001
0.10819807740000001
0.10364972490000002
0.09280684460000002
0.10529942510000001
0.11891367820000001
0.11202010200000001
0.10664787270000001
0.0971286984
0.056895313399999994
0.0492711017
0.0697130371
0.0891314043
0.1061854307
0.10992121959999998
0.08437507709999999
0.10268004789999999
0.12590952349999998
0.12777327719999998
0.12976179959999998
0.10450757979999999
0.083703451
0.089097563
0.09836528349999998
0.1081462684
0.1452506328
0.1367265792
0.1140901291
0.1175894752
0.1155931316
0.1221556484
0.1281301932
0.0994923148
0.0653199788
0.060626211099999994
0.0361785955
0.0282489104
0.028913659999999997
0.025333334100000004
0.013072753000000003
0.0184853033
0.0190648723
0.0224411712
0.0325020005
0.014955401999999998
0.016590037499999998
0.0328044481
0.0507453023
0.0711427495
0.1046563824
0.10889234969999999
0.10585595889999999
0.11185829570000001
0.11235482720000001
0.112239631
0.10681772930000002
0.09957986719999999
0.08087738010000001
0.0617789264
0.0346871695
0.0179596007
0.0082395372
0.00010022689999999792
-0.0019391392000000021
-0.0012952987000000016
-0.0011240356000000017
-0.0135467326
-0.0138829859
-0.011393571800000002
0.00010366509999999718
0.025233085600000003
0.0477700899
0.0670421546
0.0849369048
0.0835510752
0.09213417460000001
0.120755359
0.13348916530000002
0.15131616129999997
0.15801700139999997
0.1193842486
0.14616311469999999
0.1695101513
0.1740343225
0.19536178510000002
0.20921699230000002
0.19514832370000001
0.1725383519
0.15362598170000002
0.14397611720000003
