0.50087065315
0.45843966334999997
0.42650291595
0.40329931785
0.43181074480000003
0.41441677795
0.39845628354999996
0.3725470507
0.34621332799999993
0.3296842224
0.3532212088000001
0.36449496640000006
0.35854371070000013
0.3602422599500001
0.3529081182500001
0.3664672717500001
0.36664445775000015
0.3647152007500001
0.3630898383
0.3611191213
0.36126572175000005
0.37481244285000004
0.37123122529999997
0.37038734505000004
0.35899315065000004
0.36787383375
0.36164348585000006
0.36168860645
0.3642103585
0.3630777114
0.36288821224999995
0.36077420194999993
0.37331623369999994
0.37130041555
0.3731210321499999
0.3797833077
0.38275583375
0.3849110087
0.3769518137
0.3709265159
0.36708547475
0.361065812
0.36857495609999996
0.36481811439999995
0.377905803
0.37956714874999997
0.39182377185
0.39620911849999996
0.3967344691
0.39551230995
0.39279676445
0.38593066285
0.3849591456
0.38458720469999996
0.38216010004999995
0.37403131939999995
0.37034926204999996
0.36519926275
0.3737267993
0.38530484200000004
0.38751316145000003
0.3966642442
0.3928174636
0.39667845585
0.38613447265
0.39335585770000003
0.39178827535
0.39437127995
0.39905541749999995
0.393928342
0.38986548399999993
0.3984660172999999
0.39706614965
0.4103271426999999
0.4175594104499999
0.41692247525
0.41052930214999994
0.4109735635499999
0.40755775834999997
0.39638405549999994
0.39009170895
0.37474728175
0.37420613895
0.37438277255
0.38129516274999997
0.37892153609999996
0.36229632294999997
0.3508280907
0.34626278305
0.34957322560000004
0.35282208290000006
0.36262097805
0.37224736455
0.3594795545000001
0.35292903110000007
0.35730522045000007
0.36882190155000005
0.37714492360000007
0.3709131151
0.37234591580000004
0.37624202630000003
0.3859206603
0.39697557075
0.4078553443
0.4174829032
0.4175039112
0.43266395155000004
0.42750462869999994
0.43002497359999997
0.43821477184999996
0.4331091799499999
0.41996032245
0.4081227632
0.41041631144999996
0.41782199655
0.424817102
0.42942918875
0.42961490925
0.4347655140500001
0.4321260743999999
0.43326441585
0.43754505550000006
0.4304245204
0.42271246315000005
0.40584879639999993
0.3922256410500001
0.39243856115000003
0.40617369250000007
0.4024469969
0.39464072425
0.39779828635000003
0.38947645945000003
0.3928720149
0.3962767574
0.38673649555
0.3825806616
0.37144546984999993
0.36870568005000004
0.3716792525
0.37707028585
0.37730840260000004
0.3694332952
0.36750333375
0.3689827135
0.3824762469
0.39069433584999996
0.3846202173
0.38508466394999996
0.38937013709999996
0.38652890124999995
0.39135864425
0.39823553784999993
0.39832596014999994
0.3850997897
0.3821780845499999
0.3763751726
0.38106435664999994
0.3790275824499999
0.3778662527999999
0.3760056154499999
0.3732139146999999
0.3759502132
0.37916784835
0.38298855355000005
0.3849636914
0.39074790465000003
0.3863518864
0.37920131135
0.3781283704
0.38576953995
0.38825292759999996
0.39093775799999997
0.37361916635
0.3976922328
0.4119753955
0.4246616714
0.4327512917
0.43928139735
0.44181324535
0.43052868440000003
0.4336563452999999
0.43667322495
