0.5894930402
0.5789900045
0.5566423847666667
0.5481149896333335
0.5729082022666668
0.5678324885000002
0.5589288375666668
0.5491137486000001
0.5406642859333334
0.5353825987666667
0.5558267046666666
0.5586802686000001
0.5547228673333334
0.5586164404666667
0.5435688382333335
0.5605263075000001
0.5560318507666667
0.5506123993666666
0.5491385654666666
0.5505086663000001
0.5521289811
0.5636939252333334
0.5645973253
0.5604577241666667
0.5617788699666667
0.5749100517666667
0.5737607313
0.5792639828666667
0.5732383395333333
0.5683424860666667
0.5693496791
0.5626621620666666
0.5745871187333333
0.5696709644333333
0.5683334231000001
0.5711240006333334
0.5776765609
0.5785985782333333
0.5782269917666667
0.5768978892666666
0.5736732123
0.5715066998333334
0.5753700267666665
0.5705499014999998
0.5826584502
0.5768048528666666
0.5814269057666664
0.5839060697666666
0.5828396158999999
0.5847036636333333
0.5839441948999998
0.5875149852333332
0.5853998970333332
0.5882720569666666
0.5772872930666666
0.5785185714
0.5832457755000001
0.5826238377333335
0.5931821191666667
0.5897996406333335
0.5851078969333333
0.5927416862666668
0.5901289992000002
0.6023092156333334
0.6045955176000001
0.5972260825666666
0.5828836963333333
0.5808333693
0.5809209936333333
0.5755517251666665
0.5736464435333334
0.5658225452
0.5658638107666667
0.5702399772333333
0.5682143349333334
0.5757760424666667
0.5663018178
0.5596130529
0.5620334552666667
0.5580203457666666
0.5551929572
0.5573642577333334
0.5633210710666667
0.5601299308333334
0.5717380975
0.5680247535333333
0.5636961602666667
0.5638031496666668
0.5511855568000001
0.5585666512
0.5640165797333334
0.5580965813666668
0.5623828666333334
0.5604754965333334
0.5597114839666667
0.5693785448333333
0.5839538519
0.5738362357333334
0.5727000744666667
0.5808381309666667
0.5776345664666666
0.5894338221333332
0.5886303893666666
0.5870510611333333
0.5909081003333332
0.5888044934999999
0.6028480313333333
0.6133567953333333
0.6065101975666667
0.6008587849
0.6016511725000001
0.5981219055666666
0.5947209601666666
0.5996455281333334
0.5870636905666667
0.5795022017666668
0.5793397174666667
0.5770765002333333
0.5861562317000001
0.5846282806666667
0.5784596868000002
0.5746582517333335
0.5694802640000002
0.5671861572333333
0.5628273082666666
0.5622468189666667
0.5520724897666668
0.5674592835333333
0.5647416347666667
0.5594907482666667
0.5644231380666667
0.5528174802
0.5533192634
0.5579151771666666
0.5588059781666666
0.5564534449666667
0.5515110843000001
0.5483932048333334
0.5567269528666667
0.5600092626333333
0.5622143929333332
0.5588050122
0.560406459
0.5484905953333334
0.5575531346999999
0.5613478968666665
0.5603076318000001
0.5612338101666665
0.5600258750333332
0.5610659562999999
0.5641944747333334
0.5653998528
0.5647237850666667
0.5656428883
0.5701653045666666
0.5710558469333333
0.5729452174999999
0.5608461630666668
0.5611655657333333
0.5675957009666668
0.5689774353666668
0.5795956443333334
0.5673437089666667
0.5702465179333334
0.5689491693333333
0.5744713818333333
0.5807478754000001
0.5859481635666667
0.5829949530333333
0.5732267214666664
0.5753102431333332
0.5758467499666665
