0.6888602814
0.644410304
0.6031268483000001
0.5690022533
0.6496126857
0.5971967061999999
0.5778145951999999
0.5567359211
0.5337467493000001
0.517538937
0.5721631990999999
0.5443169885
0.5502793156000001
0.5631460602000001
0.5539896789000001
0.5679738171000001
0.5745498217
0.5629175007
0.5579115162
0.5570858786999999
0.5552847737000001
0.5978707233
0.5676555335
0.5664940009
0.5721059089
0.5948655589000001
0.581557004
0.5866375162999999
0.5936017326999999
0.5972390536
0.6067829113000001
0.5971660001000001
0.6072336583
0.6109576258
0.5691721504
0.5868410928
0.5771124242
0.5655750424
0.5599613954
0.5633723631
0.5624025314000001
0.5651470003999999
0.5843401113
0.5677481429
0.6093299047999999
0.6107152099000001
0.6289565501000001
0.6517713822
0.6292232025000001
0.6081930005
0.6057931853
0.5922210478000001
0.5996262479000001
0.5950764314
0.5897866483
0.5813484517
0.5941164491
0.5850524590999999
0.6096190511999999
0.6224365471000001
0.6159767117
0.6233567811
0.6090648092
0.6112607706000002
0.6126172226000001
0.5987996447
0.5850238498
0.5811552180999999
0.5751940933999999
0.5880685863
0.5924814705999999
0.6110799076
0.6132601942
0.6256720719000001
0.5939807719000001
0.6187731416
0.6345665419999998
0.6446646878
0.6592507458999999
0.6229096043
0.6098409576999999
0.6074878424
0.6113497137
0.6355793008000001
0.6726019316999999
0.6366663317000001
0.5897246897
0.5798234529
0.5727705902
0.5796064676
0.5850500289999999
0.5425025706
0.5384674439
0.5183690629000001
0.507853498
0.5438348373999999
0.5432804793
0.52060276
0.5223817761
0.5408485248000001
0.5411227462000001
0.5907845083
0.6087211908
0.5934652963
0.6048696722
0.5952570384
0.6291824980999999
0.6625494207000001
0.6283606955000001
0.6269677437
0.6382193855
0.6132544097999999
0.6119030275
0.6407154646000001
0.6370211712
0.6410844093000001
0.6546659669000001
0.6099526041000001
0.6370991627
0.6438748042
0.6199206266000001
0.6332134228000001
0.612305792
0.5926192446
0.5948823719999999
0.5919468222
0.5881300521
0.6335691779
0.6164744979000001
0.5924841310000001
0.6067481743
0.6092185112000001
0.621179355
0.6290108312000001
0.5894137573
0.5653115088
0.5546889912
0.5467718824000001
0.5669053293
0.5775449447
0.5656446659000001
0.5383374665
0.5327660047
0.5401473014999999
0.5638939208999999
0.5901394353
0.571597706
0.583341717
0.5729996530999999
0.5712415931
0.5851618584
0.570711085
0.5667270241
0.5663387655000001
0.5867477158
0.5780877341
0.5921120655000001
0.577408526
0.5956824614
0.5979826317000001
0.6031221383
0.632972547
0.6470357063000001
0.6012739027
0.5881574502
0.5818738553000001
0.5835721831
0.5891776888000001
0.5759802807000001
0.5808179633
0.57527853
0.5624499565
0.5483999338
0.5947578323
0.6015349896
0.6179196954
0.6113785075
0.580897969
0.5757983272
0.5896337651000001
0.5929576945
0.6125559733
0.5733652058
0.5795091513000001
0.5794999567000001
0.5867770055999999
0.6108774668000001
0.6521737975
0.6595891092000001
0.6088056690999999
0.6189177374000001
0.6157792279
