0.60272209556
0.5894661863999999
0.5716012698
0.56342034096
0.5927957135599999
0.5898694154399999
0.5861187866799998
0.56468477788
0.552699891
0.54733752212
0.56512420656
0.5643248664
0.565005537
0.5732601327200001
0.5718462607200001
0.5937038974800001
0.59385934864
0.5848838727600001
0.5835842416000001
0.5679908074800001
0.5709953640400001
0.5774430406800001
0.57112382772
0.5719862668
0.5755993344000001
0.5914753832
0.5900982201200001
0.593452917
0.58751889228
0.5888884179199999
0.59316753852
0.5898773714
0.6047701672
0.5970779474400001
0.59003417104
0.59584643376
0.59436383764
0.59864840964
0.58810877176
0.5859074557999999
0.5829937546799999
0.588657551
0.5958976875199999
0.5965425176
0.6113399297200001
0.6075006813199999
0.6128615803999999
0.6160443163599999
0.6086285218399999
0.6056053996
0.5975526000000001
0.59660829076
0.59462373024
0.5995208978
0.60283540232
0.6002071856
0.6057109234000001
0.60063984116
0.6072080696
0.59992050816
0.6027445825200001
0.61354648844
0.6126391062
0.6251906235999999
0.6160845847199999
0.6116041879999998
0.6110594807199998
0.6111587429999998
0.6175921694399998
0.6199866619999999
0.6110204305199999
0.6000936518799999
0.60094256368
0.6097945514399998
0.6028802827199999
0.6061043417199999
0.5940509690399999
0.5940836333199999
0.5948621572399999
0.58790062668
0.5915617772399999
0.57297388056
0.5638795900000001
0.5684784331200001
0.5816273838800001
0.5750441835600001
0.5765381555600001
0.57970623452
0.5685479774000001
0.5806846538400001
0.5857282095199999
0.58165174284
0.5843594728
0.5655909910000001
0.56337370868
0.5756654050800001
0.5859500436
0.59253806436
0.5957259271600001
0.60365053528
0.6081419616399999
0.6265171013599999
0.61295353688
0.6130830309199999
0.61778223116
0.60609972076
0.621923221
0.62921927716
0.6238209145599999
0.62526407416
0.6284715920399999
0.6254553188799999
0.62289273172
0.62228671156
0.61282801468
0.61069617512
0.61393762624
0.61267125088
0.62408096884
0.6102424795999999
0.5993084413599999
0.6020291514399999
0.5968402736799999
0.5927626574399999
0.5890375240799998
0.5805202777599999
0.5674062260799999
0.5817966111199998
0.5853002243599998
0.5782501262799999
0.58739596484
0.5773828647199999
0.5852546436799999
0.5849148208399999
0.5795812125199999
0.5778062922399998
0.5604386392399999
0.5550597495999999
0.5652459313999999
0.5759555601999999
0.5759317887599998
0.57054028644
0.56774631208
0.5715834729199999
0.58300876228
0.59293054404
0.59175206156
0.5951652791600001
0.57899336076
0.5802005624
0.58242346452
0.58863417308
0.59031098572
0.5859166646
0.58977837924
0.5869861819200001
0.58809296176
0.5811885658800001
0.58769663244
0.592317921
0.5955265993200001
0.6049011420800001
0.5959793636800002
0.5897004892800001
0.5909327989600002
0.5929341660800002
0.5962705248800002
0.5795712378000001
0.5812273084000001
0.5849248510000001
0.58898854624
0.59606311
0.59803460016
0.6130265718800001
0.5991920865200001
0.6077517189200001
0.6091533428000001
