0.5187852567333333
0.5048768768333333
0.5388099548333334
0.5219024301
0.5018411838
0.4791810542666666
0.4579738529333333
0.4480197290000001
0.43232974766666665
0.4070643491333333
0.3841005934666667
0.39144241706666655
0.4233225980999999
0.4341452588666666
0.4276623158999999
0.43105767669999995
0.44068506016666653
0.4370400120666665
0.42292010889999987
0.4107830131333332
0.4103602897999999
0.4269136439666666
0.44015614879999987
0.4583652354999998
0.4626844727999998
0.4597891978333332
0.44317403793333315
0.42615970879999987
0.42718232436666653
0.43570265856666646
0.4452463386333332
0.4516745713333332
0.45014142239999994
0.4467837493333332
0.4414390436333332
0.44258700013333313
0.4495149395333332
0.44256527059999995
0.43067421876666667
0.4290962302333333
0.43821039310000004
0.44521004413333326
0.4420921736333333
0.4446221331333333
0.45527371313333326
0.44484399609999997
0.43114622039999995
0.44666748336666656
0.4681383169333333
0.48033607233333325
0.48050565459999994
0.47550762743333336
0.47728489803333335
0.47954202693333337
0.4779123948999999
0.4776232767
0.47380382656666664
0.46659709386666665
0.45470949180000003
0.45984753856666666
0.4589264477666667
0.45084963886666674
0.45304621473333334
0.4727735394
0.4934004754333332
0.5106772335999998
0.5138662045999999
0.5096049073999999
0.5235453291333333
0.5393196790333332
0.5377585288
0.5246794692666665
0.5065584566333332
0.48592179963333315
0.47582833753333315
0.4883849317999998
0.5069115003666664
0.48905767983333326
0.47144705929999986
0.473016544
0.47256638183333327
0.47108217720000006
0.4789992967666667
0.48760779596666665
0.4894156249
0.4861960323666667
0.48843577006666666
0.4988505993333334
0.5006304459
0.48460876630000005
0.4803701815666667
0.4760272679666668
0.4762401950000001
0.47705151446666677
0.47400950983333334
0.4688136706333334
0.4601748274000001
0.45904944446666673
0.4647078082
0.44958614820000004
0.4352275070333334
0.42872065843333335
0.44020061006666666
0.45900471096666673
0.4717001816000001
0.4792901292666667
0.47592001650000004
0.48537950943333336
0.4967817689666667
0.5042486670333333
0.5004990322999999
0.4785978547
0.44707567909999996
0.42594718583333335
0.4413526779666667
0.4696729526999999
0.48931029806666654
0.4913955816999999
0.48872519263333325
0.4863059262666666
0.47466612479999987
0.4803030795999999
0.48637063039999995
0.4726513359666667
0.45600584913333336
0.44167277776666664
0.4457738214333333
0.45747952589999996
0.4490848947
0.4567540895
0.4779794014333333
0.49932684333333327
0.5128780156333332
0.5189482512333333
0.5112661061333333
0.49558960179999995
0.4883075550333333
0.4918978870666667
0.49021546200000005
0.4651434833
0.447805961
0.4462900043
0.46018578196666665
0.47680290156666666
0.47338851443333335
0.46167942753333335
0.45207450530000004
0.44650926080000014
0.45589099576666675
0.4684649054
0.48200930743333337
0.48329411223333335
0.4833700383666667
0.5019930421666667
0.5154339043333334
0.5167884457999999
0.5103771190333334
0.4991523492666667
0.4851014442
0.47116482126666676
0.45009002946666665
0.4425158050333333
0.43650243396666666
0.43462234906666664
0.44798450833333336
0.46642924290000004
0.47335840300000004
0.46645738470000003
0.46452301430000004
0.48595713746666674
0.4994790147000001
0.4986576881333334
