0.5808726045500001
0.55274426305
0.5902440820000001
0.5491860237
0.5211127847499999
0.4881922239499999
0.4713601305499998
0.45987536050000005
0.43552616405
0.40378922600000006
0.3786632428
0.39073051695
0.4267043460999999
0.42797975824999995
0.42765092549999995
0.4252660722
0.4218126375999999
0.43203277469999984
0.4313177789499999
0.41459930904999986
0.39479292794999993
0.4010041608499999
0.4262504012999999
0.4569057514999999
0.44549153929999996
0.45189980029999993
0.4548156014999999
0.43568147639999993
0.41603084184999994
0.4083825083499999
0.4182351541499999
0.43579941375000003
0.44226337295
0.45388023180000003
0.46237771824999996
0.4591044392999999
0.44916040805
0.4270853302
0.4278050291000001
0.44674669015000007
0.47038186055000014
0.48107874835000003
0.46693258255000003
0.44693749395
0.44831601709999996
0.44256005735
0.43505745664999995
0.4403206624999999
0.44294894374999993
0.4420691347
0.43656808289999993
0.4284487611
0.4291544385500001
0.43629109795000015
0.43437539980000006
0.42948199769999995
0.43677387519999994
0.46644313825
0.47746483070000006
0.47533262899999995
0.47112412810000004
0.4715489979000001
0.4829785864000001
0.5030176482
0.5170877451499999
0.51165885415
0.4855937386
0.46313306509999996
0.4638579386500001
0.49287365265000005
0.50145594255
0.48953814044999994
0.48336364419999994
0.4891646033499999
0.5055061605499999
0.5413099135999998
0.5591374329499998
0.5347267985499999
0.5260594620499999
0.53054454475
0.5224473942
0.50220652385
0.47306477645000006
0.445860757
0.43124931375
0.4456244803500001
0.48643538589999996
0.5001340172000001
0.5025711819500001
0.49508613715000005
0.49158402920000005
0.5018978054000001
0.52190820945
0.5252690330500001
0.5111104693499999
0.47493705230000005
0.44744808680000003
0.4470016030000001
0.4294856138
0.41080728354999996
0.4153734217
0.4165598385
0.43788625175
0.47585917559999996
0.502777919
0.5119530218499999
0.4890324235
0.48971444549999993
0.5159505854
0.49539895104999987
0.46643908199999984
0.43866424569999996
0.4148667464
0.40295612950000004
0.4046761488
0.43526562570000005
0.46766175555
0.47992738235
0.49679816655
0.52454598825
0.5217773052999999
0.5057536855
0.4781614356
0.44861254010000007
0.46212522155
0.47622597539999995
0.4911512928
0.49552080884999994
0.46551169044999996
0.46588695065
0.47453134834999994
0.49393347025
0.50714128225
0.4963291131000001
0.4792364203000001
0.4555269946
0.4438131309
0.44786447020000003
0.4444052740000001
0.4241570847499999
0.4326596357
0.46975772865
0.5135702511999999
0.5424577275999999
0.5095462910499999
0.47414059934999997
0.466157641
0.4806808404000001
0.4990335706000001
0.4928023238
0.48148705959999993
0.45473407255
0.43888416295
0.4548398885
0.48819921950000006
0.50623595005
0.5006023186000002
0.4790654112
0.47572084205000015
0.48345317450000014
0.48057620735000006
0.46988437359999996
0.46287931635
0.4708962995
0.4854881176
0.4873252605999999
0.4769174769
0.4587461635
0.4367342473
0.4331890917000001
0.4360857384000001
0.4640964297500001
0.4780452292
0.47918689885
0.4714402819
0.4812653224000001
0.49808348755000004
0.51060302625
0.5119815984
0.5190406719
0.5076916204999999
0.4777794364
