0.6165917154
0.6120381702
0.9101470669999999
0.9600347706000001
0.979106195
0.9814668538
0.854301023
0.6158952776
0.459460777
0.3213372058
0.192555183
0.2062915442
0.3440919976
0.40924659319999995
0.4626516528
0.5328766659999999
0.5383463148
0.49084198579999994
0.368001954
0.3213560854
0.24587019299999996
0.2865016402
0.38867218099999995
0.5053953320000001
0.5098119600000001
0.5433509292
0.5317825686
0.48321122
0.42927515380000003
0.41678400379999997
0.37896650060000003
0.3306200268
0.365405712
0.42259867599999995
0.410445187
0.410984089
0.4551124078
0.4677124922
0.47035384420000004
0.4449250064
0.47429768240000003
0.5017474028000001
0.4263964814
0.34189569340000003
0.3613758362
0.40869234460000003
0.45571781759999996
0.5095388061999999
0.5806727136
0.6327648433999999
0.5424436412
0.38406400399999996
0.30469354099999996
0.31829786520000003
0.3479210746
0.456093774
0.582785769
0.6271015016
0.5468837036
0.4512023142
0.36301046959999994
0.317662236
0.31994880119999997
0.3259414926
0.33638830659999996
0.38472444679999995
0.4292830354
0.46487391040000003
0.5540413304
0.6019899038000001
0.5140993004000001
0.41736446039999997
0.45384833979999994
0.4829927961999999
0.5117499914
0.6226622956
0.7218862598
0.6932432942
0.6490949735999999
0.6182227788
0.5251493737999999
0.3738411988
0.240566716
0.16930265439999997
0.2395319366
0.3439128004
0.4450606428
0.5457962268000001
0.6552679892000001
0.6525199354
0.6735151846
0.6957616304
0.6593009571999999
0.630572231
0.6119035282
0.5472122180000001
0.4941626234
0.4465952058
0.32830015339999996
0.2210418548
0.21785771839999998
0.310756647
0.348843679
0.3961443542
0.4948792302
0.5277509958
0.5069103208000001
0.6328929958
0.7460593936000001
0.7166172641999999
0.6069272769999999
0.477962756
0.35967453139999994
0.247438554
0.210690785
0.3089576956
0.3706096302
0.4101338007999999
0.5137944005999999
0.5889243966000001
0.6041761189999999
0.600646987
0.5561564539999999
0.5565099934
0.4653633584
0.3456952364
0.3054376096
0.3335021994
0.29408157
0.3537260552
0.4822334518
0.5939527954
0.6199170752
0.6228067021999999
0.6901701428000001
0.6550044139999999
0.52297735
0.4030700138
0.32105189479999996
0.3392413298
0.42197079940000004
0.5422374162
0.6255939469999999
0.6241065948
0.4804102748
0.33891672819999996
0.3165663194
0.37998409299999997
0.4173512606
0.4071239338
0.40621603679999996
0.39347143800000006
0.38280982700000005
0.41511134580000003
0.4698528006
0.5635349784000001
0.626755741
0.6658931378
0.7132617092
0.6807981550000001
0.5878946540000001
0.5278370656
0.4940363037999999
0.4504099668
0.4134344058
0.3683025692
0.2708720456
0.21279738320000002
0.24057653219999997
0.38871151660000003
0.5052115986000001
0.5769444222
0.54353482
0.49863515999999997
0.4508686206
0.4608960076
0.503883961
0.6011487584
0.6939635390000001
0.6889379273999999
0.6148908670000001
0.5559694788
0.4775036924
0.313761758
0.2042383022
0.16334448040000002
0.219587857
0.289993646
0.41038713839999996
0.5417162774
0.6859299346
0.7128926534
0.6737660082
0.6298139582
0.6412701806000001
0.5666012
0.4226677564
