0.75348807815
0.7313858454499998
0.7776760489499999
0.7286917789499998
0.7186094021499998
0.7070299116499998
0.6970911612999998
0.69127043295
0.68407554705
0.6738272651499999
0.6672402722999999
0.68837598775
0.7246732946999999
0.7105719993999999
0.6909810719499998
0.6900173755999999
0.6847727842499999
0.6770767913
0.6717654619
0.66837427605
0.6609797611500001
0.6770586747999999
0.68761507975
0.72147855085
0.7013110355
0.6974650434
0.6928829805000001
0.6806682475000001
0.6743948800000001
0.6720304140000002
0.67026208625
0.6768246182500001
0.6815236450000001
0.7057408272
0.7125925931000001
0.6952354989
0.6955474537000002
0.6900211862000001
0.6822933959000002
0.6888172972000001
0.69641768835
0.69555378865
0.69856764075
0.7051057583
0.7103755168499999
0.69579804555
0.69375951835
0.6897245091
0.6870257021499999
0.686791613
0.68571123545
0.6795124854999999
0.6819885321
0.6902313896000001
0.7024153429
0.70413726435
0.6892011319
0.7043137739999998
0.7198082961
0.7147838043999999
0.7120375504
0.71092548805
0.71136529145
0.7180377098
0.7299098498000001
0.7329374904000001
0.7219738249
0.7263845103000001
0.7142221201
0.72345643135
0.7248666583000001
0.726812673
0.7243792336999999
0.7182125942999998
0.7226999745499999
0.7436886877999999
0.7565096722999998
0.7346914775999999
0.7206830241999997
0.7246099595499997
0.7237330959999998
0.7161807493499998
0.7066760723499997
0.6945423154999999
0.6897667562499998
0.69448625105
0.7175552907499999
0.71508413405
0.71649116265
0.70046381185
0.70461082605
0.7006016606500001
0.7088626590500002
0.7128697609000001
0.7044652681500001
0.6935236639000001
0.6920082948499999
0.7078439152
0.7120381224
0.6890784125999999
0.68148899815
0.687740426
0.68760727425
0.70221066805
0.71724031665
0.72857567185
0.7182831888999999
0.7191063933999999
0.7399008579
0.73464540365
0.7202352410999999
0.7113174166499999
0.69095878695
0.6906234694
0.6987921663000001
0.70771142435
0.7181850276
0.7152708773500001
0.7099774488
0.733849693
0.730811897
0.7144848067
0.7092757132
0.6883413497499999
0.6912316515
0.70158826555
0.7042705462999999
0.7157627980999999
0.68758622055
0.6999183292
0.6990663101999999
0.7133534812999999
0.72145824795
0.7050224732
0.6952634612499999
0.6891158683999999
0.6867213966
0.6933899106999999
0.7031861492499999
0.6871577450999999
0.6917135736000001
0.71202908845
0.7282900949000001
0.7475678278
0.7303490327000001
0.7177239432
0.71573289915
0.7078338664499999
0.7347018369
0.71387194415
0.7192943134500001
0.6982056852499999
0.7025057762
0.7174921711000001
0.7291063272
0.7271388738000001
0.7196548298000002
0.7143460622500001
0.71122998535
0.7154261462500001
0.7122868069
0.70292459315
0.6959711517
0.7005650417
0.70922703325
0.7137392060000001
0.7082960132500001
0.6987966732000002
0.6860638866500002
0.7016870773500001
0.6866574299500001
0.6939910001500001
0.68667070615
0.6893580751500001
0.68830684845
0.70013227265
0.7031823177500001
0.7014211044499999
0.7083938271499999
0.7173114319
0.7107590641999999
0.6962285266
