0.70971895948
0.7017304536399999
0.7505411623199997
0.7496607314800001
0.74407702512
0.7391049824
0.7319955678
0.7215521154399999
0.6917047851599999
0.66748389716
0.66036808876
0.6741315997199999
0.70071338152
0.70833675964
0.7072499490399999
0.7055479688399999
0.7078385108399999
0.7064863458799999
0.69623607524
0.6773494833599999
0.6673635703999998
0.67303904088
0.6746802226399999
0.7087272555199999
0.70931375852
0.71118467044
0.7167310401600001
0.71419837264
0.70942901936
0.69792662192
0.68185598548
0.6786090261999999
0.6721064279999999
0.6848831432399999
0.7048337499599999
0.7099751798799998
0.7154592387999997
0.7236167477199997
0.7235992431599998
0.7107363915199998
0.6942140500399998
0.6849495170799997
0.6750419821199998
0.6794909743199997
0.6962600477199998
0.7010702299999998
0.7057809253599998
0.7148440296799999
0.7210723680799999
0.7214595677999999
0.70870779012
0.6880252236800001
0.68981652924
0.6952410825600001
0.70626364076
0.7232927729200002
0.7279096330400001
0.74013567388
0.7517300636799998
0.74352191204
0.72403229528
0.7073064979199999
0.69839183976
0.68645307732
0.70540141712
0.7232319997200001
0.7317929698400001
0.7428181482799999
0.74632414908
0.75001509404
0.75405091964
0.7487345608400001
0.7311580108800001
0.7187656408
0.7224214014000002
0.7370139392800001
0.74803473996
0.7417903604
0.73175951848
0.7241179725200001
0.71018345772
0.7123748629199999
0.70123204708
0.68543561036
0.6822812460000001
0.7009686027600001
0.7139681248
0.7271903497599999
0.7442675904399999
0.73485435232
0.7297028403999998
0.7220938577199999
0.7189611843200001
0.7160055105600001
0.6973734397200001
0.6894772703200001
0.69541140276
0.7052191558000002
0.7171233970800001
0.71829076068
0.71433449552
0.7143360817600001
0.71090867004
0.72057970776
0.7171614942400001
0.7208100956000001
0.7089202625200002
0.7079512694000003
0.7238895600800003
0.7342153529600002
0.7322236846800001
0.7355679305999999
0.72390159132
0.71273192176
0.7201990398799998
0.7180126998399998
0.7107342195199999
0.7040635087599999
0.6955671959199999
0.7174611216
0.7282743385200001
0.72497135416
0.7319557286
0.70814429296
0.7029501570800001
0.6963257716000001
0.7043181528800001
0.7090236372400001
0.69499168408
0.70200858036
0.70748427212
0.7160708058399998
0.72598270008
0.72279544892
0.7107088242800002
0.70544441028
0.7070323634000001
0.7152098979200001
0.7267924314000002
0.7160463468400002
0.7203210341199999
0.7290594561600001
0.7329720970800001
0.7476317165599999
0.7228499270000001
0.71309732052
0.7017689194800001
0.70111133288
0.7217725170400001
0.7267206544000001
0.7308601884400002
0.7222523708800002
0.7221751023999999
0.7300359186800001
0.7282148832
0.7243198192800001
0.72015908728
0.7177629998799999
0.7247069751599998
0.7333306637199999
0.73715065504
0.7253690452799999
0.70933553424
0.69922774176
0.7011249429599999
0.68805600872
0.6834587633199999
0.6832184304799999
0.6840088371999999
0.70581285272
0.71414371716
0.7244665590000001
0.71862845372
0.72042667188
0.7177155468799999
0.71113520052
0.7012368541999998
