0.758922753
0.73666180365
0.78380802325
0.7346178844
0.72485151075
0.71423297925
0.7048819405500001
0.6993323294999999
0.6928719697999999
0.6832569538
0.67718050845
0.69838536635
0.73459862065
0.7201235783
0.6995459372999998
0.6979421981499999
0.6928823528499999
0.6847684996999999
0.6793125587999999
0.67692852065
0.6701465604999999
0.6868087016
0.69660878335
0.7304969480999999
0.71061752085
0.7059785166499999
0.7007975377
0.68898184865
0.68345103945
0.6813974274999999
0.6793325892999998
0.6858012809999999
0.6901401509999998
0.7150272625499998
0.7213103597499999
0.7040403793499999
0.7039821494499998
0.6988399287499998
0.6908065577999998
0.6965256884499998
0.7034762119499998
0.7024082627999998
0.7061815019999998
0.7135165186999998
0.7186621558499999
0.7037096600499998
0.70169679685
0.6970609826999999
0.6939515965999999
0.69430038235
0.6933354661000001
0.6871098942
0.68978891995
0.6980052253500001
0.7108136098500001
0.7128973451000002
0.6975715278500001
0.7122777775500001
0.7279746867000001
0.72309772325
0.7206873706500001
0.7195451422500001
0.71948858645
0.7259700834500001
0.7375075891
0.7407490185000001
0.73035448885
0.73536882405
0.72221914745
0.7300888676000001
0.7314118722
0.7342118524500002
0.7320286309500001
0.7255163228500001
0.7299947901500001
0.7500143780000001
0.7629965656500002
0.741465772
0.72741092315
0.73101081065
0.73004880305
0.7227279115
0.7143461357
0.7030115051999999
0.69884279885
0.7033763236999999
0.7258805985000001
0.7230388456
0.72469824975
0.7086073752
0.7129197722999999
0.7080734325499999
0.7158340758999999
0.7196484491499999
0.71113794045
0.7009767731500001
0.70091097355
0.7167825977500001
0.72206616005
0.69868483805
0.6905935418
0.6972173941500001
0.69575176625
0.7091157714
0.7237267958500001
0.7352376003000002
0.7251794350500002
0.7264419144000003
0.7469416269500002
0.7424431091500001
0.7281781897500001
0.71957077065
0.6989899951499999
0.6992257117999999
0.7078086259999998
0.7160708276499999
0.7249160236499999
0.7220095846499998
0.7155564631499999
0.7396699406499999
0.7366460600500001
0.7200644945000001
0.71533803895
0.6951209086000001
0.6976477892000001
0.70801834555
0.71051148465
0.7220605894500001
0.6935715029
0.7059626244
0.7046321953
0.719426798
0.7277823742
0.7108192819499999
0.7021846434000001
0.6972539240500001
0.6951993647
0.7015913811
0.71180512075
0.6959458565000001
0.7003604657
0.7202887035000001
0.7359425711
0.7545880075
0.7379014722000001
0.72670442955
0.7251746220000002
0.7166084995500002
0.7444801881
0.7225225016000001
0.7289827817000002
0.7073249429000001
0.7121702090000002
0.7270475441
0.73685271695
0.7338520907
0.7271537543
0.7230228770999999
0.71986986915
0.72406721705
0.7208481852999999
0.7116077695499999
0.7047827585499998
0.70919830045
0.7175512525999997
0.7213974918499998
0.7156756899
0.7063968675499999
0.6940830389999999
0.71074524215
0.6954027897999999
0.7022869268
0.69424237155
0.6972755883
0.6963877494999999
0.7080871925999999
0.7100926780499999
0.7077368981499998
0.7150359855999999
0.7237285465499999
0.7173713172499998
0.70350096295
