0.9710707544
0.7480876354
0.6113809144
0.5183702768
0.4504086358
0.42056273739999994
0.6004224033999999
0.7083958671999999
0.7798452562
0.8256350416
0.8635296652000001
0.8161745550000001
0.7143001672
0.5833143516
0.5489164177999999
0.4979274566
0.5186506442
0.6086382645999999
0.7276070428000001
0.7455765272000001
0.7690249156
0.7926053092
0.7162821587999999
0.6309499728
0.5673153112
0.5351087526
0.49900551540000004
0.5403475874
0.5867800396
0.6217589754
0.6466579016
0.6677292804
0.657505332
0.6268245464000001
0.5543724892
0.5217554326
0.48704130639999993
0.4981247422
0.5382957944
0.6083487088
0.6333081454
0.6593808518
0.652714911
0.5998244678000001
0.551646571
0.4753384920000001
0.46494458759999996
0.4637192838
0.49295638459999996
0.522999844
0.5720791376
0.57203673
0.579892175
0.5815923622000001
0.5781517226
0.5540903634
0.5163469596
0.4909775580000001
0.4889551794
0.4928253774
0.5246964656
0.5666999552
0.5841588518
0.5704842206
0.5560412974000001
0.5368335146
0.4934736247999999
0.4784508584
0.46810285700000004
0.452450028
0.44233321999999997
0.4522160208
0.44721351800000003
0.464973598
0.4936483682
0.4937297138000001
0.4728877934
0.474116315
0.47217116840000006
0.4522291324
0.46527489959999996
0.49490915720000006
0.4975872858
0.4915818742
0.5204774512
0.5384931614000001
0.5188681722
0.464220217
0.4380083956
0.3978276846
0.3531377054
0.3539472616
0.39077916900000004
0.4174882368
0.4239664086
0.4519665914
0.48617821140000006
0.4811876462000001
0.47111576600000005
0.46845704140000005
0.45178666000000006
0.4281784350000001
0.42706556320000005
0.40814361520000003
0.3961529258
0.3852483838
0.3559667676
0.3622891084
0.3710159332
0.3873686874
0.40359795619999994
0.43189132939999997
0.437140771
0.43577707839999996
0.42402315960000003
0.416469093
0.39383677019999996
0.38687945439999993
0.3629304554
0.34846336619999996
0.3379766606
0.3486611234
0.349393519
0.3874991898
0.41117964139999996
0.4160968198
0.4184472884
0.3986959786
0.3833765594
0.3713205816
0.3481480348
0.3321046408
0.339039983
0.3340959324
0.34565797119999997
0.382583833
0.3990829562
0.3930534336
0.3883255778
0.3758430467999999
0.35184826359999993
0.337869026
0.3327600476
0.3234767496
0.3232714722
0.3319986122
0.343602189
0.3652547494
0.3710872606
0.359244207
0.34717363179999994
0.3281906642
0.3061600672
0.3088275656
0.3069478892
0.3036742888
0.2993894102
0.3058058644
0.30872873160000003
0.3150731192
0.318934369
0.33273496700000005
0.336233524
0.3362584286
0.3470276852
