0.18480068916666664
0.1504192049
0.1194889879333333
0.08819212336666664
0.08134984796666664
0.08060984303333331
0.07000698126666666
0.050785157166666685
0.0251230214
0.0203529685
0.02639744760000001
0.03068237186666668
0.030078885733333338
0.023623137733333334
0.013851874233333335
0.013364867833333332
0.01755150936666667
0.019579956299999996
0.019631332166666668
0.018995359966666667
0.017904308966666664
0.0185479584
0.016768974100000004
0.015417021033333336
0.013842127133333335
0.0076207064
0.008335280366666666
0.008577102433333332
0.009632734166666664
0.009389510699999997
0.010152185099999999
0.011911384299999998
0.010319888099999999
0.009698810300000001
0.010099213033333334
0.011982767699999999
0.014463074166666666
0.016453351566666663
0.01687208353333333
0.017353455733333325
0.01681680183333333
0.017467028499999995
0.016212175866666668
0.01601089203333333
0.015661900133333333
0.014344704100000001
0.011720758200000002
0.011814126166666668
0.0123753187
0.013192852533333334
0.014399661400000003
0.01413339916666667
0.015353050066666669
0.012852562133333335
0.011666814066666668
0.011075080966666668
0.011283290466666667
0.013300155433333334
0.016234642900000002
0.018825944666666667
0.0185829583
0.017794202033333335
0.0168289866
0.015427928366666668
0.016235631066666666
0.016282208933333334
0.014063958566666666
0.011865480333333334
0.0131899796
0.014947666166666667
0.017655841699999997
0.0199245563
0.021538681466666668
0.020997982366666664
0.019943701533333337
0.0203329413
0.021476659166666665
0.021163254500000003
0.02033327753333333
0.02050798733333333
0.02104592296666667
0.02257821973333333
0.023414357366666663
0.025205623500000003
0.023670227933333336
0.022577594733333334
0.02282460263333334
0.02194685913333334
0.019638184966666673
0.017376291933333336
0.0165151387
0.0167535075
0.016678241566666665
0.017506477066666668
0.01603153226666667
0.016209559666666668
0.015212844533333332
0.015026315346666664
0.015249802913333332
0.016029853513333334
0.014513310380000002
0.012469758246666667
0.01173956918
0.01078075918
0.011447137480000001
0.010131257713333335
0.010208023646666668
0.011307668413333334
0.012220125046666665
0.012703503913333334
0.014079865646666667
0.014578929013333332
0.01464587798
0.015216495413333335
0.016313002113333332
0.01705480678
0.01598035244666667
0.015569817013333336
0.014953487413333334
0.014625647713333335
0.014716075480000002
0.015018128213333336
0.016029068013333335
0.015754263546666668
0.017653289513333337
0.01812457658
0.018229277446666668
0.018639467566666665
0.01704202806666667
0.014989059713333332
0.014931548146666666
0.01525519538
0.01442469758
0.014807027146666667
0.014504269446666666
0.014791600146666665
0.014011684046666662
0.013059486179999994
0.012907396479999996
0.011884390439999996
