0.5450054834
0.4934404436666667
0.44382992393333337
0.3962285730666667
0.3985644219333333
0.40153488653333336
0.37798183513333333
0.3494486794666667
0.31790137439999994
0.3253479942
0.35182007099999996
0.3535029573333333
0.3431364159333333
0.31883236946666665
0.2991801736
0.2935911076
0.29194570653333335
0.29398488846666665
0.29785312013333337
0.29512892453333334
0.28580654006666667
0.28942011433333337
0.2862878891333333
0.2759877187333333
0.2640699518
0.24480804799999994
0.24249375306666662
0.2461201322
0.25245766926666663
0.2547598979333333
0.25611296873333333
0.2615612628666667
0.25694644406666667
0.24878576293333332
0.24733006726666668
0.24842682800000002
0.24272194466666666
0.23064840439999998
0.22745838506666663
0.23152629246666662
0.23397472680000003
0.23794105880000002
0.23482523966666666
0.22770578553333334
0.2191408070666667
0.21234174586666668
0.20787076326666667
0.20915715566666665
0.211750648
0.2066803138666667
0.20442456760000002
0.20438730933333332
0.2115095226666667
0.2111642156666667
0.2050416988666667
0.19849517953333337
0.1919286114
0.18764124006666671
0.18981853326666667
0.1912969376666667
0.18934977766666666
0.18146894273333333
0.1770340546
0.17194276786666665
0.1741852897333333
0.1744568008
0.16742392479999998
0.16228117273333334
0.15744455959999998
0.1611066302
0.15931830526666665
0.15669192813333332
0.156332373
0.1574374632666667
0.16133401799999997
0.1608328974
0.1634411852
0.16318899153333338
0.15964054686666668
0.1572963912
0.15506723333333336
0.15860003600000003
0.15946778546666668
0.16264937740000004
0.15556789253333336
0.15547087280000002
0.16047072666666667
0.15900690826666666
0.15357653113333333
0.144099282
0.14349791613333332
0.1442568195333333
0.14027726546666663
0.1384951837333333
0.13874103373333332
0.14193100006666667
0.1413530021333333
0.13863495953333332
0.1342507118
0.1308164284666667
0.12535495406666666
0.12121359546666667
0.11880905413333336
0.11821822600000001
0.11987478546666668
0.11858190546666666
0.11708661406666666
0.11891523133333333
0.12227215779999999
0.11791194340000001
0.11333433046666667
0.10744242633333333
0.1061979097333333
0.10877424626666664
0.11472495159999999
0.11743142186666665
0.11800762486666666
0.11918138666666668
0.11654089553333336
0.1155968578666667
0.1114954826
0.11137437486666668
0.11035924253333335
0.10543793766666668
0.10824057220000001
0.11514828993333336
0.11964762113333334
0.12048854886666668
0.11832954126666669
0.11532636506666669
0.11472381186666666
0.1110485006
0.10922443233333336
0.1094719074
0.11108983106666666
0.11274101026666666
0.11205009226666666
0.112478965
0.11257711440000001
0.11042619046666666
0.0993011036
0.09514253866666667
0.095445272
0.09356047753333335
0.09304765013333334
0.09445297586666666
0.09586721486666666
0.09311759673333334
0.09179593313333334
0.08923654606666666
0.08917011846666666
0.08648034466666665
0.0821970236
0.0811863808
0.07940070206666666
