0.4192982954999999
0.3926930751
0.36890740619999995
0.3470408465999999
0.34684667323333324
0.34367071329999993
0.3337009747333334
0.3178682843000001
0.2969445465666667
0.294708973
0.2983140595
0.29799835519999995
0.29462827406666664
0.28564501936666675
0.2769700357666667
0.27485203816666665
0.27675348470000005
0.27546566626666663
0.2733194415333334
0.2712294959
0.2671166840333334
0.26607102950000006
0.2584681467666667
0.2517230519
0.24779812213333333
0.2393913874
0.24021740593333335
0.24047268593333335
0.24008172740000003
0.23695035250000002
0.2342273573
0.23471601306666665
0.2330517998666667
0.23026820546666663
0.22700519056666665
0.2264256978
0.22355462699999998
0.2210789635333333
0.21931130036666663
0.21828399566666662
0.21623495316666666
0.21493483510000005
0.21123323986666667
0.20876215940000004
0.20521887236666672
0.2008457617666667
0.19466985300000003
0.19309560513333335
0.19184670793333336
0.19043280180000002
0.18944068420000004
0.18590561706666667
0.18689534770000002
0.18430438763333337
0.1830741645333334
0.17890674240000004
0.1743102697666667
0.17198680653333337
0.17362799826666672
0.1763154778333334
0.1750913375333334
0.1724550639666667
0.1701115230666667
0.16579165736666665
0.16574084046666665
0.16476201706666668
0.16301198039999998
0.16087447909999997
0.16004696849999997
0.15833726136666662
0.1573945890333333
0.1585813274
0.15766964063333336
0.15550699720000002
0.15271665000000004
0.1521654067666667
0.15384900236666668
0.15173312850000004
0.14906786530000005
0.14801871246666667
0.14849911670000004
0.1499765190666667
0.14905137250000003
0.14845004460000005
0.14319216050000003
0.14041291343333337
0.1408421610666667
0.1389079812
0.13589737856666667
0.13198703373333331
0.13103991079999996
0.13067171679999998
0.12959624839999997
0.13038367076666663
0.12832648856666665
0.12763266526666664
0.12439771423333329
0.12241643463333331
0.12151247903333331
0.12277069003333332
0.12139318796666666
0.11961061016666666
0.1189952204
0.11737956076666664
0.11773582166666664
0.1150386940333333
0.11423049446666665
0.1146372369333333
0.11385504773333331
0.11307625779999998
0.11424131019999999
0.1135450237333333
0.11334322929999999
0.11355189376666663
0.11502565833333334
0.11607761686666666
0.11452806273333334
0.11420290950000002
0.11300640146666668
0.1133433444666667
0.11211824643333333
0.11171223356666668
0.11141910376666671
0.10900752603333336
0.10933338133333334
0.1072246967666667
0.10739507990000004
0.10796691043333337
0.10594500940000001
0.1041870076
0.1045883938666667
0.10345785773333335
0.10117101453333334
0.10063392026666669
0.10016318856666669
0.1009555643666667
0.09926521846666668
0.0973379943
0.0968817476
0.09491344626666667
