0.5959039960499999
0.5656799151499998
0.5433592944499999
0.5243779215
0.5360365078499999
0.5456939612499999
0.52541510345
0.5023675924
0.47372333489999996
0.4756533074999999
0.47987637205
0.47024445845
0.46239388340000004
0.45239037500000007
0.44305877880000005
0.43450613415
0.43653793374999994
0.4336072398
0.43062719749999995
0.42750464595000004
0.42371316859999997
0.41802633050000004
0.41077551554999997
0.4021941620000001
0.3987893806500001
0.38862527975000005
0.39305473235
0.39063282499999996
0.390449705
0.39013917675000004
0.38396133509999997
0.3867184617
0.37453414614999997
0.36318538564999997
0.3609822582500001
0.36599215165000004
0.36415136315
0.36159975734999994
0.35533006964999997
0.34988173229999997
0.3478994107
0.35006106895
0.34768858994999996
0.34460931675
0.3330897691
0.32376696765
0.31746584170000003
0.31667403050000004
0.31547755625000007
0.31101197435000005
0.30998676735
0.30340906595000006
0.30840157180000005
0.30870786345000006
0.3016047787
0.29353888385
0.28273532595000006
0.2774554206
0.2786119759
0.28012597035
0.2769217088
0.26859096775
0.2604335096
0.25148189355
0.2570023577
0.25334594595000004
0.24770808195000002
0.24503171855000003
0.24454269205
0.24690130645000002
0.24382380504999998
0.2428742701
0.2421518329
0.23710026175000004
0.234742711
0.23164401780000002
0.23432713675
0.2327082657
0.2314155284
0.22468877800000003
0.22078023770000002
0.2254078974
0.22574414279999994
0.22664084285000002
0.2157237385
0.21746001565000003
0.21950142005
0.2147120658
0.20792641544999996
0.20371049495000002
0.2050697906
0.20502277799999996
0.19904702375
0.1955529592
0.1921253946
0.18690001615
0.18344328254999998
0.17920867649999997
0.17659380779999997
0.17837160984999995
0.17986954074999997
0.17713812449999994
0.17725142724999995
0.17585646654999995
0.17825996589999998
0.17576825025
0.16944107305
0.1675354281
0.16752567145000002
0.16573062880000003
0.15999653055000002
0.15973724255000002
0.1627478334
0.16376351844999998
0.16389647910000002
0.16538394415000002
0.16619401490000002
0.1676109925
0.16343529950000002
0.16240909190000002
0.16532972195
0.16307382355000005
0.1600421106
0.15775571085
0.15760060965000006
0.15459309300000001
0.1561553871
0.15730037124999996
0.15674986644999994
0.15617179534999998
0.15589253269999997
0.15359602454999996
0.1519408463
0.15014099469999995
0.14911460529999995
0.14625414814999996
0.14240158294999997
0.1415879732
0.1409905218
0.1402393463
0.13442640845
0.1351296589
0.13307927165
0.13125024365
0.12910672284999997
0.13217818339999998
0.13168785395
0.1292490895
0.1256618042
0.12138318919999999
