0.6870998681
0.6371507859
0.5940683460999999
0.5662587516
0.5996088790999999
0.6020378666999999
0.5690287262
0.5339353324999999
0.48637199759999994
0.4954231093999999
0.504708124
0.49420904439999996
0.4926502428000001
0.4824970914000001
0.4724641365999999
0.4893500558
0.4818014807
0.47079985230000004
0.4610746722000001
0.4558835056000001
0.45504462009999996
0.4462798725
0.43213752399999994
0.42228365859999994
0.41365342099999997
0.3796622125
0.3912743868
0.3964146273
0.4001797228
0.3991257863
0.3923817171
0.38977278849999997
0.38941350709999994
0.3821046654
0.3839253403
0.39758834699999995
0.3948350779
0.3848510227
0.38071968719999993
0.38115256719999996
0.37554095309999996
0.38366413489999995
0.35965478519999994
0.34426610589999995
0.33803917619999996
0.3343959563
0.33346764840000004
0.338348492
0.32994045210000006
0.31861089740000004
0.3202578683
0.31645800300000004
0.3357223947
0.3449525276
0.32814036199999996
0.313137979
0.3014640350000001
0.29499956899999996
0.3010146604
0.3034130513
0.2997156664
0.2903601289
0.2810807489
0.2724631993
0.2750691954
0.2739397887
0.2640066169
0.2599112722
0.2562092914
0.25683888940000005
0.2541277512
0.2468218066
0.2397862703
0.23050058780000002
0.23893551999999998
0.2327521032
0.231409547
0.2301521649
0.23287609269999998
0.2369637235
0.23351985889999996
0.2389267336
0.2445173955
0.24369993569999998
0.230549902
0.23053593240000003
0.2372447265
0.2352643665
0.22995496409999996
0.21241383249999995
0.2080406165
0.2118890612
0.20697089009999997
0.20958174999999998
0.200897575
0.2043840989
0.2017581136
0.1941597651
0.1858978668
0.1950071574
0.2020989647
0.1981564948
0.1911231574
0.1815241684
0.1833532142
0.1694159334
0.16512845150000002
0.1642575879
0.1672897488
0.16173606229999998
0.1576401168
0.15611975420000002
0.1633796971
0.1701887647
0.1731667176
0.1821205671
0.17375369459999998
0.1708132683
0.1677615941
0.1697251953
0.16235294429999997
0.1633547309
0.16211596969999997
0.1573382722
0.15462624060000002
0.1486473212
0.15863433519999998
0.16440871669999998
0.1591090049
0.1550929885
0.16830649960000002
0.16279291619999997
0.1579682515
0.15817314949999997
0.16057497869999998
0.16053886479999996
0.153676439
0.15019202580000002
0.154390728
0.1572506022
0.1434785658
0.1443991329
0.14591344109999999
0.1421088399
0.1376542319
0.1319694315
0.1311267269
0.13298392060000003
0.12759031559999998
0.1232280904
0.1253742511
0.1258601849
0.12024510220000002
0.1203916474
0.12055921380000001
0.1323869353
0.132248981
0.12551425840000002
0.1237332928
0.11953828800000002
