0.264084347
0.23074436952
0.19076479383999995
0.15050552255999997
0.11551412623999999
0.12773323988
0.12617543343999998
0.11436121
0.10531293727999999
0.1151962324
0.12097774671999999
0.11821885567999998
0.10751575375999996
0.09218208824000002
0.0741299068
0.059505604360000006
0.0620994084
0.0668585196
0.0763383258
0.08338822924
0.08859736112
0.09098126604
0.09070760903999998
0.08573953268000001
0.07553142544000001
0.06052464564
0.0546116498
0.05900249712
0.06301133864
0.06813974088000001
0.0729500474
0.07239664243999999
0.0686112812
0.06790357947999999
0.06776916663999999
0.06453281515999999
0.06077176419999999
0.06054221128
0.0621175078
0.0637223218
0.066434662
0.06989191572
0.07335976091999999
0.06969528304
0.06584355344000001
0.0601964748
0.05478530976
0.052623486879999994
0.05399098468
0.05428698804
0.056107247119999995
0.057332535680000005
0.05433507048000001
0.05127465224000001
0.049656092680000014
0.04839418284000001
0.046002993080000006
0.045613159800000004
0.04302436288
0.04181401063999999
0.04212185891999999
0.04356368323999999
0.04530013943999999
0.048712616439999995
0.05362591788
0.057113184319999996
0.05249607772
0.0454267982
0.04312410140000001
0.0411843184
0.041731130720000016
0.04205865652000001
0.043445556440000005
0.04591484480000001
0.04922116584000001
0.05198440564000002
0.05473822204000001
0.056574642000000015
0.05786929992000001
0.05728931404000001
0.05749300084
0.061149350680000006
0.06196481932
0.059952431720000005
0.057921102720000006
0.05701391008
0.05636592832
0.05492300552
0.05046415507999999
0.0449919484
0.04130805028
0.04319447264
0.04674077991999999
0.04972439004
0.05248461324
0.05397578012
0.0535772604
0.052650092520000004
0.04932905800000001
0.04469382924000001
0.04044908928000001
0.037406413599999994
0.03648309824
0.03784570264
0.03971996032
0.0393699112
0.03806659464
0.0383850096
0.0403977028
0.03966995636
0.037753752519999996
0.036100681159999995
0.03589802356
0.03598803151999999
0.03783067128
0.0400206674
0.041108424920000004
0.04091089608
0.04205156316
0.0422777814
0.043131267519999995
0.04361340144
0.043425963119999994
0.04349371199999999
0.04500408048
0.04701982707999999
0.047017331799999985
0.04644526611999999
0.04450650964
0.043300402360000004
0.043800403
0.042146918080000005
0.04172695844
0.0409106942
0.04097163736
0.041915595599999994
0.04245574351999999
0.04160036860000001
0.040979849359999994
0.039073581680000004
0.03606888092000001
0.03387448684000001
0.03320596012000001
0.030976448760000008
0.029139344
