0.4187641407000001
0.3373468764
0.26890480749999995
0.20941870580000002
0.1708581662
0.24120560819999998
0.2293868834
0.1846224427
0.13984347589999999
0.1508947312
0.15224956329999997
0.14191999079999998
0.11700636789999996
0.0889651752
0.06961240290000001
0.069792987
0.08827335480000001
0.09243562640000001
0.10265232739999999
0.10214038480000001
0.097531668
0.095372402
0.09984576510000001
0.0986664653
0.0832702115
0.060997639999999985
0.056033091800000004
0.0607822073
0.06361012
0.0673976176
0.07063651939999999
0.0691968208
0.06586571670000001
0.0674069472
0.07137472329999998
0.0712985993
0.0738260167
0.07498600609999999
0.07285878629999999
0.07311619949999999
0.0723405902
0.0695539583
0.07279557019999998
0.06933485950000001
0.06401916390000001
0.05841338370000001
0.048910843
0.0446049455
0.054076582299999995
0.0638645645
0.07101806379999999
0.0714333778
0.06463149269999999
0.06137554289999999
0.056354069900000005
0.054348055900000004
0.062935004
0.07773691600000002
0.0718862061
0.06656069029999999
0.0604577484
0.058859880600000004
0.05518919510000002
0.0525424785
0.0495278651
0.046522053
0.0381555082
0.025233844100000003
0.023283282500000002
0.023550512000000003
0.028907653800000006
0.026955051299999998
0.0270791278
0.026660027800000003
0.032682121
0.03605459330000001
0.03701124670000001
0.0420441651
0.054970453399999994
0.0662786329
0.0761455596
0.0791677156
0.077271012
0.07213555240000001
0.06498645970000001
0.059480927900000015
0.05509731380000001
0.050552737599999994
0.0455480494
0.038515984999999996
0.0337001063
0.043760869
0.053103453599999996
0.060146278799999994
0.06381300109999999
0.06831232909999999
0.07468178669999999
0.07337728499999999
0.0617539951
0.05443196320000001
0.0486283544
0.04108051239999999
0.0379150739
0.0364575913
0.035535218800000004
0.0356831832
0.0342805205
0.0392109135
0.046565448200000005
0.051395236
0.051885603
0.048125644
0.0448704551
0.0427103067
0.0377706871
0.031552703800000005
0.029290721400000004
0.027459249399999996
0.0304495603
0.0319013688
0.031797656800000004
0.0359051223
0.0377145777
0.039425607099999996
0.041872281
0.041890012500000004
0.0378161813
0.0364523872
0.0318134135
0.030811996199999997
0.0373100737
0.0418850962
0.0455256297
0.05070009909999999
0.057914798600000005
0.0653293905
0.0669074447
0.063690304
0.061474507899999996
0.0557042101
0.049050603000000005
0.0440629886
0.0412951745
0.0365869265
0.0344579212
0.033470495499999996
0.0322389139
0.033467066000000004
0.03296806260000001
0.0317911732
0.029129433800000003
0.026412210599999996
0.0243401434
0.022996762799999997
0.0202449445
0.017981268499999998
0.0212040181
0.0242231339
0.0258644855
0.0283340652
