0.5880003253999999
0.5338116046666667
0.4857597678
0.43494544253333334
0.3980980859333334
0.4228853817333334
0.4172170427333333
0.40026068486666666
0.3898021290666667
0.4226048202
0.4411163612666666
0.4310505542666666
0.4055400742
0.37496149473333334
0.3418865424
0.31136975866666666
0.3188296611333333
0.32281915199999994
0.3302776484
0.33432374940000004
0.3478245562
0.3505675402666667
0.34088540746666673
0.3320397426666667
0.3099563838666667
0.2882019417333333
0.2816176476
0.28970633146666663
0.29647419853333334
0.3043740659333334
0.31614383693333337
0.3205446017333333
0.3162445588666667
0.3072733308
0.29960089046666666
0.2860128264
0.27740208466666666
0.2821002154
0.2816211972
0.28760300793333343
0.2894302401333333
0.29021724666666665
0.28230284299999997
0.27856254459999996
0.27418939373333334
0.26288040393333334
0.25394889626666667
0.25407088966666663
0.2583553339333334
0.25829713173333335
0.2618020224
0.2636842854
0.2628881436666667
0.2576900702
0.2571998966666667
0.25290767126666674
0.24650828660000002
0.24151196906666675
0.2384915646
0.23392214000000006
0.23627311706666668
0.2362450844
0.23249654493333335
0.22745321146666664
0.2280013014
0.22464098039999997
0.2145862766
0.2039225966
0.20361133206666668
0.20158995220000003
0.19945570086666672
0.20048400393333335
0.2047023831333333
0.20911843686666665
0.2184138966
0.225249384
0.22077918246666664
0.21466877099999998
0.20794353206666666
0.20220793913333338
0.19580895273333337
0.19734760620000003
0.1997252570666667
0.20312145100000004
0.20143552473333334
0.20329067133333334
0.2073396403333333
0.20587443973333333
0.1984541464
0.1865373642
0.17895744073333333
0.1827806859333333
0.18317358599999997
0.18312555186666665
0.18104561106666667
0.1847757698
0.18563990073333334
0.1844709523333333
0.17784452639999998
0.1720222183333333
0.16867569719999997
0.16363487020000003
0.1611698966
0.16016019713333335
0.16104810626666669
0.1610262602666667
0.15458842120000002
0.15525469686666668
0.15555177853333332
0.15380521193333332
0.14899779006666666
0.14697700553333337
0.14716047233333332
0.15100672593333334
0.1547470359333333
0.15270634393333332
0.15254150046666667
0.15177867813333334
0.15025447913333334
0.14620158026666663
0.13880641619999998
0.1385089065333333
0.14116810759999998
0.14355285193333334
0.1490028928
0.15857429820000002
0.16256491926666666
0.16243841733333336
0.15975099566666665
0.15774722066666666
0.1571060998
0.15172474600000002
0.14797215773333333
0.14632627266666667
0.1505089932
0.15610746813333334
0.157714033
0.1551652198
0.15288222213333336
0.14945429279999997
0.14078120106666664
0.1318513532
0.1273548872
0.12135448160000001
0.11701889973333333
0.11480870893333335
0.11514337693333333
0.11642089906666665
0.1174758864
0.11666241426666667
0.11324237039999999
0.11207349219999997
0.11043828186666665
0.1088332938
0.1063150198
