0.6044250336400002
0.5820411655600002
0.5556583628000001
0.5293822328000001
0.5098531942
0.5223110108799999
0.51401079332
0.5024019474799999
0.4957387973199999
0.5101139266799999
0.51115359288
0.5039338346
0.48757609843999994
0.47284606343999996
0.45344435896
0.44076951615999993
0.44430244799999996
0.44498572987999985
0.44642301603999995
0.44614541863999996
0.45067616367999996
0.4504909534399999
0.4424687857599999
0.43185873124
0.4196471564800001
0.40587245112000003
0.40345859540000006
0.4060325534000001
0.40688616584000015
0.4080922670400001
0.41425722904000006
0.41353469360000006
0.40922132724
0.40357477016000004
0.3973061290799999
0.3832004436
0.37683349359999996
0.37989646164
0.3780587940800001
0.37900158824
0.37837001972
0.37894648928
0.37493476107999996
0.36864197692
0.36727097576
0.36311898984
0.3538772754
0.34844238384
0.34824370900000007
0.3450075476400001
0.34237752911999997
0.33917978128000004
0.33526465512000003
0.33280201708
0.33054389348
0.32694822524
0.31940239568000006
0.31403880112000004
0.31090980196000007
0.31133748924000004
0.31269081336000004
0.30894305464000005
0.30410166528
0.30308970856
0.30562054348
0.30568419836
0.29980057884
0.29155042772
0.28657991227999996
0.27989587408
0.27340992239999995
0.2726060736
0.27290610892
0.27372504944000003
0.27396253332000003
0.27331962232
0.27374202148000004
0.27195409476000004
0.26905524208000003
0.2630037538
0.26041182288000003
0.26340679231999997
0.26175786036
0.25733768712
0.25136305439999995
0.25119278931999994
0.25062367048
0.24698218451999998
0.24078279188000004
0.23248219392
0.22613352571999998
0.22607221219999996
0.22716807107999998
0.22841167635999998
0.22707686891999998
0.23022365568000003
0.22760020460000002
0.22662110860000007
0.21838349080000005
0.21444334076000005
0.21060984260000004
0.20576717283999998
0.20336941247999998
0.20414617639999996
0.20616811043999994
0.2032683376
0.20099797231999994
0.2026873184
0.20387634852000003
0.20170487336
0.19638260184
0.19426495540000002
0.195672263
0.19517827627999998
0.19682408355999997
0.20011167191999998
0.20110391616
0.20067924296
0.20108974376000002
0.20112513828
0.19720852728000002
0.19553597376000004
0.19192739344000004
0.19304367372000006
0.19476391808000007
0.1962846364
0.19605303396
0.19532645351999997
0.19069091656
0.18772600439999998
0.18667274024000002
0.18163701268000002
0.17814116664000004
0.17489025912000003
0.1747725034
0.17553539764000003
0.17409105688
0.17102994612
0.17026562872
0.16921314599999998
0.1631054578
0.15978054528000002
0.15783364316
0.15369926660000005
0.15079916272000002
