0.5614463205666668
0.5420300565333335
0.5239752098333335
0.5070658811000001
0.49494094089999996
0.5160549922666665
0.5119652076
0.4984255531333332
0.4906050578999999
0.4963916199666666
0.49106666609999994
0.4801772024666666
0.4715508614666666
0.4600080327333333
0.4480379500333333
0.43920211899999995
0.44670072516666665
0.44324463453333324
0.4404144282333334
0.4375799752
0.4382363757
0.4343249668333333
0.4287399725
0.42118577226666676
0.4124631155666668
0.40297315006666673
0.40160799656666674
0.40194434686666675
0.40222632890000015
0.4011517199666667
0.40012951953333337
0.39765079116666674
0.3963376482666667
0.3925383885333334
0.38713133793333326
0.3804136884666667
0.3760210813666666
0.3776830803333333
0.37317129396666676
0.3762267973666667
0.37449334706666665
0.3713464146666667
0.3627918461666667
0.3585983390333334
0.3532984160333334
0.34798751356666674
0.3415656567
0.3394031969666667
0.3386385104666667
0.3382103964
0.33720296183333326
0.3315611634666667
0.3252828866333333
0.32224602566666666
0.3205227384666667
0.3154908398
0.31049109203333336
0.30873792996666666
0.30880083719999996
0.3107266832666667
0.31581681743333334
0.31182698573333334
0.3040613854
0.29693889246666666
0.2936387022333333
0.2870265993
0.28272940159999993
0.27776796936666664
0.2795008994666667
0.27554138066666667
0.27315470729999997
0.2747862784333333
0.27566295606666663
0.27264812136666666
0.2698739015333334
0.26889820663333336
0.268417006
0.26402722433333337
0.25935908403333335
0.25453870590000005
0.2523613098666667
0.2531754877
0.25285741613333335
0.25036166213333333
0.24501393716666664
0.24368574439999996
0.24276795036666668
0.23995005689999999
0.23470719896666667
0.2281856401
0.22414281373333333
0.22256242306666665
0.22366020343333334
0.22267054823333332
0.22099760289999998
0.22082130746666667
0.2190871944666667
0.21771570903333337
0.21466572716666668
0.21337854913333335
0.2105221360333334
0.20779696503333328
0.2063049107
0.20504333939999997
0.20345630553333333
0.19900362566666668
0.19555729026666663
0.19778608500000003
0.19856215310000003
0.1995647948
0.20111814656666666
0.20150148843333335
0.2013642722666667
0.20162965886666664
0.20205476039999995
0.20003864836666665
0.19711555770000003
0.19429297206666668
0.19319721270000004
0.19407014386666668
0.19253879140000002
0.19279788560000002
0.19163682980000002
0.1915885819666667
0.19111410216666672
0.19057455073333332
0.18768849823333333
0.18528137249999999
0.18066340833333336
0.17729329966666668
0.17589284236666672
0.17313486073333334
0.17140494143333337
0.17055321993333336
0.17248835533333334
0.1733871932
0.17276448
0.16983208906666664
0.16706381746666663
0.16370065969999997
