0.6897254012
0.6412296889333333
0.6086424319333333
0.5704646261333333
0.5428859252666666
0.5684969956666667
0.5600665255999999
0.5493021369999999
0.5457504311333333
0.5806248416666667
0.5882435884666667
0.5712668946000001
0.5437887645333334
0.5143757
0.4872871266
0.4565965367333334
0.466941518
0.4643587581333334
0.4702092762000001
0.4742027937333333
0.4916301221333333
0.49077231046666664
0.47442379100000004
0.4635776030666666
0.44048731846666667
0.4206168370666667
0.4150251397333334
0.4253392224666666
0.4322104441333333
0.4359803689333333
0.44909533313333333
0.4543528886666667
0.44810304319999994
0.4362832013333333
0.42703080106666663
0.4119069686666667
0.4040976069999999
0.40856282073333333
0.4033134049333334
0.4096543244666667
0.4109677400000001
0.4148852793333334
0.40525042266666667
0.39804369780000004
0.3912188121333333
0.3765847056
0.36678700813333337
0.3705665022
0.3740054952
0.3723145854666667
0.3736867098
0.37270338006666665
0.3718903601333333
0.3673845956666667
0.36688607360000003
0.3619676609333334
0.35223247726666673
0.3444190698
0.3427515978666667
0.33817898746666675
0.3421494200666667
0.3385574740000001
0.3306497999333334
0.3256665905333333
0.326409255
0.32248371306666657
0.311497065
0.2995285077333333
0.2983075116
0.2947071377333333
0.28872528906666667
0.287254739
0.29150313640000003
0.2930953470666667
0.3011408988666666
0.3072533159333333
0.30194644773333323
0.2933190234666666
0.2834602689333333
0.27571190706666665
0.2657236853333333
0.26830773199999997
0.26966649466666665
0.27459165139999997
0.2696417137333333
0.27006043786666667
0.27441488506666667
0.2716390094
0.263612448
0.24976928866666664
0.2412590691333333
0.24567261819999997
0.24491918093333329
0.24516570246666664
0.2431872333333333
0.24853028006666664
0.2477312082666667
0.24542381860000004
0.23514854080000003
0.22881940860000008
0.2258463290666667
0.21968139900000003
0.21657948286666667
0.21406669399999997
0.2147893712
0.2149986726
0.20732998526666666
0.21089396766666668
0.20846135866666668
0.2075032298
0.20200233686666666
0.19866532406666665
0.1980996556
0.20131211986666667
0.2050970348
0.2026476592
0.2033366844
0.20377407793333333
0.20364910013333334
0.19985621746666668
0.19084064606666665
0.19169430399999998
0.19274075146666667
0.19649720433333331
0.1989858168
0.2072167898
0.2110479752666667
0.2113944728
0.2086420360666667
0.20569390260000003
0.2037037470666667
0.1975679987333334
0.19111512060000002
0.18914935913333336
0.19467419786666668
0.20049496653333332
0.20024419026666668
0.19636044800000002
0.19287031753333336
0.1888511334
0.1793600548
0.16995243806666666
0.16497303726666665
0.15880570593333332
0.15519118613333335
0.1543019038
0.15520967433333335
0.157839608
0.15794858966666667
0.1562225382
0.1521989308
0.15076509540000002
0.14886091720000003
0.14648432180000004
0.1438017730666667
