0.61598201515
0.59223446765
0.57187326145
0.5522905706999999
0.5429820745499999
0.5806355302999999
0.5701816136999999
0.5500616584499999
0.5350939915999999
0.5473506646499999
0.5306793461000001
0.5172123890000001
0.5026341488000001
0.48821546280000006
0.47341777625
0.46741055585
0.47939143379999993
0.47120928074999996
0.4721253033999999
0.46618311944999996
0.46972541134999996
0.4614005743
0.45708947255000004
0.44993900135000003
0.4388673101
0.4263181546
0.42952688455
0.4308698578
0.42964608879999994
0.4282255320999999
0.4338933797999999
0.43225850055
0.42936232769999993
0.4219533999499999
0.4177717675
0.40922862475000005
0.40448530094999996
0.40520944629999994
0.40078857240000004
0.40191593035000006
0.39329405600000006
0.39334828585000003
0.38979031760000005
0.3859923771
0.3804761945
0.3773369123
0.3710213691
0.3722028154
0.3702794457
0.3726632219
0.37177414395
0.36558645365000003
0.3571016331
0.3553672171000001
0.34830942760000005
0.34168031605000004
0.3361024318500001
0.3338398505500001
0.3317095466500001
0.3318690266500001
0.3367611679000001
0.32955391175000004
0.31892431955
0.313505958
0.3144576361
0.3080530783999999
0.30149997284999996
0.2968112153
0.29965028065
0.29900054654999997
0.3006445573
0.2983879097
0.2955148158
0.28724104995
0.28501871635
0.27944186685
0.27686660524999995
0.2731868406
0.27519975365000005
0.27188198015
0.268735622
0.27368833789999997
0.27589409155
0.27362898295
0.26529715975
0.26504489235
0.2672013191
0.26057684919999996
0.2512938165
0.2415534672
0.23539958995000002
0.23620517565000002
0.23726543694999994
0.2389659575499999
0.23671260629999996
0.23882760479999998
0.23721858815000005
0.23607883270000007
0.22823526490000004
0.22415790285000003
0.22374856840000001
0.21688764424999998
0.21501806790000005
0.20993049950000003
0.20985392304999997
0.20595704075
0.20094970504999998
0.20215079295
0.20607577059999999
0.2081449574
0.20441563914999997
0.20392269525
0.20484152719999998
0.20461068440000002
0.20243550949999997
0.19749430615
0.195897323
0.19713901935
0.19675338225
0.19800125725
0.20012062865
0.20373819754999997
0.2025261718
0.20621127865000002
0.20678796200000002
0.20569169680000005
0.20309970125000004
0.19960312595000004
0.19548861385000005
0.19461838180000005
0.19587978665000003
0.19357795240000006
0.19157879690000001
0.18866929530000004
0.1897474442
0.1915101852
0.1874317981
0.18170038615
0.17794265485
0.173941989
0.16600553229999998
0.16122097554999998
0.15943697735
0.15746852905
0.1575148585
0.15725117444999998
0.1584757749
0.15988814434999998
0.15667051729999998
0.1515931256
