0.7584370735999999
0.6887382938
0.6395866348
0.5719109894000001
0.43005377320000004
0.5578113558000001
0.566925771
0.5688803402
0.5972488664
0.7275412788000001
0.7529277742
0.668025002
0.6174603208
0.5422340226
0.47106272379999997
0.39475185700000004
0.44524880380000004
0.46156575
0.49776840440000003
0.5432705224
0.6170511342
0.6005268779999999
0.5523402228000001
0.503124673
0.4475281336
0.357986619
0.3550488722
0.3791703016
0.4097347512000001
0.43180972520000005
0.4998526132
0.5167411812
0.49176084859999997
0.477873385
0.4421240966
0.404011279
0.37328536580000005
0.4050865172
0.40902319620000005
0.43400728499999996
0.44342210719999997
0.473032119
0.44746176379999997
0.4219530228
0.40496102159999997
0.3882875198
0.3659753362
0.3731401812
0.3789639958
0.3899946668
0.401193593
0.40564838280000004
0.39514932300000005
0.39321407480000004
0.378700748
0.340273004
0.3287373054
0.34341000239999997
0.34983841499999996
0.3482483416
0.3795935324
0.38372445199999994
0.37711175499999994
0.3591012972
0.37370913120000004
0.3660364464
0.3442356744
0.312735452
0.31931508140000003
0.2925794896
0.2808182814
0.2877122956
0.30210219279999995
0.298583393
0.31293914419999996
0.32059641140000006
0.30254322499999997
0.2837478784
0.27702406040000005
0.2786027794
0.26476117439999997
0.27150869639999997
0.288659338
0.3036785878
0.31188077300000006
0.336402362
0.3317874218
0.307549854
0.2696781586
0.2366521688
0.1960075196
0.2016270778
0.212790292
0.2504182078
0.2603921994
0.277771432
0.2898301556
0.2945768822
0.2707409776
0.2522634978
0.2499982558
0.24556062119999997
0.2273903686
0.214337922
0.21690600279999997
0.2178211524
0.20780284799999998
0.214304205
0.2203667228
0.21728872519999998
0.209719579
0.2056807278
0.208043875
0.20749543720000002
0.2101733856
0.21745528639999998
0.20850638
0.21033382299999998
0.197521916
0.1950475786
0.1788321452
0.1818088644
0.17592126879999997
0.1989190064
0.21007014019999998
0.21165554599999997
0.2196948088
0.22506714199999997
0.214506378
0.19445093360000001
0.182034247
0.1735792388
0.1772338436
0.1760662286
0.1924363766
0.22796057639999998
0.2398698782
0.23188243279999998
0.2353535016
0.23019439759999996
0.2011164178
0.1792548792
0.16422908539999997
0.1560283472
0.1613918194
0.1724079054
0.1816078134
0.1929698258
0.18722910380000002
0.1749671832
0.16455584120000002
0.1489946216
0.13772020059999998
0.1331596668
0.12921455580000002
0.12594196480000003
0.13502658799999998
0.14282879759999997
0.1534569984
0.1644858756
0.16609898639999998
0.1682740766
0.16603375339999998
0.1528363002
0.13770488779999998
