0.6581242147
0.6278320324
0.6042334874999999
0.5845799279
0.578797526
0.6553695650000001
0.6174753865
0.5931703304999999
0.5697414445
0.5993020013
0.5738398156000001
0.5566369029
0.5395130354
0.5200012135
0.5071666231
0.5059014956000001
0.5228878409
0.5069529864000001
0.5004465387000001
0.49539932799999997
0.4875188766
0.4777878750999999
0.46575526219999996
0.45642971209999994
0.43966892939999996
0.42891961610000007
0.4358950267000001
0.43546557509999995
0.44380406810000006
0.4369669109
0.45193194610000004
0.44501327350000003
0.44842368289999995
0.4434482906
0.43806569079999996
0.4237166931000001
0.42315874239999995
0.4262741405
0.41548810950000004
0.4194841533
0.41585481350000003
0.4195037276000001
0.41030097249999997
0.40045850930000004
0.3974778442
0.3947405564
0.3858118595
0.3841447521
0.38608903530000005
0.3843477074
0.37073329850000003
0.3671928441
0.3692796627
0.3715262449
0.36347454479999997
0.3599332682
0.35623087870000003
0.3602608787
0.3544698561
0.3609787364
0.37281498939999996
0.3639800632
0.3449236035
0.33920818929999996
0.3331443104
0.32342736389999993
0.31597398499999996
0.30741882239999996
0.3089492372
0.3027593169
0.30070734639999996
0.2951277603
0.2929250356
0.2878037267
0.2957709618
0.2926787929
0.28702596069999997
0.28620360819999996
0.2903513241
0.29524177620000003
0.30058176819999993
0.3016480591
0.298104596
0.2866783732
0.2742664709
0.2662049408
0.26670724980000005
0.260170073
0.2600481832
0.2485221841
0.23688947580000003
0.24572861669999999
0.2536835871
0.2605795927
0.25632784859999996
0.2638848439
0.2676953884
0.26098362540000003
0.24253944979999997
0.23458475030000003
0.2339097041
0.2266817346
0.2208472868
0.21735232239999996
0.21709736399999996
0.2137703657
0.20674178789999997
0.21117404
0.21393108
0.21373105539999998
0.21358743269999997
0.2070935539
0.209188849
0.20250867660000002
0.20261048210000002
0.19814371579999998
0.1951576222
0.19312754589999998
0.1982204612
0.2025588594
0.1952438456
0.20075183659999998
0.2004942054
0.2067126922
0.20226053689999998
0.19684489649999998
0.1966370238
0.2011504928
0.19528630330000002
0.1934436551
0.20499741170000002
0.20672455850000002
0.2045581382
0.2057098651
0.21131538710000003
0.2145384971
0.2095623787
0.1980557591
0.19569092440000002
0.1957931085
0.1867621616
0.1804313463
0.17859945559999998
0.1716287255
0.1681795013
0.1684818733
0.16530121750000001
0.1653450132
0.16019438530000002
0.1520908695
0.145248903
0.1420106048
0.1402744991
0.14330833260000003
0.14685021570000004
0.14602047560000003
0.1516503323
0.1544312755
0.1531466493
0.15109538169999998
