0.6273870263999999
0.5370243348999999
0.46539947739999993
0.4312947695
0.49980126570000005
0.43943982789999997
0.36306134240000004
0.2934751363
0.21736520850000002
0.17179817700000002
0.2143537813
0.20424776230000002
0.17341637699999998
0.1502102444
0.11902407640000001
0.12354593150000001
0.14338484880000002
0.11381259499999996
0.10561444340000001
0.0797341376
0.052477266499999994
0.0580196263
0.06456524050000001
0.05486152940000001
0.0531843251
0.0532437595
0.0403839923
0.057439243400000006
0.0554539828
0.0502764109
0.0518080216
0.053955152900000004
0.0637357349
0.06628431469999999
0.061035078
0.051673960799999995
0.0502149824
0.0478848493
0.041833380399999995
0.0429115979
0.034517384899999996
0.0288881634
0.021097551900000004
0.0211609486
0.0196931292
0.0177120696
0.017980300900000003
0.0141360753
0.0185896438
0.0193803957
0.014485424600000001
0.0145335673
0.011072343100000001
0.015288666699999998
0.021730076199999997
0.023087145799999993
0.015746471300000002
0.0179988123
0.012226122599999997
0.014018982699999998
0.0209622026
0.015490142200000001
0.0175362373
0.0150472045
0.013583066900000001
0.019142638499999996
0.030222844999999998
0.030900602
0.029081767499999994
0.027736035399999998
0.023113130499999995
0.0313399563
0.033517186399999996
0.0298277114
0.0264620544
0.020735286699999998
0.0137261569
0.0166177168
0.0193496877
0.019983521799999997
0.021928380999999997
0.0174432359
0.0119209828
0.0138978039
0.014312619499999998
0.015980353699999998
0.017056578099999997
0.013508978400000001
0.0175060583
0.020624847
0.020119181010000004
0.02064812191
0.020621605310000003
0.02051038631
0.018936880110000002
0.016179417610000003
0.01657767711
0.01589592551
0.014505070109999999
0.01388221301
0.0160817549
0.017012688199999997
0.015793928399999997
0.0129804339
0.0112050771
0.0140576718
0.0124493494
0.0149115624
0.015419561000000002
0.010850115
0.009682689599999999
0.0107828567
0.010875803199999999
0.014940872999999999
0.0137822137
0.0113659752
0.011905087799999995
0.006933741799999999
0.006265414699999999
0.0058668983
0.0060994885999999995
0.0060624249
0.007700418200000001
0.0029105726
0.0038564004
0.0032753174000000004
0.0017348501000000003
0.0029281989000000007
0.0032969897
0.0014113528000000003
0.002684783
0.0012929579
0.0010347477000000002
0.0017575955
0.0052300765999999995
0.003806482
0.004083378699999999
0.0012447261999999997
-0.0007860657999999995
0.0004545352999999995
-0.00035247279999999946
-0.0006887736000000002
-0.0021812739000000004
-0.0016893090000000004
-0.0047511672
-0.004915656000000001
-0.0026883844000000004
0.00014414749999999975
0.0003017565
0.0027166870999999998
0.0013197524
0.0011927126
0.0006973564
0.0036365521999999996
0.007024320099999999
0.0089347629
0.0079667394
0.007020451300000001
0.0063805760000000015
0.004770778
0.0057315829
0.0055860727
0.0062439147
