0.6224211452
0.5321110543
0.45989707640000005
0.4265060736
0.4964727968
0.4314447077
0.3539975577
0.28191858249999996
0.20874025770000001
0.1644203793
0.21152715309999998
0.19974204739999998
0.1712767655
0.1539748324
0.11935661580000004
0.13086999160000004
0.14661536190000002
0.11546221350000001
0.10307205529999999
0.082683574
0.047559144000000005
0.05092928719999999
0.0563705325
0.040032414599999996
0.0465468589
0.04328244969999999
0.0327344023
0.054041845
0.0507852728
0.0352202668
0.0384354784
0.0481952104
0.0548903558
0.056952156200000006
0.046308547500000005
0.0376850409
0.04147093710000001
0.0370570158
0.0346709039
0.0418775412
0.0325942228
0.022314844999999996
0.011264422
0.0128839586
0.0138397194
0.0096593082
0.0057302827
0.0064285665999999995
0.0038623933
0.0009202417999999993
0.0007675475000000008
-0.0010679566000000008
0.0017941893
0.0010939120999999997
0.0049274017
0.0101657708
0.0058143857999999994
0.0008214928
0.0042218959000000006
0.0083110034
0.0153231362
0.012084130499999996
0.0152802988
0.016871816499999998
0.015316992000000001
0.0085802336
0.020095409600000003
0.0238135402
0.019688401
0.0194443298
0.015809945
0.0212819863
0.0218300869
0.018809139699999998
0.0146625124
0.020354690399999997
0.013755179400000001
0.0153277198
0.0200744408
0.0183589083
0.0183414536
0.0154425759
0.0119318768
0.011729140099999999
0.010771323599999999
0.010085766199999997
0.0120513264
0.0097691816
0.0070553935
0.0113204726
0.0124362238
0.0140910806
0.012725768399999999
0.010651891699999999
0.0116035463
0.0109388466
0.006732944899999998
0.0073945949999999995
0.011564095599999998
0.010221259399999998
0.008162048600000001
0.0107721741
0.0083755901
0.009536123500000002
0.008472757899999999
0.0087429972
0.010840442300000001
0.0104694127
0.0110070765
0.007801470100000001
0.0110499267
0.012081967199999998
0.014926206899999999
0.018989483699999997
0.019896320599999996
0.014556310999999999
0.010389352899999996
0.0105706987
0.0062420355000000005
0.0052503071000000005
0.0043883883000000005
0.0022764772999999995
0.0016426019999999993
-0.004015458000000001
-0.0009583956000000001
0.0031371823
0.004816342200000001
0.002873086
0.0022592280000000007
0.002209342300000001
0.001692888800000001
0.000123467
-0.0010407654999999999
-0.0004067197000000002
-0.0027718336999999994
-0.004071696099999999
-0.0037118014
-0.0013567461
-0.0045378268
-0.0063248435999999995
-0.0066561816999999995
-0.005992765700000001
-0.0048255817000000005
-0.0022357914999999993
-0.0016819793999999998
-0.0008068018999999992
-0.0016150734999999992
-0.0042694453999999995
-0.0018385069999999996
0.0025013954000000006
0.0036502683
0.0030419159
0.0013680569199999997
0.0010741973199999998
-0.0006937003800000004
-0.00036493538000000037
0.0006852814199999999
0.0037324718200000004
0.004040093119999999
0.0003483483199999998
-0.0012619785800000003
-0.00215144018
-0.0018609939
