0.6565861446000001
0.5676395818000001
0.496196193
0.45936402860000003
0.5126834227
0.4566484045000001
0.3813193194000001
0.3086564115
0.23400317890000003
0.1884908435
0.2222086322
0.2180292867
0.1916943289
0.16926335539999998
0.1364775455
0.140098514
0.1640043752
0.13963381199999997
0.12445228289999999
0.09921626559999999
0.07224618289999998
0.07102191459999999
0.06934110699999999
0.05776787610000002
0.05660808830000001
0.05625715939999999
0.03851668479999999
0.053939494399999996
0.0567037547
0.0477958931
0.04397744619999999
0.04576956549999999
0.0581419661
0.06431681439999999
0.059869269399999994
0.049581350499999996
0.0486041938
0.046432769299999996
0.0427325682
0.0481861247
0.040701346099999994
0.033393771200000005
0.0243200332
0.022254599499999996
0.0212287002
0.016680042400000004
0.016911674100000003
0.0143874374
0.019875348100000002
0.016715401100000003
0.018408698200000004
0.019128661400000004
0.0197983833
0.02343008
0.0273177141
0.031142280700000004
0.0248219479
0.023978706799999996
0.0184514792
0.0239468383
0.0288649549
0.027702645300000002
0.0267777055
0.025763675599999997
0.0279545292
0.0327651554
0.043005678
0.0460069105
0.0426033329
0.0400401859
0.0345268977
0.038067262799999994
0.039835478300000005
0.041643628
0.0357587805
0.029569710299999996
0.0262996146
0.028065927499999997
0.030047334999999998
0.027999105199999996
0.029424103
0.0257714812
0.0248407697
0.019591050300000003
0.018860600999999998
0.020376764199999998
0.0178370136
0.014458295200000002
0.0172282232
0.022032818200000002
0.0213519679
0.021910391
0.020035872
0.0185345609
0.0182121346
0.0146789161
0.014500316499999999
0.0115657302
0.011300726300000001
0.009772692199999999
0.012103922
0.012111364099999997
0.011618633899999998
0.0125763615
0.013035273
0.014682753100000001
0.013436598599999999
0.014810368899999999
0.013357961799999998
0.009464572699999998
0.008985245199999999
0.010734356799999999
0.0093206362
0.008002397000000001
0.0081462296
0.0078268636
0.006194413299999998
0.006105318699999998
0.0071893466
0.007738833599999999
0.005058631400000001
0.0030022148
0.0018702688000000003
0.0021921607999999997
0.0008271141000000002
-0.0007801722999999997
0.0018202123
0.0012818807000000002
0.0007623827999999999
0.0003328121000000002
0.0033179253
0.004343999499999999
0.006703434900000001
0.006440799499999999
0.006843801200000001
0.0078224013
0.005739162200000001
0.006418630400000002
0.0054177773
0.0041138085
0.0031170044
0.0037525684000000005
0.002548883
0.0024420586
0.0031937154000000003
0.0032462286000000005
0.0065952184
0.0064164911
0.004564414399999999
0.0064846442
0.004391258899999999
0.0030603304999999997
0.0026334341000000005
0.0053047102999999995
0.005642841200000001
0.007050212400000001
0.003790223100000001
0.0024427376000000006
0.004605482000000001
0.0043772321
0.0057791463
0.005169210500000001
0.004843103600000001
