0.6470652507999999
0.5575383892999999
0.486036386
0.44992296600000004
0.5084050093
0.4478375548
0.372825045
0.3055376336
0.22625139099999997
0.18032083999999998
0.2164188124
0.21163905119999998
0.18375191049999995
0.16172466209999997
0.1320551632
0.1357483424
0.15279124679999997
0.1218710752
0.115772469
0.0926026665
0.0607395042
0.05753026800000001
0.059396524000000006
0.046894232599999995
0.0438724388
0.04689205090000001
0.0340529563
0.0518845157
0.05003043929999999
0.0409486243
0.0459140577
0.0499985646
0.06080043350000001
0.06599047570000001
0.060654309100000005
0.0480605873
0.0511091921
0.04596930250000001
0.04224340850000001
0.04665314460000001
0.0358283608
0.029428595100000003
0.0203750233
0.016243366399999997
0.013992122799999998
0.014965695900000001
0.013254719299999999
0.013645071
0.015781745300000004
0.0104243892
0.014217696100000001
0.0155875287
0.0176537696
0.0242997678
0.0314669157
0.0329388158
0.026095471
0.0248938789
0.022382993899999995
0.030760303199999995
0.0311382443
0.0300041478
0.028432598200000003
0.0265903865
0.0266976434
0.030507241799999994
0.039014766299999996
0.03903481910000001
0.034733613700000006
0.0325873717
0.030048490700000003
0.028636278000000008
0.027406171300000004
0.026239458699999996
0.021835428900000002
0.017850137500000002
0.0125443897
0.0161833923
0.0207997759
0.019358857200000003
0.0191914779
0.020221409899999997
0.0193705474
0.016083497199999998
0.015508426400000002
0.0158975529
0.0168608443
0.012479999099999998
0.0131290081
0.014907377999999999
0.0168796467
0.019488188400000002
0.018968243099999997
0.0187599801
0.0167682525
0.013489589200000002
0.014277107399999999
0.013868855199999999
0.0141715869
0.007842508000000002
0.0082583413
0.004612444999999999
0.0031103546
0.0032414162999999997
0.004308489899999999
0.005943248
0.0030387757000000003
0.0020360049000000004
0.0035653485000000005
0.0063972628
0.0063721218
0.006844241000000001
0.009588395699999998
0.0104745986
0.009008519600000002
0.0083695156
0.008998374300000002
0.008569548
0.0050600254
0.0057914881000000005
0.0038238640000000006
0.004535465
-3.5465100000000095e-5
-0.00028422089999999994
0.0023837016
0.0012123772999999998
-0.0002366351000000001
0.0011217137999999997
0.0013791918999999995
-0.0002790439000000003
-0.00023659990000000027
-0.0006499898000000003
0.0013623627999999996
0.0006124736999999998
-0.0006570230999999999
0.00034326590000000013
0.0013927905
0.0019221482
-0.00011765520000000008
-0.0013501083
0.0011803595000000004
0.0013448141
0.0008669979999999999
0.0010675051
0.00011566569999999998
1.4608900000000181e-5
0.0002842189000000001
-0.0009723669999999997
0.0017313128999999997
0.0041747992999999995
0.0005990975
-0.0007219199
0.0007451318
0.0026750469
0.0041287393999999995
0.0054988043
0.006074778599999999
0.006852778699999999
0.0056295875
0.0039724279
0.0053401518
0.005374893899999999
0.0038240107999999986
