0.5197516607333335
0.4519336708000001
0.3957512912
0.3608870394
0.39017985419999995
0.3705437934666667
0.3260584544666667
0.2686133310666667
0.21420000253333338
0.16825468693333334
0.17542657366666667
0.1828435330666667
0.1580430372
0.13761254226666664
0.11453508279999998
0.11427564573333332
0.11919351793333331
0.10906979473333331
0.09670980066666666
0.08033285013333334
0.06479225846666666
0.06316846513333332
0.06620648086666665
0.06257280846666667
0.055413981200000004
0.05019493386666666
0.04037031146666667
0.054741897466666675
0.05661948833333333
0.054101519333333334
0.0496823702
0.04822331793333333
0.05093425573333333
0.05254926986666666
0.049799338799999995
0.03982439166666666
0.036955035733333336
0.03499559
0.03365338486666667
0.0363900574
0.031484101
0.028984723666666667
0.021764569933333328
0.022921625666666667
0.021030093266666668
0.019042623466666672
0.017304680800000007
0.017239332666666666
0.020785059400000003
0.022477783666666664
0.025111390733333336
0.0232701748
0.021537018999999998
0.020386212133333338
0.022842185333333334
0.02716589846666667
0.024498661600000003
0.0254995114
0.02471061106666667
0.029970535733333338
0.034682362200000004
0.03918818586666666
0.039009370466666665
0.03316838073333333
0.0313238332
0.0294223098
0.03332887153333333
0.0360706924
0.040172043600000006
0.03784516386666667
0.03515219913333334
0.038252832066666666
0.03986818513333333
0.03602415366666667
0.03135355053333333
0.027194941533333333
0.021839406999999998
0.021959931866666667
0.024830521866666667
0.023725440599999998
0.025718776800000002
0.024765999266666668
0.02295006306666667
0.01974721713333333
0.022202908999999996
0.021716446599999998
0.018913257933333334
0.016606561533333335
0.017155339133333336
0.01720079353333333
0.015888652200000002
0.017251889466666667
0.014100036733333331
0.014220334466666667
0.016144303133333333
0.016201218466666667
0.015096158266666666
0.014713454000000003
0.014054098
0.011202430066666668
0.011442509
0.011602694533333334
0.010616368
0.0107692684
0.0103125952
0.012405437866666667
0.012585518466666666
0.013216724666666664
0.011855211799999998
0.010118121666666665
0.008591136733333333
0.007658060666666666
0.006940824533333333
0.007177925133333334
0.0067816356
0.005989356733333332
0.005629262599999999
0.004589991266666665
0.0044113444666666665
0.004359815933333333
0.0020808584000000007
0.0017152976666666667
0.0015816542000000001
0.0023512489999999997
0.0015726906
0.002983397866666667
0.0043956534
0.0049887354
0.003912313066666667
0.0037631276666666665
0.0039233716666666665
0.0035399292666666664
0.004613895266666668
0.00450166
0.0037638202000000007
0.005581515666666666
0.0056838908
0.0058334036
0.005032096933333333
0.0056703965333333335
0.003875573866666667
0.005040741866666667
0.0044225994
0.0032507366
0.0035243822
0.0032940874000000004
0.0038980029999999997
0.0033099394000000006
0.004956718933333334
0.006689751666666668
0.006497712533333334
0.005065845
0.0043518357999999995
0.004693018866666667
0.0043133933333333345
0.004982699200000001
0.0029473310666666675
0.0022610144
