0.4962700973333332
0.42788336886666656
0.37375047999999994
0.3399200770666667
0.3792031524
0.35785032640000003
0.30833892420000003
0.2477768471333333
0.1926600712
0.1478791936666667
0.16037603406666667
0.16545704480000004
0.13935922506666668
0.12279985966666665
0.09915840033333333
0.09987528546666667
0.10497778013333335
0.09517024993333331
0.08432428513333336
0.06880329240000001
0.05296935286666667
0.056214531466666676
0.06204113600000002
0.05962901860000001
0.05332662333333334
0.0520500122
0.04535798286666667
0.061785676533333334
0.058104199333333335
0.056337252666666664
0.052433815733333326
0.05101143553333334
0.05092087519999999
0.05094358593333333
0.04647813853333333
0.039565762466666654
0.037694096933333324
0.037557882199999996
0.03524217653333333
0.035948398199999995
0.029703181066666664
0.027028200866666668
0.01785443546666667
0.019147138666666667
0.018708350333333335
0.014773405000000002
0.013906486866666668
0.0130162114
0.017545700733333332
0.02182738373333333
0.022083021666666664
0.0182670728
0.015788609066666667
0.013190587999999998
0.014925585999999998
0.01694016033333333
0.012246381066666668
0.015282986066666667
0.015184074533333331
0.017962497866666666
0.025187830933333332
0.028726591266666667
0.02900744833333333
0.02238598853333333
0.0189295588
0.016957483466666663
0.022642037733333332
0.025628568799999998
0.026918467066666663
0.026257878999999998
0.025036553666666666
0.027550601066666666
0.028395101333333332
0.02525431066666667
0.023196528733333336
0.018814645133333332
0.014122298333333333
0.012975489333333335
0.016795824666666667
0.017308935066666663
0.020281369133333334
0.018028348933333334
0.015056296
0.017039875266666667
0.019305057133333334
0.018403908006666667
0.018736941673333334
0.01564474834
0.01756962374
0.01661117394
0.016448726873333337
0.01745130974
0.01770625780666667
0.017444719406666667
0.01901811947333333
0.018471508806666665
0.018707681739999996
0.017168048340000002
0.014552540806666663
0.010331327339999998
0.01240772073333333
0.011985461399999998
0.013899562533333331
0.014050835866666667
0.013626942733333335
0.0141403568
0.014844468133333334
0.013821300133333334
0.014843076066666667
0.010264661133333334
0.009263867599999998
0.008580394466666667
0.007992771466666665
0.0095741564
0.010068156866666667
0.008834901333333334
0.010586518466666665
0.009013870666666667
0.006503750466666666
0.005602184733333332
0.004992286133333332
0.0025483900666666667
0.0026943685999999997
0.001811567533333333
0.001820916266666667
0.003047439866666667
0.0035117652000000005
0.005081207933333333
0.0034985376666666667
0.005177636933333333
0.0034636150666666663
0.001229025933333333
-0.0016094260666666665
-0.0006528580666666664
-0.00044699380000000046
0.0006289130666666666
0.0018960160666666663
0.001674892733333333
0.00017433853333333367
0.001069290266666666
-0.0016033442666666662
-0.001425202266666667
-0.0022031595333333338
-0.0016234174000000004
-0.0021225868
-0.0010289066666666672
-3.109466666666704e-5
0.001309979533333333
0.0031227505333333333
0.0054491468
0.0045881462000000005
0.004345139733333333
0.003931323933333334
0.003756505933333334
0.0042253766666666675
0.006069252600000001
0.005485210066666666
0.005376491000000001
