0.35997914272000003
0.32624166464
0.28231829008
0.25742899836
0.2679956082399999
0.24314464311999995
0.21468793547999993
0.18031912163999997
0.14279728992
0.11490683888
0.11990986275999999
0.11684749143999999
0.10865754195999998
0.09747198767999998
0.08101305424
0.08237524427999998
0.08555734331999998
0.08242424159999999
0.0786929238
0.06704022652000001
0.05256657272000001
0.052635547799999995
0.05354449876000001
0.04967948623999999
0.046852246800000004
0.042407251640000004
0.03621228264
0.04182582083999999
0.03888128276
0.03559600904
0.0342570494
0.034925328320000004
0.035243917560000004
0.03723449132
0.033473026960000006
0.029337509720000002
0.028826111600000006
0.028133522400000017
0.02858901416000001
0.03180332560000001
0.029066952639999998
0.025364090879999992
0.020881295719999998
0.0197914986
0.0215154246
0.02256857252
0.02038409388
0.02111884068
0.022327805359999998
0.023821125119999998
0.02693850504
0.029198559359999997
0.028345214039999997
0.02718759752
0.028953524159999997
0.028601690439999997
0.026536717359999996
0.0266232808
0.026510890719999996
0.028385540999999993
0.028391481599999994
0.027981303759999993
0.027757063119999995
0.02578760076
0.02411030076000001
0.023102755280000005
0.024187092920000004
0.024413948200000007
0.023991092040000005
0.022284790279999998
0.022295205040000002
0.022723982360000002
0.021376023480000002
0.020403049399999998
0.019394194600000005
0.017651717240000003
0.016376461760000002
0.016387317800000002
0.017601638600000004
0.015957142600000005
0.015671644440000004
0.01698031412
0.015961097040000004
0.01557590068
0.013797026240000001
0.013814998760000004
0.013203683880000004
0.011158102720000002
0.010578294760000002
0.00993699568
0.01037235248
0.010107260440000002
0.00902728004
0.0105686412
0.010152560799999998
0.01000482632
0.00919704256
0.010001461359999998
0.009516530959999998
0.007577452319999999
0.006968300039999998
0.005911334799999998
0.004867802
0.005088659319999999
0.0057618550400000005
0.00613853624
0.0053003856000000005
0.004439733240000001
0.003734207840000001
0.00539392976
0.00414991444
0.003971702760000001
0.0040723456800000005
0.00434376956
0.003926841520000001
0.0036665970800000007
0.0038248794000000008
0.004170276400000001
0.0025530579200000003
0.0025722154000000002
0.0017383720799999999
0.0017911225599999997
0.0010058466799999998
0.00010686804000000008
-0.00021660963999999984
0.00079093464
0.00076345532
0.0010892564
0.0009560497999999999
0.00030188643999999994
0.0002146700399999999
9.062411999999993e-5
0.0006310859199999998
0.00091308156
0.0004998294400000001
0.0005456227200000001
0.0005693414
0.0009386236
0.0014743918
0.0020649997599999997
0.0025088317199999997
0.0027805314800000004
0.00282725228
0.00291992708
0.0023516098399999994
0.0025443770799999997
0.00216218276
0.00169936864
