0.31701365323333336
0.2855635943666667
0.2524105429666667
0.22879842003333337
0.23525635216666665
0.2176680259666667
0.19461345980000003
0.1674099059666667
0.1383864055
0.1118343340666667
0.11281075376666669
0.11160692226666669
0.10639246733333335
0.0971160153
0.08431830106666667
0.08197900796666667
0.08370841793333333
0.08000202523333333
0.07462953526666666
0.06506609446666668
0.052308325066666654
0.05006175043333332
0.050601035433333344
0.048113096666666674
0.04590201930000001
0.04083951743333334
0.03467751756666667
0.03825323370000001
0.039770557000000005
0.0375658063
0.03436249683333333
0.03276399936666666
0.0340867942
0.036667164633333325
0.03613856123333333
0.0324678912
0.030112605266666665
0.028266304500000002
0.027019798500000004
0.02961612136666667
0.029324999733333332
0.02674169263333333
0.02363204066666667
0.02381611836666667
0.0255003145
0.026862492833333338
0.028246433333333335
0.028124351566666664
0.026976720066666664
0.026900808433333333
0.027266850266666663
0.028299523166666663
0.028803855699999992
0.03027912786666666
0.030343674599999995
0.031159048799999995
0.03137574683333333
0.03268384826666666
0.03036738236666666
0.03066204313333333
0.030938651866666667
0.03051379643333333
0.030484651166666665
0.0289994513
0.027524636900000003
0.027570543300000007
0.029047435400000002
0.029510377733333336
0.029959630366666674
0.030024036433333342
0.028434322866666677
0.02858304500000001
0.028237373333333336
0.02658974640000001
0.02427717203333334
0.02154179686666667
0.01954564823333333
0.018029984300000003
0.019525428166666668
0.019934871866666662
0.02095999763333333
0.019931078766666662
0.018831758533333333
0.016900657566666664
0.01670266953333333
0.0165794778
0.015257976233333333
0.013611464766666666
0.013962303766666666
0.013756694366666666
0.014147045033333335
0.014918703966666667
0.0136583807
0.013037773133333336
0.013131212400000003
0.012396177600000002
0.011377109466666669
0.010827139266666671
0.010616011566666668
0.008992032833333333
0.008715932866666666
0.008615978566666665
0.007603179633333332
0.0075903064333333325
0.007336205566666666
0.007243148133333333
0.007150408066666666
0.0073991894333333315
0.007103230399999999
0.005845406133333332
0.005787267299999999
0.006026857033333333
0.005964779966666667
0.005545119099999999
0.005272381633333332
0.004956364199999999
0.004584595933333332
0.004601943266666667
0.004456502233333332
0.004061818066666665
0.003831187033333334
0.003699594233333333
0.0037075289
0.003691672966666666
0.0036215435666666672
0.003429485866666667
0.004718197633333334
0.0047056674
0.0035815248333333338
0.0036437549333333337
0.0036087295333333334
0.0037189661333333333
0.003961917333333334
0.004729189466666667
0.0052267859333333345
0.006039614099999999
0.0053748679
0.0050926197
0.0048625579
0.0049918949333333336
0.004429136533333333
0.0039940364666666665
0.0033418069000000004
