0.3080745224666667
0.2755692361666667
0.2430616068333333
0.21951395356666664
0.22811087043333328
0.21015931603333327
0.18655641603333326
0.15976440816666665
0.13068476643333332
0.10462404360000001
0.10769079143333334
0.1063892946
0.10131628933333331
0.09153645679999999
0.07886063703333333
0.07690032686666666
0.07931779839999999
0.07324163113333332
0.06934877226666665
0.06006814513333334
0.04749397423333334
0.045652475899999996
0.04685732693333334
0.04304269156666666
0.03950629023333333
0.03663944470000001
0.03280562256666667
0.03716629639999999
0.036018531033333336
0.03267538603333334
0.031986704866666674
0.03167156280000001
0.03294307546666667
0.0355112033
0.03537111586666667
0.03198836633333334
0.03015312746666667
0.02816941746666668
0.026802715900000006
0.029279279000000002
0.027061433733333327
0.025006757199999993
0.02215379703333333
0.02237784023333333
0.0240522273
0.026137251166666667
0.026121652199999998
0.025857922999999998
0.024299450966666667
0.02459068803333333
0.025134810366666666
0.024742651499999997
0.02449751303333333
0.025709871
0.026666662666666664
0.027098731699999993
0.02588487566666666
0.026704030099999998
0.025972127833333327
0.027568844033333328
0.02679273763333333
0.026287278566666662
0.025069772299999998
0.022971114133333335
0.021347166233333336
0.021418310733333334
0.022806666766666667
0.02256607016666667
0.022887465900000004
0.02228453563333333
0.02203987176666667
0.02278195876666667
0.02191498726666667
0.020360978666666665
0.01803736926666667
0.01574575986666667
0.01456078046666667
0.014177415533333333
0.01603345696666667
0.014036247733333337
0.014776488633333336
0.014774014433333335
0.013816381700000003
0.012694964533333334
0.012195056266666669
0.011776796700000003
0.01139224246666667
0.009461619733333334
0.010288647833333333
0.009715716266666665
0.010503369933333333
0.010314958133333333
0.010555664466666666
0.010825331666666665
0.010028420666666666
0.009267450933333332
0.008771419133333331
0.008158136033333332
0.007598986933333333
0.006677086299999999
0.006151442366666666
0.005330717
0.004221095066666667
0.004477264666666666
0.0052335703666666665
0.005175046966666667
0.003933504966666667
0.003909088900000001
0.003334855266666667
0.003969902333333334
0.0033197953000000005
0.0035765720666666675
0.0036384311333333337
0.003600950466666667
0.0035783993666666674
0.003308386266666667
0.0033848432333333342
0.0038711366666666666
0.002107187366666667
0.0013874453000000003
0.0015892078666666666
0.0017434297666666665
0.0007312985666666666
0.00046525263333333335
0.0006141147333333334
0.0005234173666666667
0.0004801247666666667
0.0006904983333333333
0.0009976165333333332
0.0008485490333333333
0.0005142857
-9.031866666666642e-6
0.000991497533333333
0.0014516752333333333
0.001195794
0.001952226366666667
0.0025839293333333336
0.0026008533
0.0024144150666666666
0.0022657062999999994
0.002373202933333333
0.0019992626999999997
0.0018120468666666665
