0.6327239191999999
0.5799757395999999
0.5567740328
0.6030972718000001
0.7941310282
0.6614065823999999
0.535101039
0.4152987392
0.2967486602
0.22267899040000003
0.23426852720000002
0.21054905100000001
0.19577652799999998
0.1557541218
0.1379626896
0.19856909760000002
0.21272905139999998
0.171727293
0.16769520240000002
0.1261476368
0.0729275872
0.0928534422
0.07201485739999999
0.0638497356
0.05905769620000001
0.04855142120000001
0.0222070938
0.046778190600000005
0.0299387296
0.028687181400000004
0.0452326806
0.045898818800000005
0.0569908408
0.070122149
0.0532100672
0.0465954348
0.0540983104
0.0646100262
0.06185880240000001
0.068098551
0.0495257398
0.048120073799999996
0.027328578799999996
0.0226280146
0.025207738199999996
0.0221309818
0.010737116399999998
0.013421467799999998
0.009858718200000002
0.0027765073999999994
0.007800409999999999
0.0157723222
0.0138686742
0.0217047724
0.018072271
0.020634982200000002
0.0154027352
0.021438865
0.026894763199999998
0.0448615604
0.0452426494
0.0367882068
0.028348892800000004
0.017871224600000003
0.016659046
0.0170338392
0.023220088800000004
0.028516303599999997
0.0353095484
0.0367362408
0.0439806444
0.0548094438
0.0495533346
0.034157679
0.0284385026
0.016116337
0.0024631122000000004
0.005259008
0.018321238400000002
0.0152323552
0.019583938000000002
0.022625667199999998
0.0271077766
0.0232783134
0.0234853592
0.0187990178
0.0178171526
0.011633318199999998
0.008888681
0.0075314935999999996
0.012996088
0.015904536
0.013326679999999999
0.0173693352
0.0222832624
0.0207632054
0.0230718408
0.0246098062
0.020150625
0.011253242600000001
0.006215972999999999
0.005482374
0.0031279042
0.0081925488
0.0044317734
0.010300709600000001
0.003742516
0.0030928049999999997
-0.0017097161999999999
0.0041852064
0.0015857864
0.0023350354
0.0009792047999999999
0.0088404132
0.0086093192
0.0111584572
0.0113534466
0.0181975866
0.012108784000000001
0.009407719999999998
0.005580574
0.006643301999999999
-0.0010584906
-0.0019887331999999995
0.0021752562000000005
0.0020671540000000003
0.0024276280000000003
0.0009875604000000003
0.0014202913999999999
0.0025921469999999995
0.0003576005999999996
-0.0029008982000000008
0.0012558671999999996
0.0013380923999999996
-0.0031502348
-0.0008308003999999997
0.0016009186000000002
0.0014688583999999999
-0.00011314499999999991
0.0018361886
0.0015173322
0.0011846623999999997
0.0023754379999999997
-0.00012216539999999957
-0.0045364052
0.0008433868000000004
0.0015049658000000003
-0.0006414419999999992
0.0022571756
0.0047677366
-0.000814169
-0.0009365280000000001
-0.0013032920000000004
0.0012054502
0.0035818620000000003
0.002012364
-0.0005073118000000001
0.0027935556
0.0041446436
0.0046756168
0.008985244600000001
0.012656869000000001
0.010912001799999998
0.0071145314000000005
0.003269239
0.001695059
-0.0019070812
-0.0032639801999999997
