0.6099306362
0.5575274218
0.5343011674
0.5850298142
0.7940131032
0.6448434165999999
0.5165212480000001
0.39649778739999997
0.2775597248
0.20558942819999998
0.2340362392
0.2096014368
0.19045248519999997
0.1571706922
0.1380069258
0.1946713234
0.1988940878
0.15638026879999997
0.1432497966
0.100041227
0.052420539599999996
0.0878756098
0.0712449212
0.06797909020000001
0.0594270482
0.0525339934
0.0281636428
0.0578855598
0.0417439686
0.046941602
0.053953525599999996
0.052604341799999996
0.056992927000000006
0.069163997
0.0536112198
0.0496625176
0.055305964
0.0704785428
0.0634046324
0.0684589362
0.05368540399999999
0.0451240008
0.0252911558
0.0202621284
0.0173642596
0.015349365799999997
0.012652325999999997
0.016903948
0.022059768799999997
0.022021998799999998
0.020074773400000002
0.0233082758
0.011368202600000002
0.0151195188
0.016738792600000003
0.0088960758
0.005758858800000001
0.010776483600000001
0.015457814599999998
0.0267213598
0.0372782158
0.0257340838
0.025221140999999996
0.0089944306
0.0013166056000000002
0.0046461894
0.005246200599999999
0.0098513336
0.021099978399999997
0.0258495282
0.03363908759999999
0.0551994894
0.0519498704
0.037063556600000006
0.029622542600000003
0.012587173400000002
0.0074804232
0.0150845024
0.0225918662
0.023301566200000002
0.028883399999999997
0.019971890600000004
0.0181509312
0.0161075092
0.0166654774
0.014973361999999999
0.014914581199999999
0.0056910344
0.011688098599999999
0.011959761599999999
0.0169873454
0.019198575000000002
0.0213269224
0.023324018
0.029289932400000003
0.023251016620000002
0.02209766882
0.01991628822
0.017696754619999998
0.00858382782
0.0091078186
0.0110576854
0.0118755628
0.0113133856
0.019180598200000003
0.0230556912
0.022967691000000002
0.019712293999999998
0.0146474822
0.003229556
0.0050596524
0.0019310078
0.010110830800000001
0.0161916398
0.018470674
0.014305726799999998
0.019634705599999996
0.011640775599999998
0.0136901062
0.0090937534
0.0084262236
0.004175469999999999
0.0022267079999999996
-0.0011592768000000004
0.0026400432
0.0037727536000000004
0.0079493798
0.013174128400000002
0.006980422
0.0050727576
0.0027778811999999995
-0.0044796796
-0.0073177306
-0.00038644259999999974
-0.0022500519999999998
0.0025916848
0.007065595399999999
0.009387226
0.0039016336000000005
0.0127102052
0.005021279200000001
0.001101162
-0.0068977736
-0.005473765199999999
-0.0118011346
-0.0057262248000000005
-0.0024787092000000004
0.0025352257999999997
0.0020951472
0.0022988002
-0.0041050872
-0.0028980596
-0.0022469308
-0.0014916342
0.0031345739999999998
0.006744591999999999
0.0052834848
0.0036416435999999997
0.008764738599999999
0.0109140662
0.011124933799999999
0.010649994
0.010399259
0.0039964134
-0.0013725101999999996
0.0003382320000000005
0.0005221514000000003
0.0020885704000000002
