0.6459581732000002
0.5931623736
0.5699410506
0.6146547604
0.7935578756
0.667214116
0.54211679
0.4224513354
0.30407329680000006
0.23180896980000001
0.24608269300000002
0.22052184879999998
0.19486148760000002
0.163933061
0.1451727172
0.1983345714
0.2155367246
0.18852717019999998
0.1745936498
0.1277823738
0.0818624566
0.1124720258
0.09074045379999998
0.074310916
0.07065015740000001
0.0626299092
0.029571803400000003
0.0479417602
0.0412248362
0.0425660192
0.0498844096
0.04746156619999999
0.05993722859999999
0.07218267319999999
0.053025767
0.0380704828
0.0440775648
0.05634670359999999
0.0564509556
0.0667127718
0.06109221819999999
0.0531308228
0.036518835
0.029014180799999994
0.029659477599999994
0.020310474000000002
0.0136567196
0.0121212314
0.015495018199999998
0.0127979228
0.013049610800000003
0.020166628600000003
0.0166536434
0.024255678
0.020632879399999998
0.0237677856
0.0180906942
0.022943123200000002
0.022604482000000002
0.0340025488
0.0385167758
0.0315532016
0.0250142904
0.0142984764
0.0138911278
0.019213134
0.023852089
0.028541120599999997
0.0372288748
0.042017930599999996
0.046317176800000005
0.062159267
0.0634727004
0.047977791000000006
0.0380624412
0.0227366186
0.013975258600000002
0.0161982562
0.035309465
0.0334551198
0.036402802000000005
0.0386239706
0.039933598800000004
0.024785205
0.022543090600000003
0.022445404
0.012918991799999998
0.009747940600000001
0.014396895600000001
0.0151781114
0.0183081244
0.022755035399999998
0.0191686498
0.0200595508
0.028887524999999997
0.024395811400000002
0.0210657466
0.020903094200000003
0.017009571000000005
0.007536744200000001
0.0049620207999999996
0.007934886399999999
0.0022283661999999995
0.005591881599999999
0.0120086402
0.019245823199999998
0.016287841799999998
0.021008901599999998
0.019560841399999997
0.0140619058
0.010119682999999999
0.0105853554
0.0086118362
0.007155082200000001
0.004867239599999999
0.007850807399999998
0.010883358199999998
0.010029436199999998
0.008849711799999998
0.011425219599999998
0.0078029198000000004
0.0015054683999999995
0.0021812012
0.0055289814
0.0040524476
0.002314343000000001
0.0044989612
0.0015593364000000007
-0.0011446598
-0.0023982193999999997
-0.0038746876
-0.0008585366
0.0010044250000000002
0.0026694254
0.0030638436000000003
0.010510538199999999
0.0095465356
0.0124024448
0.010212173599999999
0.010623758799999999
0.0051342644
0.0019317887999999999
0.00043481600000000003
0.000623381
-0.0023961418000000003
0.0010997444000000003
0.0055733480000000005
0.004662950000000001
0.0042607362
0.008783572600000001
0.005392712799999999
0.0076170887999999996
0.0081700322
0.0048680926
0.004185715800000001
0.0033898050000000005
-0.0014964277999999994
-0.0029031639999999997
0.005741328
0.0070999666
0.0107106198
0.009076874000000002
0.007788639200000001
0.0034696359999999995
0.0016544976
0.0008476727999999999
0.0012615470000000002
0.0018975679999999994
