0.7150060536
0.5990153965999999
0.5299531242
0.5617280558
0.525947082
0.43859138500000006
0.3785705616
0.3212808107
0.26704593759999995
0.22755697909999997
0.2373104713
0.27675307130000004
0.2416581828
0.224661922
0.2282757935
0.24421623749999996
0.17751391969999997
0.18195524219999998
0.18980337909999997
0.17270294260000002
0.1487905563
0.14052154649999998
0.1606224166
0.152778215
0.1435091457
0.14415086039999997
0.17552156689999998
0.13306966579999996
0.07789700429999999
0.06840702239999999
0.07107482999999999
0.1042959904
0.17222608619999996
0.21390739419999996
0.2146022063
0.20741424429999994
0.2138140672
0.21485133139999996
0.22471359150000003
0.19859272390000002
0.1731952745
0.12950869630000003
0.0514250483
0.013758755000000001
0.0205560291
0.015721758599999996
0.005061752499999998
0.017481431000000002
0.006297198100000001
0.028137440999999996
0.06862077559999999
0.1152999861
0.15882317649999997
0.2013046885
0.23681021389999998
0.286538635
0.2976284777
0.2942521197
0.33307438019999996
0.3404882934
0.2906464674
0.2433741457
0.25272536610000007
0.251943621
0.2574796906
0.2598515645
0.307425962
0.380179712
0.37268724179999996
0.3491738179
0.37704886630000006
0.392295989
0.34145563860000006
0.2938488019
0.26213312050000004
0.22630913630000005
0.21577055380000001
0.18385909549999999
0.203406136
0.2248350297
0.1994120885
0.18254364139999998
0.18132971820000002
0.1752806261
0.1525740443
0.1704919206
0.1633301404
0.1584897368
0.1660186489
0.1940916174
0.2511984955
0.2620581247
0.2683237242
0.282975311
0.30249605760000003
0.2931760823
0.2515009531
0.20974742560000004
0.1676749007
0.1818080158
0.1985283764
0.2249489032
0.25320910350000003
0.2726202212
0.263127713
0.2417608868
0.24748872119999996
0.24477977809999998
0.2405485459
0.17007899569999999
0.09530042139999999
0.0769793337
0.0826058158
0.08798825149999999
0.0985742416
0.10621071010000001
0.13077906300000003
0.1738316335
0.202675693
0.19614848629999998
0.19650797679999998
0.1724484823
0.1349075013
0.1112227415
0.0981079911
0.09308537889999999
0.07401699749999999
0.0325286331
-0.0020696001999999996
0.0454434802
0.060249407899999996
0.0650650698
0.061602488
0.060490928599999993
0.10522096589999999
0.1713920279
0.1826827633
0.1833383174
0.1858967746
0.14515612190000002
0.14514717230000002
0.17730060190000002
0.1723800413
0.16864921220000004
0.12453441700000001
0.0603483362
0.053057941
0.0647029802
0.06940735359999999
0.07238043940000001
0.06264644299999998
0.0055315921000000014
0.023934758300000004
0.036879599299999996
0.03759662130000001
0.0360322344
0.0456407236
0.0688219647
0.0929259707
0.0969394371
0.09143511740000002
0.11357161549999999
0.09856648970000001
0.0720910143
0.06923927220000001
0.06466691399999999
0.05791733680000001
0.06416125419999999
0.0970759851
0.1605868628
0.2471575466
0.305582554
0.3221524661
0.34582117269999996
0.3421247321
0.3882786359
0.4147353368
0.4106118294999999
0.34634303399999994
0.3158975319
0.29454850530000004
0.2891573675
0.3265271367
0.38072754600000003
0.4460554277
0.43990390569999993
0.37931590080000005
0.35400117410000004
0.37226226900000003
0.34071466669999995
0.27163080640000004
0.255414965
