0.7337163455
0.6249053392999999
0.5550924687
0.5758599509999999
0.5437573992999999
0.46289735509999996
0.40286077759999994
0.34601984950000003
0.29168729590000003
0.2518605554
0.25618166779999996
0.29318443699999996
0.2654362771
0.24750200890000004
0.24798121880000004
0.2589064642
0.1988888084
0.20128071449999996
0.20971365039999995
0.1927159121
0.1689761039
0.15676664580000002
0.17152887320000001
0.1679322843
0.16221053019999998
0.16322154729999996
0.1930786289
0.1536482167
0.1006074854
0.09015419249999998
0.0941708095
0.1265725416
0.1931050325
0.2338649315
0.2340308533
0.2258373454
0.22704983770000003
0.23016526010000002
0.24536775200000002
0.21994026870000005
0.1924665738
0.1488556336
0.0707624432
0.029665241000000002
0.033091015700000004
0.0322205428
0.022739747300000005
0.032106878500000005
0.016509071499999996
0.0439370023
0.0873192634
0.13373242059999998
0.1771732849
0.2195831037
0.2547400762
0.2990743164
0.3142703846
0.31347032599999997
0.3482863655
0.3502020571
0.30352677889999996
0.2635705715
0.2722440314
0.27212962230000004
0.2777016957999999
0.2802314105
0.32250791240000004
0.3921146741
0.3915747419000001
0.3649912897
0.38946240730000004
0.39877514839999995
0.3526138627
0.3067180067
0.2759449302
0.2411342197
0.2305538192
0.1987902197
0.2121384274
0.23816762689999998
0.212861266
0.1942110288
0.1907116954
0.18299815219999999
0.1602778933
0.17636506649999997
0.1709908499
0.16612422929999998
0.1732976268
0.1999120538
0.25508565009999995
0.2698423223
0.27300723320000003
0.2926738756
0.31144355700000004
0.30297604170000003
0.25919947610000005
0.219725057
0.17606961419999995
0.1906700045
0.2075663129
0.2312406711
0.26120192049999996
0.27528077830000003
0.2656708443
0.2505510557
0.256044927
0.2507810541
0.247443744
0.17875551409999998
0.10310213150000003
0.08478795930000001
0.0907364925
0.09670783520000001
0.10725006649999999
0.1094129683
0.1384223958
0.18283175489999998
0.21226684140000002
0.2039743556
0.2053242928
0.1797010901
0.1435752536
0.11884835270000002
0.10598130119999997
0.1001995174
0.0768914252
0.0353315288
0.005406927500000001
0.05281388099999999
0.0696844617
0.0764318132
0.0715704673
0.07020360839999999
0.1168326485
0.18300215949999998
0.1957835542
0.19573340350000004
0.19415049790000002
0.15341968580000004
0.15172427910000003
0.18459819570000002
0.18531203880000005
0.18173574460000003
0.13558411080000002
0.0719749864
0.06394831549999999
0.0753203104
0.0799782543
0.0825281781
0.0681574796
0.0097012831
0.021866169300000005
0.037598164999999996
0.041140938700000004
0.03875023130000001
0.0499673108
0.0738338833
0.097377581
0.10128617400000002
0.10055560049999998
0.1234952483
0.10708772200000001
0.07774560409999999
0.07340676700000001
0.07334307839999998
0.06418124359999998
0.0711074526
0.1046800341
0.1686820024
0.2543324012
0.3113961262
0.3329055848
0.3524896775
0.35070902029999995
0.3927490297
0.4213447882
0.4187617001
0.3561173244
0.3271434236
0.3056481955
0.3004667005
0.3346287456
0.39353685200000005
0.45666759819999997
0.4484848972
0.3922411374
0.364413594
0.3808407575
0.3475183974
0.28353475959999996
0.2682089312
