0.49392089813333334
0.4468395158
0.40649393600000006
0.4397934016000001
0.4484991854666667
0.43335104180000006
0.3893865038666666
0.32210080913333333
0.26249720866666665
0.20602071759999996
0.18006102073333333
0.16583853119999997
0.17449534799999994
0.1918436171333333
0.2130030925333333
0.2401504893333333
0.23068716046666662
0.21499521306666666
0.18631872693333332
0.14998882866666668
0.11795461346666665
0.09835086159999996
0.10210300333333332
0.09400033866666666
0.1064239118
0.12472288433333331
0.1818752076
0.20850910906666664
0.2023880703333333
0.17792167113333332
0.15703707213333332
0.14721254206666665
0.13825561320000002
0.1419572563333333
0.14314629726666667
0.14408582706666664
0.15119996053333334
0.1540793640666666
0.15962923746666666
0.14602100893333333
0.12013502453333334
0.0810563834666667
0.03509250973333334
0.0035504589333333336
0.018836453733333335
0.05155684793333334
0.08552390646666666
0.1167272608
0.14402330213333334
0.1714993356
0.1956972648666667
0.19313623773333333
0.19697722399999998
0.2164275424
0.2321246299333333
0.2348399871333333
0.24439883526666667
0.2735565508666666
0.3077875840666667
0.3243941686666666
0.3231844574666667
0.3212202216666667
0.3445482476666667
0.3306825779333333
0.3070336992666666
0.2951801413333333
0.3075105094666667
0.30502556346666665
0.2816371985333333
0.27215738673333334
0.28029290340000007
0.3028178270666667
0.2986374006
0.29832425459999995
0.28527059200000005
0.2548871573333334
0.22425562906666668
0.17245890093333335
0.15003278806666667
0.141090871
0.14258827293333334
0.150173928
0.17666013273333334
0.2131041526
0.2399095899333333
0.2714800634666667
0.25511400966666664
0.2287686534
0.20307890473333334
0.1928648896
0.20509760213333333
0.19614546913333336
0.195605271
0.208033669
0.25939890426666673
0.29017103400000005
0.2961931848666667
0.2919148978666667
0.2741466196
0.23888895333333332
0.198805863
0.18643253346666666
0.17990930693333332
0.17974915893333332
0.17112086299999998
0.1582539267333333
0.17984543859999996
0.2071538246666666
0.22102218679999996
0.1833997705333333
0.13726075213333333
0.12365264
0.12699099360000002
0.13311947346666667
0.12646804520000002
0.12808532006666667
0.12981861266666667
0.13390564013333334
0.13480498386666667
0.1354191008
0.13578405713333333
0.12167774919999999
0.09360620513333333
0.07308090566666665
0.0910475376
0.09744445193333333
0.08600928386666666
0.059086209800000004
0.04001514093333333
0.07480075386666665
0.1190400912
0.12850060319999998
0.12589341586666666
0.12286359440000001
0.12241295813333333
0.1321523142
0.15486502013333334
0.15232048193333333
0.15382768253333332
0.12752804506666668
0.11910604340000003
0.1204958506666667
0.1279604106666667
0.12880787773333335
0.1005192738
0.05965525759999999
0.03676423933333333
0.046051442533333334
0.054482898999999994
0.055821711333333336
0.04636275146666666
0.03272259846666667
0.05892169293333334
0.07832571673333333
0.08212262053333334
0.0803797784
0.077106689
0.06862711553333334
0.05627200613333334
0.05372759986666666
0.047709732133333335
0.06764642826666666
0.08573935686666667
0.11845664060000001
0.1641161148666667
0.22112998653333335
0.25040124259999996
0.23751411646666667
0.22486880746666668
0.21718446319999998
0.2456054111333333
0.2684222424666666
0.2937695833999999
0.30129132039999995
0.3285549546666667
0.3743843807333333
0.4045612630666666
0.41242470479999993
0.4139698480666666
0.40749683979999995
0.37410298386666674
0.317577807
0.3150020554
0.3189187179333333
0.3276149110666667
0.2966191610666666
0.2983476818666667
