0.47615826245
0.43788423395000003
0.3858056535
0.39319498890000004
0.37711143775000006
0.3414038112500001
0.27804224065
0.25161802645
0.22842465834999998
0.20012996084999993
0.19305051379999996
0.20863730889999998
0.20114029969999994
0.18872006849999998
0.18589246959999997
0.19418354894999998
0.17651774329999997
0.157512454
0.13385019169999998
0.1205549825
0.10993269314999998
0.12240876844999997
0.1664242514
0.1833428046
0.17905567599999997
0.17578255234999998
0.19466781705
0.17396049859999999
0.15130529789999997
0.13349987315
0.12213505224999999
0.11690234334999998
0.11182556725
0.11383307459999996
0.11757911769999999
0.11156800144999997
0.10943790984999999
0.11616638119999996
0.1155053948
0.11336508244999999
0.12090802505000002
0.12240434120000003
0.10512411240000001
0.10753172175
0.1286831215
0.1511301968
0.15134511509999998
0.15586677535
0.16968578915000002
0.18431286719999998
0.1796336215
0.17933706589999998
0.20577427129999998
0.22662415475000003
0.24714495224999994
0.27319509974999995
0.30252721985000003
0.33721591585
0.352880811
0.34483105564999994
0.33384766685
0.31783506735000006
0.29709050235000006
0.2728962114499999
0.25980640554999995
0.24308035039999995
0.26159825789999996
0.28201940374999995
0.2880466888999999
0.2870044238
0.2882304774000001
0.28741981520000004
0.2613926784000001
0.234564714
0.20735358240000007
0.19840052845000006
0.18955034710000002
0.17117441615
0.18471239245
0.20946332355
0.225305292
0.22230088305
0.2248267212
0.22912796855
0.22753505094999998
0.23183400145000005
0.20741554675
0.1841185812
0.16684677480000004
0.18794981660000004
0.22486343595000005
0.24350351395
0.26076641385
0.2777977661
0.2828118853
0.26746848455000005
0.24949483715000004
0.22726360185000005
0.20411172330000005
0.17594350574999998
0.14691439889999997
0.15096411844999996
0.16790745964999995
0.18030423634999998
0.18085097729999997
0.17398579844999998
0.18913389209999995
0.20930570579999994
0.22161211944999998
0.18311374099999997
0.1459041991
0.12471390799999997
0.10875665855000001
0.09960549649999999
0.09834111635
0.09964804449999999
0.10239803025000001
0.1031801333
0.10030304640000001
0.12079598324999999
0.12837869235
0.11875677604999998
0.09825499465000001
0.08585683505
0.10166447850000002
0.13223870340000002
0.1283498804
0.10793347525
0.09191358720000001
0.09529980105
0.10269829010000002
0.12118283585
0.11699126465000001
0.1145700704
0.11487769145
0.11587018204999999
0.11787035215
0.1240206488
0.1276520641
0.10876828065000002
0.10389680765000002
0.09141609700000002
0.09815739980000002
0.10276440575000001
0.08106551915
0.04819028529999999
0.0493493323
0.06676247245
0.08116666214999999
0.08465993825
0.07704078019999999
0.0595516038
0.061250624
0.05448530679999999
0.053417946750000014
0.050349574200000004
0.0517790302
0.06649160945
0.09500097789999999
0.12876314995
0.169296332
0.20957708474999998
0.21035947789999998
0.20895609349999997
0.20568200215000002
0.22647277495
0.2363263368
0.23738654185
0.22170950955
0.23824219734999996
0.27085302595
0.29736996074999994
0.32433980139999996
0.36327435934999996
0.39409007989999995
0.4140912707999999
0.3970256187999999
0.3823065017999999
0.3593026514999999
0.32830609929999993
0.28308965585
0.27228616624999996
