0.40003780844000003
0.3459490270400001
0.32310955364
0.3454769428000001
0.34390161076
0.32513028008
0.29558937999999996
0.26352935747999995
0.22532956344
0.18802401879999997
0.17259702252
0.17738257608000002
0.16609657519999999
0.15440241319999998
0.16251885179999997
0.17973076623999998
0.18732201911999996
0.20496557644
0.20479909084
0.18378216556
0.16190268428
0.15201276024
0.15464235272
0.15543218036
0.152248032696
0.15229388705599997
0.16832625005599997
0.15346158141599997
0.134505383656
0.122646949176
0.10872157417599998
0.09839582757599999
0.097711011896
0.09523724329599999
0.105286157136
0.12195485585600001
0.14365808137599997
0.16248834549599997
0.18257025893599999
0.188811252696
0.192768935936
0.174196972296
0.145253142896
0.141416056456
0.153048966056
0.153355924256
0.155627525536
0.177326393856
0.191918484176
0.2105901756
0.22623736304
0.24366097792000002
0.27506114104
0.28403654108000004
0.28301907136
0.29591421672
0.30805571476
0.30571991728000003
0.30672768984
0.30354801572
0.28847622892
0.283034871
0.28416008548
0.28368589084
0.27823564944
0.26072809296000005
0.26100045908
0.25968612292000004
0.24365706636000004
0.22884934516000002
0.24006122172000005
0.25047107836000004
0.24601077392000004
0.24863444592000003
0.25199702984000005
0.25659915832
0.24261481031999996
0.213704486
0.20736774859999996
0.21092756295999998
0.20751451899999995
0.19476067263999997
0.19452707171999997
0.19948605247999995
0.22057634519999997
0.24583443231999993
0.24672996067999997
0.24224410988
0.23439653191999998
0.22453524432000002
0.22531148024
0.22214115744000004
0.22008389048000004
0.22538521092000002
0.22876101224000003
0.21707967232000006
0.21265143088000005
0.21239696176000006
0.20394406948000007
0.18682968047999995
0.16611288847999997
0.16937741691999997
0.18333040619999996
0.19316943611999995
0.18540834287999997
0.17801983703999993
0.18151257863999995
0.18173888604
0.18065526984
0.15296612760000003
0.12316884936000001
0.10718168431999998
0.09297648015999997
0.08372858867999998
0.09862113603999999
0.10421707683999999
0.10756680927999998
0.10884770163999997
0.10878102727999998
0.12636228983999997
0.15326314503999997
0.14919848055999999
0.13273645992
0.12162300512000002
0.11643639784000001
0.11996649576000001
0.12547508292
0.10842525512000004
0.09542401036
0.0983748452
0.09899966224
0.1019807076
0.10512960304
0.10498748940000001
0.10624524488
0.10808460616000001
0.09902659652000002
0.10464431724
0.11067542764
0.0958902516
0.08957799336000001
0.09407343871999999
0.10770582924
0.11809316867999996
0.10249824768000002
0.07616354676
0.07196106592000001
0.07101959664
0.06522336512
0.0655382962
0.05928626312
0.04761877119999999
0.0645145432
0.08950343496
0.11732462968
0.15089497704
0.17204115168
0.17470635312
0.17658368644
0.1735083892
0.18871533988
0.21180279456
0.22166833328
0.21423177328000004
0.22886646032000005
0.2546898738
0.26997460147999996
0.27720447028
0.29146652916
0.31357722216
0.32747187984
0.31724279355999996
0.32302846048
0.33503373496
0.33769521204
0.33648814652
0.34860151736
