0.39403903388000006
0.33910927736000007
0.31667845848000004
0.3397973926000001
0.3381806883200001
0.31952684760000005
0.28984052092
0.25750945212
0.2186096112
0.18101608883999995
0.16569695659999997
0.16971174548
0.15792507511999998
0.146264972
0.15516466447999996
0.1725202256
0.18013069244000002
0.19788756232000002
0.19735419384
0.17583417972000004
0.15373846579999997
0.14453614383999996
0.14720233455999998
0.14628563979999998
0.14329143664
0.1441118404
0.16092860307999998
0.14567548475999997
0.12693634419999997
0.11497541431999998
0.10051094671999998
0.09035222623999997
0.08994594031999999
0.08769323303999997
0.09714275475999998
0.11389980647999996
0.13683997075999998
0.15597688903999996
0.17629941787999998
0.18233669092
0.18669646872
0.16768522116000004
0.13875635372
0.13536002744
0.1474971896
0.14719269572
0.14866400215999998
0.17112650291999998
0.18719142968000002
0.20589147759999996
0.22135898472
0.23885212743999998
0.2702582192
0.27893142216
0.27894430511999996
0.29172353879999996
0.30355769676
0.30071618596
0.3022120712
0.29948974939999995
0.284434329
0.27904035452000003
0.2802725868
0.2797720011599999
0.27415423143999995
0.25687292019999997
0.25752376224
0.25554722535999996
0.23909456955999997
0.22432404976000003
0.2363725102800001
0.24702275240000005
0.24257833508000007
0.24540201232000006
0.2487990021600001
0.25341169260000007
0.23937662732000003
0.21080483024000002
0.20320979724000005
0.20565294564000003
0.20282339668000002
0.19070473804000002
0.18989504988000003
0.19493245184000008
0.21666896028000004
0.24229938864000009
0.24304796708000004
0.23854483344000002
0.23089543132000004
0.22097001896000001
0.21976291600000003
0.21668276996000002
0.21527507384000003
0.22103961976000006
0.22367094084000008
0.21222278896000005
0.20850764440000005
0.20819126504000007
0.19968327236000005
0.18276306864
0.16176780183999998
0.16417114527999999
0.17747823756
0.18891977255999998
0.18113191231999998
0.17355554675999996
0.17688665607999998
0.17825529531999998
0.17710240868
0.14928305875999998
0.11959060283999999
0.10379838299999998
0.0892060494
0.07904384399999999
0.09405821919999999
0.1009509552
0.10391719551999999
0.10498437928
0.10507936175999999
0.12333984683999999
0.15002724543999998
0.14607975484
0.12949905004
0.11820725323999999
0.11269097132
0.11652554008
0.12252581107999999
0.10440374239999999
0.09146876944
0.09469421911999999
0.0955633892
0.09832353831999999
0.10141724159999999
0.10148109808
0.10239995063999999
0.10434996571999999
0.09513164891999999
0.10096619248
0.10704844924
0.09155547556000002
0.08587651980000001
0.09055379984
0.10430503227999999
0.11445511491999999
0.09908733911999999
0.07236720152
0.0674871898
0.06705746139999999
0.06152614511999999
0.06118873568000001
0.053684416480000004
0.042800493800000006
0.06101751744
0.08582582407999999
0.11350831744
0.14709088567999998
0.16849703500000002
0.17003725575999998
0.17209167275999998
0.16908645275999998
0.18393729364
0.20648199167999998
0.21568834591999997
0.20961119796
0.22482868168
0.25049739404
0.26590369256
0.27311932456
0.28721230288
0.3087328489999999
0.32332480895999993
0.3127797057999999
0.31786221967999995
0.32967969983999995
0.33341883947999995
0.33328295100000005
0.34490274383999997
