0.4205027852
0.36875417767999996
0.3454165859599999
0.36193356831999984
0.35988496171999995
0.34107744079999996
0.31172534656000006
0.27996856548
0.24293156528
0.20734692604
0.1905563334
0.19265860752000002
0.1816530452
0.17093421716
0.17787387564000004
0.19218945012000002
0.19983470648
0.21742663936000003
0.21855572771999998
0.19873599539999998
0.17730974028000002
0.16582790132
0.16673017644000002
0.16899909992
0.16564908740000003
0.16537935303999998
0.17905876268000004
0.16464193503999996
0.14568205443999996
0.13385960887999995
0.12159530947999998
0.11157245756
0.11078220735999998
0.10875362855999998
0.11844445435999998
0.13501530744
0.1557427534
0.17423989467999998
0.19321508147999997
0.19951648251999995
0.20331952
0.18712282992
0.15986651032000002
0.15462589412
0.16502562655999997
0.16689629112
0.17208054624
0.19266252108
0.20572208796
0.22450979991999997
0.24042787559999998
0.25787465027999995
0.28923761295999995
0.30151166352
0.30041889491999996
0.31165805591999995
0.32351514855999997
0.32232864244
0.32312751211999996
0.31831635588
0.30280560404
0.29753862564
0.2988672451600001
0.2985738599200001
0.29360322792000004
0.27763814768
0.27513224616
0.27207054344
0.25600732596
0.24188071139999995
0.25085691124
0.25848189395999993
0.25449895223999996
0.2570758000799999
0.2604380150799999
0.26506188312
0.2531429142399999
0.22424667132
0.21531403912000002
0.21883902704
0.21531747135999996
0.20297330292000001
0.20096951995999998
0.20398379471999994
0.2258122532
0.251214997
0.25215767468000005
0.247752175
0.24021319376
0.22971965132000002
0.22971988200000001
0.22678902472
0.22472175212
0.23000618156000002
0.23292917612000003
0.22177442068000006
0.21792743772000006
0.21783018968000006
0.20972848048000006
0.1929419816
0.17226620003999998
0.17423937335999998
0.18834062271999996
0.1974392714
0.18988120384
0.18241029427999997
0.1850185286
0.18667805816000002
0.18622636307999996
0.15818063551999997
0.12833667703999999
0.11213365159999998
0.09781507859999998
0.08985750408
0.10485603555999999
0.11038776731999998
0.11385755555999998
0.11522100515999999
0.11555943647999997
0.13415652723999996
0.16102607648
0.15738005828
0.14065870047999998
0.12911187595999998
0.12365331787999999
0.12769693027999998
0.13268986411999997
0.11704963187999999
0.104118249884
0.107071777564
0.10813324920400001
0.11149738108400001
0.11366679664400003
0.11386771780400004
0.11446114464400002
0.11416958576400002
0.10523255664400002
0.11056542896400001
0.11520980284400002
0.10100034524400002
0.09419431268399998
0.09945435464399999
0.11324869676400001
0.12343367816400001
0.106918903964
0.080438302404
0.075144474044
0.073980574444
0.06828987808400001
0.06820716948399999
0.06189461444399999
0.050431819164
0.066436103644
0.09151156696000001
0.11924340168
0.15252441851999998
0.17391027964
0.17680391464
0.17661528795999998
0.17578799816000001
0.19289572164000002
0.21599810687999998
0.22650924504
0.2215543436
0.23646296979999998
0.26205465936
0.2764520036
0.28353032664
0.2977542392
0.31969741867999996
0.33314430811999995
0.32527258299999995
0.33103758735999994
0.34296213483999993
0.34643123415999993
0.3472201599599999
0.35916632011999994
