0.41484114703999997
0.36258414719999993
0.33944202135999985
0.3579513907999998
0.3562901763599999
0.33743002755999996
0.30805825604
0.27630125184
0.2391266854
0.20312006996
0.18664322775999997
0.18985346304
0.17886432056
0.16785040456
0.17484889364
0.18993940932
0.19754296164000004
0.21513532503999996
0.21599773963999996
0.19598818911999996
0.1745054988
0.16339962332000002
0.16475591376
0.1669967018
0.1636325136
0.16336345316
0.17752969172
0.16292801652000002
0.14397837588000004
0.13213823056000001
0.11980327436000002
0.10978886392000002
0.10898711588000001
0.10642741668000003
0.11632310244000003
0.13300253960000002
0.15379120840000005
0.17233804380000003
0.1915686232
0.19797258404000004
0.20176467712
0.18486800112000001
0.15713323328
0.15219599027999997
0.16279158395999996
0.16407831299999998
0.16839950191999997
0.18916955231999996
0.20227337132000003
0.22107715488000004
0.23687061180000005
0.25432891264
0.28567412564000005
0.29695979064000005
0.29555169356000005
0.30697505880000003
0.31881366236
0.317372346
0.31835694540000004
0.31388032604000005
0.29839659432
0.29305747208
0.29432089955999996
0.29398192012
0.28892271383999996
0.27248983864
0.27078992004
0.26826889376
0.25224166008
0.23791066051999998
0.24753190936
0.2560255834399999
0.25187297872000003
0.25444912192
0.25780685704000006
0.26243153448
0.249723684
0.22062591739999998
0.21268131355999997
0.21649156743999998
0.21293736312
0.20019531451999995
0.19871745643999997
0.20218976491999996
0.22369688675999996
0.24900437175999998
0.24999842476
0.24559059772000003
0.23793825392
0.2274928544
0.228013279
0.22492887380000004
0.22274519992000003
0.22796800164
0.23108793508000003
0.21969919776000002
0.21551726852000003
0.215435503
0.20730233727999994
0.19042805948000005
0.16974420628000003
0.17236090320000003
0.18667500860000005
0.19580518796000004
0.18810025452
0.18063849820000002
0.18371791412000005
0.18497558164
0.18441383268000003
0.15655257815999998
0.12679748808
0.11062120483999997
0.09632685191999998
0.08785564764
0.10295746919999998
0.10829186059999998
0.11187266859999997
0.11329134691999997
0.11351777843999997
0.13178343191999997
0.15875749927999996
0.15501944279999996
0.13832561631999998
0.12683271272
0.12142531691999998
0.12521638491999998
0.13034298855999998
0.11428346047999999
0.10130533972
0.10442733399999998
0.10541777671999998
0.10871833295999998
0.11102363903999998
0.11128467336000002
0.11204406768000003
0.1123995698
0.10346693172
0.10889731668000001
0.11418183472000001
0.09975815708
0.09304408456
0.09813253200000002
0.11192900544000002
0.1221542624
0.10582547787999999
0.07942094620000001
0.07455160936
0.07343904408000002
0.06761987720000001
0.06775298956000002
0.06169160428000001
0.049965751160000016
0.06624717096000002
0.09133197820000001
0.11906463452000002
0.15236391212
0.17353073364
0.17647315383999998
0.17662444647999997
0.17502532643999996
0.19152822431999994
0.21462315319999994
0.22500538327999994
0.21873964195999995
0.23346562847999996
0.2591230978
0.27373048952
0.28079109876
0.29508815488
0.31717789612
0.33069994300000005
0.32212150884
0.32793573208000004
0.33997770332
0.34311028064000004
0.3431997702800001
0.35534156456000004
