0.3726073709333334
0.3444617051000001
0.31665309310000006
0.3187445254666667
0.3052681455666667
0.28200877609999997
0.2512205846333333
0.21980122713333328
0.18617474996666666
0.16390108466666664
0.1598727791
0.18090582513333334
0.19862338599999999
0.20427224153333332
0.20258242319999997
0.20544795803333332
0.1958591125333333
0.18408561419999997
0.17299208729999996
0.15547204007999996
0.1398068230133333
0.13303778304666664
0.13567417697999998
0.13443770764666665
0.13371099714666668
0.12984384238
0.13816737221333328
0.12882097497999997
0.11021144254666666
0.10642193421333332
0.11269592257999998
0.12461116911333334
0.13560038381333334
0.1505419962133333
0.16455711291333333
0.17668270694666668
0.17825115531333333
0.18125385908
0.19345027757999997
0.19469085174666664
0.18346892304666665
0.16944703454666665
0.16105296204666664
0.16225824841333333
0.17781204844666668
0.19341905531333337
0.20941129778000003
0.23602316724666667
0.24160800824666667
0.2426868627
0.24952745043333335
0.25460859280000003
0.25570292153333335
0.25373003103333336
0.257172823
0.2624914682
0.27847703863333334
0.2909746118
0.3075825358333333
0.30868168983333333
0.2923270712
0.2760364700666667
0.26225200693333334
0.24435595043333336
0.2280559288
0.2228791612
0.23300878960000002
0.24501765456666671
0.2516069063
0.2602687682666667
0.27945508370000005
0.2819007017666667
0.26633824403333334
0.25448239526666666
0.24296801883333335
0.2339250804
0.21385833839999996
0.1885911971
0.1832712905333333
0.20513721786666664
0.22075831453333328
0.22737224356666663
0.2380781056333333
0.24730657089999994
0.24283771366666665
0.2396897806333333
0.22529170876666665
0.20885517776666668
0.19577205050000002
0.18682706446666672
0.18650547733333336
0.1927179327666667
0.20561002026666672
0.2185127422333334
0.22525238103333337
0.2178314726666667
0.21432265056666672
0.2141046042666667
0.2082615537666667
0.1874774463666666
0.1684423126666666
0.16293981199999993
0.16195319713333328
0.16101089156666665
0.1568360217333333
0.15047025649999998
0.1543897533
0.1534526126666667
0.15084201773333336
0.1412083727
0.12167531773333333
0.1093224159333333
0.0976915042333333
0.09109246329999997
0.10501626906666665
0.12646519799999997
0.13193236869999997
0.13282049479999997
0.1320442374
0.13164853569999999
0.13690382553333333
0.14167569393333332
0.1274615154
0.11782817116666669
0.11376508363333335
0.11251462413333334
0.10677588756666667
0.0967858611666667
0.08752593596666668
0.0908667734
0.09219089743333335
0.08565143486666668
0.08920713866666667
0.09252548256666666
0.0936451427
0.09368293773333333
0.09839887793333334
0.10996596179999998
0.11972961330000001
0.10824719543333333
0.10308725626666666
0.10226091589999999
0.10129707396666666
0.09574618559999996
0.08096187433333335
0.05858975726666667
0.05702593613333333
0.07060991813333332
0.09106186270000001
0.11450527683333332
0.13828835853333335
0.14558094486666665
0.1520201095
0.1551589993666667
0.15347806006666667
0.16695396213333333
0.17716984066666666
0.1863227472
0.18356238580000003
0.19582948890000001
0.21585399410000003
0.24085554873333334
0.25376608933333333
0.2703888645666667
0.28965300423333334
0.3013321616666667
0.2882353782666666
0.28073260000000005
0.27652999083333335
0.2769593446333333
0.2755269237333333
0.28755964566666664
