0.49059321270000006
0.43230469870000005
0.39906223760000004
0.3695626676
0.3622553964
0.4138532680999999
0.4574407936999999
0.4349750286
0.4131832760000001
0.4236618903
0.3902014425
0.36394919740000004
0.3221088326
0.2799804131
0.22672861939999994
0.19370232729999998
0.2032515894
0.2385769882
0.2567049425
0.2686994439
0.2713699229
0.26276581610000005
0.24995497260000002
0.2542996742
0.261128358
0.2668108521
0.2657903707
0.255506748
0.2555712408
0.269329726
0.2722798848
0.2603570336
0.25133715980000004
0.22883719500000002
0.19599381880000002
0.1609697817
0.1262501414
0.11596926109999998
0.14024466530000002
0.1673724442
0.17991388199999997
0.18865900079999998
0.1914859806
0.18559994619999998
0.198114037
0.21223902249999999
0.21136616289999996
0.19359718180000002
0.16316033160000004
0.1365432664
0.13766310580000002
0.1442916416
0.14561486299999998
0.14827515639999997
0.12846681539999996
0.12059900239999996
0.1268062245
0.1258292605
0.1250860379
0.11909702389999999
0.1277375267
0.14799584280000003
0.1654489305
0.1636141316
0.1684871475
0.16074432779999998
0.13865548959999996
0.14560160319999998
0.15704517219999997
0.15170496819999998
0.1282974229
0.11034315889999999
0.10963448049999999
0.1335574286
0.14679042660000002
0.152941967
0.15903298500000002
0.14280142430000003
0.13000261159999998
0.1360040814
0.14517204439999998
0.13744062279999997
0.122333689
0.1089864804
0.10732890290000001
0.10249078269999998
0.1035542864
0.10703536040000002
0.1026450506
0.09764139730000002
0.1035084667
0.11405483950000002
0.1200975571
0.1120323214
0.107779976
0.1143179562
0.1234246198
0.12422598659999999
0.12369154569999999
0.11277326589999999
0.09492033510000002
0.0896786083
0.08441024150000001
0.0839284473
0.0821701331
0.07874261519999999
0.0790116664
0.0871850085
0.0888768063
0.096330057
0.09651181889999999
0.09536772099999999
0.09699884379999998
0.09737277819999998
0.090208851
0.08429447949999999
0.0780755894
0.0705874566
0.073075435
0.0785114739
0.0769613324
0.0749455957
0.068742561
0.07308748709999999
0.0822698554
0.0851843701
0.08098851110000001
0.0828488589
0.0832112096
0.0786783556
0.08080803889999999
0.08028387919999999
0.07836764120000002
0.0729145425
0.0668291114
0.06704221649999999
0.0697396001
0.06354870709999999
0.057015030700000004
0.055449663700000006
0.0591316149
0.0597507495
0.06473016849999999
0.06549495959999999
0.0668826881
0.0671020355
0.0673241044
0.0716370754
0.0748793448
0.07376822740000001
0.06809206679999999
0.06817386560000001
0.06494051869999999
0.06363540409999999
0.060182977400000004
0.0562620208
0.0578281622
0.058090107
0.0571648394
0.056712751000000006
0.055027804400000005
0.0522980432
0.0517394005
