0.5563004488666666
0.5195074305333333
0.46141948513333336
0.39282148800000005
0.3277517106666667
0.31706342786666675
0.3277197741333334
0.3171780064666667
0.31912792200000006
0.34993705160000016
0.35177220620000005
0.3566918828
0.3450383956666666
0.3115228110666666
0.25807756146666666
0.21089387833333334
0.18527946380000002
0.18651222773333337
0.21214975933333335
0.2400837866666667
0.2665254824666667
0.29147085093333336
0.3012846829333334
0.29547946513333334
0.28590194626666665
0.2642755338
0.2284317996
0.19898499073333334
0.19305366466666665
0.1959210826
0.20286726886666667
0.2076555956666667
0.2170151818
0.22510237859999999
0.22833622246666666
0.2106433505333333
0.18192796506666664
0.15859707386666663
0.15218362099999996
0.15047993586666666
0.1627274412
0.18221662066666663
0.19004859206666666
0.19089082113333333
0.19500845386666668
0.20149223153333334
0.19811270820000002
0.18304361953333334
0.15279671600000003
0.12208632513333334
0.12292614453333336
0.12935687993333334
0.137394981
0.1426976006
0.14380905239999997
0.14629180726666666
0.1495508131333333
0.15484859539999998
0.15077010993333334
0.14357574180000002
0.13055303106666666
0.12466043080000001
0.13221928266666666
0.1427138713333333
0.15090837733333332
0.14579265139999997
0.14206892659999998
0.14296182186666667
0.15048329226666668
0.15793849593333334
0.14835185120000002
0.13209324453333332
0.11857877919999998
0.12377764846666665
0.1303678992
0.13480992593333332
0.1387838018
0.13458150073333333
0.12862803193333333
0.1295159818
0.12794646833333334
0.12528304386666667
0.11694954260000001
0.10254002853333333
0.09031870746666666
0.0978076374
0.10710666153333331
0.11258102366666667
0.11143878566666669
0.1078506862
0.10623846313333332
0.11080665880000001
0.10987252026666668
0.11074735553333334
0.10535495433333335
0.10407449266666664
0.10525908373333336
0.10814232473333335
0.10806208160000001
0.10695238220000002
0.10138601493333335
0.09570485886666667
0.09340375273333332
0.09045561726666665
0.08868042033333333
0.09050165073333331
0.08918535879999999
0.09030107999999999
0.08863489293333333
0.08880909253333333
0.08624165386666666
0.0846558922
0.08178789533333333
0.0828206264
0.0832313508
0.07607433179999999
0.07436405153333334
0.073439769
0.07651696293333334
0.08126970793333332
0.07902519899999999
0.07553671279999999
0.07347014866666665
0.07520919446666666
0.07826172873333333
0.079343875
0.07789396973333335
0.07942089946666668
0.07994221219999999
0.07820134966666666
0.07964163999999999
0.08034346193333333
0.07679048953333333
0.07016236646666665
0.06451114246666666
0.06733079886666667
0.0712949028
0.06980769873333334
0.06746649173333334
0.06698014953333334
0.06839424226666667
0.0705909162
0.07138678786666668
0.07068515753333333
0.0691134912
0.06884211526666667
0.06749772219999998
0.07146204166666667
0.07309530859999999
0.07187370346666667
0.07072286906666667
0.06932846740000001
0.06986192046666667
0.0702753826
0.06965465946666669
0.06603633480000001
0.06272345060000001
0.061148539133333325
