0.4219556327600001
0.40173314096000007
0.38158372364000004
0.3521064442000001
0.31730687376
0.30910051448000003
0.31083407972
0.29905271024
0.30065532712
0.31924976095999996
0.32263621236
0.32487300899999993
0.3171509867200001
0.29543633720000007
0.26758596024000003
0.24348257124000006
0.22534107444
0.22187432524000006
0.22598531524
0.22873172664000002
0.23245759712000005
0.23490632504000003
0.23665002452
0.24368098128000007
0.24888493164000003
0.23854120652000002
0.22177542092
0.20519471232
0.19641282404000002
0.20076200576000003
0.20765942712000002
0.21489791576000003
0.21666706252
0.21013349020000002
0.20151342124000002
0.19690844352000003
0.18093545848000006
0.16492372372000003
0.16050935072000003
0.15477998144000002
0.15600562796
0.1640757688
0.16631729124
0.1707043342
0.17532324743999997
0.17985183639999996
0.18415131427999998
0.18312566911999997
0.16653001012000002
0.15156942635999995
0.14949751168
0.14617108531999998
0.14945937012
0.15657572768000003
0.15403310136
0.14816395984
0.14584774252000002
0.14736960736000002
0.15289941776000002
0.15551269376000001
0.14755578976
0.14914779204000003
0.14994507560000003
0.15168249908
0.15566523496
0.15605702804000002
0.15262056812000002
0.15052578668000002
0.14867056548000002
0.14650103396000003
0.13982731692000003
0.13129645972000004
0.12369261556000001
0.12614206304
0.12868860972
0.13436027052000002
0.14276619528
0.14157033328000002
0.13613120512
0.13551674804
0.13582105356
0.13478492732000003
0.13004561052000002
0.12260291516
0.11657679300000001
0.11676309028000001
0.11722467544000002
0.11779400840000002
0.11749192716000004
0.11774939272000001
0.11697701104000002
0.11759412195999999
0.11704692148000001
0.1146377034
0.11286394832
0.11199438063999999
0.11436508551999999
0.11844798432
0.11938130632000002
0.1169207424
0.10869603804
0.10252987864000002
0.09975005692000004
0.09840972116000002
0.09861031320000002
0.09614662696000004
0.09455461308000002
0.09553947412
0.09758879607999998
0.09791888055999999
0.09666360095999998
0.09636453864
0.09611303231999999
0.09684521819999999
0.0945826868
0.09048187552
0.08896892476000001
0.08755301548
0.08693237679999999
0.08692012028000001
0.08854993544
0.08577288484000001
0.08128254823999999
0.07878666456
0.07875764348
0.08227111951999999
0.08391109324
0.083629231
0.08463603032
0.08353105883999999
0.08501933531999999
0.08362562819999997
0.08219245856
0.08037814976
0.07963957756000001
0.0792860834
0.07793611835999999
0.07706529375999999
0.07466557119999999
0.07359885952
0.07518112692
0.07623229984
0.0771291464
0.07753248316
0.07593754148000001
0.0730061038
0.07303569504
0.0736019394
