0.39784447026666675
0.3660924764333334
0.3368881029333333
0.31382293756666674
0.2955078190666666
0.3007958527666667
0.31613491823333334
0.31794505860000005
0.31444943876666664
0.3225626575333333
0.31494303193333334
0.30028071633333325
0.28164928823333335
0.26111204410000005
0.23487642796666672
0.2163929339333334
0.20848463720000002
0.21155944203333338
0.22701952996666672
0.24106995840000003
0.24350182316666671
0.24189312686666672
0.2365468437666667
0.22882707383333342
0.22475085286666674
0.21926429890000004
0.21039645543333335
0.199457552
0.19551214256666669
0.19901327530000001
0.20730246030000005
0.20788606720000002
0.2061709031666667
0.19766112510000006
0.18550450793333337
0.1760842116
0.1662830161666667
0.15595454199999997
0.15716870826666665
0.15799083396666666
0.16336732156666667
0.17415983706666666
0.17926889526666664
0.17747344236666668
0.17676804149999997
0.1743684186333333
0.16794709376666667
0.16388796509999998
0.1562393625
0.14570766096666665
0.14394992666666667
0.1471233901
0.15126996453333333
0.15925097066666669
0.1613055153
0.15721609583333332
0.15309429743333333
0.15056924739999997
0.1489519658333333
0.14729768603333332
0.14204136536666667
0.14268727420000002
0.14395626113333335
0.1473030539
0.15109171106666666
0.14988539569999998
0.14684374616666668
0.14374833220000002
0.14033821640000002
0.13790584340000003
0.1364587804
0.1334594946
0.12925851856666667
0.130907025
0.13233042903333334
0.13255287823333334
0.1376349251
0.13509183153333335
0.13094029356666667
0.130091925
0.13104870453333334
0.12924174153333337
0.12592291493333335
0.11944572366666668
0.11582826850000003
0.11655904976666667
0.11639254913333334
0.11654113270000002
0.11643239083333334
0.11542397219999999
0.11316652286666669
0.11496417733333333
0.11701683023333335
0.11593050043333333
0.11325560043333335
0.110516048
0.1094873437
0.1093063863666667
0.10779674010000002
0.10726518193333336
0.10070817526666669
0.09745860660000003
0.09673278223333336
0.09882161936666668
0.09876036876666669
0.09841749403333336
0.09722475096666668
0.09764576643333332
0.09798097619999999
0.09749984666666665
0.09465803746666665
0.09284609023333333
0.09134030526666666
0.09096609886666666
0.08973291183333335
0.08947729320000002
0.08844647973333335
0.08721318586666668
0.08605463473333334
0.08483367973333335
0.08574666373333334
0.0841090168
0.08029075859999998
0.07884234343333334
0.07944044563333333
0.08097758966666666
0.08170506456666665
0.08210145026666665
0.08379530986666665
0.08295142239999999
0.08436704106666665
0.08337600536666664
0.08225061613333334
0.0788782888
0.07723316246666667
0.07675597576666666
0.07606922456666666
0.07552040033333333
0.074872153
0.07419529073333335
0.0749141501
0.07516878830000001
0.07558728913333335
