0.3840548593666666
0.3530065707333333
0.3237086809333333
0.3012809183
0.2833707912666667
0.2914554825
0.30882758460000004
0.3096862549333334
0.3084864864333335
0.3205636867333334
0.3112837500666667
0.2956906823666667
0.2744669883333334
0.2543724274333333
0.22795026539999996
0.20716098703333333
0.19843070049999997
0.2033509991
0.21750694953333333
0.23513387136666666
0.24118789656666667
0.2372606168333333
0.23092603766666667
0.22291227179999995
0.21841207126666667
0.21333988543333332
0.20113555833333333
0.1883577303
0.18632541256666668
0.19108181220000003
0.19661895753333336
0.19776922533333335
0.19614600113333333
0.18757076586666666
0.1741915570666666
0.16460260219999995
0.15480750959999995
0.14513190113333332
0.14283034493333335
0.14100424483333335
0.1484381715
0.16031549506666665
0.16751659136666666
0.1658297447333333
0.16502266663333334
0.1645274509
0.15894262566666667
0.15500934850000003
0.14843051390000003
0.13578175283333332
0.13123268513333336
0.13421021443333336
0.14023275800000004
0.1484822388666667
0.1479147965
0.14476176573333335
0.14149823303333336
0.13807742933333336
0.1373779405666667
0.13560202450000006
0.13373566466666667
0.1319265415
0.13247236666666667
0.1353860135333333
0.14086882566666667
0.1387256925
0.13374758699999997
0.13181279596666665
0.12989761146666665
0.12845014896666662
0.1256593113333333
0.1206128737333333
0.11735524219999997
0.11819207679999998
0.12063310183333331
0.12325023529999998
0.12867063039999996
0.12468759043333331
0.11877973596666667
0.11547291486666666
0.11453361540000001
0.11372469019999999
0.10894716253333332
0.10164908303333335
0.09909300399999998
0.0985171180333333
0.1019968575333333
0.10614878516666666
0.10507113419999996
0.10224824006666666
0.09831354023333332
0.09970038959999998
0.10050221413333332
0.09777784896666665
0.09338632003333332
0.09245168363333332
0.09350395853333332
0.0939994839
0.09521459566666665
0.09587159893333333
0.08946449546666667
0.086663975
0.0833838821
0.08479623753333332
0.08488294649999999
0.08274048826666666
0.07935858896666664
0.08020710799999999
0.08172115029999998
0.08450662883333332
0.08476039673333331
0.08353239863333332
0.08136968199999998
0.08112493593333332
0.07976927259999998
0.07884035536666664
0.07626790019999999
0.07232834086666667
0.07110055843333334
0.07087983106666669
0.07230032873333335
0.0716600748
0.07061345690000001
0.0704989964
0.07199388496666666
0.0731095407
0.07268407186666667
0.0726782138
0.0717018617
0.0692987489
0.06934390686666667
0.06940283143333334
0.06934610946666668
0.06734830206666667
0.06463159230000001
0.0634687576
0.06496395556666666
0.06442529649999999
0.0630197383
0.061976880699999994
0.060750495366666664
0.06007421943333333
0.06047002923333333
