0.8467025292000001
0.6528235816000001
0.5365191998
0.3909473534
0.1943390244
0.20272945739999998
0.2776987928
0.3266738266
0.4132636516
0.593027198
0.6700806650000001
0.6780767373999999
0.582707082
0.43919616
0.2681149182
0.14197593540000003
0.076914913
0.08900059460000001
0.14911014520000002
0.21873052079999997
0.2894818078
0.36812098759999995
0.4249001926
0.4163351842
0.3608541764
0.28110373639999997
0.1947064368
0.11841292319999999
0.1292668686
0.195459851
0.27334090639999997
0.353374101
0.4180265766
0.3934111184
0.3586734168
0.2928554508
0.1886175078
0.10979755440000001
0.10508809320000001
0.0850248968
0.0917637468
0.1394972464
0.196203702
0.2582240738
0.3277138784
0.33557111559999997
0.3100938306
0.2558604568
0.1816603206
0.12502257
0.13719363440000001
0.176629823
0.20091959260000003
0.217627193
0.21851935200000003
0.22810799260000003
0.1966235698
0.16896993500000002
0.1469568416
0.1175770062
0.09537401599999999
0.115854694
0.1421778618
0.1678814026
0.20228610319999998
0.23007328300000002
0.24741944500000002
0.2549908502
0.22559591219999997
0.18764463199999998
0.13854432599999997
0.0834809812
0.06833886780000001
0.1059236286
0.1402296454
0.1521208054
0.1766232206
0.1853974836
0.1987998554
0.2012873478
0.1958926548
0.1759582174
0.1490847984
0.11029393760000002
0.1025315282
0.1161964132
0.12318686259999997
0.1398393792
0.15371787739999998
0.15501691580000002
0.137835227
0.132953641
0.1128994356
0.0895241514
0.07694015839999999
0.107630563
0.1388566648
0.16207464900000002
0.16633168520000002
0.1650145536
0.1446628506
0.136223461
0.120208991
0.1206009558
0.10415124220000001
0.09061566260000001
0.0740026914
0.0808123814
0.0850127164
0.0982360378
0.11553902419999999
0.1287087698
0.1362925254
0.1317003578
0.12919847020000003
0.1155171876
0.098370459
0.0897316128
0.093121703
0.0934982744
0.0923339094
0.0866536782
0.0785505562
0.08192041480000001
0.0929700712
0.0846424666
0.09480940679999998
0.1018224006
0.1053129554
0.102824137
0.1124815982
0.1114546458
0.1100556498
0.10909066920000002
0.10039820019999998
0.09784245440000001
0.08912765320000002
0.077205217
0.06843266480000001
0.07326354659999999
0.08008324339999999
0.085067503
0.0890120766
0.0832278716
0.0787201166
0.079873337
0.0860361256
0.0850224062
0.08423164139999999
0.0793544982
0.0795413696
0.0843805874
0.0930305504
0.09791360900000001
0.0985062078
0.0888348346
0.08391996780000001
0.08002874
0.08026716380000001
0.07430946820000002
0.07410264820000001
0.06970529099999999
0.07284417639999999
0.0757673026
0.08719726959999999
0.08465664
0.075787151
0.066675848
