0.8289095747999999
0.622709985
0.5033909665999999
0.3506278878
0.1339870144
0.16432545540000001
0.2535032742
0.3070420188
0.4011582218
0.6009121372
0.6756663164
0.6823090324
0.57382547
0.4266783543999999
0.24835598039999995
0.1111985118
0.0473470158
0.0706665306
0.1295471898
0.20054303719999997
0.2684517904
0.3404196002
0.3906231864
0.37834288899999996
0.3253336668
0.25303133279999995
0.1680717754
0.0982469662
0.1285591992
0.194374656
0.2780933242
0.36592117720000006
0.41498389620000004
0.3795363072
0.337997516
0.2617019444
0.1513024462
0.0837241098
0.0710654876
0.0553910758
0.068806538
0.1057431636
0.1523375394
0.224705341
0.29162007560000003
0.3014215692
0.2887382854
0.2397295724
0.16078003440000002
0.10442865620000001
0.1179542164
0.152168413
0.1780786644
0.187187088
0.1889766298
0.18510090899999998
0.1534314262
0.13132262179999998
0.11042302559999999
0.0728536894
0.06572330820000001
0.0824708006
0.10278365679999998
0.1304826882
0.169596838
0.18805120460000002
0.2127502126
0.2304395076
0.211404616
0.188276698
0.1378845804
0.07876027919999999
0.0634346836
0.0862543098
0.094851596
0.11144216920000001
0.134696288
0.1350112744
0.153790951
0.19068719380000002
0.19572880399999998
0.18282316640000001
0.1572903796
0.1312876846
0.10556490779999998
0.0972588046
0.09883195099999999
0.11144284819999999
0.10080546019999999
0.0922958438
0.09085179639999999
0.09419401419999998
0.0821154
0.0755269408
0.0730953708
0.1053123112
0.12829401940000001
0.1441848228
0.15798395599999998
0.158160844
0.1225512818
0.1099319428
0.10331733800000001
0.09873116979999999
0.0848086482
0.084359885
0.077551289
0.0769248134
0.067471119
0.07788765439999999
0.09724687800000001
0.09963134480000001
0.09996910680000001
0.10516456299999999
0.10334495839999999
0.0898981892
0.09037344259999999
0.0940093198
0.0932689968
0.0851946648
0.0715798944
0.0639628892
0.05138525940000001
0.0500283194
0.061154429200000006
0.0667449118
0.0687558228
0.07492472780000001
0.0862535726
0.09746002979999999
0.0987507908
0.0938914264
0.0941004588
0.08934569140000001
0.0761707272
0.0725359224
0.07103466
0.06923751180000001
0.0642273726
0.060973292
0.06763820680000002
0.07610429939999999
0.067033498
0.05691403539999999
0.056389408200000005
0.0618182674
0.066745749
0.07315208640000001
0.0812580672
0.0835777484
0.0757262526
0.06892270019999999
0.07397477920000001
0.07388337
0.067373317
0.06898182580000001
0.0668247174
0.0672592594
0.0641444886
0.064670045
0.0674605288
0.0722379846
0.06835172279999999
0.0727982892
0.0769206164
0.061666649799999994
0.0491076498
0.04783463519999999
