0.8040570070999999
0.7548148905000001
0.7932469404999999
0.7251795688
0.618517257
0.5620632849
0.5156251408000001
0.4766132027
0.4542148266
0.42963356620000004
0.4175271318
0.4508487161
0.5409513715
0.5313932503000001
0.5510200022
0.5031942783000001
0.5175295936
0.5332109791999999
0.5144915175
0.5031775123
0.49232715890000006
0.46979437379999994
0.4164519244
0.44486955549999996
0.5007991002
0.5402156201999999
0.47568077099999995
0.4017869416
0.379611104
0.3533865428
0.3402008081
0.3636177311
0.4207634741
0.47963503679999997
0.4618884716
0.43708589389999997
0.4446680740000001
0.48521978490000006
0.5226346462
0.5604226451
0.5529032967
0.48323132509999994
0.40941730109999996
0.37528197710000005
0.38734012770000004
0.39621572670000005
0.39066640500000005
0.3606164714
0.3128467654
0.2892082869
0.33061727230000004
0.4110902645
0.47823445650000007
0.48399568760000006
0.4877788867
0.5448885413
0.6220184289
0.6005205915
0.5865406361000001
0.5341737351000001
0.4785083022
0.48158045419999995
0.49944581709999997
0.5265793019
0.5185881196
0.4997651396999999
0.5098298553999999
0.6173785974999999
0.6899228379
0.7215873733
0.6899478215
0.5859808899
0.47140642650000003
0.4324197054000001
0.43799512720000006
0.48221786289999996
0.4570666164
0.4119183218
0.40347427480000003
0.4720594675
0.5133403414
0.5168622616
0.5292193406
0.5026147895
0.5040471154999999
0.44187887350000005
0.4184918884
0.4438211995
0.46725676809999994
0.44254979720000004
0.4602911297
0.5410110956
0.6170274152000002
0.5969244984000002
0.5368111851000001
0.46961240280000005
0.4419014508
0.38537560349999994
0.3576353226999999
0.3759294810999999
0.41492786649999996
0.42280443510000004
0.39710462560000004
0.44051084650000005
0.5072516928999999
0.5850891087
0.6061994631
0.5986913942
0.5224800522999999
0.43070930790000006
0.3644394376
0.3700162414
0.39254554929999996
0.3954245168
0.37435863140000003
0.38646944250000004
0.401424979
0.4441940308
0.5253178786
0.5806484069000001
0.5665650679
0.4819906761
0.43749908460000003
0.4687670518
0.46851496369999995
0.40595853120000003
0.35676053459999996
0.35043301080000006
0.3692159802
0.4048784378
0.4459889219
0.45044728980000004
0.4334209970000001
0.3987884015
0.4412972391
0.5413274934
0.6112446985
0.5703224156
0.47614116640000004
0.40521277719999993
0.41405143750000006
0.4690455301
0.5440355147
0.5398036093
0.4594118260999999
0.37292860259999994
0.3763199779
0.4340153894
0.45413574400000006
0.4443761781
0.4100378467
0.413790226
0.3731410063
0.3547453862
0.3864082007
0.4531211247
0.4280535619
0.4083349955
0.46340153199999995
0.5380141588
0.5138942129
0.4429211524
0.4035094813
0.41372461299999996
0.3888064420999999
0.33943221589999995
0.34674919709999996
0.3645565718
0.368286298
0.376634211
0.46051571139999997
0.5509740691
0.617438127
0.6248288809999999
0.6457583075
0.5766059119
0.5476862961
0.4618641308
0.4750130213
0.46096228840000003
0.4384164718
0.4360868506
0.46066718689999997
0.4988574495
0.5318246333
0.651953886
0.6870731943
0.6961658957
0.6125096044999999
0.5204604093999999
0.5194161112
0.5215242618
