0.5807972692
0.5479530584666669
0.6190613195333334
0.6212250538000001
0.6095483166666668
0.5955125321333334
0.5862823856000001
0.5763769910000001
0.5072222612666667
0.4444629636666667
0.3781591559333334
0.3885510812666667
0.44267127006666673
0.4790429218666667
0.5339554184666667
0.5502282609333334
0.5576258105999999
0.5375083419333334
0.5017261897999999
0.49278901993333335
0.46396052120000003
0.4076956562
0.34998626846666664
0.3770815135333333
0.3976007996
0.44025333693333324
0.4534965152
0.4620369965333333
0.47875310093333334
0.46449826759999996
0.4252362178666666
0.3898422138666666
0.3974144426666666
0.43038755473333334
0.43876262679999994
0.44671805406666665
0.45678737653333334
0.46854364286666667
0.47707835759999995
0.4904979197333333
0.4653323068666666
0.4096395780666666
0.35900654953333333
0.31982557393333333
0.32483746573333333
0.377845054
0.4358117319333334
0.46253148126666666
0.4505380360666666
0.4409660594666666
0.4600829370666666
0.5039311485999999
0.4868191860666666
0.4619576467333333
0.42274339573333325
0.4320412508
0.4969852550666667
0.5550908714666666
0.5933770279333334
0.5943394675333332
0.5735137336
0.5700545690666665
0.5814015313333333
0.6009753763999999
0.5813825212666667
0.5326287236666667
0.4712607092666667
0.46753519059999993
0.48704891526666666
0.5269455676
0.5735433601333334
0.5511290945333334
0.5202937056666667
0.5163405696666666
0.5484365741333334
0.5385054821333333
0.4777293002
0.40840921266666663
0.3608806091999999
0.37966058846666667
0.4026006869999999
0.4384096851333333
0.5015404243333333
0.5403511377333333
0.5518795832666666
0.5245670246
0.5338715544
0.5473225872
0.49576263646666674
0.4238586448666667
0.3765246110666666
0.3836260374666667
0.4020556436
0.44139859986666674
0.4643832096
0.5058802364666666
0.5356955806666667
0.5148690431999999
0.47515051119999996
0.4688033747333333
0.46146427546666663
0.4299424866
0.3906592985333333
0.3857921038
0.3932424216666667
0.43458553399999994
0.4896377668
0.5216499081999999
0.5020056356
0.4694421874666666
0.4443427868
0.41941982806666667
0.42498541213333335
0.44948629333333334
0.4426962588
0.4215800578
0.405919185
0.4132981776
0.4683965185333333
0.495893083
0.47351659499999993
0.4124383873333333
0.3990832539333333
0.4342712628
0.46610581120000005
0.4647141375333333
0.4384740163333333
0.4071954349333334
0.3823666890666667
0.4033716290666666
0.45784294480000004
0.49957709166666675
0.48988555300000003
0.4401513685333334
0.42381533086666673
0.4697291242666667
0.5133303647333334
0.5355428184666666
0.49510970019999995
0.4378415055333333
0.4064085091333333
0.4493392351333333
0.4885978998666667
0.4769378444666666
0.42696232906666676
0.3822947325333333
0.38220171779999995
0.40237958346666663
0.4124345000666667
0.42494433926666664
0.4322007593333333
0.4208569192
0.39709997379999995
0.42495806939999997
0.4783574798
0.4779699862
0.4271487372000001
0.3831287032666666
0.3852766396
0.38362952573333337
0.3824326232
0.3730134732
0.3892854938666666
0.4329319353333333
0.47041486779999997
0.4803071226
0.5078866528
0.5229339550666666
0.4935762674666666
0.45831695279999995
0.42130029646666667
0.43878120586666663
0.4257451408666666
0.4711684540666666
0.5188713938666666
0.5463758868
0.5674256406
0.5866956701999999
0.5817716018000001
0.5628749739333333
0.5537365812
0.5347563495333333
0.477716789
0.46252787553333335
0.43243029759999996
0.5086923804
0.5525868195333333
