0.6152322047333332
0.5829351415999999
0.6379103152666665
0.6406248640666667
0.6287293986666668
0.6149536291333335
0.6057430507333336
0.5967149244000001
0.5331537232666667
0.470531375
0.4129378947999999
0.42162341686666666
0.47175794279999994
0.5056988193999999
0.5501625717999999
0.5677560106666666
0.5730956031333333
0.5544087291333334
0.5197131463333334
0.5108985797333335
0.4828549597333334
0.42779776980000006
0.37497282660000003
0.39537557000000007
0.4169051294000001
0.4501840051333334
0.4615911008666667
0.46992131693333333
0.4866749443999999
0.47601277413333337
0.4392483010666666
0.40583718666666674
0.41428278580000005
0.44702535860000003
0.4565888200666667
0.464036933
0.4723208737333333
0.47606173079999997
0.48321940346666664
0.49291009186666657
0.47093144659999997
0.4187867778
0.3682980765333333
0.3309964654666666
0.33536149553333333
0.38681306219999995
0.44439514893333326
0.46924226199999997
0.45646946273333333
0.4456138188
0.46388839773333335
0.5075725223333334
0.5005446846
0.4803362301333333
0.4485066946666667
0.4605735727333334
0.5221038170000001
0.5800841726666667
0.6167238604666667
0.6152424174
0.5940388748000001
0.5905626180666667
0.6014773066
0.6215884293999998
0.6063930585333334
0.5576631702
0.5060619338
0.4978907388666666
0.5164757197333333
0.5514108554
0.5922797915333332
0.5701839974666666
0.5393064004666667
0.5352217099333334
0.5670617724
0.5602335302
0.5007817523999999
0.4350534282666667
0.3937524230000001
0.4080282709333333
0.4332843651333334
0.45988688626666663
0.5198946005333333
0.5574579058666665
0.5694856290666667
0.5422469325999999
0.5512891884666666
0.5658194343999999
0.5131206332
0.44828507859999994
0.39954237806666665
0.40896339
0.4235613581999999
0.4564353940666666
0.47967154380000004
0.5191275667999999
0.5494047380666667
0.5289749140666667
0.4892399349333333
0.4827237490666666
0.4756043802666666
0.44783003193333326
0.40763746753333324
0.40748928826666664
0.4061957279333333
0.4483833073333333
0.49970541426666665
0.5323700173333332
0.5131391781333333
0.48052214326666665
0.4555248306
0.43096748059999995
0.4375824201333333
0.46209698353333334
0.4578688018666666
0.43848959146666666
0.41960836479999997
0.4286909274666666
0.4791416098
0.5075444859333333
0.48275677713333326
0.4213107251333333
0.4105629884666666
0.4450804011333333
0.4771976982
0.4770703165333333
0.45359048106666666
0.42052164993333335
0.3976285208666666
0.41614596426666667
0.46858678753333344
0.5105548600666666
0.5001521746666667
0.45302935740000005
0.44126753746666664
0.4867792532
0.5317882601333334
0.5512265622000001
0.5127726666666667
0.45535712079999996
0.42468863020000003
0.4630598952666667
0.5015556222
0.48887059439999997
0.43870531793333334
0.39763668659999996
0.3972103693333333
0.4188050414666666
0.429243495
0.43810144439999993
0.44570577920000004
0.43331603660000007
0.40979429320000005
0.4354609251333334
0.4883128852666667
0.48687765853333337
0.4387542637333333
0.3976884745333333
0.40036892919999995
0.40286397946666663
0.39804592899999997
0.38837712806666663
0.4023780330666666
0.4440953585333333
0.48148630193333325
0.4913712082666665
0.5189785482666666
0.5336077469999999
0.5060538208666666
0.46826493360000004
0.43910340406666665
0.45794206820000005
0.44881729446666674
0.49307211626666675
0.5366079874
0.5641834647333334
0.5851333533333334
0.6041499290666668
0.5989646657333335
0.5805122157333334
0.5718459875999999
0.5545070902666667
0.5073599824
0.49051078833333334
0.47010744606666666
0.5375816206666666
0.5784901133999999
