0.60511375485
0.5971376040500002
0.6625141734000002
0.6234918841500002
0.5799314246500001
0.5257586950500002
0.5093546365000001
0.4975758379500001
0.47693824655000006
0.45904019380000005
0.44765046375000006
0.45381701139999997
0.47162343055000006
0.48148218935000003
0.5215951706000002
0.51748619385
0.49194455235
0.46070788510000005
0.44038422895
0.42097078685
0.40931429865
0.40976523369999995
0.4118208420999999
0.4555863763
0.47406667175
0.4829582601999999
0.45478536085
0.43768081
0.444990664
0.45020057685000003
0.4398535386999999
0.4163157267999999
0.4089843608
0.4218983548
0.4192524616999999
0.4103431379
0.41122317510000006
0.4185860529
0.4126444215999999
0.41949417134999994
0.43615204799999996
0.4415217734
0.4380516735500001
0.42382936534999993
0.43255142074999997
0.4659885781
0.50188242785
0.47603791835000003
0.4455759238
0.40723803839999995
0.3993355354499999
0.44137158399999993
0.48349647435
0.49986842434999995
0.49737533219999996
0.51728811805
0.56183301665
0.6048479098999999
0.6346917171999998
0.6249602123999999
0.5820763303500001
0.52846916085
0.47979070035000004
0.4729590832
0.4717226695000001
0.4844308527500001
0.47677004345000007
0.50860236405
0.54065561655
0.5916452160000001
0.59713629155
0.5473910505
0.49483666579999996
0.4603194031499999
0.4639510531
0.4538915454
0.4297354979
0.4198948701
0.4274909041999999
0.449595466
0.47838457844999993
0.5237281773
0.5684429115
0.54719090745
0.51433002395
0.4493722297500001
0.4217637577000001
0.40615811925
0.4041129258000001
0.40091102970000003
0.42942261115
0.47321020825
0.499739743
0.5131933307000001
0.5164525557
0.5225322697999999
0.5173777784
0.4852820671499999
0.43127163199999996
0.39535215274999996
0.3818861118
0.38858841699999996
0.38690360999999995
0.40879517514999997
0.43509868664999996
0.48028624294999994
0.5000555512
0.5169370693999998
0.5192591007999999
0.5001873426
0.45930713580000004
0.42004548165000005
0.40910391795
0.4262061375
0.41566943395000006
0.39092535145
0.37546034255
0.39322157655
0.44515454439999996
0.48974622879999996
0.5028826956
0.46168273834999995
0.43109621444999996
0.4295298908999999
0.45063442379999996
0.4694322543
0.48016342935
0.4577790236
0.41920494390000007
0.4015087380000001
0.4270371513000001
0.45601872735000004
0.48490505720000004
0.46518943065
0.4462075457
0.45255163119999997
0.48935837419999995
0.4982321989
0.46152982715
0.4212768122
0.4076177005499999
0.4379592054499999
0.45416713499999994
0.4417558021499999
0.4176882706500001
0.40780551219999994
0.3969785979999999
0.41531587279999993
0.4537944563
0.4871141573999999
0.45873227764999996
0.42472215355
0.38392161249999995
0.3791550317
0.38061782735
0.3896357861
0.380714884
0.3796828304999999
0.40875137029999997
0.45027767469999996
0.48131480475000005
0.49124229924999996
0.5057316515
0.51465078185
0.51214361755
0.45055693050000006
0.4381653685500001
0.4054054878000001
0.4138128201999999
0.4110032629
0.44094021154999996
0.48592256154999997
0.5323580556999998
0.55612259195
0.5847117608500001
0.60979277325
0.6125494565
0.5720551228499999
0.5368477370000001
0.4836551899
0.4718458738499999
0.47169049359999987
