0.6107920694499999
0.6028318033000001
0.667099156
0.62828640955
0.5847686296000002
0.5326287816000002
0.5165773672000001
0.5049120909500001
0.48435317205000006
0.46640553925
0.45492714534999995
0.46032154494999994
0.4787016479499999
0.48813140289999996
0.5259095512
0.5217049492499999
0.4966051822999999
0.46749896039999983
0.44705131074999993
0.42828202755000006
0.4162639835000001
0.41670605245000003
0.41860769925
0.4622522961500001
0.48134378590000015
0.4886507570500001
0.4601744225
0.44350336325000006
0.4511228751
0.45690459394999994
0.44655205239999995
0.4234245281000001
0.4150903876
0.42745850695
0.42461429964999997
0.4166508103
0.41766723950000006
0.42291812815000007
0.4177407058000001
0.424815466
0.44176028450000004
0.4471607948
0.4438258788000001
0.42963883235000006
0.43755950720000003
0.47055213400000007
0.50634241695
0.48056853145
0.44969370075
0.411691011
0.40456278725000006
0.44633535935
0.48884013680000005
0.50528749475
0.50318350315
0.5223268405000001
0.5659241421500001
0.6089495945000001
0.638231737
0.6278805542
0.58422806185
0.5337806720499999
0.48542612179999994
0.47949950364999994
0.4782916233999999
0.4909915012999999
0.48344823589999997
0.51464845965
0.5466985563500001
0.5968234204
0.6016440814500001
0.55142157575
0.50031288355
0.4675172474500001
0.47102112135000007
0.46204836820000017
0.43777925240000004
0.42786976065
0.43536552144999996
0.45730463234999996
0.48681573555
0.5289366786
0.5731233779
0.5497696439499999
0.5204291502999999
0.45574563814999997
0.4301966696
0.4145984014999999
0.4124460454
0.40923963915000006
0.43760949810000005
0.4819077653500001
0.5070660204000002
0.51871767245
0.522031439
0.52735075575
0.5240504569500001
0.49203349885
0.44005768749999996
0.4033193945
0.38968365205
0.39641033825000005
0.39482508745
0.4179676816500001
0.44080516215000004
0.4857792756
0.50381222105
0.5214427125000001
0.5238989654500001
0.5056788574000001
0.46550225275
0.42600345875
0.41502231695000014
0.4320957843000001
0.4214367975500001
0.39621398685000003
0.3790927568
0.3973135208
0.4472669294
0.4927634223500001
0.5062769949000001
0.46621898294999997
0.43546004080000006
0.4337777266500001
0.45490610140000004
0.4736430123
0.48400261654999993
0.46037771320000004
0.42267857329999997
0.40504560750000007
0.43002017970000006
0.45974640995
0.48872825585
0.46929600540000005
0.4503545326
0.45712804799999995
0.49378233819999995
0.5021689025
0.46513845519999997
0.4247944776499999
0.41204464209999997
0.44141787804999993
0.4585882604999999
0.44727449774999994
0.4229100134
0.4130248636499999
0.4021867699
0.42117519245000007
0.458768638
0.49119516845
0.4619660298
0.4283556892
0.3883252438000001
0.38423499960000007
0.38760732140000004
0.3962766703
0.3874013795000001
0.38644578365000004
0.41584391499999995
0.45732418490000004
0.48720496215000003
0.49694761075000005
0.51047380415
0.5192767469999999
0.5172823747999999
0.4580190639
0.4472177466000001
0.41321035130000006
0.42164965965
0.4187982497
0.4494660916
0.49353045985
0.5390526569499999
0.56184316525
0.5887914704
0.61427989895
0.6173797451999999
0.57901501325
0.5437613129000001
0.4907113489000001
0.47891629150000004
0.47880555620000004
