0.665216789
0.6610036196
0.9200047570000001
0.9726442909999999
0.986389223
0.9697978107999999
0.8815468066
0.6798510778
0.495616846
0.2857577222
0.185836447
0.1814865364
0.3051422624
0.4444907306
0.604941403
0.6802147112
0.7450990239999999
0.7955542557999999
0.6437732062
0.5053078438
0.35203032079999996
0.3183991722
0.2993513758
0.4137702795999999
0.5295515306
0.6595782336
0.6456347636
0.5588276154
0.49208549339999996
0.487913426
0.42444430739999994
0.3069355608
0.2541400468
0.2745624156
0.227558375
0.2656822474
0.432332363
0.5970336738
0.6935472467999999
0.7109255802
0.6245346356
0.473261255
0.3848799572
0.366110947
0.42478485800000004
0.4971254866
0.5075268366000001
0.4452559472
0.39092898260000003
0.3461882236
0.2943530118
0.27819930299999995
0.2769840562
0.23785348239999998
0.23779103519999997
0.372194778
0.551216696
0.6903219020000001
0.7454575200000001
0.7578475922
0.7311694422
0.6990142796000001
0.5312892216
0.4503102404
0.3359734162
0.260383863
0.2985560602
0.5014971862000001
0.6373401358
0.7355411116
0.7741924728
0.7576607482
0.7553888188
0.76064291
0.7276116858
0.6155006224
0.4374296944
0.21638177439999998
0.1333421592
0.1767266604
0.3772076672
0.5051561874
0.635884411
0.7013594528
0.7865311582000001
0.675265299
0.5450766752
0.4374421904000001
0.32859250560000003
0.246495818
0.23547488679999998
0.3182863952
0.4772594872
0.632516131
0.6657794526
0.7063515612
0.7809294187999999
0.771887955
0.563909765
0.4190515294
0.2445234638
0.11877285060000001
0.012672586600000002
0.1661913284
0.347249169
0.5997041598
0.7417578958
0.7956458464
0.7308632412
0.6753091760000001
0.5756986692
0.4764228288
0.40917210080000005
0.3240107444
0.19346602779999997
0.1654701318
0.2753452662
0.3871328914
0.47978584
0.5679632206
0.6205768542
0.5365268724
0.5120792098
0.5781687774
0.6071244896000001
0.5236726688
0.440806199
0.3797939072
0.373090045
0.34231111179999996
0.3025529972
0.28491347159999997
0.33572334919999997
0.38006168279999997
0.47835950480000006
0.6002578174000001
0.629259272
0.5401259782
0.4321952991999999
0.42086637200000004
0.49706940380000003
0.6112081224
0.6171646438
0.5383491946000001
0.41323387799999994
0.3516462276
0.34374719579999996
0.4879447728
0.5567962838
0.5210030876
0.4142093772
0.42525985019999996
0.39171811819999997
0.3646327886
0.3752187074
0.4190110098
0.4152877564
0.37063161780000003
0.3602851978
0.41287520099999997
0.4979547266
0.45332294180000005
0.4611247866
0.5782014496000001
0.674026139
0.5389410098
0.44181209940000005
0.35386855739999995
0.25684370739999995
0.11574679260000001
0.1519519612
0.2645810922
0.38767128659999994
0.49273793479999994
0.6514102124
0.7799435003999999
0.8473807962000001
0.8554444811999999
0.7647014386000001
0.637393701
0.38349728539999994
0.2599624172
0.0909226506
0.20811979839999997
0.30734567879999997
0.5161740952
0.6351443762000001
0.8531818418
0.8111637936000001
0.7838846306
0.802927292
0.7545673234
0.5586017462
0.4327916308
0.28961582979999995
0.2687316132
0.32099881620000004
