0.5358279391
0.4786293397999999
0.4193144887999999
0.39850562489999997
0.39365158559999996
0.3897241121
0.3722238402
0.36740852469999996
0.374484898
0.37445059929999996
0.3572596037
0.3541140387
0.3554975802
0.3760977495
0.3665773276
0.3671169828
0.3725013262
0.36907012689999996
0.37011484289999996
0.36986390750000003
0.3806205941
0.37689338889999996
0.3692577526
0.3673286152
0.3717168173
0.3730485803
0.3744869592999999
0.3703924474999999
0.35416219949999994
0.3415747774999999
0.3360664153
0.33552890890000003
0.3310580147
0.3194590324
0.3190348386
0.3109685776
0.3024494715
0.2908042595
0.2963524298
0.30534230219999997
0.30353595229999997
0.307118899
0.3167974818
0.326965016
0.32373662599999997
0.3198461588
0.3280456301
0.34348233640000003
0.34983113239999997
0.3470421834
0.3524279464
0.349598554
0.3470167368
0.34607729730000003
0.35369909559999996
0.36304112189999993
0.36239897719999997
0.3615272407
0.3594406522
0.3536286326
0.3486656123
0.3475316944
0.3441185592
0.337163266
0.33608445270000004
0.33536309559999994
0.33224567940000005
0.32233322810000004
0.3194090537
0.3237425943
0.3235197212
0.32154911410000003
0.32383819399999997
0.3297156358
0.3275642121
0.32154038549999997
0.3213502215
0.32921527859999994
0.32839932129999994
0.32637074039999997
0.3278133845
0.32932693399999996
0.3315375991
0.3278536321
0.3261894057
0.33316061610000003
0.32235413190000006
0.32306478870000005
0.32038681420000004
0.319646645
0.3216362127
0.3189968097
0.3162368726
0.3091909835
0.29931365909999996
0.2965805108
0.3028332416
0.30376236250000005
0.3083101076
0.31313801
0.3064753275
0.30353629179999997
0.298140861
0.30607341879999994
0.3194641249
0.3134680125
0.3225757372
0.32256825829999997
0.3216654395
0.3257722611
0.3259769667
0.32964246900000005
0.3348698062
0.3307002849
0.3252416655
0.3269409059
0.32515937649999993
0.3228857329
0.3271296716
0.3181876348
0.32461021990000005
0.32461166120000007
0.3243166283
0.32287930560000005
0.3212061078000001
0.32367405080000006
0.3176074004000001
0.31456993559999996
0.3073291877
0.30816112169999993
0.30651892799999997
0.30405325780000003
0.3054671053
0.3084940317
0.3155324952
0.30674870309999996
0.30339164979999994
0.30819030519999996
0.31237766159999997
0.31880398809999994
0.3125142055
0.31505881700000005
0.3116780295
0.31135404489999996
0.3031974153
0.30670795019999997
0.3169506644
0.31201524570000005
0.3114700969
0.31080264090000004
0.3110708384
0.31403929500000005
0.3119811088
0.3105275497
0.3180748585
0.3253018388999999
0.31656693069999997
0.31503728350000004
0.3091025856
0.3062623541
0.30880522889999995
0.3060142006
0.30964718680000003
0.3074780722
0.3082799102
0.308309057
0.30509107440000005
0.3120592823
0.31565755400000006
0.31733427470000003
0.31617632149999997
0.3094677352
0.31250671269999997
0.3220211852
0.3219096039
0.3239736982
0.3327362362
0.3271669091999999
0.3270832909
0.32422211339999996
0.32519262409999994
0.33300667139999995
0.3312495071
0.3260426956
0.3231858502
0.3168492068
0.31631982419999993
0.3112033944
0.314714442
0.31262707889999997
0.3160954444
0.3156430332
