0.6188675458999999
0.5778173407999999
0.5320841205
0.5073188124
0.5075124168
0.5209324691
0.5035423727999999
0.5014744476999999
0.5121166977
0.5075698196999999
0.4827089504
0.47754899559999997
0.48160808709999997
0.5181316077
0.4952433580999999
0.4886671435
0.49443953809999996
0.489750452
0.49339693610000007
0.49399547530000004
0.5095153993
0.5029332367999999
0.48933206999999995
0.4845421753
0.4928494943
0.4982516571000001
0.5042765396
0.5028386367
0.4758830151000001
0.45944992340000007
0.45438287390000004
0.4580153344999999
0.4563587593999999
0.4370153697
0.4412795812
0.42771991309999996
0.4149019972
0.3935290786
0.40464751349999994
0.41687451470000003
0.4087596423
0.41016143939999994
0.42086315049999995
0.44188734719999995
0.43172560230000007
0.4180943912
0.4356286421
0.46337650250000006
0.47669047779999996
0.4732173525
0.4855560947
0.4825170205
0.47726645469999995
0.47573406139999996
0.4918122241
0.5150272112
0.5053979899
0.49983278389999997
0.4935338038
0.48628904130000006
0.48164332759999995
0.48161157689999995
0.48168283589999994
0.46915252770000004
0.46849985269999994
0.4676790319000001
0.4706851218
0.45551165559999995
0.4539604837000001
0.4613803247
0.4577824696
0.4573987835000001
0.4568401842
0.4640227828
0.4585755025
0.4415715312
0.43839981899999997
0.4543034068
0.4511685851999999
0.4450274015000001
0.4438521143
0.4444267313
0.44785363499999997
0.4445558702
0.44199312199999996
0.46103146829999997
0.4424193003
0.4436569852000001
0.44227286879999994
0.44415690509999994
0.45214613219999994
0.44912841959999994
0.4447109438
0.4338280002
0.41047802939999994
0.4088477726
0.42135029949999997
0.42055244529999997
0.4260870548000001
0.4336156359
0.4200533587
0.4104296977
0.40122252450000007
0.4133072855
0.44481715709999997
0.42793699389999995
0.43892256670000007
0.44034370030000003
0.4398457953
0.44508579170000007
0.4443156027
0.45176338740000005
0.46593443739999996
0.46206130539999996
0.45773425349999997
0.4655566531
0.46603676459999993
0.4602556741
0.46713380430000007
0.4533958782
0.4687424654
0.46898862769999994
0.4640152617999999
0.4585574534
0.4479030567000001
0.448627628
0.44416358250000004
0.4400282246000001
0.4227284925
0.4227200376
0.41717461990000004
0.4103308117
0.409590534
0.4098887907
0.42119297059999994
0.40225158780000003
0.3818282376
0.3868566677
0.39818021049999996
0.4094860025
0.3959395543
0.40398270299999994
0.40157171500000005
0.40734358210000005
0.3986045162
0.4083802786
0.4309220623000001
0.4236616476
0.42288877860000007
0.41977775230000003
0.42473627159999994
0.4261826823
0.41746294379999993
0.417400003
0.4281187761
0.44129564
0.4298500691
0.43022439889999997
0.4130661412
0.4053760346
0.40924480030000004
0.4098018965
0.42360588409999994
0.4172215980999999
0.4185652139
0.41807628930000007
0.40533020649999996
0.4145231653
0.42971636420000003
0.4388258403
0.43622503650000005
0.42588411649999997
0.4293961384
0.4422400291
0.43872462610000007
0.44549544790000006
0.46970325300000004
0.46146151469999996
0.46034099929999994
0.4528783270000001
0.45535932419999997
0.46843702270000004
0.4630808459
0.45609481530000007
0.45443643910000003
0.43752471019999994
0.43421968159999996
0.42867579329999994
0.4334231156
0.4341252482
0.4398408185
0.4325409226
