0.6050631050666666
0.5675178606666667
0.5405633260666666
0.5472156175999998
0.5451396310666666
0.5443064876666667
0.5445182583333333
0.5473903161333333
0.5599449310666668
0.5410723683333334
0.533966202
0.5239550156
0.5217455756
0.5497290351333334
0.5463160281999999
0.5411821845333333
0.546114594
0.5382259967999999
0.5384240798000001
0.5302465115999999
0.5443071229333333
0.5420992351333334
0.5364711388
0.5140856495999999
0.5187430088000001
0.5176475838
0.5229665558000001
0.5192984723999999
0.5018599460000001
0.4974246132666667
0.49074841266666674
0.4852890874
0.4745605572
0.4659769059333333
0.47190028019999997
0.45782494146666664
0.45853316559999996
0.46070618139999997
0.4812838012
0.47801836333333336
0.4599134027333333
0.46374785206666674
0.4725864828666666
0.48919547100000005
0.4871498708666666
0.4941642202
0.5014742154
0.5150525417999999
0.5247379943333333
0.5280986448666667
0.5401257936
0.5355742992000001
0.5333101607333334
0.5281627166666667
0.5323112870666667
0.5503231225333333
0.5454324221333333
0.5412712721333334
0.5313041975333334
0.5374272707333334
0.5365265017333333
0.5382265497333333
0.5289573247333333
0.5245034522
0.5200824228666667
0.5121452451333333
0.5154468976
0.5132715295333333
0.5122826830666667
0.5176312637333333
0.5043908154666666
0.5024031944666666
0.5034430394666667
0.5044399220666665
0.4951366952
0.48739986533333324
0.4876629146666666
0.5006985452
0.4994051594
0.4973031784
0.5062924572666666
0.4890919940666666
0.49308643306666666
0.49141745293333333
0.4898586140666666
0.5053207483999999
0.5052355089999999
0.5009282038666667
0.4947831052666666
0.47693715133333325
0.4864674798666666
0.4788483748
0.47930708786666665
0.48198782526666667
0.4865799956666666
0.4728108113999999
0.4789990877333333
0.4667192907999999
0.4679243458
0.4742919317333333
0.46038570513333327
0.46313275793333325
0.46865735199999997
0.47935121839999995
0.5092426255333334
0.49553107706666666
0.4979849714000001
0.4981627363333334
0.49316841026666675
0.4931413334
0.49823246159999995
0.5114750718
0.5194076446666666
0.5253899129999999
0.5179902562666666
0.5331195933333334
0.5285660274666666
0.5239409718
0.5148789964666667
0.5005719544
0.5065325392
0.510849832
0.5044849650666666
0.49949165086666664
0.49272348206666666
0.49493332526666667
0.48353844439999993
0.4825656228
0.46842516566666664
0.4728873280666666
0.44926043160000007
0.43356568160000003
0.43387598366666663
0.4437192294
0.456060417
0.4466957517333334
0.4435849928666667
0.44359683626666674
0.4490889745333334
0.44734942253333343
0.4383992294666667
0.4476293243333334
0.4431650006
0.4524350888666667
0.4535004145333334
0.4661606616000001
0.4829141946666667
0.4711971481333333
0.46722295806666664
0.46523966380000004
0.477302254
0.47173085926666675
0.46966276833333337
0.4580665714666667
0.45852604733333335
0.46325071180000005
0.46245290120000004
0.4699880277333334
0.46146057399999996
0.4635935420666666
0.4696282652666666
0.4517261043333333
0.46537827646666663
0.46707382113333334
0.4674734549333333
0.460899338
0.4606011399999999
0.4693726987333333
0.4851360721333334
0.49039227326666673
0.5005063865333335
0.5021891513333334
0.4956767075333334
0.502092687
0.4954370661333333
0.4918163607333334
0.5143721803333334
0.5112139093333333
0.5087337107333334
0.5059075072666667
0.5033233622666666
0.5098536975333333
0.4980144498
0.4988568497333334
0.4979494222
0.49316925573333337
0.4869760282666667
