0.3062511376
0.2506616611333334
0.20212570153333337
0.19624558353333335
0.19296874593333335
0.18951528166666665
0.18849224986666666
0.18697219653333336
0.18565798106666667
0.1842779786
0.18398924973333336
0.1832825426666667
0.18260002433333333
0.1827353866
0.1817492272
0.1834172503333333
0.18498905486666664
0.18383110266666666
0.1823369632
0.17997194166666666
0.18006556773333332
0.178485782
0.17749975639999999
0.176462374
0.17636518513333332
0.17564849253333337
0.17436571540000004
0.17341940360000002
0.17358897913333332
0.1731928975333333
0.17217486533333332
0.17010767706666663
0.16897970519999997
0.1681106678
0.1675356318
0.16685954126666666
0.16754534553333336
0.16841503880000003
0.16833546273333336
0.1688476521333334
0.16892714713333332
0.16900714946666667
0.16949412379999998
0.1695556368
0.16989855913333332
0.1706463212
0.17263715759999998
0.17330254019999997
0.17293707999999997
0.17449881319999996
0.17427309326666668
0.1745049464
0.17362807286666673
0.1728826846666667
0.17231241353333335
0.17160276546666664
0.17265632546666668
0.17267951533333334
0.1718418646
0.1727807796666667
0.1723131992666667
0.1700240674666667
0.1694503428666667
0.16875308553333337
0.16727274293333333
0.16724283366666667
0.1650508108
0.16418872373333337
0.1645300492
0.16548361513333332
0.16585662773333334
0.16560343366666666
0.1656140164
0.16553197879999998
0.16510281833333335
0.16538718886666667
0.16613906380000001
0.16655797806666667
0.16685664346666668
0.16746865113333334
0.16794194020000003
0.1683044122
0.1684679754
0.16827785620000002
0.16737657766666666
0.16719359679999998
0.16644773113333333
0.16566953473333335
0.16551622679999997
0.16551181113333333
0.1650789021333333
0.165215917
0.16548265100000004
0.16581003400000002
0.16568196080000003
0.16597058706666665
0.16693840813333335
0.16723807886666664
0.1677865978
0.16845241586666665
0.167960075
0.16864813473333334
0.1688793612
0.16948111286666664
0.1692180318
0.1696052830666667
0.16935880353333338
0.1685620096
0.16847926500000002
0.1680597170666667
0.16734935980000004
0.16735269840000003
0.16777211399999997
0.16780346806666663
0.16681526813333333
0.16765703446666663
0.16748779866666666
0.16796362506666665
0.16713805980000002
0.1664074164666667
0.16676849660000004
0.1661839572
0.16699795793333336
0.16713264766666666
0.167360598
0.16742274566666668
0.16714945613333335
0.16773997860000003
0.16866978933333335
0.17009331700000002
0.16927507373333336
0.1695164746666667
0.1696016886
0.17071642253333333
0.17087165113333333
0.17044821559999998
0.17154250826666664
0.17186045253333335
0.1717048912666667
0.1712383574
0.17088392060000002
0.17289286099999998
0.1722736180666667
0.17064898046666668
0.17073638540000002
0.17173569953333337
0.17229423800000002
0.1718121422666667
0.17107407026666668
0.17165445233333332
0.1719125421333333
0.1698280247333333
0.1684149162
0.1688328376
0.16984857906666667
0.17102693640000002
0.1693806288666667
0.16980503140000003
0.17018564313333334
0.17049332393333336
0.1707739196666667
0.17004564306666667
0.17158313513333337
0.17193502866666668
0.17107660113333337
0.17075353186666664
0.17153570566666668
0.17317261806666664
0.1732619911333333
0.17263972846666667
0.1715508425333333
0.1715911828
0.17167284266666666
0.17170946673333332
0.17126027073333333
0.17093497306666666
0.17019014993333334
0.16892674893333334
0.16901050833333334
0.1697619762666667
0.1695009156
0.17037704773333331
0.1683073677333333
0.16813393913333333
0.16770844686666667
0.16853594666666669
0.1685350230666667
