0.5767223508666665
0.5364371141333333
0.5069546286666666
0.5114600391333333
0.5091288328666667
0.5049502927333333
0.5028353586666666
0.5031564748666666
0.5135847060666666
0.49775489686666663
0.4899220825999999
0.4808519123333333
0.47873218300000003
0.5021787882666667
0.5001175385333334
0.49733891286666676
0.502429268
0.4950615564
0.4952016911333334
0.48794134660000005
0.5002838870666667
0.498670275
0.4928858827333333
0.47401305986666664
0.47625524873333336
0.47448273313333333
0.47814646559999996
0.47280042799999994
0.4576139802
0.4527974172
0.44575356293333335
0.43998278193333334
0.42901722179999996
0.42074995200000004
0.42560526233333335
0.4148213899333333
0.4154030654666666
0.41815010386666673
0.43495020160000003
0.4343145364666667
0.4215612411333333
0.42505832033333324
0.43369571719999994
0.44720002406666665
0.4468971098666667
0.45337884433333336
0.4604797476666667
0.47397502126666674
0.4823412335333333
0.4842730094
0.49240628706666667
0.488549354
0.4863421394666666
0.48163099513333335
0.48327273586666664
0.4957448019333333
0.4911350375333334
0.4861792435333333
0.4773159334666667
0.4811280095333334
0.48048824520000005
0.48066142153333336
0.47183894006666677
0.4671152766666668
0.4629848029333334
0.4575816408666668
0.45913556660000004
0.45751751040000005
0.45764191946666677
0.46265231700000004
0.45377371426666674
0.4518535829333334
0.45358598733333333
0.4551259816666666
0.4473365021333333
0.4416970291333333
0.44162997293333334
0.45241216333333334
0.45137217713333333
0.44972751520000004
0.4559397134
0.44186726079999994
0.44479718799999995
0.44062603899999997
0.43772410386666666
0.44874676313333334
0.4487823733333334
0.44601718800000006
0.4398117871333333
0.42669460046666663
0.43260348559999995
0.4264829729333333
0.4265963948666667
0.4283134954000001
0.4321391131333333
0.42142802339999996
0.4274559716
0.4177275475333333
0.4205013982666667
0.42713476846666665
0.41646406006666664
0.419679071
0.4236848992000001
0.4323253588
0.45521095466666667
0.4450732434666666
0.44773136353333337
0.44798220893333335
0.444484232
0.44321384686666665
0.44679958966666666
0.45675044893333333
0.46304033226666663
0.46820970466666656
0.4609301020666666
0.47227689113333327
0.4677754041999999
0.46376324993333334
0.4569586707333333
0.44509202353333327
0.4496742732
0.45168391233333327
0.4457695237333333
0.44198782940000003
0.4375872914666667
0.44002220233333333
0.43063810226666666
0.4299864898666667
0.4187953283333334
0.4236234184666666
0.4053470214666667
0.3935769856
0.39433046099999997
0.40173633413333326
0.411975922
0.4048968198666667
0.4038508492666667
0.4043488168
0.4085387214
0.4075464042
0.39948412726666666
0.40730448599999997
0.4037112034
0.4104029927333333
0.41103244313333326
0.4198866090666666
0.43342047906666664
0.4247530008666666
0.42135191639999997
0.4199682532666666
0.4297215177333333
0.4245493967333333
0.42281299266666666
0.4142180321333334
0.41554678873333345
0.42046295686666674
0.4193403685333334
0.42471582520000006
0.4175737960666667
0.41915989433333334
0.42528152953333337
0.41064774619999994
0.42085314033333326
0.4224289395999999
0.4226848315333333
0.41708255453333337
0.41669640013333326
0.4241636515333333
0.4370230546666667
0.4413922886666667
0.4494486279333333
0.45058198386666665
0.4460902274
0.45117520706666664
0.4455602402666667
0.44193791113333336
0.45876761093333335
0.45653543859999995
0.4546086887333333
0.4517993545333334
0.4503150770666667
0.4561390272666667
0.44560999733333334
0.44529726473333336
0.4424939883333333
0.43816815819999994
0.43399272399999994
