0.5507882481499999
0.5276831681999999
0.5068461037999998
0.5127252100499999
0.5013778874499999
0.5047998063
0.49899095544999994
0.49561244984999997
0.5027568169
0.5007826474999999
0.4961121748499998
0.4902411161999999
0.48547007855
0.5013368914999999
0.4940464262
0.4934594003
0.49935803884999996
0.49629454435
0.48463997560000005
0.47672269935000006
0.48194913660000005
0.48047428565000005
0.47284541469999997
0.4607787725
0.46706453775000006
0.4629857851
0.4595892684
0.44818385764999985
0.44026526429999996
0.43816221904999997
0.43157125809999997
0.43408838694999996
0.43861095494999996
0.43945135845000005
0.43650259175000006
0.42290715214999997
0.42526531965
0.42845279055
0.44066899565
0.4450459336
0.4471578685
0.44633922994999997
0.4490648026
0.4588107043
0.46176891319999996
0.4665608012
0.470513316
0.4816046432
0.4851121408
0.47975319690000007
0.48359971115
0.4820642987
0.4794746453
0.47244329455
0.4801560384
0.49135312155
0.48804155585000003
0.47767221974999996
0.47374714375
0.47383468300000003
0.4697128986000001
0.4695051802000001
0.4692615100500001
0.4665876552500001
0.46353767760000003
0.4546252815500001
0.4545424704
0.4549075312000001
0.4525645344500001
0.45320386310000005
0.4508172919500001
0.4509127574
0.4523469096
0.4542893265
0.4502843122500001
0.45130149975
0.44040955965000006
0.44898019600000005
0.44672072700000004
0.4445921533
0.44799912324999996
0.44677757544999996
0.4462822893999999
0.43919193519999994
0.4262355757
0.43493962044999995
0.43188479990000006
0.43210471525000005
0.43417996179999996
0.43888627049999995
0.4360997454500001
0.42977905865000005
0.42296673414999997
0.42356764285000004
0.42764759324999996
0.41839238324999994
0.43013643310000005
0.43044807279999997
0.43296642505000005
0.4393507138
0.43218448070000004
0.43109654255
0.43357848095000007
0.43768429545
0.45127570529999994
0.4467468235
0.45247966565000003
0.45029968719999997
0.4534897998
0.44924083495
0.45652903405
0.46037600754999997
0.4649748495999999
0.46030937939999994
0.4528186550999999
0.4570921405499999
0.4551001735499999
0.45014194935
0.4449311484
0.4380579578999999
0.4429585426499999
0.43965971969999995
0.4368028979
0.43422312205
0.43454801365000006
0.4254396079
0.41299591004999997
0.41344244615000003
0.41045435150000004
0.41610302005
0.40655708710000005
0.40715675735
0.4055811245
0.4086161864
0.4098987434
0.4053159332
0.40637514995
0.40525915765000003
0.41053449454999996
0.4146318774
0.41033791294999994
0.41508269264999986
0.40951732939999996
0.41237179254999995
0.41336164614999993
0.4248379592999999
0.43038606569999993
0.42694302324999994
0.4179774599
0.41257689345
0.41699053594999996
0.4179922894
0.42053441395
0.41731080055000014
0.4233419950000001
0.4296859646500001
0.4175901378
0.42237378210000004
0.42139125270000005
0.42210093744999994
0.42273491839999994
0.41784300649999995
0.4265010112499999
0.4297308135999999
0.4286449199999999
0.4317858686
0.4375167297499999
0.43799234
0.44502868175000004
0.44585208365
0.4457921803499999
0.44716056959999995
0.44623849215
0.44916742219999994
0.4465805326000001
0.44151007905000006
0.45196146730000003
0.44506865399999995
0.44688205745000004
0.4435017876000001
0.44760007134999996
0.45048897265
