0.4465437714
0.4163716892499999
0.3874060345
0.3873016872
0.3801144566
0.3784205474500001
0.3723625832
0.3682393258
0.37229987045
0.3721572534
0.36894009889999996
0.3655037138
0.3623776664
0.37171318235000006
0.36914707245
0.37008278155
0.37349414275000004
0.36973128720000004
0.3621385212
0.35571934250000004
0.3583435047
0.35621114889999994
0.35015788365
0.3433938238
0.34537582795
0.34200857895000003
0.33846821539999994
0.3305983535
0.32525731465
0.32345853985
0.3198011838
0.32132390395000004
0.32392774825000004
0.32321202420000006
0.3213857323
0.31540736820000004
0.3152475508
0.31714329795
0.3230917811
0.32619224280000003
0.32798194935
0.3283587265
0.3319071093
0.33652115665000004
0.3387178608
0.34144364034999997
0.34522230365
0.35250478855
0.35463589230000003
0.35033540799999996
0.35054677935
0.34856512419999996
0.34556764799999995
0.34162028164999997
0.34489177414999994
0.34920210874999996
0.3473223283
0.34193023440000003
0.33942485294999997
0.3386856134499999
0.33609266675
0.33454040425
0.3339783766
0.3334394509
0.3318243324
0.32845174055
0.3267979504500001
0.3257742533500001
0.32390418750000005
0.32505666735000005
0.32566655285
0.3254380240500001
0.32768789655
0.32878463395000007
0.32687680890000004
0.3273505008
0.3218521767
0.32614003365
0.32439306775
0.3230086927
0.32472479860000003
0.32416187185
0.32388723585
0.3185223078
0.31275153240000003
0.31487056345000003
0.31259368675000004
0.31341357560000005
0.31434846090000007
0.3163923275
0.3140557701
0.31126655075000004
0.3071888668
0.30763220115000006
0.309388892
0.30502426165
0.31270448940000006
0.31316531040000006
0.31498777355000007
0.31945513555000005
0.3162261471000001
0.31658938040000006
0.31650533360000005
0.31838685185
0.3223528952
0.32020445919999996
0.32386755684999996
0.3227269956
0.32439755555
0.32197994794999996
0.3252935933
0.32712706510000006
0.32959321725
0.32678979524999996
0.32322388664999996
0.32530747834999996
0.3213833884499999
0.31872783424999995
0.31722942964999995
0.31317437825
0.31556457395000004
0.3143324595
0.31489186680000003
0.31568666865000006
0.31836930150000003
0.31521137695000007
0.3104995251
0.31138012039999996
0.30985342465000004
0.3134825549
0.30951656675000006
0.30955603740000004
0.3085725674
0.3099240383
0.30936495525
0.30672832664999994
0.3101711571
0.31010277545
0.31192387925000004
0.31480331450000004
0.31179252195
0.31454905600000005
0.31182956915
0.31094079729999996
0.3106361369
0.31600489455
0.31675879754999997
0.3135262646
0.31028634124999993
0.3085324975
0.30993803365
0.3100267478
0.3108141478
0.30900281095
0.31317738435
0.31680544795000004
0.31082900255
0.31354828290000003
0.3123800698
0.31179831439999994
0.31249077519999996
0.30774096790000005
0.31107694975000005
0.3147496287000001
0.3150947570500001
0.3161413776000001
0.3189136553000001
0.3196130957500001
0.3213704224500001
0.3207781940500001
0.3206844728
0.32123720330000005
0.3218781099
0.3240319404
0.32254772704999995
0.3204114524999999
0.32452803019999993
0.3191851517999999
0.32089886645
0.31842459614999996
0.32064403425
0.3243248523
