0.27742482395
0.23704134790000003
0.20033971790000002
0.19520716815
0.19057656385000002
0.18820315805
0.18688562295
0.1854355238
0.18342165285
0.18248401025
0.1817517075
0.18164216055
0.18087152709999998
0.1816031148
0.18116534595
0.18278564655
0.18290943855
0.18187025905
0.18036976100000002
0.17812389325000003
0.17780306620000003
0.17629072210000002
0.17527092910000003
0.17436990140000003
0.17417019945
0.17289091920000002
0.17176101135000002
0.17065628775
0.17063457569999999
0.17050514939999997
0.17036736474999997
0.16982665654999998
0.17030821115
0.16986863565000002
0.16978067610000003
0.16944925075
0.16918174770000002
0.16926670465000002
0.16918984850000002
0.16932022995
0.1691392907
0.170464593
0.17056864019999998
0.17014565134999998
0.17148458614999998
0.1719410357
0.17312460854999998
0.1737944869
0.17344764829999998
0.1733632624
0.17300666890000002
0.17301498265
0.17246506205000006
0.17181964990000004
0.17227007560000002
0.1716788298
0.17122728150000002
0.17053580450000003
0.16954373790000002
0.16951522400000002
0.16938842005000004
0.16743484845000006
0.16695912455000003
0.16714237520000003
0.16660186385000003
0.16669431975000001
0.16633884810000002
0.16645451970000003
0.1663066205
0.1668628792
0.16701714735
0.16633933525
0.16594465155
0.16580482205
0.16553112760000002
0.16610997575000003
0.16614510700000001
0.16622234895
0.1667859532
0.1666797399
0.16665739210000002
0.16738653835
0.16756512795
0.1670462537
0.1668840262
0.16643385314999998
0.16604869775
0.1658461275
0.16601336344999998
0.16596548445
0.1665475244
0.16674461525
0.16673242455
0.16748341895000002
0.16741756345
0.16667099319999998
0.16764433025
0.16787366729999997
0.1679486962
0.1682651168
0.16824261785
0.16823200205000002
0.16801548365000002
0.16823564210000003
0.16787641390000002
0.16825036765000004
0.16834720130000005
0.1684495218
0.1689784945
0.16826754395000001
0.16793582875000002
0.16805637315
0.16841782695
0.1674622927
0.16673136724999998
0.16734893405
0.16638386890000004
0.1666044312
0.1664742932
0.16648333855000003
0.16661346460000004
0.16669019075000002
0.16783299855000003
0.16912138775000002
0.16979274390000001
0.16938011420000001
0.16967920535
0.1697900079
0.16964700855
0.16977365449999998
0.1694423199
0.16942490110000002
0.1695270518
0.1698994168
0.17010654425
0.1697000326
0.1717218686
0.17178974365000002
0.17175863735000002
0.17232458445
0.17261482960000002
0.17353779175
0.17284413065000004
0.17145021925
0.17094450600000002
0.17142042120000003
0.16965856365
0.1686369725
0.1684867281
0.1693392402
0.17013407319999999
0.17010045904999999
0.17024817779999998
0.17061920125000002
0.17176580935000002
0.1725323289
0.17140237830000002
0.17232626845000004
0.1724147554
0.1711996678
0.17068379545
0.1690896644
0.16965732935000002
0.17012766875
0.1700781973
0.16986279849999997
0.1714228276
0.17269162265
0.17277667309999997
0.17282457810000001
0.1724633564
0.1720095191
0.17166755660000002
0.1715334043
0.17065115705000003
0.16972904240000003
0.1693382179
0.1672005038
0.1672768516
0.1675520816
0.1681996096
0.16917231564999996
