0.2587932166
0.22604622676000002
0.19643687544000002
0.19150826816000002
0.18788167212
0.18557034260000002
0.18485270120000002
0.18348562612000005
0.18237858216000005
0.18186994864000003
0.18157953304
0.18064784635999998
0.17989476732
0.18017612271999997
0.17944822636
0.18043162956
0.18026865932
0.17921309668
0.17791430552000004
0.17601616308000004
0.17516609280000003
0.17382195752000004
0.17269013132000002
0.1718501942
0.17182454056000002
0.17130170796000002
0.17120552808000003
0.171383776
0.17153616839999997
0.17170728132000002
0.17173756764
0.17067951607999998
0.17061090936
0.17024550968000005
0.16997213356000004
0.16951454488
0.17031278288000004
0.17017180160000003
0.1697350178
0.1707047174
0.1704764684
0.17128906667999996
0.17150897756
0.17111239171999998
0.17117899092
0.17139430772
0.17220870511999997
0.17283079544000002
0.17248422776000003
0.17311922228
0.17278673968000002
0.17180001604
0.17079298404000007
0.16998559148000003
0.16975977188000005
0.16946588032
0.16891526348000002
0.16832573752000002
0.16809703916
0.16853002452000002
0.16852049164000005
0.16798847076
0.16821768116000005
0.16804116704000005
0.16748162536000002
0.16745519704000003
0.16678048648000002
0.16655092716000003
0.16636996676
0.16685351444000002
0.16726938516
0.16630411552000002
0.16579881356
0.16595863412
0.16528750332
0.16544873016
0.16584266896
0.16594919628
0.16609905179999998
0.16642506628
0.16615683812
0.1668795502
0.16732728351999998
0.16713795764
0.16697252184000003
0.16733776076
0.16710510020000002
0.16677325104000004
0.16731140551999998
0.16729726184000002
0.16699246184
0.16734811151999998
0.16734202616000002
0.16767373344
0.16747469467999998
0.16715484384
0.16751218500000004
0.16738370403999997
0.16725880292
0.16738240548
0.16743121856
0.16764808056000002
0.16803479860000003
0.16868375028000002
0.16807933604000003
0.16853934124000003
0.16871124052000006
0.16883061060000004
0.16847054892
0.16790996808000003
0.16763358956000005
0.16705951444
0.16723963147999998
0.16686643284000002
0.16672731476000002
0.16710882096000002
0.16674887340000003
0.16735116904000003
0.16819695616000005
0.16860450716000006
0.16834121564000004
0.1688058432
0.16945441800000002
0.16981284344
0.16959712852
0.16949290304
0.16957340036
0.1696926346
0.16920728676
0.16938116832000003
0.16904495264000002
0.16999191079999998
0.16993716484000004
0.17030350855999998
0.17120188852
0.1713215374
0.17247201168
0.17234292860000003
0.17217769700000002
0.17217344112000002
0.17218678092
0.17118054151999998
0.17009759716
0.16930511572
0.16923432555999998
0.17009607024
0.16991040332000001
0.17005917052
0.16998504092
0.1709748922
0.17151695984
0.17157389256
0.17217653815999998
0.17231577944
0.17207638736000003
0.17210854768000006
0.17036624832000002
0.17063699716000003
0.17087292212000002
0.17037633140000005
0.16998515603999997
0.16948857020000002
0.16997559076000002
0.17036627879999997
0.17073838323999996
0.17093041839999998
0.17179116768
0.17248363779999998
0.17242238187999998
0.17202442567999998
0.1711929352
0.17096409964000003
0.16973839896000004
0.16964189972
0.16870540516000002
0.16864237224
0.16858219819999998
