0.54150026792
0.5196380837199999
0.5000729579999998
0.5042347979199999
0.5030754898399998
0.5067763353599999
0.5028745099199999
0.49762671291999994
0.5019676937599999
0.49579273583999983
0.4932539123999998
0.4902217632399999
0.48837476447999995
0.4916604789999999
0.48385049247999995
0.48015649728
0.48466369460000003
0.4795804376
0.4719271625600001
0.46927664044000006
0.4712582974800001
0.46516296388000006
0.4531431610799999
0.44626684131999994
0.45250295512
0.4481934967999999
0.45095245512
0.4520255169999999
0.45132332699999994
0.44436869124000006
0.43468989424
0.4382411259999999
0.44276093408
0.44312616232
0.4446500984
0.44311527184
0.44224864748000003
0.44179664420000003
0.45126374552000004
0.45731361152
0.45894762916
0.45719418815999996
0.46015054388
0.46573353595999994
0.46265388244
0.46468463764
0.46893247936000004
0.47705814712000005
0.47706575120000005
0.4779637467200001
0.482515385
0.48140366112000005
0.47400994591999995
0.47056279056
0.47451577139999995
0.48055986900000003
0.47764053592000005
0.47444361980000005
0.47199867320000005
0.47210700672
0.46492155960000003
0.46375678052
0.4648247267600001
0.4607366000800001
0.4558018423600001
0.4520898302400001
0.45325203248000007
0.45365196024000015
0.4524074997600001
0.4543886390000001
0.4566768158800001
0.44807986988000004
0.44961438648000007
0.44998473652000004
0.44606466332000005
0.44587667036
0.4446293516
0.44933167552000003
0.44435450636
0.43402772087999997
0.4371029370799999
0.43366047628
0.43509929091999994
0.4348104453199999
0.4360807166799999
0.43726940136
0.43344130308000006
0.42809932260000005
0.42920998648
0.43394362312
0.43073688892000006
0.43145881044000006
0.43209531704
0.43292641536000004
0.43731778456000003
0.43058305512000006
0.43717893792000007
0.43701030348000003
0.4371253611200001
0.43937456248000006
0.43610109728000007
0.43822214844
0.43831320916000005
0.44624873699999995
0.4544849240799999
0.45454093224
0.4562342692
0.45439543007999994
0.45011352056
0.44508953079999997
0.447530805
0.4517157023599999
0.45383548919999994
0.4500172197999999
0.4456460762799999
0.45023598263999987
0.4447975671999999
0.44209416356
0.4381307187199999
0.43553240235999996
0.43070519904
0.42374164244000007
0.4222043813200001
0.42446478184000014
0.42634677588000014
0.42238914312000003
0.41997594256
0.41862057991999996
0.41421462984
0.41361585755999997
0.40656032432000005
0.4085150162800001
0.4060629356400001
0.4101973119200001
0.41509665412
0.41283260056000004
0.41278358248
0.4095944676
0.41208323403999997
0.41577535296
0.41620873235999994
0.41632271923999986
0.41431648159999995
0.4114682521199999
0.4087698797199999
0.4156298855599999
0.42397304603999997
0.42429415416
0.41969978908
0.41940703751999997
0.42506342635999994
0.4168617206399999
0.4194970617199999
0.42041736496000004
0.42485840936
0.42676778872
0.42195786772
0.42658795048000003
0.42744028928
0.4269857870399999
0.4333670968799999
0.43426994891999987
0.43709649007999984
0.4375937634799999
0.4347622297199999
0.4323932624
0.43739264915999987
0.43973052927999995
0.44465175892
0.44660994884
0.4446790608399999
0.44403706295999995
0.43912445376000003
0.44407437048
0.4409862434400001
0.44109907408
0.4482769356
