0.57597748864
0.55541844188
0.53749264512
0.54345888404
0.5427090504000001
0.54858475324
0.5455387326800001
0.5405614150000001
0.54535689216
0.5381202672800001
0.5367328194400001
0.5335658036800001
0.5325837519200001
0.53682381172
0.52808121112
0.52352817588
0.52868765896
0.52473373292
0.51624548108
0.51408003972
0.51644990824
0.51000123012
0.49686355964
0.48897607707999996
0.4966170144
0.49104806311999993
0.49431269367999997
0.4959601153999999
0.4957566713599999
0.48710261219999995
0.47476690680000005
0.47926761380000005
0.48535002456
0.48670831579999996
0.48822205527999996
0.48636416660000004
0.48562621828
0.4840124014399999
0.49536748392
0.50223039604
0.504534989
0.5018773397199999
0.5043671283999999
0.5115383337599999
0.5080346164799999
0.5105117327199999
0.51535361464
0.52537645352
0.5259046907599999
0.5275382496
0.5335851027599999
0.5334422487599999
0.52496308744
0.5212992745199999
0.5274688317599999
0.5358740944399999
0.5328967670399999
0.5287781564
0.525390661
0.5263234522
0.5166476898799999
0.51591100208
0.5184107521199999
0.5137258473999999
0.5077610798
0.5019495458
0.50469541804
0.50539611812
0.50404474016
0.5064639665600001
0.5094556952800001
0.4990925102000001
0.4998672529600001
0.5014586142400002
0.49778225820000016
0.49792423788000006
0.49611637764000016
0.5015932796000001
0.49589363924000013
0.48187391688000003
0.48654288664
0.48273630436000003
0.48501745312000005
0.48586782548
0.48783320572
0.49050769284000006
0.4850500461600001
0.47783300376000015
0.47954926848000007
0.48527540012000003
0.48171574176
0.4813982836
0.4823685636799999
0.48386127463999995
0.48903758515999995
0.48008605851999986
0.48807209076
0.48806323508
0.4869183998800001
0.48980283732
0.4862547207600001
0.48879378384000005
0.4889206682400002
0.4979133531200002
0.5099072630800001
0.5097070098400001
0.5112288752
0.5091488940400001
0.5035959773600002
0.49743276040000006
0.5003190952000001
0.50718253732
0.51072263964
0.50585878292
0.5008617675199999
0.50698329284
0.50103719572
0.4972656307200001
0.49135772148
0.4880940846
0.48194462256000004
0.4725773013200001
0.47057684244000003
0.47392646883999995
0.47518421056
0.46939706928
0.46644848996
0.46523615459999995
0.46007821983999997
0.45847726728
0.45015107452
0.45247517383999997
0.44880004799999995
0.45389137692
0.45985116068000004
0.45772149600000006
0.45581591892
0.45060415227999995
0.45456525315999996
0.4586939196
0.45881842651999993
0.45936393888
0.45749444192
0.45386306332000004
0.44986049884
0.45854524263999996
0.4698075055999999
0.47046727443999997
0.46453618367999994
0.46437103572000005
0.47148100412000005
0.4607005858
0.4636730163999999
0.46535616112
0.47076833904
0.4723184916400001
0.46714702828
0.47321906080000004
0.4734836532799999
0.47199561407999996
0.47915267759999997
0.48137247959999996
0.48515501007999995
0.48545802104
0.48248947712
0.48018946815999997
0.4862853784399999
0.4886037009999999
0.49575644468
0.4991972149999999
0.49636208192000003
0.49558750608
0.4900349140400001
0.49592141872
0.49260914216
0.4932772718800001
0.5025224339600001
