0.43220619312
0.406665006
0.38236202812000003
0.3821811854800001
0.3807399508
0.3800134996000001
0.37507976752
0.36985736116
0.37243150671999997
0.36976414412000014
0.36709444960000004
0.3650080538
0.3627932116
0.36444381532000003
0.35990922756000004
0.35855042088
0.3604017950000001
0.35531715716
0.35042116048
0.34759783984000003
0.34857803916
0.34434222692
0.33691588332
0.33254568744
0.3354152174
0.3331180086800001
0.33424882412
0.33440809911999997
0.33316122972
0.32914692724000005
0.32426826503999995
0.32480312340000006
0.32660571684000006
0.32554669432000005
0.32554536384000005
0.3248697551200001
0.32429346200000003
0.32505781484
0.32992726884
0.33399665448
0.33505814768000003
0.33555115071999997
0.33879340724
0.34153934224
0.33938288143999995
0.3399485689999999
0.34232635116
0.34638353472000005
0.34625160332000005
0.34629351468
0.347789005
0.3456018628799999
0.34100770575999995
0.33851695732
0.33938526875999997
0.34141799395999994
0.33972774476
0.33852587776
0.33820540468
0.33850232616
0.33543398064
0.33430252988
0.33388712247999996
0.33144576692
0.32845392668
0.32732689900000006
0.32649892748000015
0.3265300211200001
0.32557059664
0.3275266354000001
0.32923198216000005
0.32423150488000013
0.32546561428000004
0.3247351862000001
0.3218788036000001
0.32183614584
0.3211993796
0.32409147892
0.32148336856
0.31775506132
0.318456298
0.31674515587999996
0.31743528168
0.31617297491999996
0.31610832276000006
0.3158101226400001
0.31407380772000004
0.31166171188
0.3125530075600001
0.31499241512000004
0.3127181492
0.31404467716000006
0.31384754536000004
0.31369769788000007
0.31594146492
0.31293666288000005
0.3169891425600001
0.3163837188800001
0.31667839584000007
0.31723042332
0.31484002648000003
0.31650970388000005
0.31650708948000006
0.32087317311999997
0.32349105520000004
0.32414854651999997
0.3257005104
0.3246054252
0.32250607504
0.32045766244
0.32171951579999997
0.32213814731999996
0.32307871932
0.32137548067999994
0.31896985392
0.32136891272
0.31829151863999994
0.317764964
0.31723751191999994
0.31636175607999995
0.31402821036
0.31163781964000004
0.31240691892000005
0.3140464313600001
0.31639478296
0.31559823256
0.31425129484
0.31328188263999995
0.31092726124000003
0.31036566828
0.30686730248000005
0.30857342092
0.30748636588
0.30948274787999996
0.3122333962
0.31055694759999997
0.31282405267999996
0.31224635192
0.31220660604
0.314331163
0.31438046684
0.31357889008
0.31131443715999996
0.30972616944
0.30852533975999996
0.31137955792
0.31387307299999995
0.31282910456
0.31024677028
0.31012153183999996
0.31269840744
0.30959179304
0.31146693828
0.31144757308000004
0.31418008352
0.31516690644
0.31087990132000004
0.31302569136
0.3144672056
0.31456431704
0.31785955136
0.31707056952000007
0.31754125844000014
0.3180698695600001
0.3166389854800001
0.3151232205200001
0.31745579760000003
0.31951058080000005
0.3212432496
0.32133371548
0.32107714252
0.32119281895999996
0.31816374148
0.32096441748
0.31837785296
0.31823777547999993
0.32167658111999997
