0.5731226448
0.5568162273333334
0.5393946614333333
0.5428198487
0.5376930713333333
0.5443068053
0.5433087467333333
0.5419307274666668
0.5370152903333334
0.5299076885666667
0.5258068929
0.5234607857000001
0.520522024
0.5257944905666667
0.5218703207333334
0.5159652986000001
0.5157018407
0.506393277
0.5022004928666667
0.5010733959
0.5010660322
0.5003162003666666
0.49858866009999997
0.4976847253999999
0.4983806860666667
0.4887804932666666
0.4933572039333333
0.4959424776333333
0.4955277085
0.49228724206666663
0.4924563164333334
0.4933816514
0.49480654949999997
0.49535745013333327
0.49999946253333327
0.4989753675333333
0.49705373240000006
0.4970081710666666
0.5047232589333334
0.5051648252
0.5051182626333333
0.5045901370999999
0.5069288774999998
0.5102498342666666
0.5122885707999999
0.5153453609666666
0.5198503825666666
0.5220049332666666
0.5246207232666665
0.5240905338666666
0.5261355193666666
0.5255105983999999
0.5232908451333332
0.5202226998666666
0.5249712753999999
0.5273569689999998
0.5239178082999999
0.5223571558
0.5178720598
0.5162819829666666
0.5119631835333333
0.5129447321999999
0.5148279349666667
0.5119543058
0.5086928006333333
0.5092188512000001
0.5022694458333333
0.5031789813
0.5018500680000001
0.5037449389000003
0.5048557819333335
0.5038193517333335
0.5021856216666668
0.49961151366666684
0.4860369232666668
0.4869336726000001
0.4832556447333335
0.49000281653333355
0.4906964923333335
0.49194158703333346
0.4895516343333334
0.4840455409000001
0.4799028619333334
0.47967089936666674
0.4820752729
0.4828532267666667
0.4841841334666667
0.48479277793333336
0.4870671618333334
0.49308988843333335
0.4909992784666667
0.4884166731
0.4887349121
0.4875781177666667
0.4898606645333334
0.48552163649999996
0.4952370797666667
0.4930634677333334
0.4966571294000001
0.4961410940000001
0.49675264923333345
0.49584939270000006
0.4962991619000002
0.4971151074333335
0.5049072899666668
0.5010318081333334
0.5044174017
0.5013238507000001
0.49633003056666675
0.4929324077333333
0.4965828934333334
0.4975067581
0.5009866337333333
0.49690753933333326
0.49543879216666664
0.4911900124666667
0.48106585453333334
0.4789084777333334
0.4792991129333333
0.4783161857
0.4766141454666667
0.4772174124333334
0.47404090066666665
0.47429031269999994
0.47003645229999996
0.4666662773666666
0.46558388436666664
0.46286531169999995
0.4604301272666666
0.46319387129999995
0.45771054660000005
0.4582399381333333
0.45253656589999997
0.4554710937333333
0.46065004039999996
0.4619990028666666
0.45765792606666655
0.45662980229999994
0.45357777299999996
0.45293773493333334
0.4508249706333333
0.45504111276666664
0.45657651416666667
0.45694783143333334
0.4585469783
0.46789446343333324
0.4673201494999999
0.46828771229999994
0.46714838959999994
0.4663565593666667
0.46910079600000004
0.46616599963333333
0.46951773353333326
0.4716013218
0.4744591603
0.4818785491666667
0.4823210262666667
0.4828323676333334
0.4817766304999999
0.4795153040999999
0.48072231299999996
0.48304914233333324
0.48829609289999987
0.4879037659333333
0.4866904811
0.48211135013333334
0.48522741876666664
0.48369357426666665
0.49199646093333343
0.49417084773333336
0.4968378211333334
0.4945825898000001
