0.24483419396666667
0.21782535800000005
0.19297840210000006
0.1892912733666667
0.18647034380000005
0.18479042470000004
0.1834890159333334
0.1822359764666667
0.18106017753333337
0.18032158186666666
0.17981887113333334
0.1788241290333333
0.17800971396666665
0.17816218286666666
0.17747106236666665
0.17779605783333335
0.17754836596666668
0.17640540393333334
0.17522381550000002
0.17375378673333336
0.17346255450000003
0.1730155637666667
0.1729573976
0.17239891836666668
0.17260641863333337
0.17228781983333338
0.17168643243333334
0.17145676370000001
0.17157230796666667
0.17154572833333334
0.17141059326666666
0.17137241733333333
0.1711411227
0.17052387390000004
0.17101722250000004
0.17056631726666668
0.17102514596666668
0.17102155583333334
0.1706090737
0.17058003283333337
0.1702649563
0.17083173746666663
0.1710868195666667
0.1706987507
0.1713396694
0.17147976023333336
0.17133061253333332
0.17137644153333337
0.17084508276666668
0.1708857780666667
0.1707579634666667
0.16977787860000004
0.16890839830000007
0.16870636693333335
0.16889801433333335
0.16872969659999998
0.16912987956666664
0.16914676586666666
0.1686869217
0.16894179900000003
0.1688501940666667
0.16808156563333337
0.16800416046666672
0.16780486450000004
0.16737069703333335
0.16759238693333334
0.1666776115
0.1663283495666667
0.1664039527
0.16643009640000003
0.1665251122666667
0.16602558240000004
0.1656417755666667
0.16552410280000002
0.16530731473333335
0.1652330455
0.1656774904
0.16602031453333332
0.16633333873333334
0.1665753059666667
0.16695626363333335
0.1676214101666667
0.16785302713333336
0.168032227
0.1679144967666667
0.16757683590000003
0.16754793293333334
0.16727444796666674
0.16749866983333334
0.16736492146666665
0.16734209259999996
0.16728736026666666
0.1670223303
0.1671446495
0.16687083893333332
0.16665997343333333
0.1671455532666667
0.1675050964333333
0.16779503293333334
0.167633842
0.16780855473333336
0.16806796670000007
0.16842149313333338
0.16830958633333337
0.1678127241333334
0.16818688983333338
0.16777138036666675
0.16777998376666672
0.16780595633333337
0.1677101575333334
0.1673860527333334
0.1672510772666667
0.1677560463
0.16823662870000003
0.1684542925666667
0.16846605410000004
0.1685021366666667
0.16878265683333335
0.1689272411666667
0.16863953380000002
0.1686083561
0.1688632327333333
0.16942920523333332
0.16941876946666665
0.1692994777
0.16915333313333336
0.17002115856666666
0.17000679833333338
0.16965938490000002
0.17041485120000002
0.17050538663333334
0.17090535633333334
0.17070691543333336
0.1708952464
0.17126305173333334
0.17118037886666665
0.1706852665
0.17013768436666668
0.17026886443333333
0.17054346823333333
0.1709554285
0.17113674493333333
0.17103932473333336
0.1704173118
0.17061485466666668
0.17125480960000003
0.17116994053333334
0.17169763870000002
0.17150454946666668
0.17136552673333333
0.17133303700000002
0.1706818652
0.17079376713333333
0.17104741436666668
0.1712441537666667
0.1712888894666667
0.17048590583333337
0.17073893703333337
0.17094755493333336
0.17087679733333336
0.17085444636666663
0.17011789649999998
0.17025494203333333
0.17047276849999995
0.17041928869999995
0.1701272237333333
0.17095637670000002
0.17073999290000003
0.17069796513333335
0.1701740876666667
0.17004339460000004
0.17006310293333338
