0.5370306318666666
0.5194331910666665
0.5010080925333331
0.5033308651333332
0.49853508973333316
0.5026170898999999
0.5007528168333333
0.4980211787999999
0.4937988829666666
0.4870050727999998
0.4822024078666665
0.4794991889666666
0.4757663055
0.47989638423333325
0.47645747786666665
0.4715462379
0.47120602496666664
0.4620393891
0.4579758215666667
0.4567733044666667
0.45755263850000005
0.4570366702333334
0.4555179932999999
0.45448163073333325
0.4552848926
0.44802198713333324
0.4516023929666666
0.4532480725999999
0.4524070021333333
0.4498472635333333
0.44956620363333333
0.4502312648
0.45149612153333335
0.45154559276666667
0.4549391358666667
0.4536138385
0.4519762097333333
0.45224612166666667
0.45829059836666663
0.4587936361666667
0.4586530215333333
0.4580966789333333
0.45993748036666665
0.4622579787666667
0.46401255970000005
0.46693354476666665
0.4705705846
0.4729069806666667
0.4747282551
0.4736289061666667
0.4749939639666667
0.47384246030000005
0.47192982493333335
0.46963645730000003
0.4729625264333333
0.47475925809999997
0.4714943102333333
0.4698826154333334
0.4662209575666667
0.4642322558333334
0.46109263716666676
0.46114569723333343
0.4621255517000001
0.45924372690000015
0.45635615906666677
0.45676067713333346
0.45050141370000013
0.4511573492000001
0.4491339792333334
0.4501882104333334
0.45126023870000004
0.45031797813333335
0.44980158766666667
0.4474688844
0.4370155513
0.43715025736666663
0.4340564729333333
0.4395042791
0.4398428362666666
0.4409333141666666
0.43868386839999995
0.43466161619999993
0.4312623677666666
0.4305637186333333
0.4324294361666666
0.4326054116
0.4342307221666667
0.43485104360000004
0.4360685729666667
0.4409527775666667
0.43883836453333347
0.4371071682333334
0.43728930190000004
0.4363988637000001
0.43767648000000003
0.43411380653333337
0.4421032102666667
0.4403839399
0.4443555514666667
0.44403243526666664
0.44437047560000004
0.4437272376
0.4437240745666667
0.44464201476666665
0.4501514890999999
0.4473737583333333
0.4497076379333333
0.4468758663333333
0.44323603069999995
0.44040056916666664
0.44341089599999994
0.44369427559999985
0.4465134110666666
0.4435025164999999
0.44227676026666657
0.4388119563
0.43067619490000003
0.42904685546666677
0.42934750243333336
0.4285339727666667
0.4272855465333334
0.42776738080000004
0.42505917026666673
0.4252632754000001
0.4225668478333334
0.4197531648000001
0.4189712941333334
0.4168488466333334
0.4145991605333334
0.4173279308
0.4126168152666667
0.4134987323333334
0.4095417309333334
0.4115441252666667
0.4159720876333334
0.4173091688
0.414200123
0.4135809047333333
0.4113783767666666
0.41154659646666664
0.40997354206666664
0.41332242726666657
0.4142135143
0.4139883943999999
0.4150961687333332
0.4225840692999999
0.42203411263333324
0.4228030705999999
0.421890428
0.42132654239999995
0.4234020361333332
0.4206228984333332
0.4234883220999999
0.4256205434
0.4284695387
0.4349557924
0.4349611761999999
0.4354030263
0.4343745015666666
0.43236006729999993
0.4336097203333332
0.43470767856666653
0.4386942894666665
0.43851881416666655
0.4372420930333332
0.43369881579999997
0.43641771369999993
0.4348868244333333
0.4411601597
0.4419431385
0.4438083930666666
0.4422873539333333
