0.5411534507999999
0.382688642
0.240442282
0.2238547294
0.20947231959999998
0.20084488299999997
0.1976948638
0.1939420222
0.18548045159999998
0.1846883594
0.17675507899999998
0.17160147759999997
0.1719928004
0.1794015696
0.1847455588
0.19094588299999998
0.1961804082
0.194981767
0.192091922
0.1834000176
0.18426678719999998
0.1820657422
0.1808255056
0.1767126682
0.1771021052
0.1750390808
0.1767210142
0.1756860354
0.1782062994
0.1794137022
0.1808908352
0.17667058959999998
0.1759877282
0.17446815440000002
0.17257974800000003
0.1710155616
0.1697055424
0.1685844472
0.1680924836
0.1675852424
0.1646181992
0.1639468992
0.1623669402
0.1617713654
0.16244190500000003
0.164944863
0.168983595
0.174293729
0.17514253919999997
0.176515809
0.1772183792
0.17409095419999998
0.17182170219999998
0.1717530058
0.1707379634
0.1697757214
0.1748369236
0.17379218940000002
0.17191569499999998
0.1762426672
0.1758251792
0.17458696140000002
0.17527032699999998
0.1749793532
0.16995661
0.1692073958
0.1685450914
0.1689760296
0.1686305456
0.1721430618
0.1719070228
0.1669401496
0.164104672
0.16264935779999998
0.15971855699999998
0.16061408240000002
0.1596671914
0.15948546959999998
0.1623102442
0.16458922660000003
0.165048778
0.17020296
0.17325190760000003
0.1716363344
0.1710006714
0.1704987062
0.16854704
0.166936557
0.1666233518
0.16681605540000002
0.1682783364
0.1661632366
0.1652154616
0.16657388239999998
0.1643130062
0.1628037478
0.1646329168
0.1648565856
0.1633514462
0.1654063718
0.1641546222
0.1648515976
0.1663759058
0.1675047734
0.1673265044
0.17095339120000003
0.17133071000000002
0.17048174519999998
0.17250357379999998
0.1726243714
0.16877221160000003
0.16976209660000002
0.16978043260000003
0.1684349914
0.16770321959999998
0.1690902464
0.16698360399999998
0.16542385099999996
0.16449922979999998
0.1638515602
0.1641856214
0.1653123946
0.1681120584
0.17047618299999998
0.1688910246
0.16969523560000002
0.1701673974
0.1703549658
0.1664387666
0.16647966460000002
0.1664246328
0.16307207960000003
0.1625268496
0.1644829934
0.1667111048
0.16614836859999998
0.1682088914
0.17033812040000001
0.17508760799999998
0.1770891816
0.1752522198
0.177268453
0.1759400958
0.1725786662
0.168814667
0.1699440584
0.16915018040000002
0.1693031414
0.1674483996
0.1678112236
0.1674554836
0.1722599496
0.171577617
0.1719198756
0.17558326559999998
0.17780755659999997
0.17547258400000001
0.17455566839999997
0.1738539356
0.1715688678
0.1704745862
0.1617515406
0.1591114632
0.16072470160000002
0.1623936038
0.16479866640000002
0.17091776199999997
0.17574796259999997
0.1759782922
0.17751750019999998
0.17704850639999997
0.17746762659999998
0.1798899796
0.1791020922
0.17331869939999997
0.1704134228
0.16622172840000002
0.16387991200000002
0.164705589
0.16708298579999997
0.1671905984
0.17108419339999997
0.17124863640000001
0.17132071899999998
0.173379127
0.175200898
0.173264528
0.1716516984
0.171005217
0.16882381600000002
0.16611125039999997
0.16678242179999997
0.1620217684
0.16207588139999998
0.1609223976
0.16429569160000002
0.1655581194
