0.6473487758
0.5438746971999999
0.4388528374
0.42170644560000003
0.4150707404
0.4243071024000001
0.41338398239999996
0.3997761402
0.3753048042
0.3722324308
0.3551411218
0.331063698
0.3350409092
0.3736649918
0.37666876779999997
0.3593780856
0.3771643794
0.3759542512
0.3785305072
0.3564858874
0.37485588
0.36783827299999994
0.3621860026
0.3616991786
0.3832419276
0.3863853082
0.3859485048
0.3763295026
0.37295805179999997
0.36019170699999997
0.3597118524
0.36302541380000003
0.3644553924
0.3353663472
0.322957848
0.31242097820000003
0.308032404
0.297660637
0.3035517176
0.31511182919999997
0.309516177
0.296866539
0.283947882
0.289153142
0.29557277519999997
0.2975557276
0.317371259
0.3496470816
0.36477689
0.3519004768
0.34213659
0.3387200012
0.3373175912
0.33488537479999997
0.34218388999999994
0.3627193028
0.3604771068
0.35671588239999996
0.3572692198
0.36521430120000004
0.363362941
0.36432084760000005
0.36633859900000004
0.36161208460000005
0.342042964
0.33396828359999997
0.3307425412
0.3218985194
0.3127144474
0.3301259414
0.3367579076
0.33374881759999997
0.3227679368
0.32610365999999996
0.31735924719999997
0.3102815348
0.3093494106
0.3249084512
0.33332761159999996
0.337769177
0.3327992362
0.33335103239999997
0.333522106
0.323471031
0.31497230379999996
0.3228275328
0.32530283559999995
0.3295530922
0.3322362332
0.3374065076
0.34349369939999996
0.31940542819999995
0.31657648520000004
0.3085373952
0.3018867824
0.299778726
0.31858819120000004
0.31589726
0.30984457179999997
0.29674053580000004
0.29338229559999995
0.287078292
0.29162746500000003
0.3067756434
0.3295354842
0.3195683594
0.3199942916
0.304654257
0.3053711942
0.3093927656
0.3073676656
0.32515718280000006
0.3404822596
0.3379596848
0.34215175659999997
0.3445862678
0.33412775520000004
0.3292573528
0.323440885
0.30833157440000003
0.30929554400000003
0.31619099780000004
0.31651411300000004
0.3308184582
0.32804369520000004
0.3399248958
0.33303232460000004
0.33211914359999994
0.314940153
0.31436852039999996
0.30742320580000004
0.3021824762
0.2970207276
0.2997182224
0.301953723
0.3056146502
0.30592403939999996
0.313913483
0.317269841
0.32911126739999996
0.307882756
0.30085926020000003
0.3024671274
0.3074854822
0.3084967088
0.317145655
0.3292583738
0.3208889316
0.3152226076
0.29789812179999997
0.2962702454
0.304642955
0.3031415598
0.3077175862
0.32370716
0.32587143139999997
0.32343563499999994
0.3208206578
0.3133375131999999
0.312442557
0.3247322464
0.3096982264
0.3092539092
0.304867658
0.30008215120000004
0.29287821140000003
0.3023301748
0.3100404644
0.31008848640000003
0.31647766920000003
0.32373990259999996
0.307851974
0.3140781002
0.32122662160000004
0.3181908802
0.3086127404
0.3110834964
0.3109353252
0.32281574879999997
0.3256283276
0.339334656
0.35438897599999997
0.3433984932
0.331350833
0.3228158992
0.31105059220000003
0.3116243668
0.319100521
0.3207345582
0.32355580120000005
0.32264782140000003
0.3210152816
0.3033062678
0.3086943258
0.30169835660000005
0.30954306740000004
0.31027078480000003
