0.6883021144
0.6022265967999999
0.5179149905999999
0.5101467220000001
0.5122468592
0.5494329774
0.5534080848
0.5462532504000001
0.5044909028
0.5027779744
0.4924319608
0.45367666079999996
0.45669564499999993
0.5197424926
0.512361665
0.47298594000000005
0.5014213304
0.5065205292
0.5165207227999999
0.4781250512
0.504348347
0.4874577458
0.4729803748
0.4702731494
0.5098658994
0.5146824515999999
0.5184087278
0.5056837651999999
0.4988112012
0.4758330892
0.48182086260000007
0.4901443514
0.49999350819999994
0.452954829
0.4430667575999999
0.4269448852
0.4258863176
0.4127240106
0.42107591040000003
0.4394924048
0.428494941
0.4039176768
0.3743341466
0.3882191166
0.3942566246
0.3890243436
0.416405202
0.4673921544
0.4955555778
0.46919458
0.44716443879999995
0.45485208220000006
0.4593608506
0.4578253778
0.47724012499999996
0.5239477505999999
0.5101819588
0.4951720588
0.493642745
0.5063843232
0.5061066718
0.500614021
0.504493509
0.49342486259999996
0.4661937594
0.4571799834
0.46260913280000004
0.4588721628
0.4448801928
0.47080594600000003
0.47817808040000004
0.4787611108
0.45215114840000004
0.4630407745999999
0.45195470340000005
0.43738685879999994
0.4360364562
0.46152921999999996
0.46500479100000003
0.4651963016000001
0.44575620359999996
0.44076318180000007
0.4470775936
0.4373323794
0.4248585014
0.44194802499999997
0.4480902808000001
0.44862967640000007
0.451779361
0.45912774259999994
0.48011491159999997
0.43674831980000006
0.4386842939999999
0.43276637660000006
0.4291860676
0.42417735279999996
0.4615085194
0.4507375936
0.4348896238
0.3917699912
0.3935181924
0.3811920796
0.390367297
0.41728448580000005
0.4754612806
0.44658852499999996
0.43966731580000007
0.41207775199999996
0.40933008519999997
0.4141730336
0.40928546280000005
0.4381778176
0.46860964860000004
0.4703615054
0.4759985498
0.47934574259999996
0.46534895719999997
0.46325922620000004
0.45376110540000003
0.43946995720000004
0.4517675636
0.46672457200000006
0.457252122
0.4805065032
0.46732179920000005
0.4857173672
0.47125268340000004
0.47077840160000006
0.43660840360000003
0.4284843142
0.41153788880000003
0.4170744816
0.4092780476
0.4088485814
0.416955761
0.422811351
0.4035871418
0.4099030204
0.41092900000000004
0.42543018019999995
0.3816918246
0.3600693334
0.363810315
0.385431421
0.3935418248
0.41018728399999993
0.44789607260000003
0.439333115
0.4292557432
0.4036672076
0.4065732732
0.413948052
0.4079901802
0.41652181400000005
0.435888297
0.44289927
0.43841731260000005
0.42693570740000003
0.418278192
0.42034925519999994
0.43969201
0.42128282559999997
0.43351309039999997
0.4078540904
0.39040281400000004
0.37879759059999996
0.3983209674
0.41369867779999997
0.42658910580000003
0.4467276138
0.45735498799999996
0.4123394456000001
0.41534765279999997
0.4328436225999999
0.4309240668
0.41509508500000003
0.43942878739999996
0.44344462399999995
0.45163643560000005
0.44652518539999997
0.4758958108
0.4999777186000001
0.4794784054
0.46904556300000005
0.45923146859999997
0.43482283759999996
0.4368963268
0.4466832864
0.4431440675999999
0.4496414096
0.4402265828
0.4315430363999999
0.41066830019999995
0.42370216359999996
0.4186090867999999
0.4394550541999999
0.4335388088
