0.533158369
0.47428802010000004
0.49335258149999994
0.48575960369999993
0.46429108
0.44873598049999996
0.44817144750000004
0.44345525860000007
0.4361367499
0.4332707954999999
0.4279617633
0.43053994729999995
0.4345921126
0.4306074677999999
0.4215714047
0.4048176392999999
0.39702439479999996
0.3910032073
0.3775141827
0.3545166137
0.3390017784
0.3295917394
0.3213511765
0.3030343819
0.29074830919999994
0.293350256
0.28528216389999994
0.29171549269999997
0.2929166276
0.30501195059999997
0.31722142219999994
0.30660230239999997
0.3112711321
0.31865903819999997
0.3296479197
0.3339442822
0.3336336151
0.3329253921
0.3344915452
0.3338565073
0.334407327
0.3303774568
0.32332644730000004
0.3227714086
0.32005974589999997
0.3169759633
0.3133935702
0.31699808630000004
0.3096521807
0.3064675441
0.2997173743
0.3086208711
0.31338502700000004
0.30549660400000006
0.303971702
0.30583549309999997
0.3115317982
0.3074737112
0.29747851040000006
0.2985871082
0.30179666520000004
0.30423025470000004
0.3027783676
0.3074399281
0.309091221
0.3042716069
0.3043257239
0.30264487910000004
0.3110351865
0.3063904393
0.3046641386
0.30339714800000006
0.30016671640000003
0.30013268
0.30013046649999997
0.2951245345
0.28932964440000003
0.28728225370000005
0.2924242893
0.29599745829999996
0.2847012595999999
0.27923730659999996
0.2749576791
0.26345801729999996
0.2555975475
0.25359090650000005
0.2571332871
0.25521931909999995
0.24550550599999998
0.24020528749999998
0.246092393
0.24977912609999997
0.242879044
0.2500205622
0.2501819981
0.2550732606
0.256007529
0.24812595499999998
0.25392819969999997
0.2505691
0.2522487503
0.25625068600000006
0.26662345270000004
0.2717322733
0.27438684589999995
0.2785299081
0.27860396959999995
0.2863183951
0.2866217888
0.2856159052
0.28425023580000003
0.2761933024
0.2769896384
0.2746832063
0.2735628303
0.2690395887
0.2713900979
0.2747217548
0.2796145577
0.2844147353
0.2841671219
0.29104935530000003
0.2807342493
0.28123187380000003
0.280175805
0.2837340692
0.2850626723
0.2848676251
0.2853162217
0.2916165624
0.297402438
0.29668312280000003
0.3016441528
0.30044077950000003
0.30458135520000007
0.3051219245
0.3016823135
0.30446020249999994
0.3054411198
0.30203402809999996
0.2997076118
0.2998600118
0.3022157269
0.30372264709999997
0.2995268394
0.30344830429999997
0.3101884331
0.3069040874000001
0.30107630700000004
0.2866955344
0.2868762781
0.2885698641
0.2881265155
0.28566908060000007
0.2825813371
0.2776052127
0.269785569
0.26804572079999994
0.2677182535
0.2804368977
0.2774985271
0.2764102496
0.2772606295
0.281066271
0.2883162828
0.2839625571
0.2876890724
0.28639296630000005
0.28870733379999997
0.28847770450000004
0.28664097089999996
0.2871588049
0.2840094505
0.2859547414
0.2828552378
0.2865328938
0.28110984529999994
0.2814535198
0.2789723568
0.28005684229999994
0.28057079259999995
0.2777104533
0.28329134949999996
0.2699625477
0.2741308538
0.2763835081
0.2831441206
0.28607456620000005
0.28007739290000006
0.2857802119
0.2867129678
0.2925793014
