0.5900393184999999
0.5434818142
0.5738343251
0.5804318217000001
0.5693645152
0.5714274487
0.5784561845
0.593138845
0.5897016288000001
0.5934524643000001
0.5947544706000001
0.6083940556
0.6172366165000001
0.6167020459000001
0.6177538686000001
0.5899248508000001
0.5869173321000001
0.5795061934000001
0.5723020073
0.5458721469000001
0.525087787
0.5151598843999999
0.5108995391000001
0.4861263894
0.4585403767
0.4664586771
0.45232684809999996
0.4680063193
0.46209284340000006
0.477936386
0.4985516111999999
0.4700581435
0.4746013682
0.4835399131000001
0.5054277823000001
0.5166490234000001
0.5129439550000001
0.5127295403000001
0.520564656
0.5243441279
0.5275793794
0.5348236583
0.5219944428
0.5247012551999999
0.5214602816999999
0.5179449866000001
0.5191027804
0.5263330459
0.5095366487999999
0.4982370726
0.48730490179999997
0.49372537559999996
0.5097405004999999
0.4893757632999999
0.4868124744999999
0.4910965733
0.49180463910000005
0.48743509349999997
0.4625097577
0.47016371600000006
0.4771360345000001
0.47907174030000005
0.47378911179999994
0.48659583790000005
0.49092992460000007
0.48042085300000004
0.48603391930000006
0.49045649750000014
0.5225373405000001
0.5121051579
0.5086467611999999
0.5122689940999999
0.5086771354999999
0.5109880004
0.5114537211
0.5081976972
0.48949561900000005
0.4776375102
0.47708854799999995
0.4839033499
0.4647684256999999
0.44613644789999995
0.44120588950000006
0.4113053112999999
0.39959485040000003
0.3866458683000001
0.39734987290000007
0.39515979920000005
0.37294916170000003
0.362994857
0.3673688128
0.38344731770000007
0.3556693481
0.3753268649
0.37728768589999995
0.3894549255
0.39474391340000003
0.3766562571
0.39978809950000005
0.3961596087
0.40552744760000003
0.41627855030000005
0.44661519599999994
0.45411714999999997
0.4522574787999999
0.4604609153
0.4648839326
0.48588799920000003
0.4859985244999999
0.48786765620000005
0.4836571334000001
0.4702383242
0.4754054882
0.47584121129999996
0.47078877089999993
0.4547311444999999
0.4517636725
0.44722940829999996
0.45258012379999996
0.4469595868
0.45488262579999994
0.4687019887
0.43934412720000005
0.44348042750000005
0.44056671440000006
0.4581353745
0.4604735226000001
0.4611000937
0.460847668
0.4806329160000001
0.48533325759999996
0.47757656030000006
0.49206817459999996
0.49162125800000006
0.5090089985
0.5094742996
0.5061229915
0.5131845501
0.5106683623
0.49924982479999996
0.4907972385
0.48836108840000003
0.48712619329999995
0.48610423680000003
0.47033467999999995
0.4729917885
0.4829459502
0.4794509561
0.474892933
0.43759298879999997
0.43937436399999996
0.4420677563
0.4458132513
0.43300808429999993
0.4334678949
0.4243172984
0.40411568649999996
0.3962751441
0.39074564240000004
0.43407759190000006
0.42095878610000004
0.4209116928
0.4246435122
0.43653671209999995
0.44995381640000004
0.43896789589999996
0.45193710829999995
0.45327397610000003
0.46812819869999994
0.4642067849
0.4732762882
0.4768524579
0.4727187538999999
0.47779924520000006
0.46921540129999995
0.4772732005
0.4597327499
0.4619573568
0.4547221846
0.4497057841
0.4437189514
0.43750901999999997
0.44467099160000007
0.4097493611
0.41337648639999997
0.41111930769999994
0.4300841858
0.4232882912
0.3948434976
0.4114567396
0.40294450519999997
0.4116850181999999
