0.5009799823333333
0.4634271075333333
0.47357671926666656
0.4662407690666666
0.4522313604666667
0.43892409286666667
0.4385725024000001
0.4406899158666668
0.43542844520000007
0.4271908263333334
0.4154194958666667
0.411918024
0.40534380313333335
0.3940771550666666
0.37904838293333326
0.3657679581333333
0.3595193636666666
0.3592871944666667
0.34669353319999996
0.3321758354666667
0.325678491
0.3150795017333333
0.3100927232
0.3022832616
0.30134208020000003
0.3073704800666667
0.2992379687333333
0.3061324776666666
0.3074567702
0.31559670613333335
0.3223068268666666
0.31777408553333325
0.3178088669333333
0.3232547038
0.3300808789333333
0.3347418607333334
0.3293014973333334
0.3272064474
0.3273599575333333
0.3256285696666667
0.3221431876
0.3223015974
0.3216268364
0.3172501321333333
0.31462729520000005
0.31192392213333336
0.3126263346666667
0.31417953733333337
0.3080299967333333
0.3057053661333333
0.3030952983333333
0.30973782499999997
0.3110583456666667
0.30038820000000005
0.3003122034
0.30180439006666665
0.30651745766666666
0.30469972486666663
0.30655516166666674
0.30745448406666664
0.3061314534
0.3068743935333333
0.3038982470666666
0.30408058833333335
0.3019246949333334
0.3010234870666667
0.30109435753333336
0.2998283950000001
0.3083246080666667
0.3084833896
0.30168336626666664
0.29694065333333336
0.29356750446666674
0.2940701624666666
0.2931955198
0.28797658886666666
0.284368746
0.2813702616666667
0.27660649526666664
0.2746214617333333
0.26763454486666666
0.26609807939999996
0.26360257293333333
0.2576520464666667
0.2532454004666667
0.2552884945333333
0.25800173379999997
0.25176812186666664
0.24833734386666664
0.24407782159999997
0.2478825455333333
0.250611561
0.24571475686666666
0.2512988347333333
0.24989310213333332
0.25439372373333335
0.25741333306666664
0.2593708776
0.2658218554
0.2668655272
0.26950755559999995
0.26982812333333334
0.27467432426666666
0.27569965246666667
0.2735157068666666
0.27384504053333336
0.27087051533333334
0.27861333320000004
0.2796585264666667
0.28219468073333337
0.2807014478666667
0.2799210646
0.28007319233333333
0.28095450873333333
0.28020096646666665
0.27760318306666665
0.27916743913333336
0.27489056933333333
0.2760652498
0.27856794726666667
0.28035733679999997
0.28583397786666676
0.28532518346666674
0.2880431856666667
0.2922367878666667
0.2965117492666666
0.2960294557333334
0.29283883466666666
0.28994939766666666
0.29201236053333335
0.2943272052
0.29292261666666675
0.3011424856
0.304182683
0.3068089366000001
0.30716077766666666
0.3058943487333333
0.30440423586666665
0.3022203479333333
0.2972858785333333
0.2983577827333333
0.30192615686666663
0.30464910866666667
0.304606368
0.2948850560666667
0.29499701339999995
0.2971527158
0.2935151112
0.2890389884666667
0.2843174178666667
0.28362285000000004
0.2818765283333333
0.28186910460000003
0.28060343893333334
0.28215842826666665
0.2776971619333333
0.27463392680000004
0.27375280593333334
0.2756989644666667
0.28539791680000004
0.28168036933333335
0.2812893338666667
0.28071340513333337
0.28262894106666664
0.2860893398666667
0.28372100073333334
0.2862160840666667
0.28439529240000005
0.28785662306666665
0.2870101435333334
0.2877032804666666
0.2844223976666667
0.28350866533333335
0.2812329982666667
0.2805830462
0.2814598244
0.27956367133333326
0.28232754786666664
0.275360099
0.27744557639999995
0.2808649719333333
0.28174594146666665
0.2848854091333333
0.2773147659333333
0.2825330289333333
0.2815798737333334
0.2872099754
