0.5743764468666667
0.5472109228666666
0.5622707406
0.5603457696666666
0.5542442887333333
0.5473573817333333
0.5521905939333334
0.5664618604
0.5664129031333334
0.5629873584666666
0.5502624823333334
0.5520620893333333
0.5444115976666667
0.5335067307333333
0.5176709118666667
0.49950010966666664
0.4931406748
0.49727537726666665
0.4832221891333333
0.4625034738666667
0.45494169433333337
0.44103364860000005
0.4367863538
0.42461400446666675
0.4212348475333334
0.4321564115333334
0.4147457126666667
0.42653856873333335
0.42613277826666673
0.43660496346666666
0.448185532
0.44015843506666663
0.43995763753333333
0.44861269946666665
0.46291645546666665
0.47113135619999996
0.46404041026666665
0.45998296326666666
0.46286487973333335
0.46108404020000004
0.45846214886666664
0.4633639706666666
0.46385833046666664
0.45643162100000007
0.451383064
0.44618850206666666
0.4457924097333334
0.44974848353333335
0.43754486420000005
0.4324130869999999
0.43014257573333325
0.4371578254
0.44145648893333334
0.4200950524666667
0.42103312433333334
0.4222563686666667
0.42565072166666673
0.4229507559333333
0.4264640478
0.430034254
0.4291506436
0.4338320233333333
0.4314846892
0.43655683846666665
0.4336281814666666
0.4306954203333333
0.43154392140000003
0.42965925953333334
0.4469193841333333
0.44645170500000003
0.4373862846
0.42935107233333336
0.42368998360000004
0.42349613520000007
0.4217569484666667
0.411646208
0.40042837266666675
0.39386127153333333
0.3802796390666667
0.3774031548666666
0.3648312209999999
0.3615515909333333
0.35754676979999994
0.3446837457333333
0.3376958392
0.33664100706666666
0.3442800078666667
0.33028718873333335
0.32637704966666664
0.3218383252
0.3290498056666667
0.33811623886666664
0.3277589146666667
0.3416384972666667
0.33985690333333335
0.348848493
0.3563907591333333
0.35873900813333337
0.3714557676666667
0.37218959120000006
0.37908201273333336
0.38195490426666673
0.3953923829333334
0.39895132026666663
0.39561809293333344
0.39532060779999995
0.39141790666666665
0.40650573473333335
0.4067343762
0.40738894526666664
0.4019450131999999
0.3984431867999999
0.3966570847999999
0.39920606673333325
0.3954371885333333
0.394371924
0.39661349380000005
0.38631286080000005
0.3880175550666667
0.38734757853333335
0.39262977806666666
0.39898564086666666
0.3946202686
0.3979682212666667
0.40686420053333333
0.4170440203333333
0.4168050725333333
0.4138776300666666
0.4115652066666666
0.41981960826666664
0.42152433079999996
0.41615121006666667
0.42978309580000007
0.43066296440000007
0.4350881431333334
0.43267390913333337
0.42965281980000003
0.42605741840000005
0.4243672783333334
0.4148683748
0.4150494943333333
0.4199479176666666
0.42325871953333327
0.4212376442666666
0.39761280699999996
0.39590952013333336
0.39860302733333336
0.3940718365333334
0.3872993226666667
0.38309910546666676
0.38304099306666667
0.379629429
0.3802989114
0.3761834290666667
0.38191531260000006
0.3723903434666667
0.3680213119333334
0.3676022475333333
0.37013558859999995
0.39348226979999995
0.3864567105333333
0.3870062671333333
0.3854445104
0.3938534192
0.39826990673333335
0.3957014818666666
0.40296916473333333
0.40321591586666655
0.41042707173333326
0.40700489033333326
0.4103538518666666
0.4027623710666667
0.40173070446666664
0.400189858
0.3949327975333334
0.39641418566666664
0.3941401046
0.399246091
0.38140857119999994
0.3831591596666667
0.3845236438
0.3847047478
0.38395593866666666
0.3660539279333334
0.37480425000000006
0.36894807853333333
0.37974437980000003
