0.28588553775000003
0.2455774188
0.24811776599999996
0.23381627749999997
0.21324219900000002
0.20419572005000003
0.20139355795
0.19472025725000003
0.18834405950000002
0.18431412445
0.18109134110000003
0.1790776822
0.17803027294999998
0.17585277089999998
0.17361668824999998
0.17206503639999995
0.17155590919999997
0.17161978325
0.17154127444999998
0.17210643369999998
0.17232640445
0.17060106225
0.16993542400000003
0.16878069740000004
0.16892619495000002
0.16780295695000003
0.16723769365000002
0.16683767775000002
0.16679619215000002
0.16693754645
0.16710227460000002
0.16638440545000002
0.16602906205000004
0.16580016940000003
0.16578441395000001
0.16462673795
0.164021178
0.1627676328
0.16079320344999998
0.1601525136
0.15946897869999999
0.15935781764999998
0.15869539215
0.15828933120000002
0.15855756290000003
0.15999971095000004
0.16109145360000005
0.16164053090000002
0.16124693485000002
0.161663681
0.1619422149
0.1627171549
0.1625176517
0.16283942494999998
0.16289001905
0.16334566895
0.1631606313
0.16312391515
0.16269128969999996
0.1621872828
0.16219423735
0.16228752494999998
0.1624434555
0.1627908044
0.16277308895000003
0.16205548415
0.16145651505000003
0.1617904064
0.1623873767
0.16245091015000002
0.16223475520000002
0.16201295185
0.16153031815000002
0.16111514795
0.1604983117
0.1602314257
0.16031873530000001
0.15978787979999998
0.1606478507
0.16043679584999998
0.16057016154999998
0.16026543509999996
0.15958698929999998
0.1592927563
0.15837454204999998
0.15840250564999997
0.1587680022
0.15763955275
0.15756287305
0.1574078375
0.15675876485
0.15644764845
0.15664267055000003
0.15732280275000002
0.15771416780000003
0.15763546865
0.1569484239
0.157327427
0.15727326155
0.15748478529999999
0.15715452854999998
0.15786914694999996
0.15792398935
0.15928417414999996
0.16031924629999997
0.16098924855000002
0.16094659569999997
0.16199481715
0.16252143945000003
0.16224567120000002
0.16265811175000003
0.16336808875000003
0.16301559315000003
0.16237755080000002
0.16257786525
0.1623277023
0.16413969084999996
0.16462283965
0.16538046664999997
0.16664325454999998
0.16706491129999995
0.16722606994999997
0.16757251849999996
0.16625712325
0.16589953429999998
0.165450378
0.16540277555000002
0.16525378475000002
0.16563276755000003
0.16646211670000002
0.16651773809999998
0.16666004875
0.16738597529999996
0.16725162874999996
0.16716619784999998
0.16848923529999998
0.16810091364999996
0.16929420894999997
0.16890868574999995
0.16773925409999998
0.16795407299999998
0.16786070174999998
0.16769590155
0.16846386259999996
0.1683855964
0.16865981194999996
0.16875084729999998
0.16908164495
0.16854181595
0.16800571109999998
0.16797261955
0.16799246575
0.16752638405
0.1680720191
0.16786986910000004
0.16699150620000003
0.16724266705000002
0.1662421578
0.16558776965
0.1662647425
0.16560169399999997
0.16537137529999998
0.1652422597
0.16520428969999998
0.1655731183
0.16535384414999996
0.1645701865
0.16391674015
0.16328548245
0.1631165542
0.16266082895000003
0.16232241240000006
0.16302470300000005
0.16227588835
0.16267799895000004
0.16304687225
0.16276310105000003
0.1624105487
0.16243657685
0.16234512904999998
0.16293988234999995
0.1634372723
