0.5682019615
0.54889702585
0.5665776981999999
0.5673042612
0.55904393795
0.5448515188499999
0.5447499148999999
0.5459333293
0.53859355525
0.52583164965
0.5155688351
0.51480626995
0.51530365445
0.50171787805
0.48817893709999993
0.4786258971
0.4692640701499998
0.4724644080999999
0.46550543730000005
0.4592868570500001
0.45845079120000004
0.44166625395
0.44099086055000003
0.4333834616000001
0.4310448534
0.43901112235000006
0.43087852925000003
0.43696318435
0.4380473546
0.44711309480000005
0.457349332
0.44743887175
0.44449509760000006
0.45023745525000003
0.4582222817999999
0.46109113209999997
0.45841399550000006
0.4612948430500001
0.45724667400000013
0.45365601575000003
0.44953519025000005
0.45416355205
0.45437062045000004
0.4466064190500001
0.44396918745
0.4438171148
0.4451884145
0.44561923614999993
0.42884922000000003
0.42680978345
0.42443489144999996
0.42962172904999996
0.4335206875499999
0.42994605005000003
0.43036867609999996
0.42755156130000005
0.43201459155000005
0.4300903895
0.43170033215
0.43065302554999996
0.4321973035
0.43450204825
0.43055231815
0.43588010995
0.43733874694999997
0.42986767309999996
0.4237666642500001
0.42019580855000005
0.4324968621
0.43091154420000005
0.4195939408
0.41309782980000004
0.4082732762000001
0.39706202560000003
0.39117970120000006
0.38395773655
0.38029172395
0.37509887859999996
0.3669752904
0.36538949024999995
0.3593268631499999
0.35831872909999996
0.34566675545
0.34209011125
0.33745150935
0.3383415816
0.34467170469999997
0.3363249745
0.33566879715
0.32975466735000003
0.3368594503
0.34726351380000003
0.34875718105000003
0.36035738685
0.36147931750000006
0.37001495695000003
0.37362121410000004
0.3740509653000001
0.3827907921500001
0.3808931996500001
0.38235128215
0.38002512880000006
0.39348888400000004
0.39593679205
0.39391763240000005
0.3915308559499999
0.3925087247499999
0.40043080865
0.40353306395
0.40316453139999997
0.4041575301999999
0.40378826509999993
0.39473135479999993
0.39521213269999994
0.39226169015
0.39251210615
0.39279818125
0.39290979825
0.39519946780000004
0.4023522131
0.40782341534999994
0.41154909915
0.40595973015000003
0.4071561868
0.41248752865
0.4188420184
0.41706928255
0.41957586305000005
0.41880480594999997
0.42199990610000004
0.42123859500000005
0.41757767575000004
0.42271821645
0.42246176025000015
0.42299281030000013
0.42463820255000007
0.42727080675
0.42743856835000005
0.42460825404999997
0.4055489835
0.40299114324999996
0.40341774865
0.4047215179
0.40060539295
0.39445952900000003
0.39237609170000004
0.39018633995
0.38560507815000006
0.38160210875000006
0.3831131874000001
0.3794255283
0.38104717585
0.3835971902
0.38393448674999997
0.38950940475
0.38154655540000004
0.37871151075000004
0.37636086105
0.38006722414999994
0.3949523538
0.39222006299999995
0.3934609429999999
0.39246313764999996
0.39894792054999995
0.40104252605
0.39991017239999993
0.3983968824
0.39967103499999995
0.4019393084499999
0.39927251844999995
0.39956443704999994
0.39830060525
0.40009374364999994
0.38852196110000004
0.38721002120000003
0.39077026294999995
0.3917348035
0.39134670885000006
0.3780983021
0.38344328350000007
0.37984511990000003
0.3809782937
