0.59239689455
0.5759379349
0.5955354708
0.5985669338
0.5935591919
0.5806761497499999
0.5826867582999999
0.5863225191999999
0.58100181805
0.5696623056
0.5599211288
0.56177697
0.5640680778000001
0.55141421765
0.5381471226500001
0.52819176395
0.5196220901
0.52375625635
0.51719742535
0.51190426645
0.5118196991
0.49260901395
0.49275045365
0.48483315125
0.4819840795
0.49155385025
0.48263540155000006
0.4903679298
0.49132874969999996
0.5011402569500001
0.5130654953
0.5024409009
0.4982979055
0.50412058415
0.5134440320000001
0.5172970050000001
0.5160233677000001
0.5195312931
0.5150506524
0.5112906002500001
0.5074421406
0.5142745169500001
0.5158674716500001
0.50703850925
0.5041363781
0.50452077995
0.5054537097499999
0.5068840697
0.4860232032499999
0.4842003942999999
0.48222046814999986
0.48639855794999987
0.49176480614999984
0.4879858005999999
0.48887119954999997
0.48575871314999997
0.48891927919999995
0.48894579549999995
0.49252354909999996
0.49113443695000003
0.49289139784999997
0.4956703672000001
0.49123312365
0.49879191915000004
0.5011918228500001
0.4943092751
0.48776476915
0.48404700384999994
0.49981294425
0.4980042539
0.48670759345
0.47920272099999994
0.47494151249999994
0.46114665585000003
0.45552428575000004
0.44742178274999994
0.44342274595
0.43639865469999994
0.4250188548499999
0.42344910345
0.41606861924999994
0.4147918827999999
0.3984376188
0.3933160881
0.38844126814999996
0.3880503969000001
0.39604689314999997
0.38590802815
0.3863686306
0.3795772328500001
0.3864481302000001
0.399862934
0.4011422720500001
0.41472200745
0.41477258235000003
0.42495792039999997
0.42981392300000004
0.43127212815
0.442893312
0.44201363244999997
0.4445922905
0.44325843725
0.46101034209999997
0.46497918065
0.46152312484999997
0.45759602990000003
0.4583238025500001
0.4665587037500001
0.46928932415
0.4674136215
0.4692698796000001
0.46947015645000006
0.45737480769999994
0.4596608193999999
0.45567774264999983
0.4564332594999999
0.4561185975499999
0.45416475099999987
0.45671389589999994
0.46379625139999997
0.4701079417
0.4731392745
0.4657061509
0.46755084275000003
0.47478785645000005
0.48380483705
0.48329825705000007
0.48714232190000006
0.48575801515000006
0.48994137039999996
0.48806524804999996
0.48296882435
0.48959718394999996
0.4888627474000001
0.48967183925
0.49123304405
0.49453447084999996
0.4963177530999999
0.4927806476499999
0.46842140679999994
0.46508580125
0.46521442235
0.46646972229999994
0.45955616055000004
0.45190128745
0.44865454345
0.44353081835
0.4378630501
0.4328192877
0.43583529035
0.43016657505
0.4314897245499999
0.43522838175
0.43477239819999997
0.44171085564999996
0.43164259715000003
0.42802639740000004
0.42477456010000003
0.42943692055000005
0.44914218840000003
0.44711753715
0.44888207534999996
0.44868113305
0.45716797865
0.4595846088500001
0.45812054820000003
0.4558349291
0.45761566645
0.46142519164999996
0.45695628450000003
0.4584976198
0.45718073895
0.45869487274999987
0.44377430314999994
0.44129594385
0.44419625409999997
0.44490846785000004
0.442622824
0.42478284110000014
0.43058126185
0.4233317283
0.4245970191
