0.5916986314399999
0.5760426695599999
0.5833600119599999
0.5805205416
0.5677794891599999
0.5567949188
0.55692103876
0.5664861956799999
0.55758501564
0.54621385952
0.5422663748800001
0.5395806831200001
0.5410288096400001
0.53318495028
0.53120823748
0.5276445838000001
0.51356182236
0.5190712049599999
0.51512032936
0.51100398672
0.5110241959999999
0.5014006428800001
0.49922597916
0.49472999432000003
0.49384434120000004
0.5027063952399999
0.49272435284
0.49606650471999997
0.49608002852
0.50123924064
0.50816707584
0.50297780128
0.5053993818800001
0.5040940980800002
0.5097230195600002
0.5110448851200001
0.5092837638400002
0.5127601772000001
0.5069931964800002
0.5047896760400001
0.5051850606800001
0.5116763995200001
0.5105328720000001
0.49568203592000004
0.49561739304
0.49523968956
0.4957348779599999
0.49718400579999994
0.49340566923999984
0.49142399471999987
0.4863216501199999
0.4921605039199999
0.49791769387999985
0.4948164700399999
0.49187534351999995
0.4915203993999999
0.49300136343999995
0.4901216416399999
0.49398620987999997
0.49671065412000004
0.49467876828
0.4904686012800001
0.48507649776
0.48990158392000005
0.49071169368000006
0.48098914036
0.47473408696
0.47162996004
0.47350443132000003
0.4684831078800001
0.4584827018
0.45777985432
0.45362477272
0.44444291344
0.43953766664
0.4357683242799999
0.43369944632
0.41771510027999986
0.4146202410799998
0.4145561190799999
0.4108059675199999
0.4107698220399999
0.40081642136000006
0.39996295308
0.39342002168
0.39470022444
0.4044126188399999
0.4053061746
0.40543168187999995
0.4018977706400001
0.40908296336000005
0.4182688159199999
0.41868926524000005
0.4298402383599999
0.4287291439999999
0.43350473047999993
0.43356799936
0.4374044502
0.44658850172000003
0.44501533619999994
0.44402789604
0.44559535784
0.4553132893199999
0.46074154191999994
0.4565979043599999
0.4596758106
0.4631512294800001
0.46247959824000007
0.46406543292
0.46277817847999997
0.46507106680000004
0.46327334676
0.4611072483999999
0.46343374911999985
0.4679480792399998
0.46962474751999983
0.4682282805599998
0.4649516683999999
0.4663145263199999
0.47123471539999995
0.47539793328
0.4776272136800001
0.47621887316000006
0.4773646095200001
0.47933250080000006
0.48405118512
0.48286724692
0.48091038240000006
0.4797241715200001
0.48058475268
0.48264159836
0.48332479828
0.49226160471999997
0.48992961172
0.47814301055999997
0.47654678091999997
0.4755049403999999
0.4747956454399999
0.46858833803999994
0.4617187442399999
0.45823521467999995
0.45394044875999995
0.4539443925199999
0.44957936548
0.44817044792
0.4411405755199999
0.44142042091999995
0.4393792302800001
0.43893567796
0.4420003408800001
0.43750347764
0.4393708567199999
0.4404035056400001
0.44238895024
0.44571928988000004
0.4412543754
0.43898302400000005
0.43668634940000006
0.44009820284000006
0.4546493058800001
0.4526630122400001
0.44643685416000006
0.44686114784000003
0.45107459036
0.45221444556000007
0.44901503660000003
0.45234035739999995
0.4560446884
0.44769969032
0.44636886368
0.44872722087999994
0.45010585136
0.4463190594399999
0.43439730456
0.4368156148400001
0.43460568032
0.43623952136000005
