0.26443652272
0.23098063711999997
0.23159605975999994
0.21910734943999993
0.20244024648
0.19504578168000003
0.19281591760000003
0.18810654136000007
0.18343346384
0.18073066959999998
0.17877238144
0.17753451076
0.17711593731999997
0.17652314099999994
0.17529003835999998
0.17419654595999995
0.17323343884
0.17312026432
0.17160410952
0.17130355783999998
0.16997045808
0.168308857
0.16657198916000002
0.16549128116000006
0.16539652444000005
0.16537102532000003
0.16480859560000002
0.16515358520000004
0.16539835176
0.1659069012
0.16560069892
0.16548930740000004
0.1649058252
0.16447548704000003
0.16451869864000002
0.1641196998
0.1634749656
0.16278075143999998
0.16100255491999999
0.1604644612
0.16010910328000003
0.16070117008
0.15993607468
0.15946427112
0.15958651328
0.16068243168000002
0.16119216460000005
0.16169756436
0.162232938
0.16266887927999998
0.1625954144
0.16291028808
0.16258170768
0.16198838328
0.16164099372
0.16217369931999998
0.16208804315999997
0.16252140959999997
0.16260063568
0.16256092148
0.16217830764
0.162380128
0.16241208608000002
0.16274270752
0.16270119108000003
0.16247046708000001
0.16192936320000004
0.16160939415999998
0.16212750848000002
0.16173658384000003
0.16122678304000004
0.16099155240000002
0.16039789016000003
0.16023512388
0.15967841516000003
0.1599532934
0.1597718862
0.15969186891999998
0.15988180895999998
0.15951072887999998
0.15914492228
0.15956450979999998
0.15856896388
0.15856036244
0.15840898992
0.15823309164
0.15792226992000002
0.15749120548
0.15807584932000002
0.15794718996
0.1575473538
0.15693993003999998
0.15703557724
0.15716161476
0.15726759404
0.15749177567999997
0.15781221552
0.15820075656
0.15879086771999998
0.15941668924
0.15948019187999998
0.16010943827999996
0.16049522615999998
0.16114330895999998
0.16150589323999998
0.16163757652000002
0.16160233916
0.1617920378
0.16192759152000005
0.16208321216000002
0.16200250376
0.16309356396000002
0.16341971252
0.16360774588000002
0.16441086344000003
0.1650353298
0.16603433235999998
0.16639682976
0.16597795707999996
0.16614848843999996
0.16611687143999995
0.16613634115999998
0.16635906248
0.16622218368
0.16642018956000001
0.16606036816
0.1661731016
0.16610496432000002
0.16571174296000002
0.16601963348
0.1666674026
0.16687982387999997
0.16844260515999995
0.16883265383999999
0.16853997451999997
0.16953642636000002
0.16901114107999998
0.16885527928
0.16844467383999995
0.16754236191999997
0.16739279195999998
0.16735616304
0.16756636364000002
0.16804993783999997
0.16810513100000002
0.16807816139999995
0.16824485375999998
0.16792304376
0.1676631442
0.1671458354
0.16704641708
0.16734591852000003
0.16752755116000004
0.16750156656
0.16781881024
0.16722639332000003
0.1668275104
0.16561371988
0.165481157
0.16580945328
0.16531260888
0.16472375084
0.16454303452000002
0.16390723372
0.16388989724000003
0.163278975
0.16310210584000004
0.16307749020000004
0.16265040212000004
0.16288366568
0.16310581924
0.16316242676000006
0.16343488288000002
0.16299321276
0.16339901820000002
0.16398509424
0.16378319460000001
