0.5699605253666667
0.5556785847333333
0.5673234935666666
0.5610867523333333
0.5485529201666667
0.5426036588666665
0.5392334549
0.5468837859
0.5413654931666667
0.5390869990666667
0.5394646229333334
0.5312040278333333
0.5342458412666667
0.5287894494666666
0.5272406758666668
0.5243441837666667
0.5173960450666667
0.5200806843333333
0.5183198355666667
0.5160508869333333
0.5170729258666666
0.5066805620666667
0.5024984500333333
0.49812251923333334
0.49514281356666673
0.5003508957
0.49479119450000003
0.5023563018333334
0.49739804940000004
0.5001725288333334
0.5044786308000001
0.49953572580000016
0.5021121038333335
0.4992056438666668
0.5045668461666668
0.5085635277666668
0.5079504581666668
0.5088325599000001
0.49753702083333345
0.4975816388333334
0.4973401052333334
0.5025402580666667
0.5018413517
0.5002242854666666
0.4997342269333333
0.4964874709666666
0.49898044626666654
0.5014082122999999
0.4981945823333332
0.4935019821666665
0.49102923249999986
0.49502203666666655
0.4974022492666665
0.4956532005333332
0.4963987067333333
0.49323837449999997
0.48911139246666663
0.4851763670666666
0.4873785487333333
0.48872407460000006
0.48351707380000003
0.4791590607666667
0.4745573789333334
0.4696297165333334
0.46732616536666677
0.4584214728333334
0.45762647040000004
0.4544179356333334
0.45752501673333335
0.4530011216
0.4469279999
0.4472842532333334
0.43518412436666665
0.43254005886666663
0.4294454191333333
0.4280994969999999
0.4271964684333333
0.4164845221666666
0.4166086030666665
0.4143526051999999
0.41255489536666656
0.41528743863333323
0.41449681120000004
0.4135831087333333
0.40971333836666674
0.4121872363666667
0.41899257296666653
0.4192346851666667
0.41957859523333324
0.41567404063333335
0.4188511312666667
0.4233213973999999
0.42589667743333337
0.4350950753999999
0.4334446451999999
0.43488232843333324
0.43713050616666665
0.4365912215333333
0.44612224926666666
0.44366228389999995
0.4480224022666667
0.45173962106666665
0.4537882704666666
0.4578129296
0.45453765469999996
0.45777581143333335
0.4590403759
0.4647391670666667
0.46647543876666664
0.47182005299999996
0.47462433893333333
0.4721722910666666
0.46893926333333324
0.4703142989333332
0.47345482793333316
0.47411360619999987
0.4727867288666666
0.47383801736666664
0.4746987180333333
0.4756141092
0.4770043739666667
0.4782132124666667
0.4728461650333334
0.4737353074333334
0.4733034643000001
0.4802004875333334
0.4831808214333334
0.4845785333
0.4821363211
0.4724919098666666
0.47183495336666664
0.46933513499999996
0.4750025397333333
0.4702445263666667
0.4709371911333333
0.46892779549999997
0.46439487606666663
0.4629702167666666
0.4587689792333333
0.4569734685
0.4503767961999999
0.4504468458333333
0.4525276522666666
0.4518830110666666
0.45125213043333334
0.4454256609333333
0.446332915
0.4430000254333334
0.4445889247
0.44529245520000005
0.44453647943333335
0.44661063566666664
0.44772517246666677
0.44911468053333337
0.4508790375333334
0.44685279826666674
0.43859518156666677
0.4371688256666667
0.4378653419000001
0.4493300536333334
0.4459846752333334
0.4450910569
0.4473444192333334
0.4413617728
0.44418190136666674
0.44245346803333335
0.44725134799999994
0.4461732080333334
0.43923129363333335
0.4417897695333334
0.4399799149333334
0.4420154987
