0.2467714403
0.21890142363333334
0.21993866276666665
0.20988797139999998
0.19643301376666666
0.19078757520000003
0.18924023550000005
0.18566521693333338
0.1827286567666667
0.18093946446666667
0.17943074856666666
0.17793601853333332
0.1774503125333333
0.17574519246666662
0.17409037436666663
0.17192156706666661
0.17088453836666667
0.16978659523333334
0.16839236063333332
0.1679659386
0.16758259820000002
0.16610608140000002
0.16521286013333336
0.16454389933333338
0.16479449040000002
0.16440825380000001
0.16432531553333335
0.1643634673
0.16436141940000001
0.16483172390000003
0.16501584030000002
0.1647894421666667
0.16456039199999997
0.1640362326666667
0.1640509574666667
0.16387801676666666
0.16390823463333334
0.16313376033333332
0.16152946756666667
0.16100410346666663
0.16065980516666664
0.16085014316666665
0.1602676786
0.16058305103333334
0.16077037313333334
0.16143672846666668
0.16160727396666671
0.16188762556666667
0.16162481776666668
0.16166488146666672
0.1617438154666667
0.1620581885
0.16216998763333335
0.16202998933333335
0.16204340746666665
0.16216384756666663
0.1621984593333333
0.16248227606666663
0.1625922497333333
0.16253636783333333
0.16250365616666668
0.16262023263333336
0.16215762926666671
0.16246692886666667
0.1620642056666667
0.1615912049666667
0.16109212843333337
0.16065252483333334
0.16122542833333336
0.16084695803333338
0.16082911323333338
0.16042370863333336
0.16021621270000003
0.1596655435666667
0.1590330894666667
0.15886840536666666
0.15927003993333336
0.15882603446666665
0.15917330529999998
0.15935007096666665
0.1588800078333333
0.15872698163333332
0.15829043929999997
0.15882159443333332
0.15869159156666665
0.15864452796666667
0.15808673433333337
0.15767720523333337
0.15781601823333335
0.15753620813333333
0.1574422954666667
0.15766117203333335
0.15781199350000005
0.1584448943666667
0.15891371253333336
0.1593736206
0.15968861353333336
0.1602973260333333
0.16042236446666663
0.16055598786666664
0.16027197463333331
0.16079541739999995
0.16057617519999995
0.16087812409999996
0.1614938070333333
0.16126132573333335
0.16166786010000003
0.16233272983333336
0.16302774730000005
0.16369315283333336
0.16431305976666666
0.16484678636666666
0.1650985588
0.16440110803333333
0.16437062353333334
0.16458356016666664
0.16532484796666663
0.16558156453333334
0.16599536846666663
0.16654087546666663
0.16651411433333327
0.16665601859999996
0.1668841658333333
0.16618976049999998
0.1660584414
0.1662613169
0.16643740540000002
0.16719899103333333
0.16728591150000002
0.16735554143333337
0.1678437006
0.1678418617
0.1682187644
0.16845864923333334
0.1682424443
0.16880496659999997
0.16839895226666662
0.16855410139999996
0.16810293466666662
0.16744917983333335
0.16711925316666668
0.16716694913333333
0.16685340953333336
0.16739969106666663
0.16737199793333335
0.16728873569999997
0.16766399973333332
0.16785790640000003
0.16725591290000003
0.16722395863333336
0.16723300453333337
0.1669827460666667
0.1667896206666667
0.16709375653333333
0.16718039126666667
0.16671470583333337
0.16604513416666666
0.1649691222
0.1643541324666667
0.1643673799
0.1635904238
0.16347475623333332
0.16373927716666667
0.1632743749
0.16356693296666666
0.1635467759
0.16367216890000005
0.16341050890000006
0.16318575350000003
0.1634502372666667
0.16387784640000003
0.1639459504333334
