0.5369382782666665
0.5201757988333333
0.5297730589333333
0.5217839793999999
0.5083738812999999
0.5011495380333332
0.4966121212666666
0.5016241070999999
0.49551345379999995
0.49211110299999994
0.4912094469333333
0.483403901
0.4854750832
0.47981975450000003
0.4771379376666666
0.47384282083333334
0.4666495549333333
0.4686165074
0.4659174443000001
0.4627099646666668
0.46303652526666667
0.45253702943333335
0.4483846585333334
0.4437394421000001
0.44115944386666667
0.44530928020000005
0.4390548416666667
0.4451984496000001
0.4412821996333334
0.44399401373333347
0.4471870170333334
0.4429754224000001
0.44485306053333346
0.44307878183333343
0.4476647712333334
0.45063696596666675
0.4505991178333335
0.45071972610000016
0.4414799661000002
0.4410585822666668
0.4403592587666667
0.4445073461666667
0.4434045432
0.4414478344
0.44070865900000006
0.43766957283333335
0.43981221653333336
0.4406165863666667
0.43705085133333343
0.4330206342333333
0.4304189980333334
0.4343508734
0.4355578742333333
0.43350721830000005
0.43374241466666663
0.42982132663333333
0.427500897
0.4233203697666667
0.42498009150000005
0.42589560123333337
0.42039842580000003
0.41713019799999995
0.41267298036666666
0.4084182387666667
0.4055156681666667
0.3977633206666667
0.39654775616666676
0.3936030146666667
0.39580156493333335
0.3920737721
0.3870136458333333
0.3868155401
0.37698858616666675
0.3749365924333334
0.37179763683333333
0.37034800683333324
0.36927230576666664
0.36081009309999995
0.3609590681666666
0.3586300291
0.3568398569999999
0.3589711750333333
0.35814288896666663
0.3580697567
0.3549427152
0.3578615099
0.3631174560666667
0.3628397858333333
0.36266418496666664
0.35872820906666664
0.36218520673333326
0.36476707276666664
0.36713232469999996
0.3741864367333333
0.3736229243
0.3753967530999999
0.3774169729666666
0.37769804646666666
0.3853309172
0.3838133898666667
0.38672696836666665
0.3892841990333334
0.3908526218666667
0.39348443766666663
0.39148283573333337
0.39397519293333333
0.39520177376666665
0.4005630016666667
0.40235129873333336
0.4071265729
0.40949451676666665
0.40762412966666667
0.4052673574333333
0.4053856367
0.40762839840000004
0.4079481274
0.40638235193333333
0.40804797830000006
0.4093402597333334
0.41121786083333334
0.4126518436
0.4143192303333334
0.41033884350000005
0.4111677498
0.4108662876666667
0.4160467573333334
0.4183764951000001
0.4185681748
0.4164014254666667
0.4087162076333334
0.4087169254666667
0.40737711870000004
0.41192746616666664
0.40898114353333337
0.4090936243
0.4078574511
0.40464112440000005
0.4031781649000001
0.40027535370000006
0.3983918437000001
0.3937199189000001
0.3939846148
0.39543048353333343
0.3956866164333334
0.3955475384
0.39118311533333333
0.3928046472333333
0.38975817346666664
0.3905763709333333
0.39068450610000005
0.38937123746666663
0.3912992968666666
0.3917574136333333
0.39330525040000003
0.3944601014666667
0.3913720976666667
0.3853918415000001
0.38466647600000015
0.38516272330000006
0.3942075336666668
0.3914354481000001
0.39057318586666673
0.3923453007
0.38763099520000005
0.39071453320000005
0.39011256283333334
0.39383695626666676
0.3935859272666667
0.38824049983333336
0.39090457016666663
0.38965096520000003
0.39125337543333333
