0.6307357008000001
0.5390163216
0.5669252116
0.5699783354
0.5472136764
0.5286186284000001
0.5228133916
0.5504985242
0.5538540288
0.5503138630000001
0.5637750114
0.5798030554
0.569388486
0.5572049448
0.5652053268
0.5496785054
0.5539553348
0.579498571
0.5881797358
0.5734428856000001
0.5373339302000001
0.5224278778
0.484347736
0.4551355116
0.4143645232
0.4114878934
0.40303881179999995
0.42797982479999996
0.40635132
0.3997030128
0.41600325940000005
0.39763425620000004
0.3980315006
0.4123551818
0.4496370066
0.4689780818
0.44356407
0.45360438080000004
0.45969183300000005
0.460474871
0.45957525479999994
0.47927697900000005
0.4682370312
0.4737910836
0.4786374888
0.484840732
0.46928018180000003
0.45810747780000005
0.45511172260000005
0.4441397608
0.4309704598
0.4415347512
0.4652304824
0.44039205680000004
0.43137194239999993
0.4227543144
0.4265622962
0.4259074903999999
0.4171308132
0.42172755780000004
0.436702953
0.4433764288
0.433231494
0.40276228740000003
0.4099998728
0.4073118386
0.40701344000000006
0.4097132834
0.4594990428
0.4583753314
0.4434371392
0.4511062012
0.4515092902
0.4474091852
0.43250934020000004
0.44133728320000004
0.436512123
0.4277552050000001
0.43384992440000003
0.44847044340000003
0.4273844314
0.4004348928
0.3918054556
0.389229296
0.3842910618
0.3662169094
0.36433810219999996
0.36202315399999996
0.3177596968
0.2994479594
0.3008923222
0.31988177779999993
0.3188116998
0.32706224440000004
0.32934849639999997
0.3428137896
0.3486201436
0.31002671239999996
0.33430920779999995
0.3367185198
0.3434433052
0.3458467952
0.3544383318
0.3635440396
0.3535036938
0.3602883842
0.3747053386
0.41175198020000003
0.4165140556
0.42634656
0.4335143488
0.425312579
0.4199868368
0.4167958656
0.407004025
0.39215909039999997
0.3742358024
0.3877783872
0.3868932074
0.38881625080000004
0.3801616004
0.39578117900000004
0.3822060304
0.39392912719999995
0.3904912898
0.4107950812
0.4198235
0.3889541648
0.3832303306
0.38273519500000003
0.3869326526
0.3813522436
0.4127006106000001
0.41674520600000003
0.44736611679999994
0.4534043272
0.44923947399999997
0.4399781148
0.43472008340000007
0.42935751299999997
0.42423601260000005
0.4178619126
0.43667056200000004
0.4405236038
0.4285407996
0.4203813876
0.42185707279999995
0.40152357839999997
0.3978581478
0.38670681180000005
0.4005310828
0.42012476760000006
0.4315820182
0.4253311812000001
0.37759080959999997
0.36681609
0.3538272416
0.349109913
0.338708639
0.384999695
0.3817758064
0.36493627779999993
0.36020480299999996
0.364510467
0.38315543320000006
0.36857913400000003
0.3853004164
0.39349202660000004
0.40718765980000005
0.4122916812
0.40901519120000007
0.4107821072
0.4026367016
0.4098621308
0.3993626058
0.40951012039999996
0.4128249706
0.4135190194000001
0.41423142459999995
0.409360384
0.412536244
0.3846800354
0.3890363924
0.3764760186000001
0.3760754028
0.36719619259999997
0.3849153078
0.3951828612
0.35351827040000006
0.3640416922
0.37383849480000003
0.38451890019999996
0.3676485624
0.3681674948
0.384295655
0.3658095482
0.36979893140000003
