0.6357885582
0.5494663146
0.571509983
0.5785954358000001
0.5602482234
0.5442900787999999
0.5374973138000001
0.5761586672
0.5822682076
0.578480807
0.5985648186000001
0.6194150552
0.6101190228
0.59713505
0.6084241216
0.5909441226000001
0.5973730560000001
0.6243542102
0.6362690418000001
0.6270836156
0.5889055790000001
0.5764616082
0.5346581766
0.5083349728
0.4646606781999999
0.461269995
0.4538581606
0.48714090159999995
0.463917806
0.45242007519999994
0.4716473592
0.4507955356
0.448871737
0.46026788080000003
0.5034526967999999
0.5254558632
0.48932075140000003
0.5003309994
0.5068119454000001
0.5074028678
0.5078421836
0.5365671586000001
0.5251280812
0.5343173666000001
0.541285388
0.5473165752
0.533080158
0.5188608044
0.5150851438
0.5016351753999999
0.48857339799999994
0.5051254028
0.5338052874
0.5039881538
0.4948389698000001
0.4860364056
0.48232534839999996
0.48567571360000006
0.4747633728
0.4787859792000001
0.49615674100000007
0.5012839298
0.4891944734
0.4502561426000001
0.46154145280000003
0.458115328
0.45685955080000007
0.45838375020000005
0.5229355332000001
0.5203183964000001
0.502726378
0.5152082877999999
0.5225292448
0.5221391478
0.5038919194
0.5145671444
0.5093297004
0.4948250262
0.49983685299999986
0.5190155228
0.50182825
0.46966153760000007
0.46044999420000005
0.454340243
0.44879117700000004
0.4277086014
0.4226113582
0.4219617848
0.3682703796
0.3503985238
0.34558313519999995
0.3720883876
0.3683578136
0.3776279438
0.3755911902
0.3891544904
0.3948062478
0.3429808826
0.373025786
0.3789841816
0.3897553606
0.394681579
0.41033163159999997
0.426550413
0.4133350358
0.42129953459999997
0.4378755216
0.4828987604
0.481683887
0.49117992180000003
0.4996222960000001
0.4918923436
0.48887723800000005
0.49031316199999997
0.4845553906
0.46769197079999997
0.44858430480000006
0.46193373839999996
0.4613692606
0.4570221512
0.4417703182
0.45494304020000004
0.4325250782
0.443790987
0.4368970224
0.4679949334
0.48246093719999994
0.44616317619999996
0.443169868
0.44423640640000006
0.4482758156
0.43848610800000004
0.4760370112
0.47852546800000006
0.5170294256
0.5223906996000001
0.5166670125999999
0.5080993380000001
0.5047170480000001
0.5009885714
0.4965578996000001
0.4955789704000001
0.5182697621999999
0.5166196766000001
0.49751107819999996
0.4850365774
0.48114320639999997
0.4559826244
0.455588797
0.4431582818
0.46094699959999996
0.484748694
0.5029192878
0.494197069
0.4320276957999999
0.4178017284
0.39938681859999997
0.3887072148
0.37181909960000004
0.434908094
0.4308328684
0.4088445544
0.40384307340000003
0.4096721852
0.43324708980000004
0.4110847038
0.43297883119999997
0.445443951
0.46340123899999996
0.46666054300000004
0.466851088
0.4708953854
0.4611040012
0.4728551584
0.46175302679999997
0.47970148840000004
0.4828095304000001
0.48433350659999996
0.4827433320000001
0.4766777758
0.47484491259999995
0.43665596939999995
0.439581207
0.42670103719999997
0.42273379240000003
0.41259299019999995
0.43836207060000004
0.44976077620000005
0.392797685
0.4040191804
0.4096456251999999
0.421806301
0.3968158062
0.3968893102
0.4188942988
0.3962433852
0.4015637354
