0.6054679860000001
0.4939384276
0.5338196406
0.5264488074
0.49015249040000003
0.4608487520000001
0.4546376126
0.4528855224
0.4450704
0.43842966959999996
0.43662320900000007
0.44170528239999995
0.4340249948
0.4272030998
0.42811192140000004
0.4193003176
0.41937461219999994
0.43515923040000004
0.43401183579999997
0.415030888
0.39033496100000004
0.3746741774
0.3468471842
0.3210165296
0.2940023394
0.2876685958
0.28450930139999997
0.29585516879999996
0.28505223420000003
0.287494279
0.2990319162
0.28605502639999997
0.28757581660000003
0.30078102100000004
0.3225296222
0.3354109282
0.32714957840000003
0.3349664476
0.3365370554
0.3367662172
0.33247763620000004
0.34011765180000003
0.33088433660000005
0.332446035
0.3309467974
0.33633701779999997
0.3206372618
0.315768558
0.31309678220000003
0.3091726944
0.29761490879999997
0.30614987860000004
0.3182276146
0.3062075792
0.3037623938
0.3018198398
0.31109186359999996
0.3085424393999999
0.30478562880000004
0.3041810102
0.3098511464
0.3119717328
0.306404983
0.29017139200000003
0.2929932062
0.29374218399999996
0.2964887766
0.2991517522
0.3247084642
0.32518923580000003
0.3148010298
0.3121626712
0.30613800599999996
0.2973619088
0.28759164279999994
0.2945272473999999
0.29463162480000005
0.2941954268
0.3029034512
0.3126692902
0.29572182160000005
0.284027664
0.2803690806
0.28194512739999994
0.2793256264
0.2736806976
0.2744469492
0.26954627760000005
0.2449709072
0.23186946860000002
0.23350111540000001
0.23981962499999998
0.24089236060000002
0.2460401048
0.2485411064
0.2586836706
0.2597386272
0.24486572739999998
0.2540010196
0.2518228898
0.25146285059999995
0.2522764308
0.2513861826
0.25385537979999995
0.24931531020000003
0.25303464999999997
0.2602249412
0.28186072279999996
0.2896091668
0.2994583816
0.30402516620000003
0.296982998
0.2907760674
0.2836344108
0.2717734288
0.2644753054
0.25540360679999996
0.26320320939999997
0.2657320018
0.2753522318
0.27360387199999997
0.28737658900000007
0.28624030019999996
0.2934971136
0.2934772388
0.2947303718
0.2947221216
0.2752281984
0.268966634
0.2668743712
0.2727377666
0.275403223
0.2945070518
0.30166580940000004
0.31635875360000004
0.3220671094
0.3179630226
0.3087812538
0.29921574959999997
0.2928039568
0.2881767396
0.2854016044
0.3001391512
0.31166649
0.31126409940000005
0.311238484
0.3143184192
0.3042923026
0.29577880419999997
0.2877895794
0.29565812459999996
0.30605844699999996
0.3095158722
0.3063738098
0.28560148939999996
0.2780944316
0.27108128119999997
0.2667371588
0.2649643514
0.27956118480000003
0.27711599379999996
0.2684898568
0.26935428280000007
0.2704721556
0.2813126106
0.2778810604
0.28433064239999994
0.28516697620000003
0.29166038639999997
0.29531995499999997
0.2900440538
0.2910475024
0.28761895639999996
0.2857542812
0.281635454
0.28323788800000005
0.2832701074
0.2803999446
0.28615520159999996
0.2840750216
0.2898278996
0.2789495832
0.282507095
0.27178951199999996
0.276038663
0.27131368559999997
0.27647132339999997
0.284075604
0.2681355834
0.2722230446
0.28145333060000005
0.2898169178
0.2880735284
0.2920192024
0.29933737920000003
0.29197260499999994
0.295341685
