0.5053997334
0.3493289538
0.3790992698
0.3421605092
0.2749447346
0.250863544
0.24776885919999997
0.228411615
0.2137562356
0.20918659499999998
0.20560176160000002
0.201448917
0.19910055359999998
0.1964506072
0.18802445699999998
0.18167711199999997
0.1837629452
0.18585962560000002
0.18289775800000002
0.18081300939999997
0.1786404626
0.17259351039999998
0.16550923480000002
0.1602716372
0.1592324364
0.1584460282
0.1585053562
0.1616516778
0.1637910812
0.1663968502
0.16949654279999998
0.17136182500000002
0.17345859479999998
0.1792046214
0.18198343879999998
0.18272258419999998
0.1799435574
0.17912218859999998
0.1718554498
0.16809205440000002
0.1605466726
0.15914003599999998
0.15311824980000002
0.15233361620000002
0.15127784240000003
0.1556432988
0.15509220340000002
0.158417215
0.15980699020000003
0.1617843202
0.1595943962
0.1619089152
0.1604128778
0.1591767576
0.1594558374
0.16209154720000002
0.161290116
0.162833226
0.16183996080000002
0.1617122516
0.1626696016
0.16607457979999998
0.16489880480000002
0.1641640308
0.1637023148
0.1634133146
0.1615950086
0.1619256982
0.16617695059999998
0.16668967240000002
0.1652082124
0.16368282080000002
0.16283793159999999
0.1585842166
0.15664489239999999
0.1574858208
0.15779769059999998
0.1601113874
0.1622380196
0.1640554762
0.1621145888
0.1627505402
0.1622866084
0.16255032
0.1624135996
0.16413039879999997
0.16382075580000002
0.1608853452
0.1610880356
0.1588792786
0.1571948944
0.1569059546
0.1558681782
0.1567150276
0.15639882900000002
0.15884076419999998
0.1575844898
0.15930782540000002
0.15681764199999998
0.155806461
0.1534439652
0.1567608086
0.1544968622
0.15563078700000002
0.1585467814
0.15755543560000002
0.1545393408
0.1568978164
0.1601277544
0.1601045998
0.1607017096
0.15890905640000003
0.158607204
0.1565168628
0.15548129900000002
0.1569170038
0.16126738200000001
0.1616940748
0.1648612924
0.167144305
0.1687828452
0.16907060359999998
0.1707801734
0.1685798482
0.166252481
0.16423088840000002
0.164225313
0.1609809204
0.15955219980000002
0.16143337600000002
0.1593800718
0.16199546480000002
0.16503619
0.16852852619999997
0.17174285620000002
0.1758658398
0.1736128984
0.1734927902
0.1683679188
0.16416942399999998
0.162324712
0.161777426
0.1615052384
0.1660824254
0.1685028106
0.1685003288
0.1692544058
0.16950968260000002
0.16602764460000002
0.16424970059999996
0.1672660606
0.1677589244
0.1726691246
0.17515675420000001
0.1740350812
0.1737251906
0.1726520508
0.16709956060000003
0.16658862619999998
0.16675479320000003
0.16514766779999998
0.16533800820000003
0.16704821200000003
0.16639423879999998
0.1669832694
0.1657515592
0.1662208796
0.16328863899999999
0.1641484572
0.1637063326
0.16334160720000002
0.16475972960000002
0.16753221960000003
0.16521975640000003
0.16761457480000003
0.16816594180000002
0.16516688380000003
0.1630999682
0.1650547064
0.1639882964
0.1641562684
0.162133253
0.1617461338
0.1587190098
0.157157013
0.1549794984
0.15722978319999997
0.15972049039999997
0.16011008079999997
0.1619521116
0.16488578040000001
0.16652248420000001
0.16507560240000002
0.16586251040000002
0.1662830952
0.16773798220000002
0.1678635688
