0.6489826765
0.6101733498999999
0.5855812622
0.5729470215
0.5602260324
0.5408348298000001
0.5456902007000001
0.5371677484000001
0.5283738624
0.5246226231000001
0.5319793608000001
0.4934271813000001
0.4911900225
0.48892098959999997
0.4915802235999999
0.5030191395
0.499177503
0.4926429439000001
0.48194899530000007
0.45632279389999997
0.4348876468
0.4501118355999999
0.45824739569999995
0.45611709150000007
0.4545435712
0.4508743176
0.4508188328000001
0.42329642419999997
0.43381754959999996
0.4455517016
0.4497703995999999
0.46752899820000005
0.4639129532000001
0.4589563112
0.45504335099999993
0.4475909954
0.4360034496
0.455276984
0.45167915399999997
0.45613353869999995
0.46310786759999994
0.46118505910000007
0.46726768879999997
0.4558058163
0.45580774920000006
0.45703917479999995
0.44765036599999997
0.45771707479999996
0.4662136344
0.4754624381000001
0.47767167239999997
0.4820431984
0.4717714837
0.4803098734
0.4597898347999999
0.46736215010000004
0.4876082042
0.48328951270000003
0.48099224209999997
0.4829217458
0.4839198594
0.46919911560000005
0.4622899018
0.4719469693000001
0.48668960850000004
0.4912324612000001
0.49358292289999994
0.49561876489999995
0.4867395312999999
0.4806557496
0.47600817959999997
0.4764633558
0.4846589538
0.48337631600000003
0.4847595074
0.4823547415999999
0.4833467067999999
0.47203211419999996
0.4721152445
0.4708108549
0.4766342767
0.47807246330000003
0.48430019939999996
0.4774548126000001
0.4724555519000001
0.46918059300000003
0.46914626240000007
0.47885867200000004
0.4913495889
0.48472504150000006
0.4800899075
0.4756402273
0.4705586971
0.46508194439999995
0.4760654810999999
0.4714205335999999
0.46025168369999986
0.4615964206
0.4612674366
0.4626894565
0.470293578
0.48185168999999994
0.47533137439999995
0.4754257479
0.47545603080000004
0.4800009374
0.48551566900000004
0.4826253062
0.4789329455
0.47043054939999995
0.45592833769999996
0.4505658076
0.44865416169999994
0.4607607271
0.46027971560000003
0.461423994
0.4634989773
0.47113675190000004
0.4436392775
0.44899763540000004
0.45451101210000006
0.45951028569999997
0.47340739899999995
0.4696540585999999
0.4717117052
0.4650416548
0.4482602484
0.42951187339999997
0.44473192280000007
0.4497476932000001
0.4481749306
0.4478337482
0.4389338727
0.4426313007999999
0.4161552154999999
0.42322618079999996
0.4405325725999999
0.43792900819999997
0.4563752094
0.45762615679999996
0.45404195429999994
0.4535181268
0.4604367468
0.44304734869999995
0.4601518886999999
0.4571586851
0.4576152833000001
0.4682539029
0.4542618398999999
0.455000119
0.4463319116000001
0.4402054447
0.4332569666
0.4297303149
0.4339353601
0.4325622359
0.43460249409999996
0.4376076285
0.4423804656
0.44013321320000004
0.45814300010000003
0.44958946279999995
0.4494523051
0.462501301
0.46552754360000004
0.46954961759999997
0.4673047362
0.4773658843
0.4660232398
0.4627012716
0.4666427089
0.4746437082
0.4819986609
0.48808989569999994
0.48268323839999994
0.4675420851
0.470159666
0.4663225755
0.4719826189
0.47796705819999996
0.47279630279999996
0.48187944809999994
0.4791367422
0.48156932220000004
0.47151263839999996
0.48600092129999994
0.4772811403
0.471645142
0.4717536521
0.47106887979999995
0.46959813370000003
0.4649119638
