0.35213374240000006
0.27244083440000005
0.25443720880000004
0.23568586739999997
0.21362369149999996
0.2086910906
0.2026091171
0.19781550860000002
0.19105112380000003
0.187795722
0.18794267209999999
0.18452211459999998
0.18306885420000002
0.1805044291
0.17861690530000002
0.17686627449999998
0.1775155713
0.1762748497
0.17320903139999996
0.17087883899999998
0.1691372638
0.16879491809999997
0.1690264771
0.1690312591
0.168725028
0.17089266050000002
0.172549313
0.1729040159
0.1751760755
0.1773240047
0.1789736083
0.1796298997
0.1791126544
0.17691826969999996
0.17604034989999998
0.1745645916
0.1731371329
0.1712999227
0.16961655390000002
0.1685681201
0.1661712228
0.16662243039999997
0.16824169709999998
0.16917380059999998
0.1697611518
0.1696978554
0.16951864470000003
0.1724194673
0.17344261570000002
0.1742390589
0.1762232638
0.17610790700000004
0.17340807570000003
0.17287045110000002
0.1715057604
0.17250194270000002
0.1722993426
0.1709584499
0.17010241499999998
0.1714937816
0.17192925529999997
0.1711364321
0.1728689191
0.1727725253
0.17290035780000002
0.1726741845
0.1722013499
0.1718897159
0.17096177389999997
0.1686778086
0.1684994566
0.1684162442
0.16554910120000002
0.16690877180000002
0.16810378300000003
0.1694059649
0.17096715200000004
0.17037866399999999
0.17133082400000002
0.17279872010000003
0.1739023334
0.1755636374
0.1782631167
0.1772891982
0.1754656846
0.1741159797
0.1727803969
0.1744440581
0.17565238370000003
0.1743867406
0.1733068699
0.1714137802
0.17008607739999998
0.1713953702
0.1725612852
0.1729107499
0.1740755337
0.17439725899999997
0.17410552149999997
0.1739847591
0.17489520779999998
0.17666325099999997
0.1758172913
0.17554609379999997
0.1769671923
0.176209125
0.17585645079999998
0.1737038943
0.1751908626
0.17601566810000002
0.1751800158
0.174537177
0.1766524484
0.17790245740000002
0.17759626280000002
0.17971788130000002
0.1783999437
0.17935988320000001
0.17780578330000002
0.1766200448
0.1759346174
0.1755816919
0.17633232820000003
0.1748859161
0.17426911009999999
0.1715661473
0.1714624645
0.1725926088
0.17209637949999998
0.1736390015
0.1750048123
0.17629822099999998
0.17486127189999998
0.17554076919999997
0.1743757034
0.17618377719999997
0.1766923889
0.1741843583
0.1756008167
0.17457428219999999
0.1725149447
0.1728403861
0.1744080723
0.1731768903
0.1747256946
0.1753771939
0.17745720110000002
0.1797490591
0.17882819440000003
0.18011973750000002
0.1804609941
0.17895154250000003
0.1772166028
0.1750800755
0.1736471737
0.1706316648
0.16904626309999998
0.16876715729999997
0.16944627280000002
0.16898573909999998
0.16961775360000003
0.1686789213
0.16868734180000003
0.17174262070000001
0.173786383
0.1762438849
0.1781786967
0.18005574370000002
0.1792551142
0.1795440628
0.18083264670000002
0.1821043269
0.18105170899999998
0.1803789229
0.1785702096
0.17803475689999998
0.1766286894
0.17428724459999997
0.17436066909999998
0.17360336980000002
0.171151149
0.1719670681
0.1744820271
0.175605512
0.17625907700000001
0.1752367382
0.17376688349999997
0.1740332386
0.17433252059999998
0.1740482586
0.175665915
0.17419787
