0.5520351883000001
0.4978821428
0.4666897013
0.44701317739999996
0.42583943719999995
0.41513911839999995
0.4126848549
0.4051165942
0.3956202362
0.3916299888
0.3942010117
0.36890478000000004
0.3669194298
0.3643802206
0.36687548480000004
0.36977468890000004
0.3653881238
0.3590662948
0.35487701950000006
0.33984288779999994
0.32686944170000004
0.33566140170000003
0.33930475250000003
0.3401185167
0.3396366587
0.3387523132
0.33935959379999997
0.32448716079999995
0.3285788676
0.33579995299999993
0.3398886577
0.35043488629999997
0.3500822874
0.34739691740000006
0.3460999073
0.34395315499999995
0.3380727684999999
0.34932444579999994
0.3453670302
0.3473166016
0.34976423700000003
0.34974679470000003
0.3542325114
0.35000687459999996
0.3496668093
0.3459029044
0.34204906659999995
0.3482843765
0.35462780839999997
0.3594630475999999
0.3617929395999999
0.36232786699999997
0.355520046
0.3566669827
0.3452660957000001
0.35312595570000005
0.3625228655
0.35977800690000006
0.35744835560000005
0.358029939
0.35854823710000006
0.35002983060000004
0.34649512560000006
0.3501722432
0.35542200989999995
0.35366369799999997
0.3521641137
0.3506997833
0.34555831929999997
0.34058209710000004
0.33671475079999996
0.33703225049999996
0.3375565319
0.33936907299999997
0.3436275097
0.3448203391
0.347256484
0.3429286466
0.34397066530000003
0.34591851910000004
0.35145162720000006
0.3545793088000001
0.3625110161
0.3587892909
0.35581460389999997
0.3524197713
0.3512942147
0.3559970953
0.3613891769
0.3568029353999999
0.3528150791
0.34879018059999994
0.34344472919999997
0.3413231677
0.34611715800000004
0.3457941406
0.3413077676
0.34282050549999993
0.34483483149999994
0.347176609
0.3526628483
0.3595630816
0.35824517530000005
0.357382631
0.3560834491
0.3573962021
0.3584034786
0.35783683489999996
0.3555512105
0.3494804742
0.3403837265
0.33686051910000003
0.33559017840000005
0.34056928200000003
0.3413372197
0.3426889061
0.34389663719999997
0.3475852565
0.33524300409999996
0.336432584
0.3394121433
0.34132468029999996
0.3491293612
0.348026551
0.3486344239
0.3438490484
0.3370365567
0.3269541755
0.33193815200000004
0.3374417912
0.3361526207
0.336626981
0.33201640949999994
0.33481430940000007
0.324191013
0.3295837357
0.3380002419
0.3352647287
0.3461487801
0.34654013699999997
0.34558895879999996
0.3473815824
0.35041572719999997
0.3414539501999999
0.350657436
0.34989472050000003
0.34996356659999994
0.35524263170000003
0.3457800996
0.34554238
0.3406441171
0.3358904989
0.33127050750000003
0.3266722958
0.3240630227
0.32091788060000004
0.3220524307
0.3253364836
0.3263388821
0.3248268606
0.3306259392
0.3245096416
0.3247369811
0.3337226357
0.3389657515
0.34306978299999996
0.3426212145
0.3487802091
0.3464003116
0.34498667860000004
0.3500763768
0.3553079864
0.358610267
0.3615586509
0.3563385781
0.3473274848
0.3465536853
0.3403661887
0.3414407923
0.34284421330000003
0.33991926940000006
0.34590085460000003
0.34561543749999996
0.348318318
0.3447344403
0.35255683590000003
0.35096825750000005
0.3520117610000001
0.35247632990000005
0.35250173560000003
0.35336357520000006
0.3514061168
