0.6332505359333332
0.6046128189333332
0.5983369338666666
0.5874988899999999
0.5839167949999999
0.5846039052666666
0.5673027181333333
0.5515738686666667
0.5502392542
0.5483221821333333
0.5498424364666666
0.5424943181333333
0.5463322782666666
0.5327907594
0.5149366814666666
0.5147648186666667
0.5038156821333334
0.5021428918
0.5035101316666667
0.5017846502666667
0.49359693173333336
0.5146205399333333
0.4985953322
0.4949758646666667
0.48371582260000007
0.47506529513333334
0.48004424726666667
0.4781199347333333
0.48374224293333334
0.49887263733333337
0.49891211206666664
0.49811523839999994
0.48928959513333337
0.4866665437333333
0.48087033813333324
0.4810761269333333
0.4826436015333334
0.5070994542
0.4930624855333334
0.49985455446666666
0.5027416164
0.4797488613333334
0.4830980497333333
0.49064236
0.49606426926666664
0.5050585398
0.5217437319333335
0.5223080154666666
0.5190151691333333
0.5046207961333333
0.5042962338
0.5016249922
0.49751460226666655
0.5148360113333333
0.5212985946666666
0.5264012643333333
0.5390570872
0.5252724001333334
0.5248224714666667
0.5162996462666667
0.5204355769333334
0.5158252299333335
0.5222873898666667
0.522538694
0.5416857517333332
0.5403785787333334
0.5365468865333333
0.5356546394666668
0.5337379331333333
0.5236135836666667
0.5246776484000001
0.5326229073333334
0.5351392715333334
0.5274244487333334
0.5326388969999999
0.5307217371333334
0.5252959118
0.5248615283333333
0.5255494070666666
0.5150230197333333
0.5172550444666667
0.5247287661333333
0.5269134257333333
0.5319544604666667
0.5316558911333333
0.5288769564
0.5189339291333332
0.5256965759333333
0.5210271040666666
0.5204734503333334
0.5130856757333333
0.5090070833333333
0.5087580765333333
0.5189004221333333
0.5234380893333334
0.5280580764
0.5273462478666667
0.5182570915333334
0.5035008000666668
0.5090825771999999
0.5089734402
0.5153430508
0.5148184163333333
0.5262702669999999
0.5145228937999999
0.5125621344
0.5174042238
0.5072568757333333
0.5033285334
0.5085313968666668
0.5039712475333334
0.5013898899333333
0.5138347338
0.5005920176666667
0.4930802497333333
0.49116008433333325
0.49470201393333324
0.4988799213333333
0.4944264801999999
0.5083647923333332
0.5097144698666667
0.4974030848666666
0.49595152446666657
0.4867885194
0.48364203333333333
0.48073324793333333
0.48267433946666666
0.47396881900000004
0.49698137653333335
0.4825446834666666
0.4861904678
0.4829454398
0.46838298866666667
0.47729742053333335
0.4735962066666667
0.4734361656
0.4892793340666666
0.5002236584
0.4940628606666667
0.4899599933333334
0.49042738240000006
0.4901774669333333
0.492075686
0.4881072948
0.5082878740000001
0.4933614538666666
0.4898340238
0.4971033075333333
0.4756317312
0.4754353716666666
0.4782086236
0.47910075660000007
0.4768804188666667
0.4908628750000001
0.4942857204
0.4987348546666668
0.4864319872000001
0.48422753433333343
0.48233738680000016
0.4828790195333335
0.4963504196666667
0.5008499621333333
0.5124612122000001
0.5170182025333334
0.5128391460666667
0.5203015738666666
0.5146263876
0.517004683
0.5168094249999999
0.516310064
0.5020868856
0.515030435
0.5253076815333333
0.5256511469999999
0.5259089266
0.5269644165333334
0.5295410204000001
0.5221939365333333
0.5331494602
0.5255043764
0.5201022123333332
0.5183057151999999
0.5162000589333332
0.5118059929333333
0.5148894549333333
0.5256483670000001
0.5223548952666667
