0.4949711774
0.4553778392666666
0.4400589029333333
0.4256445852666666
0.41493396759999995
0.4126123681999999
0.3976033458666667
0.3857582472666667
0.3790311708666667
0.3746293062666667
0.3734641778
0.3670484932666667
0.36830996526666665
0.36422048
0.35760293466666665
0.3537659170666666
0.3462543770666667
0.34188368613333336
0.3420300245333335
0.3399670862
0.33649837880000005
0.34735170246666675
0.3400217859333334
0.34035291133333334
0.33688591346666663
0.33384189626666666
0.33628555206666666
0.3358943478666666
0.33704328980000003
0.3441384325333333
0.347887521
0.3489592803333333
0.34670158146666663
0.34385192033333334
0.3420058754
0.34118317879999993
0.3432103526666666
0.3557245815999999
0.35132862779999996
0.3533830034
0.3518970188
0.34336873386666666
0.3455029742000001
0.34867251433333324
0.35091463559999997
0.3530763685333333
0.3593804183333333
0.3598549817333333
0.3588619294666666
0.3520159994666666
0.3541381645999999
0.35188611439999995
0.34919997119999996
0.3536335016666666
0.3564900554
0.3615065903333334
0.3647009276666667
0.35866214779999994
0.3558915526666667
0.3493219743333333
0.3487186702
0.3451102788666667
0.34598646273333333
0.3462277260666667
0.3533673896666666
0.35056578706666663
0.34770718433333336
0.3438478311333334
0.3438386976
0.33972035479999996
0.33956673819999994
0.34326138113333327
0.3436088100666667
0.34209334080000003
0.3470317291333334
0.3490910732
0.3493173144
0.35172198633333335
0.3526593453333334
0.34987535933333336
0.3500367518666668
0.3527693572666667
0.35590251900000003
0.35677341006666674
0.35581534626666667
0.3544208998666667
0.35033977880000006
0.35206604140000003
0.35089434693333327
0.3500077852666666
0.34626509413333334
0.3439216631333333
0.3427755119333334
0.34747043713333337
0.3500566830000001
0.35458295120000005
0.3558523567333333
0.3535647614
0.3482233163333333
0.3495281277333333
0.3493191761333333
0.3503305284666667
0.3523702490666667
0.35695579899999996
0.35229889379999996
0.35097600846666666
0.35288752439999993
0.34874454333333327
0.34537961666666667
0.3456352015333333
0.3426698813333333
0.33988623219999997
0.34526363653333336
0.34219604773333334
0.3391983170666667
0.3389866359333334
0.34150165886666667
0.3429395608666666
0.340363177
0.34507116799999993
0.3449800959333333
0.3400035906
0.3395063012666667
0.3364419610666667
0.33660136473333335
0.33462911233333337
0.33665522140000004
0.33256032953333337
0.3400773805333334
0.3369101206666667
0.3384278242
0.3377872983333333
0.33026321293333327
0.3351901138000001
0.3352051734666667
0.33578905259999997
0.3435519052
0.348201364
0.346421246
0.34572055053333334
0.34758922406666665
0.34667835539999997
0.34574736106666665
0.34250064059999996
0.3494394181333334
0.34316264020000004
0.3421454098666666
0.34553854986666666
0.3334369231333333
0.33073580766666666
0.33114183859999996
0.3297922542666667
0.32902786533333334
0.3324239285333333
0.3322190345333333
0.33031678600000003
0.32517612653333333
0.3252014494666666
0.32539861386666663
0.32635138866666663
0.3327589492
0.334279398
0.34070099973333334
0.34557593906666667
0.34616813846666666
0.34975578346666664
0.3473464970000001
0.3473839717333334
0.34887845973333337
0.34735920033333323
0.3438933129333333
0.34897542713333335
0.3511204714666667
0.35072137680000004
0.34875377966666665
0.3476554410666667
0.34953292373333333
0.34527412400000007
0.35015713066666676
0.34719104146666674
0.3455469523333334
0.34608227453333335
0.34672146746666666
0.34466649613333333
0.3461958846666666
0.35167950133333326
0.3527678780666667
