0.4731181000000001
0.43339346139999996
0.41680456554999995
0.40569669899999994
0.39635746099999997
0.39245690364999997
0.38903648934999996
0.3820914445
0.37524862784999996
0.36573643829999997
0.3605352267
0.35228309085
0.35311209115
0.35224936865
0.35325607175000007
0.35426350105000004
0.3523738588000001
0.34177672780000007
0.34172794355000013
0.3378214204
0.33337904970000004
0.34304814400000005
0.34469351994999997
0.34375771705
0.34286828299999994
0.3413527341
0.33871618115
0.3369058033
0.3369729489
0.3415582773
0.34482644734999995
0.35009084049999994
0.35215739939999996
0.348701896
0.34788335829999995
0.34492802969999997
0.34006091754999995
0.34880441115
0.34999741929999995
0.35338982459999996
0.35577858830000003
0.35603733084999994
0.35487627870000005
0.35333692864999994
0.34746645249999997
0.34951443004999994
0.35228596604999995
0.35403119169999997
0.3560380819999999
0.3587464932999999
0.3601705883499999
0.3561788487999999
0.3510075857999999
0.3534196129499999
0.35034405279999997
0.35339482685
0.35734348959999995
0.35523889509999995
0.35150333745
0.34930601804999994
0.34763149395
0.34353104055
0.34202582875000004
0.3447706581
0.3495247597999999
0.3492420185499999
0.34971029885000005
0.3468142149500001
0.34476449230000006
0.3432503081
0.34408318899999996
0.34580577965
0.350033774
0.34907918195
0.3497210568000001
0.34862005519999995
0.34927534935000004
0.34946287095000006
0.35267992110000007
0.35136072725
0.3521333531500001
0.3516847447000001
0.35297787265
0.3500562293000001
0.35096588095000003
0.34910695595
0.34630099115
0.34940880040000005
0.3531120042
0.3519897722
0.3527389637000001
0.3541766311
0.35084495225
0.34935289935
0.35110030355000005
0.35159517134999996
0.34985562309999996
0.35032867019999997
0.35019302099999994
0.34832854159999993
0.3465232874
0.34821180035
0.34691767685
0.34897595649999996
0.34871033439999993
0.35004255409999996
0.3511500578999999
0.35271104569999995
0.3453971073
0.34295652909999996
0.3398979349
0.3390925997
0.3423597698
0.3442979165
0.34498582180000004
0.34326897725000005
0.34046659695
0.337269716
0.33359057805000003
0.33693718759999997
0.337782382
0.33897583065000003
0.34057288535
0.3414204302
0.33641271845000004
0.33671639205000004
0.33751839930000005
0.33110945210000003
0.33904346605
0.3419909641
0.34087078974999996
0.34200428169999997
0.34121606834999996
0.3381341298
0.3374242245
0.33973922809999996
0.34398190424999997
0.3452536802
0.34596443985
0.3460412585
0.34311653794999997
0.34163604065
0.34084311734999995
0.33406312299999996
0.33736022935000004
0.33540630055000004
0.33600799865
0.34028955765
0.33605949085
0.3351846203
0.33563502814999996
0.33020007025
0.3280037443
0.3301974657499999
0.3315143870999999
0.3319938318
0.33233682259999997
0.33705834635
0.33636959684999995
0.3349067696
0.340351158
0.339908814
0.34167362404999996
0.3476406433
0.34765216479999994
0.34519863389999994
0.3445874499
0.34457319890000004
0.34392055195000004
0.34391544594999995
0.34499782310000005
0.3506044205
0.35211285225000005
0.35493848445000004
0.3505365092
0.34994216035000003
0.34876097140000006
0.34618897485000005
0.3469585611
0.34767297445
0.3466414223
0.3486534857
