0.6249526540999999
0.5867996504999999
0.57442283235
0.5691349145
0.56621172725
0.56254042455
0.56510564815
0.55815502845
0.5476322525999999
0.5309337168499999
0.5243531935999999
0.51176385435
0.51621161865
0.5137621093500001
0.51457478755
0.5202124509500001
0.51930544125
0.49961663110000004
0.4997426455
0.49106099795000013
0.48038646695000004
0.499661795
0.503064578
0.49775949415000004
0.4938465582500001
0.48615545030000007
0.47847954455
0.4734296063
0.47916894759999995
0.48902503005
0.49494593215
0.5034263808
0.5033340529000001
0.4919069108999999
0.4896134260999999
0.48724498045
0.47350803605
0.49144161615000004
0.49450936565000003
0.5031078932499999
0.5086503838
0.50975415805
0.50657066685
0.50562364225
0.49333614915
0.4989840234500001
0.5060586961500001
0.50950280825
0.5130340116
0.5199346185
0.5212388335
0.5158181503
0.5050713255999998
0.5183293550999999
0.5154417121
0.5219208542
0.5368114345000001
0.5359626719500002
0.5295458927500001
0.5275522610000001
0.52547405265
0.5171610621
0.5195127762499999
0.5240760846
0.53417920915
0.5365248944500001
0.53906658665
0.5332898275500001
0.52777068315
0.52394693885
0.5251612088
0.52649055295
0.5356545181
0.53009109445
0.5265947911
0.5230886533
0.52383871425
0.5229823031499999
0.53113790945
0.5266568137000001
0.5278986777
0.5258568686
0.5258212799
0.51823756135
0.52159183885
0.5164672293000001
0.5087786849499999
0.5158686218499999
0.5236980744999999
0.5196941853499999
0.5210909077499999
0.5253764662999999
0.5180289755499998
0.5146014541999999
0.5222014818
0.5216874745
0.5188175821000001
0.51675002285
0.51397441625
0.50874209085
0.5042311128
0.50763140595
0.5020388466999999
0.5104241464999999
0.51073764525
0.5142550866000001
0.51966357125
0.5218364685000001
0.5008701508500001
0.49943310210000014
0.4940139804500001
0.49433440665000006
0.5022171452000002
0.5071686763500001
0.5082037522
0.5047868850499999
0.49417643149999996
0.4878886778
0.48081283579999995
0.4875769998999999
0.49038342175
0.493616158
0.4968704259499999
0.4961097832000001
0.47994306704999995
0.4806783956499999
0.48050106904999995
0.46812833635000006
0.4896977285000001
0.4935907199000001
0.49149394599999996
0.4901094215999999
0.48889648059999996
0.48054012115000005
0.47377340065
0.4759181061500001
0.48819694455
0.49396354710000007
0.49709886475000004
0.49842744755
0.49014955010000005
0.4858708323
0.48547920275
0.4736854945
0.48825873605000003
0.48550756284999996
0.4872259091999999
0.49526955325
0.490714212
0.48929053594999994
0.49489212294999996
0.4860614344000001
0.48196645405000005
0.48830475935000006
0.49311671720000005
0.49459182805000007
0.49387520370000004
0.5007683474
0.49536867530000006
0.4916721901000002
0.5057126528500001
0.50582018205
0.5101955848500002
0.52159748235
0.5199465552
0.51280081945
0.5130086932
0.51828690105
0.5143959633499999
0.51683412185
0.5157639994500001
0.5262069786000001
0.52924314905
0.5334777303499999
0.5236412077500001
0.52352649735
0.5189119968500001
0.5129997199
0.51768832515
0.52148428685
0.5168109142999999
0.5188050739500001
