0.5904810186499999
0.5518002656000001
0.5383856423500001
0.5309340055500001
0.5259031280000002
0.5219269846500001
0.52243385185
0.51490534615
0.5051614288499999
0.4904727084999999
0.4834335038
0.47176950845
0.4747187090999999
0.4725190405499998
0.47306189739999993
0.47694672855000003
0.47499816790000005
0.45796968404999994
0.45788327245
0.45093724774999994
0.4423290232
0.45882041689999997
0.46108017445000005
0.45753670135
0.45479346109999996
0.4492326565000001
0.4434111412
0.4392867041
0.4427483518
0.45084262015
0.4564391335999999
0.46435702865
0.465590321
0.45738106375000004
0.4554255500999999
0.45231508509999996
0.4418269078
0.4564970293999999
0.45894639419999994
0.4657979884
0.47038977
0.4716141287499999
0.46951958624999995
0.46805784484999996
0.457798792
0.4622006624499999
0.46762928509999996
0.47050329374999994
0.47360293825
0.47919209195
0.48079576589999995
0.47562115700000007
0.46703069275000003
0.47612842135000005
0.47323972165
0.47929730565
0.49059556355000006
0.48945413880000005
0.48386588669999997
0.4817887477
0.4799640195
0.4728312357000001
0.4734744278000001
0.4776616426500001
0.48572455795000014
0.48679360140000005
0.48846481485000004
0.4838254395499999
0.47942738789999995
0.47573330224999993
0.47632122814999994
0.4772679095499999
0.48447957659999996
0.4804155643
0.47860752965
0.4757676673
0.47624648459999996
0.47544539309999995
0.4817324167
0.4777679482
0.4783620921000001
0.47685634530000004
0.47742944825
0.47126837850000014
0.4742605165000001
0.4703005633000002
0.46469897305000013
0.4702275463
0.47630851275
0.473707249
0.47519174275000003
0.47874595864999997
0.4729450357499999
0.47025384615
0.47576075594999995
0.4757107355
0.47288367634999995
0.4721108634
0.47010019105000006
0.46656000295
0.46311095785
0.4662087488
0.46199276805
0.4680932374999999
0.4678678732
0.47071246569999997
0.47450732315
0.47688102905
0.46128611149999993
0.45971409239999994
0.4552196748999999
0.4550380466499999
0.46103078034999995
0.46520739285
0.4659957104
0.4632328244
0.45587961285
0.45032431265
0.44418560014999997
0.44937266430000006
0.45134297135000007
0.45367201695000003
0.45617063585000006
0.45614267969999994
0.4439334603500001
0.44413391780000006
0.4443964105000001
0.43372044080000005
0.4505535661000001
0.4536869250000001
0.45110844245
0.45067593749999996
0.4496853097500001
0.44283932475
0.4381535521
0.44019243295
0.44907392794999995
0.45309145554999997
0.45531852465
0.45631313790000005
0.45018693295
0.4468617857499999
0.44684685669999996
0.4363888318
0.4470436243999999
0.4448604605
0.4461088887000001
0.4529307657
0.44832115275
0.4475666661
0.4522374558500001
0.44489745375000006
0.44135463585000007
0.44611580795000005
0.4497314518500001
0.45105592674999995
0.45095361515
0.45748675639999997
0.45420185269999996
0.4514172424000001
0.4623928545
0.4621165854999999
0.46572548300000005
0.47529559835000007
0.47410539100000004
0.4685458513499999
0.4687322011
0.47184422989999997
0.46900292935000004
0.4703341649
0.46971950584999994
0.47826157814999987
0.48056770154999995
0.48482960895
0.47709793840000003
0.4767715032
0.47372040315
0.46898385875000004
0.4718681355
0.474517969
0.47119721824999994
0.47339570594999997
