0.27003820725000005
0.22848147450000006
0.2187530315
0.20809514824999997
0.19612029839999995
0.19277868254999994
0.19006234419999996
0.18704517915
0.1821300776
0.17933728050000003
0.17853996795000002
0.17665851635000002
0.17604766565000002
0.17476784410000004
0.17367096665000004
0.1738794675
0.17503244215000002
0.17458943280000003
0.17419255345
0.17410142185000002
0.17405543605
0.17421240890000003
0.17406956575000004
0.17297476440000004
0.17238268895000003
0.17272862605
0.17284322295000001
0.17210196930000005
0.1723963147
0.17294606240000002
0.17257241554999997
0.17312616505000003
0.17367717575000002
0.17304603515
0.17290075085
0.1721312235
0.17132788880000002
0.171859695
0.17152958480000002
0.1714035895
0.17119724329999997
0.17136516869999996
0.1708248864
0.17102212584999998
0.1706334561
0.17109989904999998
0.17090899365
0.17168895859999997
0.17177251535
0.17286642024999999
0.17407625955
0.17362216955
0.17313849740000004
0.1728214882
0.1722030591
0.17258806359999998
0.17225034625
0.1714240829
0.17053209445
0.17008579509999996
0.17021435594999998
0.16977633814999998
0.16920901014999998
0.16984064855
0.17050207039999998
0.17104007469999996
0.17158425094999996
0.17113418995
0.17114629894999994
0.17073826434999995
0.17120089499999996
0.1719899408
0.17190610894999997
0.172098985
0.1717847338
0.1717609723
0.17187377445000002
0.17241136105000002
0.17349160385
0.17359273035000003
0.17360460165000002
0.17348870880000003
0.17417459705000002
0.17434228420000003
0.17401348490000004
0.17351336480000001
0.17342796530000004
0.17442065855000002
0.17487895260000003
0.17418574985000004
0.17410103885
0.1740385156
0.17295168435000002
0.17347073200000002
0.17476423875
0.17455993745
0.17496599225
0.17405057665
0.17464819204999998
0.1750002136
0.17503761179999996
0.17560021399999998
0.17623486985
0.17672427559999998
0.17728172755
0.17796350315
0.17712819725
0.17653188875
0.17649832295000004
0.17631785645000003
0.17555731660000004
0.17505943445
0.17649238830000002
0.17639418675000001
0.17593268645
0.1756420143
0.17493120410000002
0.175976246
0.1749510814
0.17512952315
0.17546971485
0.17593995645000002
0.17559680005000003
0.17521334265000002
0.17432240675
0.17387496225000001
0.17407742669999998
0.17338848355
0.1738485981
0.17410664185000002
0.17375987850000002
0.17456930355
0.1746346721
0.17435882975
0.174550699
0.17578048554999998
0.177074795
0.17696670870000003
0.17721450555
0.17734700984999996
0.1764879694
0.1758959643
0.17581233754999998
0.1741284829
0.17418643414999999
0.17300442935
0.17325173209999997
0.17425810820000004
0.17413723360000005
0.1745527383
0.17503937385
0.17381523190000003
0.1729519723
0.17341134809999997
0.17371677835
0.17343777485000003
0.1736124799
0.17441145049999998
0.1743506935
0.17426490094999997
0.17522520015
0.1753916241
0.1748695254
0.1760607718
0.1761782963
0.1771393209
0.17740369305
0.17717149415
0.17680789165
0.1765737163
0.17599189785
0.17703569749999998
0.17776686805
0.17799221745
0.1774146433
0.17663574755000003
0.17519778645
0.17416024160000002
0.17434659484999998
0.1738258142
0.173408532
0.17308246904999997
