0.4448925820000001
0.41938195308
0.40766185967999996
0.39733755896
0.38489753567999996
0.3783151976
0.3728265682
0.36717684936000006
0.36346610919999994
0.3606322472399999
0.35957943196
0.3559729334799999
0.35078084348
0.34996383504
0.3488817420000001
0.34821501332000004
0.34792658076000005
0.34516312664000004
0.3441767816800001
0.34242021464000005
0.33948028928
0.34364012887999995
0.3437428498800001
0.34235855888000005
0.34105818872
0.34021083255999995
0.34167004912000004
0.34322961327999996
0.34222872371999996
0.34634978324000004
0.34709367436
0.34619519483999994
0.34733469947999995
0.34816227556
0.34898874428000004
0.3494270831199999
0.3508573584
0.35564276735999995
0.35346396975999994
0.35013624031999996
0.35238859355999996
0.35103038651999996
0.35121298728
0.35218285083999995
0.35376075696000003
0.35526511596
0.35564018324
0.35451103928
0.35538605496
0.35337840363999995
0.3539483779599999
0.35199731411999996
0.34979989603999995
0.35040342871999997
0.35012687207999993
0.35158985452
0.35363345679999997
0.3502199014399999
0.3492825608
0.34704418848
0.3471593377600001
0.34596876091999995
0.34476333628
0.34532490175999997
0.3503878414399999
0.35092012312000004
0.35045603412000004
0.3513131051200001
0.34981893492000005
0.34615805444000003
0.34470795144
0.34647451456
0.34856412416000004
0.34981167524000006
0.3509402116400001
0.35058067556000005
0.3491064608800001
0.34841108348
0.34812487428000005
0.3483720788
0.34833970736000003
0.34818472139999995
0.35066971360000004
0.35199797864000004
0.35235985136000003
0.35371767923999997
0.35402909992
0.3545376949600001
0.35348966056000003
0.3524380508
0.35071753732000005
0.34971438931999993
0.34880004112
0.35070274648
0.34982619948000004
0.34890326132
0.34825562167999996
0.3463749282
0.34516170259999995
0.3462517645199999
0.3466670681199999
0.34775697195999994
0.35045625203999997
0.34827068104
0.34595236987999994
0.3463504624
0.34826238675999993
0.34889847048
0.34643839039999996
0.34683489047999994
0.3431415481599999
0.33874636199999997
0.33793985212000005
0.33809288944000004
0.33849570672
0.33785302984
0.33955178771999994
0.33857030031999996
0.33814362996
0.33671910600000005
0.33882155184000007
0.33920225112
0.33780967224
0.34032468868000004
0.34057687364000006
0.33901305092000006
0.3409457658
0.3397024886000001
0.34062800840000007
0.34240904680000006
0.34301458271999996
0.34265780564
0.34025498043999997
0.33942610811999996
0.33934005608
0.33773107839999994
0.34048734267999997
0.3414290214
0.33852166591999994
0.3370575394
0.33692068667999997
0.33682798552000004
0.33758301007999997
0.33603593719999997
0.33959439512
0.3381479598
0.3350911025599999
0.33721792236
0.33355120815999995
0.3340277852
0.33591301636
0.33492383835999995
0.33692880284
0.33801448176
0.33732609216
0.33822062232
0.33722887047999994
0.33856497647999995
0.33986262867999995
0.33834626444
0.33858636344
0.33918911292
0.34056707531999997
0.34392188036
0.3448385684
0.34582117784
0.34676824004000006
0.3466765580400001
0.34865440304000006
0.34630929631999996
0.34735872212
0.34977255928000006
0.3514769872800001
0.3514233580400001
0.35025296204000006
0.34993869472000005
0.35028220096000007
