0.5992321197599999
0.58114260804
0.57511796744
0.5632701811599999
0.5487230459999999
0.5396094326399999
0.5359990111199999
0.5316939507199999
0.52944103392
0.5274447946399999
0.5267936244399999
0.5225660272
0.51137686472
0.5086977248800001
0.50343783824
0.5043209752800002
0.50640146504
0.5029877679600001
0.50101619292
0.49769655140000013
0.48819435672000006
0.49448652328000003
0.4943233866000001
0.4912974076400001
0.4869736882400001
0.48553383872000005
0.48665559724000007
0.48783717028000007
0.48486076056
0.49438856204
0.49710705392
0.49196137256
0.49156086272000005
0.4932955299199999
0.49426432279999993
0.49507132156
0.49876043848
0.50855099656
0.50572099032
0.49951667235999997
0.50307240192
0.49960404420000004
0.4994739708
0.5035170216
0.50784413644
0.5136005452800001
0.51652648184
0.51315054572
0.5161890865599998
0.5155219076800001
0.5186869915600001
0.5186694155200001
0.5176637579599999
0.5234067153999999
0.52461539072
0.52565457932
0.53368285932
0.5310079246400001
0.52937436548
0.52437372508
0.52537201044
0.52305398708
0.5208492993599999
0.5212346543199999
0.5323327682
0.5345422935599999
0.5328719672799999
0.5340719136
0.5298347528399999
0.5208500457599999
0.5201668474
0.52508586668
0.53199254
0.53365355888
0.533587472
0.53043683812
0.5249192066
0.522894811
0.52032770036
0.5196053873600001
0.5181665517599999
0.51634808536
0.51793397584
0.5209322462399999
0.52074474916
0.5221951042
0.5219198709999998
0.5218632319999998
0.5192993696799999
0.5194536801199999
0.5173878599599999
0.51894749
0.5168689437999999
0.5207602163199999
0.5193053118
0.51535080572
0.51195335996
0.50614004584
0.50375669
0.5068700526
0.50725167888
0.51139344748
0.51474612672
0.50703831784
0.50301775976
0.5042325051200001
0.5103644483600001
0.5109420506800002
0.5060758511600001
0.5102613336000001
0.5043446418000002
0.49398746216000006
0.49275670560000007
0.49372932160000005
0.49160572628000004
0.49030756352
0.49179222068
0.49023636832
0.48946498356
0.48383083355999995
0.48840950516
0.48968917796
0.48761771843999996
0.49045718344000006
0.48930021948
0.48602359264
0.48672112864
0.48459006035999996
0.4898118274
0.48973357244
0.4898679423599999
0.48907749247999993
0.48615382712
0.48567347232
0.48378468256000007
0.47859769556000004
0.48514774132
0.48830878828
0.48376311052000004
0.48437622248000006
0.48450881804000007
0.48457697892
0.48633702028000003
0.48614072647999995
0.4967781946
0.49739457447999996
0.49116942091999993
0.49566055452
0.48869745208
0.48935437027999995
0.492346248
0.4920901181600001
0.49565132056000005
0.49753631564
0.49810371412000004
0.50243333292
0.49924633132
0.50129441848
0.5033620046
0.5015915086000001
0.50262983352
0.50628726764
0.51258317892
0.51870910156
0.5196385032399999
0.52159972376
0.5223542764400001
0.52283943116
0.5229082667599999
0.51683490772
0.5152537475200001
0.51837056812
0.52047793324
0.52104316828
0.52079776984
0.52020860192
0.5191902275200001
