0.2506672322800001
0.21762074488000008
0.20973972392
0.20028457071999997
0.18980274543999992
0.18724118507999993
0.18473227731999994
0.18250943543999998
0.1795081136
0.17805332888000003
0.17817079952000003
0.17766413632000003
0.17712644676
0.17608065396
0.17528287072000004
0.17535419216
0.17554059036000003
0.17502829376000004
0.17385497196000002
0.17335118004000005
0.17281956732000003
0.17311014364000002
0.17241887416
0.17172550388000002
0.17126335664000003
0.17107617147999998
0.17118333400000002
0.17181503272
0.17224087963999998
0.17290410516000002
0.17304380396
0.17339963428000002
0.17377607024
0.17349004652000002
0.173468969
0.1732084128
0.17260677160000001
0.17201665663999996
0.17131862988
0.17057680744000003
0.17045513771999998
0.17046741143999994
0.17051438844
0.17076370464
0.17165034168
0.17215427828
0.17180649128
0.17264425519999996
0.17258101843999998
0.17230970252
0.17305632240000002
0.17269897924000002
0.17197359596000006
0.17147889396
0.17121700439999998
0.17167491875999996
0.17136553107999997
0.16989610875999997
0.16996748088
0.16985559215999999
0.17032940283999998
0.17064267724
0.17076183128
0.17086304312
0.17173418827999998
0.17223507503999994
0.17267124899999994
0.17281797547999997
0.17284219415999996
0.17144435335999997
0.1712040926
0.17130026316
0.17139188687999998
0.17201498647999997
0.17232874140000004
0.1724881492
0.17235622112
0.17209652007999998
0.17301563268000003
0.17299774400000004
0.17296860992000002
0.17356397896000003
0.17493115000000006
0.17489368636000005
0.17468113184000003
0.17468384636
0.17463466072000003
0.174271971
0.1747017406
0.17466513288000005
0.17389132656
0.17368110432000003
0.17310746104000002
0.17405435212
0.17490112524000004
0.17510946080000003
0.17533737276
0.17515532712000004
0.17560177008
0.17594894176
0.17645573112
0.17647556972
0.17681698336
0.17661851735999995
0.17652462907999997
0.17631900779999998
0.17593983604000002
0.17592935480000005
0.17591392792000005
0.17606268216
0.17512410692000002
0.17439525511999998
0.17552711036000004
0.17523863164000006
0.17519335276
0.17583728272000002
0.17611654412
0.17639230583999999
0.17605389056000004
0.17540669628000002
0.17552561148
0.17525733988
0.17453987432
0.17431797536000002
0.17398456052
0.17295610808000003
0.17389272108
0.17441158148
0.17420233335999996
0.1746489562
0.17530264208000002
0.17600754356
0.17590656668
0.17589488667999995
0.17632481147999995
0.1765140468
0.17688835228000002
0.17626117908000002
0.17539581176
0.17465222507999997
0.17355338308
0.1731067604
0.17346892083999996
0.17345708812
0.17416882575999998
0.17388763736
0.17368296524
0.17406237248
0.17385253336000006
0.1743370654
0.17504495915999999
0.17524208464000002
0.17572798939999998
0.17588837768
0.17609617304
0.17606981848
0.17554181556
0.17458343244000002
0.17447282476
0.17371725423999998
0.17407446427999995
0.1743129434
0.17455624612000004
0.17560061512
0.17607865148000001
0.17627761215999996
0.17671013756
0.17686938036
0.17693652044
0.17662658939999998
0.17632205811999999
0.17634812828000002
0.17669460484000002
0.17663657508
0.17618340171999997
0.17604642419999997
0.17511780687999998
