0.5386165613666666
0.5179041222666666
0.5116728934666667
0.5059950342
0.5021166090666667
0.49824276230000003
0.4985621788333333
0.48436903883333327
0.4813801357666666
0.4754990395333332
0.47221246906666653
0.4703560050333333
0.47111679046666655
0.4679981307666665
0.4670557152666666
0.46716148416666664
0.46199992846666665
0.45707211736666664
0.45581523296666665
0.4526693447333333
0.4492553046666667
0.45960863096666665
0.46314267923333335
0.4569597396666667
0.45513155713333325
0.4518348292666667
0.4448242161333333
0.44543016099999994
0.45057011266666663
0.4590492261333333
0.46351664653333324
0.47025241856666666
0.46765070856666663
0.46502400029999996
0.4568803116666666
0.4573307734333333
0.45708733993333334
0.4654278571666666
0.4662950101666666
0.47150590753333327
0.47489979979999997
0.4708091243666666
0.4671096914333333
0.4693542196666666
0.4674290641666667
0.47187792869999995
0.4762804977
0.47887511746666667
0.47798180260000006
0.4796799778333334
0.4791999038
0.47590188993333343
0.47290677976666673
0.47854438623333345
0.47707965023333343
0.48031645096666675
0.48817927796666677
0.48364679726666676
0.4799490059666667
0.4781294501
0.4788541052333334
0.47457831156666674
0.4770830183333334
0.47759269930000003
0.4813015559333334
0.4809225986
0.4820252973666666
0.48216985036666654
0.48340145489999997
0.4787305486666666
0.47757745459999995
0.47672534879999995
0.4798392834333333
0.4753043576666667
0.4777601801333334
0.4743186227333334
0.47091488430000006
0.4708290689333334
0.4749107566666667
0.4727417843000001
0.4756725874000001
0.47852146020000014
0.47673009030000013
0.4726541683000002
0.4746590212666668
0.4735340213333335
0.47163787170000016
0.47436013293333346
0.47718332366666677
0.47261501580000004
0.4687706077333334
0.4693525749666667
0.4648480777333333
0.46708947313333327
0.4706004091666666
0.4709484883333333
0.46975544333333324
0.4717861595666666
0.4612798865333333
0.46070588043333327
0.4602443092666666
0.4639759277666666
0.46579764503333326
0.4686135111999999
0.4691491505333332
0.46882219539999986
0.46575829823333326
0.4610913104999999
0.45576804859999986
0.45639195933333326
0.4528714267999999
0.45263661383333326
0.45366514446666656
0.45768202883333325
0.44938221209999996
0.4498972765333333
0.45076393276666665
0.4461925445
0.4482488032333333
0.4521238284666666
0.45224263233333334
0.45362072023333333
0.4575926728333333
0.4517775693666666
0.4493396031333334
0.44847550690000004
0.44880270143333334
0.4452315948333333
0.45178965736666665
0.4541246563333334
0.44951626549999996
0.4471857732333333
0.4442091953666667
0.43846965479999994
0.43674748809999997
0.43764903393333326
0.44425011666666664
0.44793017986666667
0.4510058383
0.45091982966666666
0.4528389553333333
0.44777101143333325
0.4477153395
0.4450929882
0.45320493079999996
0.45309017953333336
0.45317417120000003
0.46107580523333336
0.4542218484333333
0.45261153460000003
0.45703920686666677
0.4548128719
0.45490264420000004
0.4601071705333334
0.46071538070000007
0.4565513128666667
0.45735563209999996
0.4604320294333334
0.46012877476666675
0.460267181
0.4658606706
0.4687042063666666
0.4701959027333334
0.47738683963333334
0.4732411401333334
0.4743642079999999
0.47158184750000004
0.47177786726666665
0.46991983693333333
0.4705790698666667
0.4696790484666666
0.47381170669999995
