0.6546352954000001
0.540763808
0.5099435204
0.4856932834
0.4615419252
0.4494350812
0.45500047759999995
0.4234358822
0.40833307139999997
0.3901369492
0.3808431556
0.37036923219999995
0.38679730619999997
0.382907401
0.39312302839999996
0.4075588678
0.36744032779999997
0.3470415534
0.3458530402
0.34062794119999995
0.33199051
0.3633359198
0.3710910362
0.3639009988
0.3390578344
0.32174837339999995
0.30798688360000004
0.30751846879999994
0.31633603460000004
0.340215483
0.355756253
0.37073230399999996
0.3414558528
0.3408217006
0.331384423
0.3240210624
0.33013746859999993
0.358708722
0.3539721342
0.3608153916
0.3638852476
0.34600806840000004
0.3399401696
0.3367619262
0.3338178116
0.33564322640000005
0.35348552099999997
0.3685248532
0.363251823
0.36551580699999997
0.3561625824
0.3306126122
0.3280438998
0.3460037938
0.35341028820000003
0.3674232968
0.3940431218
0.3829961922
0.36733017160000003
0.3371219032
0.3388286146
0.3310026092
0.3365598216
0.3475665396
0.37893797479999997
0.37826785960000003
0.369057052
0.3564304296
0.35277794679999996
0.33190604500000004
0.32905953639999996
0.3352711754
0.344969137
0.3383386918
0.34925814920000003
0.34436996519999996
0.33879332560000003
0.33014392680000004
0.34039945420000006
0.3379968702
0.345270713
0.3557196424
0.35571336639999995
0.34754187639999995
0.35384016799999995
0.3576325414
0.3534389752
0.36930866580000005
0.3700367054
0.3577890398
0.34720700120000003
0.3491494542
0.3426855248
0.3527416484
0.355816831
0.358423157
0.348430907
0.34420393359999996
0.329904687
0.336417485
0.3331651242
0.33418462819999994
0.3414370774
0.359764976
0.357935733
0.3721605724
0.38494153499999995
0.3750532732
0.355000286
0.3542311652
0.3426318318
0.33186542220000004
0.3406203966
0.356102135
0.3447297832
0.3381356212
0.341855616
0.3305599602
0.325036429
0.3379446562
0.347242191
0.3459376584
0.3646105528
0.3454495792
0.33492051180000004
0.3315820956
0.3367117022
0.3336481696
0.3506035228
0.36234833600000005
0.35611600120000003
0.33736141119999996
0.32026018139999995
0.3132727812
0.31253524639999997
0.3161892402
0.3358925508
0.3437726376
0.3563558376
0.33584677960000003
0.34297823120000004
0.34010793300000003
0.32675681980000004
0.3359417226
0.3572334944
0.3481996864
0.35465523179999997
0.3740746346
0.34696617780000005
0.3440813776
0.35158975459999997
0.34527190139999997
0.3364106288
0.3445940214
0.3470033824
0.32969847960000004
0.32650909640000003
0.3261303862
0.3087505702
0.301122663
0.3121372816
0.317595765
0.324542581
0.343927194
0.34853105819999997
0.34911459679999995
0.3314235182
0.3249313812
0.32351807740000005
0.3294004448
0.33702496919999997
0.3538189108
0.372629037
0.3692825458
0.3605729124
0.3631277844
0.356797062
0.344591497
0.35383475600000003
0.35210424380000005
0.3315271852
0.33631030860000005
0.3361408804
0.3290468286
0.3335841828
0.34831135360000004
0.3554914006
0.3550899946
0.3675898074
0.3558846978
0.3568023182
0.34644511440000003
0.3489335274
0.3373628524
0.3491187734
0.34992483220000004
0.3563671192
