0.4822214312
0.3278543476
0.300517903
0.27290254319999996
0.23166460519999998
0.22204605360000002
0.2170273212
0.20835651460000001
0.1984691916
0.19558277779999997
0.1953361276
0.18819091299999996
0.1872745026
0.18363305600000002
0.18000866620000003
0.1805492166
0.18085331619999997
0.1788632058
0.1773758022
0.17722514439999998
0.1731833324
0.17417782639999996
0.17368649360000002
0.1690422606
0.1645325336
0.16509119519999998
0.1634120098
0.16436646060000001
0.1690202576
0.1729175224
0.17669412580000002
0.1816866162
0.1814415712
0.1813318934
0.181730487
0.18125309080000002
0.1775731832
0.17678373760000002
0.17250464599999998
0.1703502128
0.16787609239999998
0.1687010826
0.16581610779999997
0.16672846179999998
0.16678602739999998
0.1644663532
0.16454377820000002
0.1706672864
0.1716191394
0.1727362762
0.1749293576
0.1744935112
0.17417164820000003
0.175266092
0.1757418416
0.17751717
0.17772230279999998
0.1726445032
0.1704748102
0.16726967920000002
0.16748671539999999
0.1668763824
0.16927239659999999
0.16973001979999996
0.175717884
0.1763717952
0.1753964818
0.1764654416
0.1758150308
0.1700828316
0.1689765738
0.16900621799999999
0.1673139902
0.166108517
0.16727278560000003
0.1680223394
0.16782627040000003
0.1637842122
0.1677090266
0.16893478039999998
0.1707895904
0.1741080336
0.1769731158
0.17495262139999998
0.1766626598
0.17701507640000003
0.1770192412
0.17955311759999998
0.17962577500000004
0.17426870940000003
0.171216883
0.16854155259999998
0.16933499859999998
0.1716789924
0.1745047718
0.1753968568
0.1742860078
0.1708371562
0.171111748
0.17061779859999998
0.170424643
0.17386505959999998
0.1779573618
0.177099295
0.17735171959999999
0.17936577259999997
0.17946144239999998
0.17367722079999998
0.1739928926
0.17658266500000003
0.1730524774
0.1722514592
0.1737305678
0.17638883260000002
0.17544867120000002
0.17730755420000002
0.1768228948
0.17957432899999998
0.1794160822
0.17974385439999999
0.1821282084
0.1799769926
0.1791454374
0.1761954844
0.1734962352
0.1697410264
0.1711863912
0.17351921900000003
0.1735763478
0.175041985
0.1733912682
0.17173853779999998
0.17166599859999998
0.17061641119999998
0.17223601800000002
0.1766183564
0.1808579042
0.1780565452
0.18046512720000002
0.1765153888
0.175749198
0.1725268736
0.1703121714
0.17073650619999997
0.1726331756
0.16928069139999996
0.1731538986
0.1785039732
0.17561727440000002
0.1768182136
0.1814736964
0.1817605036
0.180994145
0.1820391144
0.18342126139999998
0.1794482918
0.1761425814
0.17343906059999997
0.1681210366
0.163873086
0.1618150378
0.1619499448
0.164095254
0.170771509
0.17409839219999998
0.1774204694
0.1754078978
0.17327942960000003
0.17271373240000001
0.17347437379999997
0.17506730040000001
0.1809494956
0.18683205779999998
0.18579649599999998
0.1856137518
0.186597993
0.1832591582
0.17527136019999998
0.1749613498
0.17152666740000003
0.16947152080000003
0.1699982206
0.173303129
0.1737599884
0.1756800722
0.1728307772
0.1739359156
0.17566092520000004
0.1774510356
0.1768380818
0.17764269920000003
0.1735978514
0.17240555200000002
0.1712140056
0.17125843540000002
0.17368913079999998
0.17479788859999998
