0.4858254231
0.43267337040000003
0.3953958494
0.3680654499
0.3455508932
0.3386766887
0.41851550889999994
0.4344944036
0.44989540310000004
0.487174685
0.48555457310000005
0.4769233304000001
0.4760567792
0.4683834728
0.4482119279
0.42202226940000004
0.4232801934
0.44308139449999995
0.4470918113
0.42775248160000007
0.44748599690000007
0.4447204161
0.41981763360000013
0.39451302120000004
0.386006728
0.3946591435
0.3955537619999999
0.41056632989999997
0.41348407299999995
0.4000656263
0.39132057760000005
0.3807078023
0.38196723090000007
0.3915315944
0.3899338533000001
0.3791047389
0.3695470032
0.35931329640000004
0.3642553096
0.3676019346
0.3444496165
0.3628611717
0.36630097429999997
0.35812793219999994
0.34430141589999996
0.32185901659999994
0.3084206327
0.3106505215
0.32670043930000003
0.34298359040000004
0.3596610176
0.3410884588
0.32265702100000004
0.3132011197
0.3198024059
0.3279447052
0.3388915674
0.34399315640000006
0.3354325751
0.3298208307
0.3270593914
0.3262571515
0.3309707562
0.32843501379999995
0.3107537084
0.29243064770000005
0.2677010840000001
0.25665033870000004
0.2590059055
0.2639879605
0.26353926320000004
0.256461558
0.25669865989999996
0.2629941138
0.27162843769999995
0.28448808059999997
0.30013075149999996
0.30229457509999996
0.3056914733
0.3120508488
0.3271280648
0.33665776540000003
0.3214525935
0.2991596368
0.2849364685
0.27455090919999997
0.26085955250000004
0.2515779666
0.24900920789999997
0.23696865559999997
0.22571320849999998
0.2421051614
0.25777032980000003
0.274358767
0.28739506410000004
0.2910855251000001
0.29933243190000003
0.30807070770000006
0.2927125208
0.2787478594
0.2614977385
0.2352957356
0.2327570776
0.22891741470000002
0.22826101790000003
0.2371471432
0.2365584578
0.23544487909999998
0.24277410719999998
0.25384153169999996
0.2663575089
0.26862947769999995
0.2650851461
0.24821052700000004
0.23106956100000003
0.2207818459
0.2198172305
0.21490531319999998
0.2203901807
0.2217657489
0.21909841659999998
0.22317372010000006
0.21937690549999997
0.23288739310000003
0.24334145340000002
0.2368287965
0.22633285239999998
0.21957532140000002
0.20987576950000003
0.21022071150000002
0.21359868190000003
0.2157028521
0.2160904232
0.2129619102
0.2140465915
0.2217420218
0.2246137944
0.22181749769999998
0.2147911815
0.20852728070000004
0.20751260780000003
0.2064502171
0.2088889594
0.2063549921
0.202040036
0.203697565
0.20431671180000005
0.20662455360000004
0.21334034390000003
0.20891628229999998
0.2003167108
0.190561234
0.1853964431
0.189673417
0.18820494580000002
0.18382008560000002
0.18323542020000003
0.18439205430000002
0.1869383931
0.19359832259999998
