0.47295533103333326
0.45143903896666665
0.43042342073333334
0.4103206479666667
0.39325651636666664
0.38511936719999995
0.4124498214333333
0.42938070933333333
0.4368237624666666
0.4383309309666667
0.44145371586666665
0.4341171829333333
0.42594721456666657
0.41814269613333327
0.4080508363999999
0.3985953839333333
0.3961269861999999
0.4043203402666666
0.40827706463333335
0.3984733475
0.39441873033333336
0.3960964633666667
0.3893619462666667
0.38139084926666666
0.3734139990666666
0.365207633
0.35784046596666663
0.3601767159333333
0.36814660729999993
0.3702170504333332
0.3651437372333332
0.3615524775999999
0.3569750754
0.3542868820999999
0.3513458917000001
0.34296948690000006
0.33895306776666684
0.33798565810000014
0.34212944133333345
0.34680211856666676
0.34372334183333336
0.34340226066666674
0.3399762505
0.3332546885666666
0.32495251006666664
0.3140781231666666
0.30500442803333333
0.3037646722
0.3070463066333334
0.3122641271999999
0.31675322406666667
0.3079357227666667
0.3034421457
0.3015434157666667
0.30072818399999995
0.3016211445
0.30224113429999994
0.3009793567333333
0.3000433179666667
0.3019532133333333
0.30590890646666674
0.3064588249666667
0.30304066986666667
0.29686292146666665
0.2891062048666667
0.2838232125
0.2762304626666667
0.2701742934666667
0.2712355289
0.27100248829999996
0.2721268455
0.2784081615999999
0.2786405277333333
0.27883750586666667
0.2813199901
0.2833748383
0.28677424529999995
0.2873144164666666
0.2824710673333333
0.2759224546
0.2714463372666666
0.27135288746666664
0.2706600003
0.26747860616666663
0.26686418349999996
0.26759452583333326
0.2655834807333333
0.2650311844666666
0.2614986119666666
0.2565193489
0.2511894853
0.24867679156666667
0.25187085116666663
0.2504955695666667
0.2489085476666667
0.2496715047333334
0.25190270673333337
0.2528069666666667
0.2519589362333334
0.2514517133333334
0.24898455466666666
0.24236631113333332
0.23907304306666663
0.23667177826666663
0.23422401076666663
0.2315859285333333
0.22756951356666663
0.22330850456666665
0.2243466858
0.22860933069999995
0.23301820246666663
0.23583534996666666
0.23351749159999996
0.23135327676666667
0.2294858686333333
0.22645088806666666
0.22358795909999996
0.21876604409999995
0.21501904389999998
0.21350458036666667
0.21340323543333328
0.21510892976666665
0.21478542936666664
0.2174014318
0.2198093603
0.22075612776666667
0.2184211195333333
0.2160057909
0.21266909829999997
0.2092214248333333
0.20714266683333327
0.20423810106666665
0.20345860856666664
0.20299677309999992
0.2014305244333333
0.2030865574666666
0.20405530879999997
0.20427803519999993
0.20502330616666667
0.20368062853333332
