0.6896803906666666
0.6594098832666666
0.6103432053333332
0.5564864073999999
0.5329843008
0.5107596162666667
0.5588898470666668
0.5945039775333334
0.6211859768
0.6391135944
0.6471231395333333
0.6476947804666666
0.6212758586666666
0.5862298351999999
0.5578064398000001
0.5371918850666667
0.5347008047333334
0.5533680752
0.5774186662666666
0.5747232146000001
0.5858139730666667
0.5921404322666667
0.5786275433333333
0.5527797551333333
0.5217366640666666
0.5089106678666666
0.49200633019999995
0.5025098772
0.5227150602
0.5331824409333333
0.5373000605333333
0.5424179679333334
0.5400608491333334
0.5273225167333334
0.5095259443333334
0.48073371793333336
0.4743391430000001
0.4738947564666666
0.48264370913333327
0.49754563333333335
0.4949760044
0.49927386686666675
0.49895238980000006
0.49227123733333333
0.48537652160000005
0.47026192193333327
0.4543003261333334
0.4486915622666666
0.45813341026666665
0.4703211464
0.48753704786666674
0.4878254229333333
0.48793806319999994
0.48276222093333326
0.4784269147333333
0.4764914114666666
0.46660493100000006
0.45965291939999997
0.4507095994666666
0.44284482926666663
0.4404993429333333
0.4414922692666666
0.4417425840666666
0.43945005713333324
0.43783260026666665
0.42975608539999993
0.4112893895333333
0.4044503514
0.406440515
0.40571673580000006
0.4074977368666667
0.41390640806666673
0.4149029182666667
0.41918853473333334
0.4309115245333333
0.44407838139999994
0.44432535346666663
0.4286690548666667
0.41738124846666663
0.40629886553333333
0.40129924313333337
0.4052825449333334
0.4007639276
0.3994859318
0.39752088713333333
0.3973852230666667
0.40317142100000003
0.3971592654
0.3934174668
0.38340057653333337
0.37149915566666664
0.37444423813333333
0.3858276238000001
0.385674683
0.38318651899999995
0.3824141758
0.3772916822
0.37837778326666666
0.3717148403333333
0.3720499543333334
0.36975055886666663
0.36069801486666664
0.36340914506666666
0.36080177966666666
0.35841751620000006
0.35875094106666666
0.3511346540666667
0.350824809
0.34587389180000006
0.34218543446666666
0.3433462362
0.34949775600000005
0.3491583118666667
0.35350826300000004
0.3529440886666667
0.3483669935333334
0.3447119188666667
0.3360602108000001
0.33479099340000007
0.3336367931333334
0.3245999635333333
0.32365345819999997
0.3203463141333333
0.326153429
0.33591404666666674
0.3417077564666667
0.3415084196
0.3356812129333333
0.3274530777333334
0.3239118120666667
0.32122598746666664
0.3177765915333334
0.31685976660000004
0.3112003338666666
0.31054974020000004
0.3179716245333334
0.32247531226666665
0.3251461108666666
0.3225962928666667
0.31506581333333333
0.3074370417333333
0.30185239646666673
0.3003440669333333
0.30086379826666665
0.2961606646
0.29430694133333335
0.28992922246666664
0.2904190096666666
0.2944353559333333
0.2912760002
0.2869929417333334
0.2837554816
0.2796369456
0.28253091446666667
0.28713922793333335
