0.6134361378666667
0.5970553439999998
0.5818556402666666
0.5669525368333332
0.5538537577
0.5482867946666666
0.5755151396666668
0.5865657604333333
0.5869828659666667
0.5804251292333333
0.5780169037
0.5698505553333334
0.5618928679333334
0.5544724477
0.5454944403666668
0.5372459728000002
0.5385593863333333
0.5467144621666667
0.5523705915
0.5421245794666666
0.5332738455
0.5332397876333334
0.5262611499000001
0.5177117321333333
0.5096411486999999
0.5019433361333333
0.4956400985333333
0.5007311335
0.5074931487666667
0.5092794812666667
0.5037809912333334
0.49835914703333345
0.4943762057000001
0.49272796350000014
0.4899235453666667
0.4841353829000001
0.4810822829666668
0.48091640983333334
0.4827029650333333
0.4879862740333334
0.48573370793333337
0.48293939893333343
0.47930265460000004
0.4714904184
0.46411067543333334
0.4553806324333334
0.4478962977
0.4452170731666667
0.4487917337000001
0.45407687333333335
0.4586465666333334
0.4495574062333334
0.4461942072999999
0.44460136796666666
0.44207182526666666
0.44199457416666665
0.44025566953333334
0.4372779188333332
0.4349490670999999
0.4368781768999999
0.4422888621666666
0.44290881136666654
0.4352058194666666
0.4284156527999999
0.42206573289999993
0.41552766426666654
0.40828596723333327
0.40260713949999993
0.40296322339999996
0.40161881146666667
0.4024414799666667
0.4085389145333334
0.40603109183333336
0.4063030007666667
0.4071560505333333
0.4077887685333333
0.40938479580000003
0.40724833933333326
0.4015279657333333
0.39474269226666675
0.39185670946666673
0.3912871135666666
0.38957085543333325
0.38560038606666674
0.3847854207333333
0.3835678909666667
0.3819347179333334
0.3802842052333334
0.37710962323333336
0.3709090463666667
0.36512504836666665
0.36278944609999997
0.36832621639999996
0.3657742873999999
0.36268597673333325
0.36288020599999987
0.3633947190999999
0.36376804756666653
0.3626115516666666
0.36249702149999996
0.3590587762
0.3527049668666667
0.3497346779333333
0.34779638653333333
0.34602715466666667
0.34167545229999996
0.33739405613333334
0.33558556156666663
0.33601366039999997
0.3390497405666667
0.34252699633333333
0.34550308780000005
0.34241976240000016
0.3404806703666668
0.33842795036666673
0.33479649050000015
0.33124425520000006
0.32645998870000004
0.3229956636333334
0.32209326666666666
0.3212857940333333
0.3230643852333333
0.3227462125
0.32437486093333334
0.32548993000000004
0.3245723991
0.3216804080333333
0.3180126399333333
0.31415843799999993
0.3100362383333332
0.30776646439999994
0.30385290700000006
0.30363938813333335
0.3028178449
0.30091287020000007
0.30248228313333336
0.3031153969333333
0.3023915282333333
0.3025636036666667
0.3011025206333333
