0.6303783472000001
0.5990651065
0.5779003612
0.5623910127999999
0.5480978265
0.5491586902
0.6200170213
0.6258564777
0.6074802956
0.6256215636000001
0.6211229730000001
0.6083674677
0.6035139354
0.5966372679
0.5844274527000001
0.5665424705000001
0.5814924523
0.5942993412
0.6070061545
0.585331035
0.5888070933999999
0.5837334578
0.5641526241999999
0.5418293298
0.5290359939
0.5291592233
0.5250359454
0.5395414624
0.5464621478
0.5303227891
0.5241206447
0.5174507405
0.5180120442
0.5249507454000001
0.5230198745
0.5160362246
0.5091497613
0.5063025828999999
0.5036434721999999
0.5107199143
0.48689379839999997
0.4985351646000001
0.49661878130000003
0.4863551212
0.47686757770000004
0.46063456049999996
0.4527345889
0.4563493552
0.47237382629999997
0.4867957404
0.5003285306
0.479091536
0.46849779159999994
0.46687802389999994
0.46988318390000006
0.47573536359999996
0.4813624987000001
0.4800972914
0.4720915966
0.4664431673999999
0.4699787948
0.4711914962
0.4727913909
0.4612381100999999
0.44558126470000003
0.4297719732
0.4095918055
0.3992045729
0.4019097782
0.4089917122
0.40563237449999995
0.39838918650000005
0.39729343939999995
0.40568796989999995
0.4107510272
0.42047638569999995
0.4298127043999999
0.4325318922
0.43084582650000003
0.43519965110000003
0.45125541720000006
0.4591457514
0.4355326281
0.4183208784
0.40986490679999993
0.39633463390000007
0.38545339180000004
0.3760849534
0.37613406549999995
0.3606650711
0.3504366482
0.3680818057
0.385267208
0.394900154
0.40085221759999995
0.40655528599999996
0.4128882912
0.4131281724
0.39760400519999994
0.3883633546
0.373878063
0.3466337836
0.3479127302
0.3435801258000001
0.3436391378
0.347813753
0.3474624708
0.35163948990000005
0.357590799
0.3636987134
0.3710604339
0.373652749
0.37179871099999995
0.3588425824
0.34356657479999997
0.334271579
0.3298333953
0.32653648040000005
0.3326398508
0.33542899649999997
0.3322378317
0.337828368
0.32949259259999997
0.3409664514
0.3508757514
0.3429410249
0.33488630230000005
0.32858071440000003
0.31781033140000003
0.3180215118
0.3242827234
0.32502814640000005
0.3259679836
0.3216329773
0.32084152489999995
0.32717686760000003
0.329013068
0.32426277130000003
0.3185368087
0.31282929169999996
0.307336827
0.3063366413
0.3127780613
0.31052515410000003
0.3047525137
0.3035993048
0.3011418538
0.30119443409999996
0.3061281739
0.2992579115
0.2916798428
0.2801939333
0.27217211950000003
0.2762954033
0.27714457200000003
0.276670677
0.27919126899999996
0.28171737929999996
0.28302582839999996
0.2912203587
