0.71098123568
0.70196458684
0.67849855048
0.6550787517600001
0.63479098104
0.62455741652
0.6529760725599999
0.6652105472800001
0.66888624256
0.66827766596
0.66853837268
0.6647630834400001
0.6532062571600001
0.63715080832
0.61352706512
0.6002630996
0.5994027477599999
0.61069509804
0.6286282371199999
0.62602713232
0.62736469508
0.6271229636400001
0.6191024513200001
0.6024994814000001
0.58667329408
0.5682133034
0.56125276152
0.5685271617600001
0.5747242644
0.57775349688
0.57607459616
0.5764837142
0.57658024728
0.57372386792
0.56889676948
0.55697819248
0.5458551270800001
0.54309306276
0.54614294588
0.55670899696
0.5579084333600001
0.5619225425200001
0.5601127065200001
0.5526085126
0.54617886776
0.53835464584
0.52830861248
0.52495714908
0.52606228708
0.525920547
0.53172396796
0.5263099948800001
0.52219258956
0.5210106011200001
0.5207197028800001
0.5161964146000001
0.50585981572
0.50051371464
0.49872729924000003
0.49517748332000006
0.49844701020000004
0.5016826389199999
0.50190015892
0.4989910821999999
0.5007056778399999
0.5007108646399999
0.49167487787999986
0.4773607556799999
0.47193082175999995
0.46831166507999994
0.46366593515999993
0.4637530021199999
0.4599623364
0.4619667016
0.4628709172
0.4657391638799999
0.47002601739999994
0.46596782675999987
0.4624578407599999
0.45684012920000006
0.45635182196
0.46068205904000004
0.4562520668400001
0.4493164775600001
0.44559627408000013
0.4404607214800001
0.43302847692
0.42947128200000007
0.4255298586000001
0.41906509092
0.41349816579999993
0.41562791903999996
0.42422390303999996
0.42520277332
0.42425621272
0.42595680108000006
0.4232285452400001
0.4228351821200001
0.41365040292000016
0.4089191258800001
0.40278705412
0.39550980700000005
0.39653577536
0.39703902635999994
0.3975855080399999
0.39596399759999995
0.39379349383999995
0.39115608807999996
0.39235731912
0.39250529380000004
0.38831472464
0.38873626632
0.3859646643200001
0.38453856344000004
0.3838910378
0.38407843403999997
0.38236436508
0.37718984395999994
0.37494121639999994
0.37424904128
0.37090169012
0.37078592668000004
0.3660751343200001
0.3668048623200001
0.36864259844
0.3692448696
0.36956468356
0.36911110380000006
0.3635178794000001
0.35832679596000006
0.35572188948000005
0.3515414653200001
0.35038918576000005
0.34803551424000007
0.3451762325600001
0.3465104729200001
0.34485005844000016
0.3440683627200001
0.34340863504000013
0.33944633988
0.33405182272000006
0.33164180708
0.33281955868
0.33330867348
0.33387046779999996
