0.26298460254999995
0.20984305219999996
0.15887454580000004
0.11688612680000002
0.13780744295
0.12243818945
0.0924012699
0.05565805185
0.014755382750000007
-0.021123689299999995
-0.008122599799999996
-0.0016347317499999987
-6.31366500000001e-5
-0.0015537474999999992
-0.01035066615
-0.004962665100000001
-0.005006705950000001
-0.006931567049999999
-0.007491005849999999
-0.0105072299
-0.014087528749999998
-0.0105528854
-0.0101974196
-0.0098729811
-0.01108537575
-0.009111390600000002
-0.007208419200000001
-0.006862584200000001
-0.00698444575
-0.008021701400000001
-0.011409395999999999
-0.010789892749999998
-0.0079246366
-0.0070714211
-0.001958472549999999
0.0006334700500000003
5.082735000000033e-5
0.00025448169999999973
0.0003882568999999999
0.0005668786000000001
0.0025940106
0.00431404705
0.006341741350000001
0.0069141855
0.007724508099999999
0.007688093200000001
0.0090882051
0.01068351825
0.01110822425
0.0105184098
0.00983656275
0.0095080832
0.011511944799999998
0.01386781505
0.012197863449999999
0.01202799675
0.011934632649999999
0.01196653915
0.0116992952
0.013274802450000001
0.01036352575
0.008856368700000002
0.007996421149999999
0.007066129750000001
0.006884532949999999
0.008380451
0.0076848544500000004
0.005975135349999999
0.0080601759
0.0093441776
0.009454837099999999
0.0085853816
0.005996710600000001
0.00533200075
0.0066983136
0.0076684793
0.00974495755
0.01097617075
0.011982617550000001
0.010045143400000001
0.01067380775
0.010952642600000001
0.0111275553
0.013705728950000001
0.013214980800000003
0.01254407025
0.0117838205
0.012215975649999999
0.009743609949999999
0.010231422250000002
0.01194029265
0.0142822807
0.01469330155
0.014059671300000002
0.0109992407
0.00898722875
0.00804059735
0.007304840900000001
0.006459843550000001
0.006572225899999999
0.006622821350000002
0.006222579000000001
0.004713206049999999
0.006055834299999998
0.00678134745
0.00754387835
0.007330820949999999
0.005756116099999998
0.00674078395
0.007219972849999999
0.005899026849999999
0.0029481946500000003
0.0027418938500000005
0.0022458521000000005
0.0038643246000000008
0.005175279350000001
0.0062225740000000015
0.00780955625
0.0082442572
0.008583428950000001
0.00902661215
0.00912554155
0.01022573555
0.0087116611
0.009438969200000001
0.0084291268
0.008878321
0.01194263115
0.0115678198
0.009308715550000003
0.0099899746
0.009573713800000001
0.009742488450000001
0.0110354084
0.011071441000000003
0.010942771150000002
0.00910506635
0.007670701999999999
0.00788750745
0.008274040699999999
0.00795685835
0.0074995913499999985
0.006335431649999999
0.00509905545
0.004471316749999999
0.005107285499999999
0.0039825918
0.00219885665
0.0016602985500000003
0.0017263057999999999
