0.5229209718000001
0.47657310580000006
0.43366871260000006
0.40066545326666675
0.4389468532666667
0.4288999548
0.39048584566666666
0.3543028552000001
0.31726206766666665
0.2861451685333333
0.29713664913333326
0.2993486534
0.29579745919999995
0.28999099993333327
0.2709447457333333
0.2886934233333333
0.2853397338
0.271668446
0.2651124756666667
0.2540031752666667
0.24561049733333337
0.25409274133333337
0.2518148024666667
0.24814759920000007
0.24246719313333337
0.25186909526666673
0.24920132513333335
0.24295845179999997
0.24140516553333333
0.23257932520000002
0.22477503640000004
0.22093166633333333
0.22502680000000005
0.22433815440000007
0.22684886226666673
0.22444129840000004
0.22213576820000006
0.21965593386666668
0.2105156104
0.20929503066666663
0.20700650960000003
0.20581217013333325
0.20856816679999998
0.20471124446666666
0.20388819593333332
0.2062640909333333
0.20978657059999997
0.211678975
0.21110594053333331
0.20626851386666667
0.20290440399999998
0.1978720312666667
0.19786135086666665
0.20057748473333334
0.19896333659999996
0.19338872973333332
0.18758734586666664
0.18682214839999997
0.1888744704
0.1931997546
0.188629164
0.17956476459999998
0.17430715053333332
0.1716929098
0.17368187659999998
0.17389712986666664
0.17267173693333332
0.16859647473333336
0.16394236106666668
0.16034328066666667
0.15924888313333335
0.15721075653333336
0.15263754920000003
0.1548861114
0.15350111453333334
0.15056040026666664
0.15545306446666665
0.15521559026666665
0.153458987
0.14949713546666665
0.1501965818
0.1504497632
0.1502596166
0.15391116733333332
0.14643831586666664
0.14569144346666665
0.14762940393333335
0.14799211460000003
0.14334369819999998
0.13908365820000002
0.14000409246666667
0.13665168066666666
0.132224504
0.13008704646666666
0.13212047706666669
0.1303082672
0.130700047
0.12658331160000003
0.12177309793333335
0.12428589886666669
0.12187471313333334
0.1213846308
0.12009067946666668
0.11975093846666668
0.1217212518
0.12124459393333333
0.12041310726666667
0.12290939266666667
0.12591780700000002
0.12222816833333333
0.1221069768
0.11653178686666667
0.11460539093333333
0.11606506773333332
0.11921408146666666
0.11669741493333333
0.11557071873333331
0.11614545553333334
0.11169614153333333
0.11126884253333333
0.10949679639999998
0.11046194799999999
0.11060546799999998
0.10661708866666665
0.10539521053333333
0.10511968260000001
0.10661842980000001
0.10797939513333335
0.10882844126666669
0.10629652060000001
0.10729286913333333
0.10512893380000002
0.1058066322
0.10808897433333332
0.10957478126666668
0.10930689126666666
0.10387234373333333
0.10320162446666668
0.10254733393333335
0.10065267706666667
0.09747550006666668
0.09485474953333332
0.09565491393333332
0.09274195113333332
0.09459007926666667
0.09677271873333333
0.0965625402
0.08995147993333333
0.0875157766
0.08345170853333334
0.08506329413333334
0.0861400978
0.08458961333333334
0.08261062560000001
0.08246655860000002
