0.4786791023
0.43644727450000015
0.40117898719999995
0.3761998347500001
0.40272057755000007
0.38361827600000004
0.3617314134500001
0.3332003943000001
0.30095872595
0.27367654575
0.29094087099999993
0.29063181604999994
0.2821987232499999
0.2776146866999999
0.26113283379999996
0.2706962464499999
0.26958700114999995
0.2647885546
0.2618114442
0.25536083244999996
0.25084513135000003
0.25576802305
0.24969209175
0.24406604935000004
0.23350216325
0.23666966144999999
0.23181907575
0.22912072885000004
0.22837505255000004
0.2280609212
0.22250715275000005
0.22218402695
0.22577917050000001
0.22086379525000005
0.22182972400000006
0.22189214055000006
0.21955759465000005
0.217257115
0.2114887833
0.20456791534999996
0.2024659082
0.20225800984999992
0.20566112124999997
0.2056506338
0.20832781269999998
0.20610417845
0.20488930064999997
0.20540508365000001
0.20304329299999999
0.20091557975000002
0.19860271405
0.1936462779
0.19263177589999997
0.1952579283
0.19249645829999998
0.18868289899999996
0.18257245569999997
0.17996535904999997
0.18088688279999998
0.18567307319999998
0.18182895764999998
0.17705317539999998
0.17309320844999998
0.16767060839999998
0.16647165484999998
0.1658610734
0.16315032185
0.15871392465000003
0.1609893983
0.15839979175000002
0.1565616519
0.15847174465
0.15626044045
0.15432527024999998
0.15289610885
0.153004521
0.15521692434999998
0.15505755799999998
0.15433430155
0.1460389843
0.14470680860000001
0.1443685721
0.14326065455
0.14554040115
0.1424550749
0.1421280589
0.14305243775000004
0.14095065655000003
0.13572597155000002
0.13686063075000002
0.1378154212
0.13665216125
0.133583349
0.13056988475
0.12713055685000002
0.12346540710000002
0.1225697228
0.12063395170000002
0.1199202295
0.12391727685000002
0.12379292175000003
0.12264021524999999
0.12213861510000001
0.12265655314999999
0.12421901334999999
0.12439258444999998
0.12156224090000001
0.12036901420000001
0.12005340070000003
0.11745076015
0.11325726789999999
0.11122272659999999
0.11280555964999998
0.1123625122
0.1141544846
0.1145094842
0.11444820315000001
0.1150247065
0.11280616579999998
0.11197448239999999
0.11229890094999999
0.1112162328
0.10917151605
0.10723637640000001
0.10550202434999997
0.10214668715000001
0.1026705868
0.10620649060000002
0.10638044215000002
0.10692500945000001
0.10896659145000001
0.10567442190000001
0.1053168332
0.1059445601
0.10401235830000002
0.1032829287
0.09951083394999999
0.0979586005
0.09683002325000001
0.09739817590000001
0.09588646425000001
0.0951286696
0.09268555419999999
0.09039594364999998
0.08979140039999998
0.09229441019999998
0.09143279489999999
0.08940406904999999
0.08683579855
0.08368119130000001
