1.6842266907999999
0.6352973931000001
0.5910066275000001
0.55602854
0.6357994891
0.5832420221999999
0.5532785552999999
0.5178341048999999
0.47598723109999996
0.4457220827
0.4875581477
0.46164236399999997
0.45445641119999997
0.45850722679999995
0.4407111016
0.44989860980000007
0.4458942802
0.4340167493
0.4220355061
0.40674875039999997
0.4024654998
0.4147848596
0.3909683958
0.37760754009999997
0.36191646589999993
0.3778780583
0.37452001970000004
0.37245388739999996
0.3765734152
0.3776002640000001
0.3737485769
0.3714532061000001
0.3720979039000001
0.3692761667
0.35401580289999995
0.3499745415
0.3363315965
0.33020409740000006
0.32303769250000003
0.3228401171
0.3124141695
0.3117883013
0.3185530648
0.3030191571
0.3141879844
0.3169184935
0.3241108711
0.3245705754
0.31214080499999997
0.2932563999
0.29684467049999996
0.29737220419999993
0.3006378865
0.3138749381
0.3070806586
0.2942495659
0.28187408
0.28099597579999996
0.28681268579999997
0.2974335849
0.2898774975999999
0.27504652009999997
0.26678995119999993
0.2591467409
0.25712266489999996
0.2572919065
0.25308177489999995
0.24693052469999993
0.24619226310000003
0.24529355600000002
0.24445179050000002
0.24492085969999997
0.24174128340000003
0.2337312978
0.23306871780000002
0.22929232510000003
0.2274003704
0.22276771050000002
0.22708475929999997
0.2205310602
0.21360351029999997
0.21970062269999996
0.21956353489999997
0.22289534579999998
0.21898950300000003
0.22123802670000003
0.22610224020000005
0.22805500800000003
0.2210077209
0.20468448809999998
0.2049224653
0.1995767489
0.1958481525
0.19665650070000001
0.19105677690000003
0.1893317686
0.18781765720000002
0.17804336680000002
0.1734116104
0.192042663
0.1933110697
0.1927647843
0.18466430050000002
0.17342612570000002
0.17191551840000002
0.1651201357
0.16461814709999997
0.16852663739999998
0.17086927820000003
0.1661295164
0.16530508130000002
0.16138746340000001
0.16962809439999998
0.1783835351
0.18516975249999998
0.1927203749
0.1844718473
0.17803087239999998
0.17045039820000002
0.1674657264
0.1571293409
0.15879849459999998
0.1578259102
0.1491273698
0.14540244270000002
0.13614615119999998
0.143130828
0.1511557934
0.15269903429999998
0.1500438623
0.1599088338
0.154948832
0.1479142369
0.1530638829
0.1490644768
0.1468985914
0.14007046250000002
0.1389467923
0.14088141329999998
0.14660465350000002
0.14105118190000002
0.13600618209999998
0.1397523096
0.1355236547
0.132839106
0.1342960275
0.13327522879999998
0.1293374243
0.12215271479999998
0.11947723719999999
0.12029447649999998
0.12427992429999998
0.11555011869999998
0.11472239710000001
0.11617980840000001
0.12299867330000003
0.12317055929999998
0.12340701109999999
0.12227454659999999
0.11462450149999999
