0.8580834460999996
0.5039082055666667
0.4788104781666667
0.4640477689666667
0.4794756855333333
0.4703395634333333
0.45789761839999993
0.44143491386666656
0.42486538413333325
0.4100236990333333
0.4212574081333333
0.41596014323333336
0.40584090363333325
0.4017969778666666
0.38554779013333323
0.39258373653333334
0.3855819654666666
0.3788915780333333
0.3738822046
0.3690630438333332
0.36287608206666655
0.366008789
0.36053978816666665
0.34996762130000003
0.3433734177333333
0.3482570311
0.34498749576666665
0.3424095200666667
0.3372506375666667
0.33123226033333336
0.32766913896666666
0.32687123719999994
0.33042961839999996
0.3287234206333333
0.3250948153
0.32038086696666673
0.3141055158666667
0.31192354953333346
0.3073303944333334
0.30451003396666665
0.2997121125333333
0.29473567520000005
0.29532696750000004
0.29201361203333337
0.2927971026333334
0.28948665530000006
0.28635557533333333
0.2841656919666667
0.28171525129999997
0.2786611802666667
0.2770579862
0.272446528
0.2697230403666667
0.26891765893333336
0.26575734710000004
0.2602779325
0.25411874176666666
0.25023140366666663
0.25336323606666666
0.25441940036666666
0.24931093279999997
0.24655600083333334
0.24269825649999996
0.23859112816666667
0.23639362856666665
0.23594075276666665
0.23552812849999996
0.23258441439999994
0.23142824776666668
0.2235030347666667
0.22099258870000002
0.22139941043333336
0.21905099026666672
0.2177610481
0.2143716659
0.21328737346666668
0.2137734226
0.20962202843333336
0.2071680302
0.20575273709999997
0.20394568176666664
0.2040140519666666
0.20002532929999997
0.19765932406666664
0.19398726609999997
0.19189664366666664
0.19284601483333327
0.1915416707333333
0.1884295365
0.18761888916666664
0.18784620543333333
0.1845763322
0.18338018246666668
0.18282205383333336
0.18271401593333342
0.18239075973333338
0.17896921720000006
0.1748669588666667
0.1715770956
0.17521263526666667
0.17191516396666667
0.1709835807666667
0.1707061017
0.1669790102
0.16749590453333332
0.1646622206
0.1640736074666667
0.16590443440000005
0.1646729035666667
0.16121303503333337
0.1607810853333334
0.15837826333333335
0.15845608050000004
0.16019159593333337
0.1598788906666667
0.15858837250000002
0.1558910459333333
0.15604448603333332
0.1546769486
0.15470474739999998
0.1526964522
0.14991783623333335
0.14849748556666667
0.14590496913333334
0.14243534183333334
0.13911359003333332
0.13882550643333336
0.13981333666666668
0.1385777208
0.13870858433333336
0.14041816406666668
0.1384116461333333
0.13440555506666665
0.13443664489999999
0.13269446373333332
0.1347310974
0.13217208353333332
0.13056374256666667
0.1284362249
0.12690213073333337
