0.9488245630799997
0.5269757099200001
0.5031002521200001
0.48454378048
0.5027323076
0.49413182504
0.47738327096
0.45221266335999993
0.43152263715999994
0.41362684828
0.42628511008
0.42266476056
0.41567915607999995
0.41276173056
0.39945261756
0.41033444692000004
0.40465313127999997
0.39391818296
0.38883821139999997
0.37694433635999985
0.37125166759999995
0.37254045356
0.36597823056
0.35857391684
0.35230422376
0.3553406708
0.35101073972
0.34773270916
0.3412316718
0.33992002996000004
0.33703286507999997
0.33627085815999996
0.3394191024
0.3323872228
0.32484019736
0.3229273156800001
0.32015161352
0.3190063088000001
0.3161522809600001
0.31171218780000004
0.30523326068
0.30043920772000005
0.30297833116000006
0.29940183044000007
0.30220731016
0.29888849812000007
0.29563758296
0.29364065032
0.29059590032
0.28542520692
0.28318435548
0.27695659716000004
0.27432931512000003
0.27667107284
0.27464953880000004
0.26990181692
0.2639615784
0.26050893352
0.25923209744000003
0.26135013407999996
0.25616341732
0.24896786364
0.24318124471999994
0.24195500132
0.24002969943999997
0.23764339467999995
0.23909219547999996
0.23593595715999996
0.23366516144000002
0.22997250132000002
0.22870762896000002
0.22939015168000002
0.22768726744000006
0.22669939332000003
0.21905442872000003
0.21669561820000002
0.21769018508000001
0.21550300828000002
0.21385085647999996
0.20827778967999996
0.20665962019999998
0.20654887067999997
0.20220810079999998
0.20257151835999998
0.20264400679999997
0.20230311604
0.20383595063999999
0.20026164427999998
0.19238740303999996
0.18883157295999997
0.18726627035999996
0.18451588043999997
0.18179334179999998
0.18176109132000004
0.18150001216000006
0.17992993788000003
0.17795003992000005
0.17689087884000002
0.17533772872
0.18102567872000003
0.18238543420000003
0.17847391980000002
0.17466642976000002
0.17127865032000003
0.17206359196
0.1670489668
0.16634237488
0.16880389620000003
0.16562403248
0.1623695906
0.15951946680000004
0.15862033728
0.16126302692
0.16298781376000002
0.16331492952
0.16496444604000002
0.16247464883999999
0.160558936
0.15850187436000002
0.15554357476
0.15215687084
0.15009353692000002
0.14899050608
0.14798696504
0.14788888992000002
0.14429676883999998
0.14308838276000002
0.14524751088
0.14453117696
0.1416929266
0.14302354548000001
0.1398842306
0.13759511172
0.13719710304
0.13751880772
0.13795609896
0.13554802127999996
0.131005241
0.12934052208
0.12814730504000002
0.12825948128
0.12717292152000004
0.1277922214
0.12488136852000001
0.12374281760000003
