0.5617136013999999
0.54060407072
0.5175573881200001
0.49970577932
0.5177255732
0.50888455328
0.49267089355999993
0.46793908579999993
0.4481830828799998
0.4311374941199999
0.44389100227999995
0.43901583612000006
0.4312259092
0.4288077738799999
0.415629465
0.42666288431999994
0.41988359523999996
0.40860064596
0.40414084948
0.392405648
0.38698719664
0.38834583408
0.38075667051999984
0.3728426713599999
0.3665552327199999
0.36966150123999986
0.36493519387999995
0.3610672924399999
0.35406952651999996
0.35332906491999994
0.35067780736
0.34974897959999995
0.3527318516
0.34477761608
0.33675017672000007
0.3349059298400001
0.33209509948000004
0.3308841256800001
0.3276032096400001
0.32287976948
0.31674135548000004
0.31206824904
0.31492011451999996
0.31065994568
0.31291768951999993
0.30953062964000005
0.30597842268000003
0.3039548112
0.30061312244000005
0.29504037000000005
0.29270585984
0.28679546152
0.28455696188000007
0.28698295588000006
0.2844526344800001
0.27957170864
0.27324574828000003
0.26959940464000004
0.26871829956000004
0.27066296148
0.26533061255999996
0.25775813208
0.25204685836
0.25082687768
0.24885842592000004
0.24605114264
0.24776282608
0.24442480116
0.24201998200000002
0.23843534856
0.23668663128000003
0.23762998164000007
0.23589054028000003
0.23511872008000004
0.22718880048000004
0.22493858980000003
0.22574737864
0.22335888276000002
0.22178343719999996
0.21622782939999996
0.21427100339999997
0.21432099391999998
0.21016186952
0.21060861132
0.21054821031999998
0.21013836268000002
0.21178317096000004
0.20784057792
0.19948552815999995
0.19583863947999997
0.19426746232
0.19120451272
0.18853821292
0.18880834224
0.18879892308
0.18722968295999998
0.18498095995999997
0.18384342275999996
0.18188284387999995
0.18819035175999996
0.18991153687999998
0.18555754868000002
0.18136990575999998
0.17763261163999997
0.17825742923999996
0.17327924703999997
0.17271433404
0.17507702088
0.17133909776000003
0.1679652922
0.1648393768
0.16385699196
0.16672204516
0.16871925548
0.16881001699999998
0.17037074748000003
0.16782812240000003
0.16571407612000003
0.16319916712
0.15989256891999998
0.15651970232
0.154533927
0.15332137591999997
0.15266090976
0.15225256156
0.14795380947999998
0.14691122027999998
0.14899184087999998
0.14835042648
0.14539374648
0.14659580116
0.14356394008
0.1410759292
0.14072039232000003
0.14131633304000002
0.14166449652000002
0.13930339152000001
0.13469223108
0.1328699676
0.13175613243999998
0.13213833519999998
0.13112509856
0.13172448936
0.12882751004
0.12746305476
