0.6246398270666665
0.5928809372666667
0.5622268202666667
0.5401001276666667
0.5809040285333334
0.5689588678
0.5331018157333333
0.5091435143999999
0.4851870650666666
0.4666572429333333
0.47694911926666667
0.4713998736666667
0.4605192342666667
0.4534683534666667
0.43003079486666673
0.4512575721333334
0.4424379180666667
0.42390482453333334
0.4181334017333333
0.40923477379999995
0.4023432086666667
0.4139974559333333
0.40540957839999986
0.3976054455333333
0.3873273804
0.39955529859999994
0.39168014479999996
0.38063224999999995
0.38082524459999995
0.37203748653333335
0.36579660673333325
0.35922671659999994
0.3638394889333333
0.35961971253333325
0.35902014060000004
0.35323328420000005
0.3479321366
0.34358820633333337
0.3289046078666667
0.3261967947333334
0.32461577720000007
0.32554689200000003
0.33079016726666666
0.31919467939999996
0.3164756549999999
0.31554109733333335
0.32024623160000004
0.3222886703333333
0.32220634266666665
0.3145349416666666
0.31135505566666666
0.30356857006666665
0.3037202868
0.30847594320000005
0.30468519420000006
0.2972179772
0.2862757884
0.2825444216
0.28601222313333335
0.28950379606666665
0.2828998342
0.27243274
0.2663762666666667
0.26120418493333336
0.26215156973333337
0.2626663658
0.2608427240666667
0.2552556508
0.24929193586666665
0.24605110826666665
0.24187440219999998
0.23987908060000004
0.23577541559999998
0.2392292680666667
0.23756503486666666
0.23359719366666667
0.23851417766666666
0.23683335226666669
0.23353765339999996
0.22798971766666665
0.22574284826666663
0.22691617733333333
0.22636298099999996
0.23001292399999998
0.21704686106666665
0.21557979626666668
0.2190814842666667
0.218562974
0.21279845079999996
0.20776724219999998
0.20969946706666667
0.20510633713333334
0.19815076473333332
0.19693965140000003
0.19957254453333337
0.19762728786666667
0.19680106279999998
0.1890254783333333
0.17984061486666664
0.18531476653333329
0.18247864786666662
0.18094273446666664
0.17879890253333333
0.17857916179999997
0.1822748738
0.18067398086666667
0.17801612073333334
0.18249890306666666
0.1821366449333333
0.17978376346666666
0.18186841993333333
0.1753721138
0.17444518706666667
0.17637692326666668
0.17846522513333332
0.17471910826666667
0.1742893726666667
0.1757154446666667
0.16782424393333334
0.16484982639999998
0.16031011093333333
0.16159444946666665
0.16048984900000002
0.15790130086666668
0.15301420860000003
0.14991066553333335
0.15139369066666664
0.15270585313333332
0.15452342093333332
0.1516667732666667
0.15274140633333336
0.14771544233333334
0.1462394948
0.15100633160000002
0.15359587906666666
0.15372580773333333
0.147129161
0.14489484660000002
0.1424288749333333
0.1394381076
0.13509419773333334
0.1338490688
0.1346518664666667
0.13035961926666667
0.13388943326666666
0.1355514346
0.13621022366666666
0.12944127426666668
0.12491639726666666
0.11885349340000001
0.12355154173333333
0.1250834878
0.12392693393333333
0.12198522686666666
0.12178228706666668
