0.969773625
0.7152499698
0.501014595
0.29266771199999997
0.11547021320000002
0.001877221200000001
0.150096771
0.2897771038
0.44346318780000005
0.5756315732000001
0.6754761562
0.6869342468
0.5792117034
0.45632761840000013
0.39871779679999997
0.29563299
0.266912414
0.37290185499999995
0.48043932720000004
0.497706059
0.5484115488000001
0.5796479728
0.5132609340000001
0.4137442954000001
0.35779890420000005
0.34656044500000005
0.3097928594
0.32637433320000003
0.375281747
0.41421455179999994
0.44275784200000007
0.4813146646
0.4947583266000001
0.451686399
0.38591670080000007
0.3398833132
0.28010093999999996
0.26917613520000006
0.3313767898
0.3939510058
0.4183261646
0.45899306640000004
0.4494504576000001
0.39713382939999997
0.3412528634
0.27057306839999995
0.266729277
0.28315149100000003
0.319122035
0.3473499684
0.3731449647999999
0.3501119884
0.338149552
0.3342788436
0.3386172124
0.3461770704
0.33206492919999997
0.30716449
0.2921233958
0.30098759939999997
0.30971234
0.3457182056
0.3808218228
0.3787417544
0.358654062
0.34440644280000005
0.3067960974
0.2811196896
0.2781282732
0.2628533548
0.24045485260000002
0.2286060706
0.2321809878
0.2398835378
0.26512256619999996
0.2866236738
0.2843170454
0.28121633199999996
0.2861046898
0.27813430920000004
0.28235248739999996
0.3159444576
0.3233728182
0.3252782568
0.34596738839999996
0.3719036422
0.3573710732
0.3195323688
0.2730410168
0.22390554859999998
0.17719817619999997
0.1643480318
0.1836235644
0.224977399
0.25003176260000004
0.2742282408
0.319862291
0.3319170952
0.323740135
0.3247583656
0.30794280939999996
0.2788025728
0.2842243202
0.26168490660000004
0.23273735320000002
0.21505266760000002
0.1917888984
0.181289835
0.19614992280000002
0.22378468259999998
0.2592416188
0.2813280172
0.2895999232
0.28939829159999997
0.28389838079999996
0.27347339899999995
0.2559309382
0.24057036899999998
0.20702276239999998
0.1782407412
0.16809029279999999
0.1837035228
0.1892402574
0.23375759900000004
0.26529075660000007
0.2701065404
0.26264391740000004
0.24951355360000002
0.2320171872
0.22139215019999997
0.2035510526
0.19002178740000003
0.1896370892
0.1877343518
0.1990492728
0.2236463112
0.24138391680000004
0.2425437572
0.23818946859999998
0.2290439102
0.21983773239999999
0.207843672
0.2010912382
0.19139289439999999
0.1880106512
0.1951874832
0.2050567622
0.21668668060000001
0.2213170898
0.21606942079999997
0.21220764679999998
0.2035766614
0.1965624266
0.205363598
0.2017631438
0.1884257748
0.17754580660000002
0.1742304596
0.173983236
0.17464674779999997
0.1792143964
0.1889250338
0.194553649
0.1998935502
0.21254989740000002
