0.9707237916
0.7381956072
0.5793166606
0.454498631
0.3477097752
0.2900329028
0.4599346058
0.5764840618
0.6702833946
0.7484858778
0.8082844776
0.7800994367999999
0.6752288936
0.5446771966
0.5027572494
0.4339614684
0.4366354986
0.5317989772
0.6485973392
0.666097656
0.6991234726
0.726349406
0.6567997052000001
0.5654149698000001
0.504564414
0.4784907142
0.4411175096
0.4715055432
0.5182436898
0.5535075737999999
0.5798277324
0.6089543812
0.6075773816000001
0.5746806058
0.5071380044
0.46841355700000004
0.4259470998
0.4284467068000001
0.475220885
0.5389017446000001
0.5636588921999999
0.5923524228
0.584158459
0.5320660594000001
0.48253808400000003
0.41012870460000006
0.4047179064
0.4090791036
0.44064418299999997
0.47119707140000006
0.5111404164000001
0.5007512714
0.5036196068
0.5041034696
0.5023944094
0.4895166448
0.45743180060000005
0.4333759764
0.42965257819999997
0.4373719584
0.46195408239999997
0.5052931968
0.5268186064
0.514530615
0.49551437639999996
0.47800350719999996
0.43708979560000005
0.41876417539999994
0.4079456052
0.39564815299999995
0.38154043919999997
0.38209381540000004
0.3796449704
0.39587395119999996
0.4223352714
0.4297243098
0.41468455759999995
0.4149419084
0.4155019886000001
0.39916678299999997
0.41122846160000004
0.4449408512
0.45012187600000003
0.4461896644
0.4712325192
0.49128237280000003
0.4733506516
0.42094338019999994
0.3904520924
0.34849729440000005
0.301386895
0.297556132
0.3312265266
0.3618160386
0.3728328478
0.3994864014
0.4386074794
0.43930788940000004
0.4279842694
0.42887158740000003
0.4136241706
0.387169103
0.3869484554
0.367223741
0.3478551218
0.3341319554
0.30609846420000003
0.308877005
0.31993651059999995
0.3394231538
0.3614955506
0.3888264774
0.3944019748
0.3952450874
0.38797427300000004
0.3806253172
0.35847902060000003
0.3491954472
0.3224400774
0.2991588766
0.28791784080000005
0.30118776999999997
0.30387751360000004
0.34283962419999997
0.3716991164
0.37655782260000004
0.374468966
0.3551076716
0.33909327860000005
0.33005238639999995
0.30932422719999997
0.2953036386
0.30205375720000005
0.2965273842
0.30599063719999997
0.3392412196
0.3547526542
0.34988220999999997
0.3467385704
0.3356924126
0.3151125156
0.30327348179999997
0.2986433326
0.290335047
0.2899661708
0.2995611384
0.3093998008
0.32691279
0.3307152612
0.3195388566
0.30763747119999996
0.2928839068
0.2754760782
0.2815410866
0.2789769664
0.2757222144
0.2675039598
0.2688681608
0.27104972
0.2753121776
0.27761913959999995
0.29087857819999996
0.2945665978
0.2950019368
0.30712853980000004
