0.6257506600999999
0.6037162870999999
0.5907071482999999
0.5795141403499999
0.5662626396
0.55785058035
0.6007547368
0.61007790945
0.60724322505
0.6054762993
0.6049650332
0.59605046275
0.5838332798
0.5692332988500001
0.5567317233000002
0.5478508469000001
0.5532641988500001
0.5669204018
0.5767341511499999
0.5578269120500001
0.5564638690500001
0.55059209915
0.5410823342000001
0.5333900376
0.5260279341999999
0.5225977239499999
0.5170928533499999
0.5229220226499999
0.5250528099999999
0.5205213517
0.50550722155
0.5079929525500001
0.5073154127500001
0.5056529333000002
0.4999437261
0.4883353925500001
0.48094217510000015
0.4813259690500001
0.4880086492500001
0.4987578273500001
0.49361116450000003
0.48881335030000006
0.48255828645000004
0.47661657255000006
0.4733753808
0.46818496204999993
0.4670485438
0.4682233233
0.47223271145000006
0.4766194539
0.48515366270000015
0.47514151610000005
0.47064459124999997
0.46405806699999996
0.45773222429999993
0.45275366840000003
0.44547715210000005
0.4396509321499999
0.4370006874
0.4377174398
0.43780558464999997
0.43479034134999994
0.43504241515
0.4334630399999999
0.42816614595
0.4251241794499999
0.41970225494999996
0.41586823255
0.41637780235
0.42209568165
0.42844389585
0.4287674689500001
0.41641303375000005
0.41200442415000005
0.41030796699999994
0.40840550979999996
0.40763304809999995
0.40430842279999996
0.403489946
0.3979323611
0.4008460327000001
0.41361377855
0.41039991805
0.40661051620000005
0.4053585622
0.40144495995000007
0.39917084150000004
0.39460656290000007
0.38686903535000006
0.37451421285000003
0.3621573556
0.35735779465
0.3665899691
0.36924013989999993
0.37224567769999994
0.3771845195
0.380175381
0.38238383114999996
0.3775974021
0.376031034
0.37246924844999996
0.3601432663
0.3598557206
0.35121135410000004
0.3436028563000001
0.341042666
0.33864793305000007
0.33908798515000005
0.3451153249
0.34956385495000003
0.35164913280000004
0.3557405585000001
0.35064565180000007
0.3499045169000001
0.34722116310000006
0.3386063019500001
0.3323598488
0.32755859740000004
0.32522509110000003
0.32672525415000003
0.32826027755
0.33142825719999996
0.3277302881
0.33129971435
0.33585863815000006
0.33505894625
0.33194968515
0.32642174285
0.31817357005
0.31542540175
0.3158097752
0.3156823938500001
0.31937302245000004
0.3160790657
0.3127970193
0.31538808620000003
0.31507746089999994
0.31272860269999997
0.3123324913
0.3060436016
0.29950833489999995
0.2932652873
0.29247509039999997
0.29341027869999997
0.29094854284999994
0.2901349909
0.29016656139999997
0.29145590669999993
0.29457700114999996
0.2952391351
