0.7044231058400001
0.6951881094400001
0.6717994744399999
0.6480173800399999
0.6275703867199999
0.6172307054799998
0.64537168544
0.6575928090399998
0.6616993325999999
0.66184045464
0.6624497383199999
0.6588330608399999
0.647414702
0.63109519064
0.6075879441600001
0.5940948918
0.59300641112
0.604179617
0.6220914792
0.61947440236
0.6211710295599999
0.62115245264
0.61299494628
0.5965349642
0.5806884111199999
0.5624337448399999
0.5556203083199999
0.5624823712799999
0.5689362465599999
0.57182531768
0.56982782184
0.57022655124
0.5703912887999999
0.5678987110799999
0.5631038671199999
0.5513143142
0.53995008708
0.537085734
0.54032483768
0.55079444476
0.5519025208
0.5558818168399999
0.5542925559199999
0.54676252292
0.54033296248
0.5326075946400001
0.52270037144
0.5194397453999999
0.5204182007599999
0.5204936538799999
0.5260065402399998
0.5201546580799999
0.5161385922399999
0.5148216434399999
0.51462335872
0.51033665548
0.50032487076
0.49498342023999997
0.49293740467999997
0.48943884067999993
0.49257356272
0.49603731028000003
0.49630536579999995
0.49346274364000003
0.4949692554400001
0.49533290188
0.48647095368000004
0.47231763884000005
0.46696757864
0.46332653288
0.45859374004000003
0.45856568104000006
0.45478330096
0.45684465460000007
0.4576298090000001
0.4605204143200001
0.4653581191600001
0.46157812659999997
0.4580730882
0.45259154364
0.45213180355999993
0.4564162474799999
0.45216797623999994
0.4452675775599999
0.4413763023199999
0.4361265004
0.42862776956000004
0.42510834076000004
0.42115438936000005
0.41475454956
0.40914745936
0.411232401
0.41969245156
0.4207081259200001
0.41999364456000005
0.42181373688
0.4192103027200001
0.41891250864000007
0.40979656964000016
0.40489303608000005
0.39901575072000006
0.39170688512000007
0.3925536832
0.3930732544
0.39343755608000003
0.39187778268
0.38976065579999997
0.3868797662799999
0.38811984324
0.38847108723999996
0.38445771288
0.3849882304400001
0.38222994120000003
0.38073584308
0.3801289440000001
0.38025488824
0.3784265557999999
0.37341247371999997
0.37124554296000006
0.37049292144000007
0.36733072236
0.36723300695999994
0.3625885923599999
0.36335480179999996
0.36545454264
0.36613511268
0.36622122007999997
0.36576083843999996
0.36007241596
0.35506745576
0.35235047507999995
0.34816989524
0.34725365616
0.34516261719999997
0.34219291727999995
0.34345572587999995
0.34162684912
0.34060683244
0.34008917703999997
0.33607594688
0.33072583308
0.32835725127999993
0.32924285052
0.3296757471999999
0.3303128745599999
