0.6762040469666668
0.6624910104333335
0.6498908266
0.6378111566333332
0.6266018181666665
0.6221352381666665
0.6490979512666666
0.6575782295333332
0.6558868682333333
0.6439291270666666
0.6390006873666666
0.6302011017666668
0.6225330420333334
0.6156286246
0.6077147382666667
0.6006304340666666
0.6040688179
0.6122688326666667
0.6183803106333332
0.6081697637999999
0.5968656066333332
0.5951178084666666
0.5881156692000001
0.5792718675999999
0.5710736499333334
0.5640413102999999
0.5583563785999999
0.5653840052333333
0.5710455991666665
0.5728797184999999
0.5672049120999999
0.5612466193
0.557155667
0.5547414558
0.5513907855000001
0.5468780061
0.5444083984333333
0.5449312536333333
0.5453514014999999
0.5516689201999999
0.5493910197666666
0.5454804515
0.541652273
0.5336525786
0.5256858067333333
0.5175618655333333
0.5109529796666666
0.5074020408333333
0.5111774336333332
0.5160194396
0.5206270691666666
0.5122768473
0.5091348793666666
0.5077132309333332
0.5042243209999999
0.5028263628333333
0.4994222518333333
0.49541739783333333
0.49271148293333333
0.49461194243333334
0.5002268291666667
0.49984245393333343
0.490957841
0.48422035230000005
0.47877899363333337
0.4716337024666667
0.4643836716666667
0.4587278938666667
0.4587210216666667
0.45676651216666664
0.4574892152666667
0.4631677694333334
0.4591840251666667
0.45922317316666666
0.45943434773333336
0.4590647886
0.4591615051333333
0.45582603269999994
0.4497515093666666
0.4431851073333333
0.4409845669333333
0.43967466749999995
0.4371881649333333
0.4328923034999999
0.4323750331666666
0.4307050763666666
0.4291716962
0.42711374580000006
0.4235915042000001
0.4162993179
0.4103677316333334
0.4083331292000001
0.4142236187000001
0.4110785141666668
0.4080719315000001
0.4078408908333334
0.40745210616666677
0.40732601036666677
0.4060803396666668
0.4059408036333334
0.4018625955666667
0.396163619
0.39357739909999995
0.3914571385666666
0.3897513936666666
0.3845894913666667
0.3801513199666667
0.3789064690666667
0.3791158581000001
0.3813355679
0.38414539956666677
0.3873373514000001
0.38403385660000006
0.3820007988666667
0.3794146278000001
0.3755204508
0.3716669675
0.3666370693666667
0.36328407740000007
0.3626226799000001
0.36144203733333335
0.3632945373
0.3630329518666666
0.3646435449333333
0.3644194867
0.3629748658666666
0.35988279409999996
0.35582737656666663
0.3515316075666667
0.347047528
0.3442377773666666
0.3400398144
0.3403456908666666
0.3390903029333333
0.3376729509333333
0.3393688330666667
0.3401448687666668
0.33987794770000007
0.33945071896666673
0.3379012366000001
