0.6882726534000001
0.6708338095000002
0.66067880335
0.65228423185
0.6426341555999999
0.6377611936999998
0.6819632279499999
0.6869041144499998
0.6804291558499999
0.6718608244499998
0.6663976974999999
0.65660900595
0.6448920444999999
0.6321628517
0.6208918079
0.6121797566
0.6194976873000001
0.6306933357
0.6430404004
0.6222558257499999
0.6181367506
0.61159535285
0.6030649551
0.5957125883
0.5879488711499999
0.5842075580499999
0.5782892384999999
0.58717314315
0.5879312120499999
0.5840316861
0.5692649929
0.56977400655
0.56801606725
0.5644752982999999
0.55934190325
0.5506203019
0.54585086895
0.548612778
0.55316725225
0.5652867116
0.5587040346000001
0.55317728225
0.54682598195
0.5408320985
0.53640587875
0.53155111465
0.5300070581
0.5296869671499999
0.5334970366999999
0.5375045603499999
0.5469248702999999
0.5371393174
0.5333698607999999
0.5272836548
0.5198671063499999
0.5144883908999999
0.5071841400999999
0.50020019655
0.49812896375
0.49874126775
0.49939822850000004
0.49631934855000004
0.4959848857999999
0.49393296099999995
0.4885922065
0.48454283699999995
0.47837164904999996
0.4743419943
0.4742073744
0.47970124494999994
0.4849577487
0.48472028590000005
0.47078433395
0.46668375905000004
0.46604565910000006
0.4626588700500001
0.4601530961000001
0.45667574669999994
0.45481241875
0.44862516920000006
0.4522180894500001
0.4634757006
0.45844357950000003
0.4545485681499999
0.45268214644999993
0.44884602954999997
0.44679302005000004
0.44081314885000006
0.43368900340000005
0.4216010151
0.4105348351500001
0.4060676689000001
0.4153303717
0.41694088780000005
0.4189862658
0.42314989784999996
0.42555368585000003
0.4269207722
0.42151309820000005
0.41900045355
0.41427552325
0.40246832555
0.40334372425
0.39446677054999996
0.38900203475
0.3858230234000001
0.38258899765
0.3839257132
0.3893056642
0.39275871365000004
0.39353513240000004
0.39820912785000007
0.39302743074999996
0.3923958207499999
0.3887466872
0.37967265204999995
0.37326245569999994
0.3685022337499999
0.36697553424999996
0.3691553901
0.37120133704999997
0.3745740021999999
0.37004572854999995
0.37332431484999995
0.37600031024999997
0.37466923779999994
0.37187597785
0.3658873607
0.35731870480000005
0.35402326795000005
0.3536446859
0.353164703
0.35752705339999996
0.3542463800999999
0.35100417429999997
0.35340108515
0.35218620884999996
0.34930707445
0.3479292883999999
0.3413266538
0.3336736991
0.32726282235
0.32749518215
0.32803007684999996
0.3261341719
0.32544522544999993
0.32597930759999993
0.32836355124999994
0.33122549659999995
0.33207322514999993
