0.7517210523333335
0.7215615312666669
0.6780256496
0.6271766282000001
0.6083200317333333
0.5940066197333332
0.6450825342
0.6771114329999999
0.6969222168666664
0.7067093288666666
0.7101606791333333
0.7091435027999999
0.6797401968666665
0.6472904557333333
0.6206027520666666
0.6006870416000001
0.6034204896
0.6217560036
0.6484456850666667
0.6448836045999999
0.6502638566
0.6531133683333333
0.6380450260666667
0.6148515196000001
0.5811489252666667
0.5678406955999998
0.5512587007333333
0.5653258872
0.5839667934666666
0.5948267244666667
0.6005738265333334
0.6047171462
0.6027816617333334
0.5883149362
0.571455923
0.5434673566666667
0.5371222486
0.5381863123333334
0.5436922155999999
0.5609983746
0.560241925
0.5654540564666667
0.5654421232666667
0.5581244048666666
0.5509327125333333
0.5338359976666668
0.5177760924
0.5115296722666666
0.5211679753999999
0.5313256479999999
0.5502886555333332
0.5516945482666666
0.5516761949333333
0.5470105873999999
0.5423394657999999
0.5385401145333333
0.5255068465333333
0.5178624227333334
0.5091807523333334
0.5004389009333333
0.5012877334000001
0.5041298669333334
0.5032744093999999
0.5011868918666667
0.5007132312
0.4909654827999999
0.47285914633333326
0.46659356379999994
0.4684158744666666
0.4661091761999999
0.4671126111333333
0.4733376571333333
0.4729723729333334
0.4762422135333334
0.4887849839333334
0.4991659249333334
0.49555504093333336
0.4786412726
0.4672538127333334
0.45684475606666664
0.45230192213333337
0.45590819700000007
0.4508622239333333
0.44902616886666663
0.44742384813333336
0.4478658194000001
0.4529978817333334
0.44539567739999997
0.44220413280000004
0.43008371153333336
0.41896365226666676
0.4227679693333334
0.43301079280000004
0.43224920600000005
0.4295254586
0.42966721173333333
0.4234411380000001
0.42351410593333333
0.4167584381333334
0.41732621820000004
0.4135443333333333
0.40534551066666663
0.4088318142
0.40497887559999995
0.4025149242666667
0.40177181100000003
0.3938982890666667
0.3954364446
0.3899078223333333
0.38661840440000006
0.3860145699333334
0.3914630743333333
0.3911379148
0.39540224119999995
0.3945553890666667
0.3901808578
0.38698172733333336
0.3783229839999999
0.3779354015333334
0.37698786306666665
0.3674071717333333
0.3664043508666666
0.36237649353333323
0.3683238938666666
0.37605273139999995
0.3822762292
0.3832116284666666
0.37692979839999996
0.3685993565333333
0.3642738665333333
0.3608600438
0.35635220766666664
0.35495115473333333
0.3486327532666666
0.3482574967333333
0.3554769029333334
0.3601847237333333
0.3636894102
0.36096319599999993
0.3527862419999999
0.3436735025333333
0.3365539597333333
0.33472495473333336
0.3344638586
0.32982118946666666
0.32761551093333335
0.3237274211333333
0.32574022699999994
0.32954785259999997
0.3270884051333332
0.32326076319999986
0.3201050138
0.3160664852
0.3179382419333333
0.32301623119999995
