0.69458361565
0.6777897835
0.6678647428
0.6598084892
0.6504629039
0.6459530947499998
0.6901746653999999
0.6945941063000001
0.6875288548999999
0.6779274856
0.6720191047000001
0.6625103544000002
0.6510020346500001
0.63860786805
0.62755712725
0.6188903321
0.6263549073499999
0.63715532415
0.6497595692499999
0.62859078125
0.6239790084
0.6170534026000001
0.6088968583000001
0.6014752683000001
0.59374025755
0.5900629398999999
0.5842377545
0.5936196188500001
0.5940844012500002
0.5903157952
0.5755229533499999
0.5755205266
0.5737398744
0.5698263821999998
0.56477227425
0.55643938405
0.55216114285
0.5552195223
0.55932419255
0.5717692577
0.5647841982
0.5594203815000001
0.5526527800500001
0.5466529552
0.54194311205
0.53715868125
0.5355528762
0.5351596773
0.5391115573
0.54312222465
0.55273961795
0.5430575682000001
0.539157103
0.5332569296
0.5255246078500001
0.5200846681000001
0.51280337745
0.5057553022500001
0.5039347987
0.504550941
0.5054621617
0.50216700365
0.50199533715
0.50005463425
0.49485486565
0.4904574192499999
0.48412050199999984
0.4798870955499998
0.4796311671999999
0.48510162464999984
0.4901039547499999
0.48976070794999993
0.47566418555000006
0.4714472256500001
0.47111112225000007
0.46766707695000004
0.46486132724999996
0.4613692865499999
0.4594520551999999
0.45321362575
0.45701310469999995
0.46801112954999996
0.4625729423999999
0.45859797560000004
0.45662924835000007
0.45284317640000005
0.4509162788
0.44493522205000013
0.4379613784500001
0.42596811095
0.4151447403
0.4108125007999999
0.42002525344999997
0.42162996325
0.42354340695000003
0.42739424305
0.42960435410000003
0.43099114385000004
0.4254923153000001
0.4228427416500001
0.41793912344999995
0.40636448705
0.40745348075
0.3984427579
0.3933123716
0.39005714490000004
0.38654581450000003
0.38792757805
0.3932511616
0.39661579080000003
0.39722227155
0.40187254995000005
0.39704122965
0.3964957041
0.39276836454999997
0.38366543884999993
0.3771979349
0.37220120505
0.3707997009
0.3730869383
0.37504628425000003
0.3785241289
0.37393447115
0.37710583215000004
0.3795051359
0.37808241845000007
0.37545963665000004
0.36937767945000005
0.36065005285
0.35713373460000003
0.3566582349000001
0.3562598016500001
0.3603713477
0.35720186195000003
0.3538926685000001
0.3564812276000001
0.35537904870000014
0.35257188145
0.3508668926000001
0.344374858
0.33670548745000006
0.33030505160000007
0.33079935350000006
0.33138397420000004
0.32958356155
0.32898395
0.3295939794
0.3323650016
0.3352355961
0.33603997259999996
