0.6823134803333334
0.6690007725666667
0.6566948439333333
0.6449515920000001
0.6339388821
0.6295670878666665
0.6564423937333331
0.6646793139333333
0.6626256303666666
0.6497991910666666
0.6447410055
0.6359015877666667
0.6284809132333334
0.6216428250333335
0.6139013103666666
0.6070371566333335
0.6107358244333334
0.6189000522666668
0.6249562532333334
0.6147568502999999
0.6029397054666668
0.6008212679666667
0.5939449316666667
0.5849635206666668
0.5768117956666666
0.5698912807333333
0.5644333787000001
0.5717629246
0.5771558554666666
0.5790270391333332
0.5732510678333332
0.5671749391666666
0.5629147435
0.5603395498
0.5568253002333333
0.5525493894
0.5502011370000001
0.5509029543666667
0.5511909119333335
0.5577778125666667
0.5554467785000001
0.5514907117000001
0.5474517614666667
0.5394846282000001
0.5313346958666667
0.5232390995333334
0.5168104606666667
0.5131867135333334
0.5170561204333334
0.5218504696666667
0.5265438734000001
0.5182725905333334
0.5150850520000001
0.5138250511666668
0.5102136945000001
0.5085614128666668
0.5048407097666667
0.5006813365333334
0.49806222836666664
0.4999993905333333
0.5056599495333333
0.5050509293333333
0.4961260318
0.4893474751666666
0.4841133693333333
0.4769113633333333
0.46968276136666653
0.46399311969999985
0.46394978569999995
0.4619114037333332
0.46272619789999997
0.46824163143333325
0.4640289449333333
0.4640524151666667
0.4642834548333334
0.46373375173333337
0.46358264400000004
0.46013461640000003
0.4540799482
0.4476108371666668
0.4454483352666667
0.44414792743333337
0.44147930933333335
0.43706436116666675
0.43657239686666677
0.4348692458666667
0.43333866276666666
0.43139581856666676
0.4278572177666667
0.4204054817333333
0.41461631036666663
0.41264415083333333
0.41855514173333336
0.41538277000000007
0.41241762106666674
0.4119937970333334
0.41137230216666676
0.4111734774000001
0.40994601913333345
0.40987894720000007
0.40558777983333333
0.40005554103333335
0.3977915008333333
0.39566284683333325
0.3939984743333333
0.38875075416666666
0.38419310016666663
0.38290647390000004
0.3830827660666667
0.3851513666333333
0.38788400633333336
0.3911185695666667
0.3878279535333334
0.38570001593333336
0.3830587737
0.3791192473
0.3752758238666667
0.37009783446666666
0.3667178441666667
0.36607294250000005
0.36473385413333337
0.3666524174333334
0.36640341213333344
0.3681689162000001
0.36771867226666666
0.3663668093
0.3634152563
0.3593360095
0.35482658673333334
0.3503240781
0.34753948360000003
0.343406904
0.3436667027666667
0.34229219600000005
0.3409355717000001
0.3426649214000001
0.3435398535333335
0.34354036550000006
0.34300844096666677
0.34137496536666667
