0.9963128702
0.8617321478
0.6249801706
0.5538126232
0.5039441337999999
0.47755686280000004
0.5965993862
0.8264770574
0.8941715062
0.9404868219999999
0.9632534086
0.9584436308000001
0.8347706866
0.7375954252
0.6715290594
0.5998797668
0.5680308948
0.6657265708000001
0.7347055492
0.7696090428
0.8195664598000001
0.8324712099999999
0.8262844403999999
0.7348561334000001
0.7012089220000001
0.6789354864
0.6574668804
0.6435505408000001
0.7188153267999999
0.7458197263999999
0.7657138498
0.7903228484
0.8077126624
0.7497429332
0.7177421808000001
0.6836495734000001
0.6250783961999999
0.5953677716
0.6576566534
0.6914111476
0.7119778420000001
0.755338156
0.752389992
0.7348949306
0.6811516085999999
0.628563833
0.6361523074
0.6483234988
0.6573837209999999
0.6721934575999999
0.6864845598
0.6635547014000001
0.670258072
0.6732255308000001
0.6818930228
0.6950006666
0.6664264266000001
0.6200209342
0.5953857174
0.61590305
0.6291964018
0.6737687255999999
0.7145151814000001
0.7280337282
0.706644718
0.6862295422
0.6612055186
0.6484564742
0.650910408
0.6324079862
0.6062558738
0.5988673852
0.6118685424
0.6106806802
0.6408012568
0.6680610683999999
0.6590223047999999
0.6405119175999999
0.6321788079999999
0.6150086066
0.6148405527999999
0.6416747462
0.647239616
0.648101224
0.6676846236
0.6904384512
0.6887010422
0.6614775615999999
0.6370745878000001
0.609981369
0.5818373326
0.561962563
0.582952652
0.6107231992
0.6179165212
0.6352574476
0.6659543895999999
0.663644924
0.6497091622
0.6636391874
0.6484331916
0.6353684184
0.6402629214
0.6150549385999999
0.5717785218
0.5541777416
0.5494699756
0.5479911752
0.5691308977999999
0.5987938556
0.6333300422
0.635953647
0.6348591024
0.6459340788000001
0.6487271498
0.6352997376
0.6116323788
0.5857253872
0.5579599874
0.5257382514000001
0.5325680241999999
0.5446641896
0.5672611362
0.5980901202
0.6266295792000001
0.6076345824
0.6042737882
0.5976895364000001
0.5831511386
0.5873639334
0.5634203040000001
0.5491048247999999
0.5363048126000001
0.540556631
0.5397634121999999
0.5710888988
0.5943041339999999
0.5951641286
0.5776015620000001
0.5755201978000001
0.577676877
0.5649987798
0.5619703866
0.558212399
0.5546633336
0.5480891492
0.5476931622000001
0.5572167764
0.5638094824
0.5583747244
0.5568222100000001
0.5538330142000001
0.5449721806
0.5531865762
0.549426325
0.5457182376
0.5401551326
0.5486181826000001
0.5404080808
0.525698946
0.5255241580000001
0.5422941594000001
0.5457956734
0.5503601358
0.5643072255999999
