0.7592507271000001
0.7462015149
0.73798862135
0.73007127595
0.7213922645
0.7150641245
0.73888628045
0.7883146888000001
0.7753321535
0.77070846155
0.7654087803999999
0.7541031539999998
0.7425830596499999
0.7314931086499998
0.7220416876499998
0.7160238906999999
0.7120729583999997
0.7358185535999998
0.7345299856499998
0.7335949679999999
0.7369663423499999
0.72633483375
0.7182288537999999
0.7152677617000001
0.7140454942
0.7100691879000001
0.7070515702499999
0.6997552416999999
0.7152774609999999
0.7090311658499998
0.6974762745499998
0.7017229269999999
0.7009484812
0.69991955955
0.6906245986500001
0.6776689520500002
0.6700308902500002
0.6665848336000001
0.6807902089500002
0.6816623091500003
0.6805067253500002
0.6803678978500002
0.6727481242500002
0.66522247495
0.66278528475
0.6598113653
0.6599755402499998
0.6632794215999999
0.66350717435
0.6691585620999998
0.6742277925999998
0.6662388430499999
0.6633126654499999
0.6618888460999999
0.6592121942499999
0.6541706211
0.650067014
0.6487152830499999
0.64625263345
0.64893925275
0.64743572155
0.64821598355
0.6538380289000002
0.6554509061
0.6487156419000001
0.6438467593000001
0.6401924887
0.6370191375500001
0.63546778005
0.6389756182999999
0.6448989865499999
0.6470663695999999
0.6402744093999999
0.6320088249999999
0.6333689639999999
0.63879435125
0.63784016405
0.6330454368
0.6320194547500001
0.6276477801000001
0.6305934460500001
0.6395731852500001
0.6388286884000001
0.6364020433
0.6398054253
0.6389916057499999
0.6379966032999999
0.6370845147499999
0.6281404719499999
0.6158288998499999
0.60492642835
0.60318883665
0.6087129181500001
0.6111545494500001
0.6130320215000001
0.61779960575
0.6216866076500001
0.6216895307500001
0.6199572693500001
0.6207346786500001
0.6178101782500001
0.6081061049500001
0.6022096465500001
0.59701997565
0.5862594446499999
0.5888438864
0.58543004775
0.58395920025
0.5927787710500001
0.599972209
0.6022080966
0.5991310009
0.59638379055
0.59628383125
0.59711472845
0.58473066205
0.5774187953500001
0.5717452181
0.5699394693000002
0.56987379405
0.56867795235
0.5730867341499999
0.57410490345
0.5748498629500001
0.5823192806499999
0.57995516555
0.5781703816999999
0.57278221605
0.5648804326499999
0.5643277192499998
0.5650688072499999
0.5640252251999998
0.56266402605
0.5600450185999999
0.557080417
0.5634192837499999
0.5652072725500001
0.56483086805
0.5632025049000001
0.5594961452
0.55707661845
0.5516700221999999
0.5531943815500001
0.5539041346
0.54704083225
0.5440384387
0.5459938671000001
0.5491507032500001
0.5519410688
0.5494518052500001
