0.7713138736400001
0.76345545392
0.7556477851600001
0.7310282474400001
0.717355596
0.70783839688
0.72260240044
0.7593618592
0.76402878816
0.76573071452
0.76546979428
0.7613470928799999
0.7556089802
0.7351430735599999
0.7211817862799996
0.7095490272399999
0.6946740459599998
0.7077283971999998
0.7191553191999998
0.7251582039199999
0.7319686422799998
0.7321354982
0.7250610814399999
0.71919319548
0.7074667170800001
0.6937681169200001
0.6928717176799999
0.6894688931199999
0.703698713
0.7016636241999998
0.6952779315999998
0.6940892818800001
0.69481039936
0.6945807538
0.68887828348
0.6811352949600002
0.6693099975200002
0.6572720537200002
0.6637093106400002
0.6685104573200001
0.6702446606400002
0.6790480634000001
0.6811015356800002
0.6777847256
0.6715571713999999
0.6650950006799999
0.66022153592
0.66031483212
0.66098782108
0.6618084469199998
0.6606334088399999
0.6527645514799998
0.6530238408399999
0.6516472129199998
0.65553000676
0.6569487105600001
0.65185807216
0.64707460996
0.64343786836
0.64215312352
0.6409166878000001
0.64690773608
0.6525183463200002
0.6539809696800001
0.6525094382400001
0.6531650976800001
0.6498941993999999
0.6419108223599999
0.6357891416
0.6331767684399999
0.6322866557599999
0.63004560828
0.62881005792
0.6277516998399999
0.6302784754399999
0.6380869705200001
0.64346300916
0.6391653342400001
0.6355573962400001
0.63484606156
0.63416139516
0.63873223188
0.6391155350000001
0.63213262236
0.6262000446
0.62202883292
0.6202912777599999
0.61926584684
0.61633855712
0.612421891
0.6106071511200001
0.6097417987200001
0.613942155
0.6181104553200002
0.6201710471600002
0.6212996321200002
0.6196757618800001
0.6144967020400001
0.60755781296
0.6017353932
0.60076174744
0.5954177218800001
0.59521994448
0.59723400456
0.5943334715599999
0.5926020256
0.58919879584
0.5867052674800001
0.5908532445600001
0.5974505538800001
0.5944505380800001
0.5891257656800001
0.58436799496
0.5851383912000001
0.5856444652
0.5820023094000001
0.5807958630800001
0.5764290002
0.57147188784
0.5710030748
0.57047773728
0.5714691432799999
0.5716780000799999
0.57152237016
0.5767880912399999
0.5735819622799999
0.5720749377999998
0.5696691281199999
0.5646662425999999
0.5631371202799998
0.5634194877999998
0.5619867829999998
0.5591256569599999
0.5586733301199999
0.5555495986000001
0.55987907452
0.5601968445600002
0.56158833096
0.5586436200800001
0.5527367053600001
0.55076612636
0.54979484964
0.5517146399200001
0.5531953348400002
0.5504941109200001
