0.8124540464666666
0.8064133948666666
0.7644147684
0.7312794717333334
0.7091916789333333
0.685614389
0.7147687386
0.7840240765333334
0.7980376359333334
0.8036203040000001
0.8043867798000001
0.7967159454000001
0.7883364743333334
0.7488279539333335
0.7283563471333335
0.7156106658000001
0.7039467803333334
0.7307709938
0.7496127389333335
0.7589809103999999
0.7751271081333333
0.7807225688
0.7793689678666667
0.7544025833999999
0.7433385361999999
0.730461371
0.7131217888666667
0.7048866401333334
0.7330266529333332
0.7430316959333333
0.7454690825999999
0.7489124756666669
0.7423574567333334
0.7382992379333333
0.7205487964666666
0.6980501763333333
0.6971853987333334
0.6919854335999999
0.7115655900666666
0.7100499316666666
0.7059824435333334
0.7180428602000001
0.7248443532666667
0.7248701075333334
0.7143371318666667
0.7066100048666666
0.6897785345333333
0.6830487754000001
0.6822094329333335
0.6996978043333334
0.7162320185333334
0.7142184696666668
0.7137797772000002
0.7116752642
0.7134522049333333
0.7176650193333334
0.7130564554000001
0.7059283328666667
0.7022054289999999
0.6998486128000001
0.6899651828
0.6959511751333333
0.7084303146666667
0.7098884366
0.7076195444000001
0.6979872610666666
0.6796072806666668
0.6763924852666666
0.6741776523999999
0.6737494795333332
0.6768474890666667
0.6812193848666668
0.6808499844666668
0.6778763855333334
0.6873873308
0.7033379732
0.7084065436
0.6931832678666667
0.6834446302666667
0.6762375311333333
0.6715330766666666
0.6776253974666667
0.6772081779333334
0.6781549925333334
0.6760236011333334
0.6771254059999999
0.6802161602
0.6757176502
0.6717468564000001
0.6699260510000001
0.6616030205333333
0.6626515449333333
0.6706033398666666
0.6672121484000001
0.6582448562666666
0.6555593436666667
0.6594918118666667
0.6569605271333333
0.6507115993333331
0.6520739730666666
0.6521712486666668
0.6477344462666667
0.6509642239999999
0.6537828571333333
0.6493052374
0.6511790529333334
0.6416055028
0.6361704822
0.638776412
0.6343093960666667
0.6477752048000001
0.6450083174666666
0.6456723498666667
0.6513779844
0.6516098222666666
0.6444972906666667
0.6393913645333335
0.6346153725333336
0.6308391995333335
0.6316914410666666
0.6195836318000001
0.6173230607333335
0.6196536643999999
0.6237789056
0.6386921966
0.6352881202
0.6361873177333333
0.6292873676666666
0.6196150743333333
0.6217835264666666
0.6206819201333332
0.6208691700000001
0.6167843528666668
0.6130734258666668
0.6125221995333334
0.6200753217333335
0.6234123172
0.6250830927333334
0.6213917989999999
0.6177777316
0.6092319725333334
0.6049966880000001
0.6061408354
0.6106792863333332
0.6059327185333332
0.6052874149333332
0.6006658466666667
0.6015713132000001
0.6047701746666667
0.596115898
0.5937414980666667
0.5935141252
0.5902570988
0.5953094406
0.5952975757333334
