0.7935936672
0.7096788701
0.645155205
0.6633933032
0.5799078000000001
0.5009881915000001
0.428885152
0.34626137659999995
0.2828192797
0.22430685980000004
0.19663985560000002
0.23990768229999998
0.250299272
0.23826860150000004
0.24727288490000002
0.23898110600000008
0.22911478080000008
0.24645228580000006
0.2361999242
0.21524286509999996
0.18102321349999997
0.12999351930000003
0.12547640190000003
0.1370085764
0.1256581161
0.1202710194
0.10642255169999999
0.07381562620000001
0.05479954899999999
0.0501974179
0.0443577723
0.05779699149999999
0.0810318748
0.0918318953
0.1030109379
0.10857228290000001
0.10851879820000002
0.10666756260000002
0.1089126717
0.1236894006
0.1209248977
0.1059756084
0.08251737870000002
0.06825718690000002
0.06769968559999999
0.0705533089
0.07698019739999999
0.0803520871
0.07349483770000001
0.0540277155
0.05050553259999999
0.06108019799999999
0.0691072264
0.07134921329999999
0.07339057150000002
0.08578612
0.0911945317
0.0914524892
0.09032305090000001
0.08736511420000001
0.08157088950000001
0.07988263730000002
0.0859172213
0.089526091
0.0901015483
0.0839794707
0.0824020381
0.0931962371
0.1054283578
0.1043452979
0.1021678622
0.08648575099999999
0.06924765749999998
0.06050334979999998
0.0567216441
0.052721032300000005
0.053315053700000004
0.05419592529999999
0.052106176000000004
0.054217544799999996
0.0577814705
0.061698719
0.06424260569999998
0.06478724219999998
0.06635021049999998
0.07138467400000001
0.0690336761
0.067987683
0.0693628294
0.0761647598
0.0832922533
0.0826110087
0.0785139806
0.07491707889999999
0.06659636619999999
0.057744666599999994
0.059192803800000006
0.05375413470000001
0.0517259404
0.054483012899999995
0.057508695199999994
0.059864208099999996
0.062405219199999994
0.06251485599999998
0.06782897239999999
0.07305241199999998
0.0698273312
0.069734827
0.06690701680000001
0.0583264114
0.052815521399999996
0.0555335698
0.0564206268
0.0594323108
0.055357152900000005
0.0478031917
0.040148642799999995
0.038625085499999996
0.04172518909999999
0.045420860699999996
0.0442701561
0.0413604218
0.0421367155
0.0385401357
0.037020030200000005
0.0394635049
0.043997235100000004
0.040799393100000005
0.036875616300000004
0.0327923273
0.0342051336
0.03308896099999999
0.0316975479
0.0341888811
0.037410744499999996
0.0392966151
0.0415464243
0.0423389653
0.0377752091
0.0338813804
0.032218522699999995
0.0324544349
0.0349716977
0.03575125789999999
0.033142154800000004
0.032235490199999994
0.026826185500000006
0.0272804716
0.0322614819
0.03673700710000001
0.0340543014
0.031953655299999995
0.0297457382
0.031192881999999995
0.0334821956
0.0336863348
0.0337213558
0.0327557047
0.028745336899999994
0.0256288946
0.0276644941
0.028808053299999997
0.027570490399999998
