0.5427128592666667
0.49019499119999993
0.4636459810666666
0.4989296847999999
0.4700509596666666
0.4485109519333333
0.4270198709333333
0.3706528692666667
0.30647989566666667
0.2511262414
0.19727289233333334
0.1950917814
0.21549239086666666
0.2264126857333333
0.23991647393333332
0.2500915956
0.2436930996
0.23264179966666662
0.21275187579999996
0.1841040481333333
0.14283285266666662
0.10093964846666667
0.09219384326666667
0.0952273786
0.0977948882
0.109088064
0.11852751833333333
0.12230712086666667
0.1189065540666667
0.11039204506666667
0.09763773526666668
0.09128475099999998
0.08515861693333332
0.08262516919999997
0.09920372386666666
0.11077949933333332
0.11605110813333332
0.11982239313333332
0.11937618239999997
0.11554368873333333
0.1090131632
0.09643077853333333
0.07295204826666667
0.06088831159999999
0.05690225913333333
0.059793586133333326
0.06971164719999999
0.08069647073333333
0.08402891259999999
0.07879191406666666
0.08156716166666667
0.08310853406666667
0.0792400638
0.07572412173333333
0.0709978642
0.0669308164
0.07056742206666668
0.08416938119999999
0.09103962566666667
0.09814036193333334
0.10026882246666667
0.09887731953333333
0.10027750146666667
0.10024033866666665
0.09048895133333335
0.08123222213333334
0.07489067766666667
0.07732365300000002
0.08127893933333333
0.08689891373333333
0.09173994846666668
0.09204320813333333
0.08709947606666665
0.08541399166666666
0.08024072613333333
0.07536871233333334
0.06698868893333333
0.059272298066666666
0.05622371626666667
0.0614175106
0.06745777033333335
0.07040614773333333
0.07478320286666666
0.07863655226666667
0.07895216439999998
0.07951946966666665
0.075001496
0.0668412022
0.059481909000000006
0.05713709686666666
0.05852345459999999
0.06276566666666666
0.06558124686666666
0.06609165106666666
0.06840050233333335
0.0704829452
0.07131178053333334
0.0660789956
0.059561857866666665
0.054466765066666666
0.05175692613333333
0.052932779466666656
0.057508507199999996
0.059695443133333324
0.06196973486666667
0.06118333413333333
0.06125919013333333
0.06082506259999999
0.06104935666666666
0.05524347773333334
0.0469130296
0.04349542193333334
0.04583874660000001
0.050599602133333345
0.053593564600000004
0.05360498420000001
0.05174083106666667
0.048818311733333335
0.04726781920000001
0.04695174340000001
0.04679401200000002
0.04211819686666667
0.038986901333333344
0.0379184224
0.03775434953333334
0.04061059753333334
0.04153739360000001
0.039290106600000006
0.035277370800000006
0.031585147333333334
0.03334850053333334
0.0359549464
0.035693184733333334
0.03553598466666666
0.03574393466666667
0.037048863066666674
0.0382904568
0.039021573266666665
0.03646032846666667
0.03698147273333333
0.03522057580000001
0.03337353486666667
0.03621309386666668
0.03820085446666667
0.03844349246666667
0.03568488273333333
0.0341896608
0.035387145800000006
0.036586945800000006
0.035846490933333336
0.034796698066666666
0.03436569133333334
0.03284493013333333
0.0330840472
0.03388032679999999
0.0347303066
0.035782494533333334
0.03408148406666667
