0.41285542415999993
0.37774811156
0.3662272166399999
0.3866685841999999
0.35709654227999993
0.32661821888000003
0.29179247500000005
0.25531977064000005
0.22018323364000003
0.18220465932
0.14891081056
0.1459145598
0.14667312104
0.14667677192000003
0.15103924548000003
0.15560981056000003
0.15217887472000002
0.15657330744000006
0.15360099532000004
0.14082280476
0.11843168432
0.09395445967999999
0.08938864219999998
0.09272703031999997
0.10139972535999998
0.10887000867999998
0.10829445239999998
0.09843320924000003
0.08901525772000003
0.08816111004000002
0.085629304
0.08384476979999998
0.08112969619999998
0.07906917508
0.08087993528
0.08489894027999999
0.09328052979999998
0.09754505615999999
0.09946561467999998
0.10037457764
0.10106295152000001
0.09946244440000002
0.08818009039999998
0.0794403942
0.07521970236
0.07548571504
0.07977559208
0.08947410415999998
0.09274833284
0.08557105752000002
0.08369947956000001
0.08431090511999999
0.08598943892
0.08832517871999998
0.08553069855999999
0.08438425224
0.08278342668
0.08423428267999998
0.08364351107999997
0.08696172528
0.08783254008000001
0.08397002596000001
0.08523962476000001
0.08541043052000001
0.08105481940000002
0.07657779520000002
0.07260734720000003
0.07193794856000003
0.07266784588000003
0.07767222932000002
0.08101134416000003
0.07830678860000002
0.07385809528000001
0.07222297116000002
0.07555025376
0.07525189128
0.07207693436000001
0.06886151512000001
0.06552444476000001
0.06419539244
0.06432303132
0.06678355647999999
0.06699392311999999
0.06952547316
0.06927402788
0.07059089296000001
0.06947054464
0.06479336232
0.06047907104
0.06099361796000001
0.05969053324000001
0.061450590080000006
0.06292034824
0.06298028204000002
0.06068641624000001
0.060289683640000015
0.06240298824000002
0.06150558036000002
0.05907259032000001
0.05476519208
0.05398365524
0.05314158308
0.05353204040000001
0.05524810216000001
0.058407232840000003
0.059120726160000005
0.057808468800000005
0.05769244660000001
0.05603982256000001
0.052874289920000005
0.049425932080000005
0.04663886152
0.04716954232
0.049690711
0.050260187399999996
0.04939709327999999
0.04779837788
0.04759874388
0.04744799584000001
0.04749549972000001
0.048082185640000004
0.04586827368000001
0.045617461880000015
0.04441303196000001
0.04104526868
0.0406151702
0.04097697444000001
0.0408904482
0.03995545432
0.03861688212
0.03743370152
0.03799777468
0.0386733518
0.038125474519999994
0.03964477568
0.04002500728
0.04154798596
0.04179911508
0.039830818559999995
0.03875565851999999
0.04033268488
0.04059061036
0.03973102951999999
0.039687421560000005
0.040257310559999995
0.03882818268
0.03812742239999999
0.03680740788
