0.43291503176
0.3970877694799999
0.38362017960000006
0.39986396432
0.37395569132000006
0.34716832919999996
0.31356918528
0.27703291996000007
0.24204242952000002
0.20329147975999998
0.16876933011999998
0.16350668019999998
0.16412303092
0.16197451851999997
0.16854839571999997
0.17274015459999995
0.17408728576000002
0.17881686347999998
0.17185008587999995
0.15816034256000003
0.13664439920000002
0.11212811332000003
0.10573636856000004
0.10772959364000004
0.11213796924000004
0.11687329432000002
0.11608227624000003
0.10672103228000004
0.09775261652000002
0.09392472460000001
0.08809309516
0.08572989311999998
0.08300301263999998
0.08073194736
0.08183926915999999
0.08682083927999998
0.09339131255999997
0.09883794503999997
0.10101051403999996
0.10073618476000001
0.10036075292000002
0.09483088568000002
0.08088079804000001
0.07184315711999999
0.07028821608
0.06966894384
0.07329949576
0.0824094712
0.08578062124
0.081201252
0.08051443316000001
0.08308703939999999
0.08711101003999999
0.08952900779999999
0.08570334231999999
0.08369218827999997
0.08190682515999999
0.08350376087999999
0.08407753376000002
0.08828620884
0.08883676124000002
0.08669843232
0.0862512744
0.08661166867999999
0.08207053924000002
0.07679536356000001
0.07341513232
0.0751303506
0.07782876452
0.07995513016
0.08400836064000002
0.08181006056000001
0.07787205388
0.07663568972
0.07677329031999999
0.07638714956
0.0723729382
0.06618949483999999
0.06215661087999999
0.06205942655999999
0.06317010304
0.06614012571999998
0.06808490691999998
0.06871639155999999
0.06885608331999998
0.07125415867999997
0.06937120399999999
0.0652597656
0.06112440944
0.06130891368
0.062220077840000006
0.06393939252000001
0.06513122032000002
0.06423964700000001
0.06239076112000001
0.05940544132
0.06065195116000001
0.05971002276
0.0581640742
0.05463087131999999
0.05169029464
0.05046755955999999
0.05265829223999999
0.05579502532
0.059182794319999996
0.05926899559999999
0.05732449115999998
0.05507345923999998
0.05294534787999999
0.04952150576
0.04519208140000001
0.04313580096000002
0.04345476620000002
0.045178012920000024
0.044603422000000024
0.045002497480000014
0.043630328040000006
0.04172725188
0.04114418192
0.040952041800000005
0.04256809544000001
0.04214194492
0.03999433252
0.03763732468
0.03782177992
0.03927358148000001
0.04001282188
0.039364462200000006
0.03669444872000001
0.034636166880000006
0.033971852440000005
0.032609950320000004
0.03416412116
0.03570400308
0.035847091240000004
0.03590261788
0.03738482327999999
0.03783447919999999
0.03683843872
0.036677064759999996
0.0357852418
0.03570980052
0.03549735632
0.03537845456
0.03601327456
0.03480093607999999
0.0325064792
0.03319710076
