0.39041891209999996
0.35986002389999994
0.34031029296666665
0.3462234937
0.3176129336666667
0.2867467723000001
0.2548074948333333
0.2221764295333333
0.1912729176333333
0.1632490476
0.14067361380000007
0.1425660643666667
0.15226918290000005
0.15570302440000006
0.1586473129666667
0.1559414694333334
0.14801871023333338
0.1423118248666667
0.13330404829999998
0.12970989453333331
0.11543529449999998
0.09792203973333334
0.09634188513333333
0.09903255286666666
0.09878957986666666
0.09979887039999999
0.09730718243333332
0.08694509196666668
0.07906901946666668
0.07597151133333332
0.07192940086666667
0.07495093263333333
0.07755215996666667
0.07714609850000001
0.081367065
0.08830390393333334
0.09223117576666669
0.09282404630000002
0.09091018676666668
0.08836074343333335
0.08433377326666669
0.08231281456666668
0.07918060880000001
0.07637749706666665
0.07706393513333332
0.08010629986666665
0.08352558906666664
0.08833360446666665
0.08974874879999997
0.08191270919999999
0.07808142809999999
0.07581619543333334
0.07475736840000001
0.0737928847
0.07340458796666668
0.07416220766666667
0.07563720783333334
0.07961488386666667
0.0826191949
0.08197598563333333
0.08050674073333333
0.0760223691
0.07313582816666667
0.071605561
0.07105780096666665
0.06936172566666668
0.06825025596666666
0.0717932818
0.0756324544
0.07824253416666666
0.08108052866666667
0.07693182623333332
0.07066808126666667
0.06673589029999999
0.06322274026666667
0.060616790966666674
0.06051384453333334
0.058645914333333334
0.057731648600000005
0.061621772500000005
0.06619413966666668
0.0680579786
0.0683872685
0.06740639236666666
0.06692518303333334
0.06739391753333335
0.06601793703333333
0.06382554823333333
0.06266526219999999
0.06299139469999998
0.06453882329999999
0.06600292886666664
0.06577994219999998
0.06562141523333333
0.06326083049999999
0.05953342343333333
0.0563895926
0.05403801573333333
0.05345271543333332
0.05274342833333333
0.05153145756666667
0.052252733233333334
0.053654187166666666
0.0534957675
0.05340205183333334
0.05343970286666666
0.05132440303333333
0.04971976853333334
0.04850260740000001
0.0455131998
0.0437636037
0.043327650866666664
0.04341829673333333
0.04405377586666666
0.043262642533333326
0.04218777056666666
0.04189743406666666
0.04058781463333334
0.03879200483333333
0.03736485613333333
0.03689793746666667
0.03563460590000001
0.03626865370000001
0.03616009156666667
0.03585764316666667
0.036998536733333344
0.037456614966666676
0.03680627666666668
0.03563743576666667
0.03447023826666667
0.03349265256666667
0.03249901706666666
0.032138327933333335
0.033711006999999994
0.03467836496666667
0.03507281336666667
0.034031321866666665
0.034125047199999994
0.032927342633333335
0.03208242736666667
0.03131243940000001
0.03107204783333334
0.030762642100000005
