0.51387212224
0.49949573847999995
0.5499297018
0.54042788536
0.5188526197999999
0.4992239649999999
0.4834446181599999
0.4645425324000001
0.434275962
0.40638818156000006
0.37872389436000004
0.37870841891999996
0.41444461928
0.42690354179999995
0.42420977779999985
0.4224096755599999
0.42847259163999984
0.4391687181999998
0.43912499199999994
0.4206644485199999
0.4106938788399999
0.42115280923999987
0.42627961731999986
0.43390373987999986
0.42866839867999984
0.4432583091599999
0.4549960447199999
0.4504529423599999
0.44895921619999996
0.45325897535999987
0.4430768515599998
0.42545233179999997
0.4147494065599999
0.4267637584799999
0.4394863895199999
0.4585023062399998
0.4758854802399999
0.46708856447999997
0.45162076400000006
0.44763781496
0.44890758236000006
0.44839544587999997
0.43753582628
0.42273829367999993
0.425930475
0.43099293524
0.43390257239999996
0.44523131207999994
0.46516742108
0.47405328851999995
0.45207432639999995
0.42623190096
0.43409321880000007
0.4456314376000001
0.44985031812
0.46811805727999994
0.49379635211999995
0.5118031694399999
0.51179085928
0.50391065896
0.48192917724000006
0.45200743808000005
0.4344962123200001
0.43627464944000005
0.46157658343999997
0.4781096434
0.47748711944
0.47966569744
0.50213994876
0.5248029092
0.5358677909599999
0.5307828384399998
0.5185511067999999
0.5174461288799999
0.5267856340799999
0.5424903744799998
0.5461424710399998
0.5171004799999999
0.4865076003199998
0.46864400675999995
0.4615294590399999
0.46391654848
0.44822055696000007
0.43591747644
0.44397529704
0.46204978344000003
0.49053037288
0.52668581292
0.55126882428
0.53939236256
0.5146526787600001
0.4971107955200001
0.48946147384000005
0.46970293724000006
0.45102653248
0.4417411809600001
0.4320803954800001
0.4396280425600001
0.44634737115999995
0.44643070616
0.45313396116000004
0.4533772682
0.4615402922
0.49198933916000004
0.49529500688000005
0.47870146476
0.45231346072
0.45847199627999996
0.4715767823200001
0.46706437187999994
0.46959795596
0.46972195564
0.4558768121599999
0.44692624404
0.4617749476000001
0.47921338335999997
0.47872487443999995
0.46455590864
0.46164891220000004
0.4874850565599999
0.5018160041199998
0.5130504316399999
0.50764793788
0.48371135103999996
0.4657822322
0.4487641259599999
0.45623429812
0.47241346568
0.45587960448000003
0.4541343472800001
0.46086828603999996
0.47384106379999996
0.48227499119999995
0.48008555964000005
0.47735969636
0.47712859135999997
0.48040165292
0.49147020372
0.49817656104
0.4754852987999999
0.46370663935999995
0.48137359603999996
0.50966346172
0.5240481754399999
0.490323914
0.45297299332
0.4271005219200001
0.4271041489600001
0.44734216292000006
0.47198416236
0.48623196739999996
0.47917614248
0.45981429436
0.4635989428000001
0.48073309972000006
0.49716796156
0.5012586470800001
0.50348208064
0.5193693814400001
0.5245501250800001
0.50743913928
0.48710139463999996
0.46580419155999997
0.43946939119999995
0.42923815451999997
0.4225291045599999
0.42545155292000003
0.42499566
0.43146482552000004
0.4548945288400001
0.48605457764000015
0.5138556744800001
0.517189385
0.50931231072
0.50540626164
0.49833249792000006
0.48300034132
