0.8283217218000001
0.7655331740000001
0.7946234856000001
0.7542672951000002
0.72338387
0.6908274574
0.6611623870999999
0.6339554178999999
0.6083697877
0.583517796
0.5701878023
0.5871358792000001
0.6414730540000001
0.5890949951000001
0.5886653536
0.5844907525
0.5887074055
0.5996835489000001
0.5994668344
0.5900313515
0.5778890374
0.5989690330999999
0.6172841595999998
0.6507622023999999
0.6234100559000001
0.6267059587
0.6134715892000001
0.5979045641
0.5895699709
0.5815673145
0.5707789552
0.5728464651999999
0.5875770387
0.6201083241
0.6098594319
0.6059198321
0.6160166877
0.6029207104
0.5899547332000001
0.5894415264
0.6047644664
0.6210757843000001
0.6191497766
0.6244218956
0.6531046746
0.6291400004
0.614105583
0.6063140238000001
0.6102468704
0.633400014
0.6434856654
0.6327028192
0.6292453945
0.6199246681
0.6000481105
0.6015542732999999
0.6095676908999998
0.6156987753
0.6099899965999999
0.5865141089
0.571523229
0.5690805281000001
0.5754794714
0.6023505014
0.6367340565999999
0.632439138
0.6085423727999999
0.6417796181
0.6748889978999999
0.6887697309999999
0.6969559131999999
0.6982081214999999
0.6993204705999999
0.6933158112
0.6866213852
0.690369115
0.6810359341
0.6377104215
0.5899901956
0.6077647013
0.6059025387999999
0.5990711323000001
0.5904323643
0.5909568152
0.6114750280999999
0.6631270491
0.6994095789
0.6959373403
0.7185131368000001
0.7100138154
0.7062538801
0.6910850141
0.6674986965999999
0.6329898714999999
0.5941694074
0.5590341511999999
0.5814203659999999
0.5933350083
0.5727047035999999
0.5530606455
0.5606063372000001
0.5776395974999999
0.6256563908
0.6693446274
0.6891430493
0.6857147287
0.6415841626
0.6553567807999999
0.668359919
0.6465307947
0.63148319
0.6221114769
0.5899574970000001
0.5915398981000001
0.6109391911000001
0.6347271327999999
0.6511178329
0.6357361731
0.6692738274
0.6713632393
0.649064529
0.6287123844
0.6200558688
0.6095260466999999
0.6017964857000001
0.6098506478999999
0.6324620586
0.6471280465999999
0.6197482685
0.6662702677
0.6836628337999999
0.6722555809
0.6567460494999999
0.6198635279
0.640184739
0.6546668441
0.6441662286000001
0.6485986171
0.6206790984
0.5882057034000001
0.5774630809000001
0.6185175713000001
0.6507780951
0.6592315212
0.6141172228999999
0.5754191987999999
0.5745218873
0.5843634329
0.6229770107
0.620328864
0.6424222238
0.6525969202
0.6692960664000001
0.704718494
0.7047261023999999
0.7037542675999999
0.6963040141
0.6854706116000001
0.6902958835
0.6675412159999999
0.6379559619999999
0.5847075939999999
0.5632400849
0.5589614644
0.5975349211000001
0.6064005297999999
0.5982389288000001
0.5872459206
0.5765285049
0.6093555217000001
0.6334067892
0.6664228099
0.6729162986
0.6891890122
0.6726404745
0.6705403016
0.666277727
0.6536276854
0.6347150913999999
0.6194744515
0.5805274791
0.5754570166
0.5694221369
0.5556323740000001
0.5658267547
0.5919211213000001
0.6117711958000001
0.6284546106
0.6582958015
0.6916782232
0.7140136613000001
0.6789947906000001
