0.6992547620500001
0.6763345266000002
0.7180482698
0.6716811451000002
0.6560246118000002
0.6376591049500001
0.6249348963
0.6168194833999999
0.6039183110499999
0.5867745737500001
0.57403841985
0.5930524561500002
0.6293786068000001
0.6199285987500001
0.6060377047500001
0.6055983556
0.6010894973500001
0.5987940565000001
0.59451840265
0.585799333
0.5743339963
0.58590774915
0.60243059915
0.63543526325
0.6166347439
0.6163128953999999
0.61474413845
0.60041263725
0.58976235205
0.5855044204500001
0.5877717108
0.5969611247500001
0.6033634076500001
0.62226510985
0.6314820532500001
0.6175299162500001
0.6150611353500001
0.6046173671
0.6001008018
0.6114207702
0.6241250659000002
0.6268893017500001
0.6241975855499999
0.6221732818500001
0.6265763925500001
0.6153471368500001
0.61183663695
0.6110063995500001
0.6101184335000001
0.6099570614500001
0.6075044472000001
0.6008916736500001
0.60236243295
0.61113758475
0.61839108355
0.61699670565
0.60905503185
0.6287391967
0.64243949725
0.6376419199500001
0.6342395711
0.6336443248000001
0.637399971
0.6478331563000002
0.6616777209
0.6614041265
0.64478915345
0.6397450197999999
0.6324395967499998
0.6482672161499998
0.651429226
0.6486396268999999
0.64487641745
0.6421363132
0.6490482066500001
0.67674808205
0.6902227565
0.6668238808999999
0.6542516661999999
0.6588892583499999
0.6560782094499998
0.6450780731999999
0.6289655304499998
0.61197334335
0.6028222177499999
0.61108060015
0.64041497245
0.6446361743
0.6456089202000002
0.63153723045
0.63343010865
0.6343623058000001
0.6465775437000001
0.65116724945
0.6416562283500001
0.62237443995
0.6115022643000001
0.62434589455
0.6205323113
0.5997957201
0.5960447636
0.5998755372
0.6078069439000001
0.6304422627500001
0.6500411202000002
0.6602209307500001
0.64635099775
0.6455464769500001
0.6688168732
0.658947017
0.6402738594999999
0.6254119306500001
0.6050066829000001
0.6005329724000001
0.6063678384
0.6222888903499999
0.64178994575
0.64143210985
0.64451104795
0.6688167535
0.6663636814
0.65048398265
0.6384009591499998
0.6146947872999998
0.62099061235
0.6322587459999999
0.6383141435999999
0.6478633318499998
0.6202136834499999
0.6272379855500001
0.63056295735
0.6453865760999999
0.6537620722999999
0.63954752455
0.6271509809499999
0.61504302145
0.6093440579500001
0.616481025
0.6218280545500001
0.6042672837000002
0.60994265235
0.63555724575
0.66003708075
0.6819750076
0.65942166265
0.6395867332
0.6354129506999999
0.63491702225
0.6566364471000001
0.64393504
0.6401890929000001
0.6186522571000002
0.6162680756500001
0.6318399791999999
0.6511305117499999
0.6550773986999999
0.64727147145
0.6363582661
0.6334121942
0.6384483688499999
0.6356813755999998
0.6255652019499998
0.6180781917499999
0.6240752382999999
0.6350876977999999
0.6384704156999998
0.6322583278999999
0.6204368029999999
0.60562179815
0.6144149865999998
0.6069671341499999
0.62093991325
0.62116921775
0.6224106930999997
0.6192336145999999
0.63123071145
0.6390244614
0.641041148
0.64650544645
0.6555763373500001
0.6472705702
0.6272259036000001
