0.7038713182399999
0.6954082089599999
0.7439398576799999
0.7425901153999999
0.7365113770399998
0.7311304643199997
0.7239299178799997
0.71310551976
0.6832987939599998
0.6588416982799998
0.6513720242
0.6645537705599999
0.6915702535199999
0.69922645628
0.6982007854799999
0.6966305123199998
0.6990556654399999
0.6980336871599999
0.68815130488
0.66892857984
0.6590528904400001
0.6646059169999999
0.6663336165199999
0.6991525962399998
0.6992481865199999
0.7017162039999999
0.70771668344
0.7053080894000001
0.7006310180800002
0.6898539606400002
0.6737682054799999
0.6702909433199999
0.66384856672
0.6766035734799999
0.6964697656800002
0.7017507625200001
0.70768046896
0.7152263667200001
0.7148235420000002
0.70252957248
0.6869075179599998
0.67796659184
0.66802116
0.6715903172800001
0.68763264852
0.6923131576400001
0.69702028744
0.7063643170799999
0.7133002257599997
0.7141619037599999
0.7008683479600001
0.6801921542400001
0.6820806699199999
0.6878575485999999
0.69822273472
0.71519240372
0.7199828964399999
0.7323016509199999
0.7434189931199999
0.7354036145599998
0.7161233596
0.69910262084
0.69027465564
0.67888340672
0.69809738012
0.71556804784
0.72346281116
0.7340880967600001
0.7382497394800001
0.7428885930000001
0.7472503098400002
0.74178990368
0.7242430263199999
0.7122188562799998
0.71597842804
0.7308690690399999
0.7415665903999998
0.7341914895999999
0.7232062086399997
0.7153899760399999
0.7020823201199998
0.7044064629999996
0.6932497297199999
0.677646169
0.67454054976
0.69290671636
0.7063650797600001
0.7200706157600001
0.7371678521200002
0.7276956624400001
0.7221759143200001
0.7139464011600001
0.7110147715200001
0.70727927876
0.6890811784800002
0.6811093173200001
0.68655119336
0.69652412692
0.7084283237200001
0.7094942617199999
0.7059563808
0.70608841464
0.7031939865600001
0.7139330029200001
0.7104434676799998
0.7135059083999998
0.7013747804799998
0.7007703380799998
0.7164736975199999
0.7263583459999999
0.72465639296
0.7280130947199999
0.71614134616
0.70496542908
0.7125887183599999
0.7109399038
0.7045324028400002
0.6976695653200001
0.6894709056
0.7112168528400001
0.7220357947200001
0.7193125108799999
0.72571840564
0.70223344492
0.6965858777199999
0.68989841908
0.6974310144
0.70265182172
0.6885709897599999
0.69485279208
0.6997608947999998
0.7083362786799999
0.71808624516
0.7150155729600001
0.7032811813999998
0.6981416231999998
0.6996076515199999
0.7080849393599999
0.7195432088
0.7084163246000001
0.7115654316800001
0.7203109848400001
0.7245649282400002
0.7393218346400002
0.7146981118400001
0.7040632573999999
0.6925791255599999
0.6920462042000001
0.7124957502
0.71820319048
0.7222189456800001
0.71337735748
0.7123964966000002
0.71998158268
0.7194113294000001
0.7166783740000001
0.7125702087600003
0.7101499321600002
0.7174463227600001
0.7260717551200001
0.7291859376000001
0.7173245246800001
0.70097019088
0.69011868172
0.6917685475600002
0.6792100468000001
0.67518560636
0.6751156759600002
0.6762207408000002
0.6977511139200001
0.7068893130400002
0.7173586634800002
0.7115287592
0.7127029075200001
0.70997541316
0.70357452632
0.6938291661999999
