0.8392328792999999
0.7777804398
0.8123712940999999
0.7774226954
0.7632965235
0.7484372646999999
0.7327824804
0.7169295016999999
0.7012315878
0.6838856995999999
0.6786126266999999
0.6955431675000001
0.7552447524000001
0.6918130734
0.686406498
0.6800286938
0.6769814006999999
0.6817351573
0.6845123517999999
0.6826282079999999
0.6757483902
0.7012275652
0.7139524889000001
0.7484340831999999
0.7126853766
0.7158557025000001
0.7087833050000001
0.6878018421
0.6741127658000001
0.6712288333
0.6645447308
0.672389838
0.6792650778
0.712559813
0.7085496651
0.6961013308
0.6928117704
0.6901618552
0.6927893130999999
0.6915660216999999
0.6941204477999999
0.6992127239999999
0.7010152242000001
0.7174947120999999
0.7340710544
0.7119794279
0.7151525285
0.7075180023000001
0.6888238025
0.7014853552000001
0.7128319761000002
0.7056038016
0.7113477798
0.7095383253
0.7032532573
0.6954398922000001
0.6882410652
0.6866039631
0.6990793907
0.6871154094999999
0.6738389561
0.6686159868
0.6682300601000001
0.6864721254
0.7183739624000001
0.730354798
0.7069019905
0.737951592
0.7568699826999999
0.759080037
0.7675357851999999
0.7704742977000001
0.7707471128
0.7654680415000001
0.7566412158000001
0.7511432390000001
0.7538069872000002
0.7327860561
0.6875683122
0.7010976981999999
0.6952879592000001
0.6979494072000001
0.6933101491
0.6855646042
0.7033483645
0.748885517
0.7721861441
0.7501454879
0.7672535340999999
0.7609239231
0.7648096469
0.7475064157999999
0.7353821222999999
0.7204584061999999
0.6943372332
0.6578671303999999
0.6795750529
0.6959322033000002
0.6821429654000001
0.6562908273
0.6610298977000001
0.6686404493
0.6962860294999998
0.7188384921
0.7279386477
0.7440864159
0.7222468942
0.7376329922
0.7619893547000001
0.7410788488000001
0.7201571859
0.7257943389999999
0.695217503
0.6993930506999999
0.7195149439999999
0.7263887846999999
0.7281119759
0.7152508365999999
0.7318938991999999
0.7438073695
0.7361991936
0.7133472022999999
0.7027624873
0.6990583729
0.6961023080000001
0.7057528705999999
0.7217200713999999
0.7287683327
0.6992190271000001
0.7355325118
0.7370929264999999
0.7267817866999999
0.7279135905999999
0.6911834442999999
0.6991932704
0.7102838205
0.6993028979
0.7153528462000001
0.6879239787
0.6763927369999999
0.6721714641000001
0.7120718092999999
0.7276511578
0.7304551196
0.7051760164
0.6842240276
0.6910958315
0.687829916
0.7356862628
0.715498976
0.7285494673
0.7285055977
0.7442339843999999
0.7787208954
0.770626928
0.7691848314999999
0.7592534124999999
0.7453870830999999
0.7532741134
0.7295460272
0.7294160961
0.6861442881
0.6801064336
0.6753741928
0.7030785059
0.6985193498999999
0.6950540961
0.7006586710999999
0.6864656249
0.7185884068999999
0.7122802745
0.7370712509999999
0.7294590835
0.7430224081000001
0.7320239993
0.7442756338
0.7362972836999999
0.7121350639999999
0.7017004531
0.7029020773999999
0.6785253051
0.6675026026
0.6590256595999999
0.6515287685000001
0.6607514997
0.6718987514
0.6838880724
0.7033387323
0.7283715181000001
0.7445550156999999
0.7562173294000001
0.7394993233
