0.7311979653999999
0.7248503908333332
0.7605228451333331
0.739223284
0.7207961327
0.7147738869999999
0.7061823953666665
0.6954888336999999
0.6866189017999997
0.6792475803
0.6729685825666667
0.6897201902333332
0.7161541063666667
0.7176023232
0.7025471798999999
0.6973285757
0.6928588253666667
0.6865662848666666
0.6838048102333333
0.6818076876666666
0.6781378562666666
0.6909433757333333
0.6980775969666666
0.7261628694333333
0.7184353653666667
0.7079788204
0.7055825346333334
0.6951605665333334
0.6852419604666667
0.6880934034
0.6904990515666667
0.6924021212
0.6972093605999999
0.7131976167999999
0.7152913255999999
0.7011735502999998
0.6987351213666665
0.6947612735333332
0.6935641687666664
0.6933889287999998
0.6935971266666664
0.6911441707999997
0.6935310213666663
0.704501720933333
0.7185660913666664
0.7125913726999997
0.7034318613999998
0.7106911857999999
0.7149243919666665
0.7158936005666665
0.7180689057999999
0.7148980287000001
0.7167749842333333
0.7204928307333333
0.7260894784999999
0.7256459764
0.7163166809666667
0.7191138703999999
0.7145058951999999
0.7157643815666666
0.7122209001666666
0.7123465639
0.7107624406666666
0.7125015903666667
0.7261211809
0.7434611846666667
0.7442983739333333
0.7402943786666666
0.7372306096666666
0.7403672194333334
0.7425444637666667
0.7386433735666668
0.7331464614000002
0.7238303506333335
0.7181089378333335
0.7192986288000003
0.7351893947333334
0.7262879157666667
0.7123216039
0.7061041495333334
0.7070425012666667
0.7046987574333332
0.7083261003000001
0.7082871675
0.7085414151333332
0.7169463544333332
0.7246693637333333
0.7279035611333332
0.7371286180666666
0.7194311997333335
0.7153322435
0.7139804013666667
0.7089618849333336
0.7128966496666667
0.7139302749666666
0.7094474436666667
0.7099779743333333
0.7162720107000001
0.7253420731
0.7137256818666666
0.7057954257333333
0.7025939968666667
0.6980886732666668
0.7057633052333334
0.7145186332333335
0.7254093570666669
0.7240263138333335
0.7272173871666668
0.7310340936666668
0.7401395767000001
0.7311497686666667
0.7219744426666667
0.7086311936333334
0.6965449559666667
0.7049368408
0.7141418252666667
0.7163783150666666
0.7197906718333332
0.7063456349999999
0.7185775394333332
0.7151545280666667
0.7174002661000001
0.7194424119
0.7068989789333334
0.7001571982666668
0.7000869062333334
0.7040396002666667
0.7106503649666667
0.7076097562
0.7091414082666667
0.7126046193000001
0.7224530645666667
0.7332662442666668
0.7334531531000003
0.7249987382666669
0.7212308932000001
0.7165507139666668
0.7161899484333335
0.7256281183000001
0.7071459134000001
0.7100456758333333
0.7089072317
0.7173305252666666
0.7281834025999999
0.7262938167666667
0.717309403
0.7151344467
0.7112918900666667
0.7251420003666668
0.7212111367000001
0.7234152793000003
0.7172403789333335
0.7179331671666667
0.7323724987666667
0.7352431443999999
0.7373266050666667
0.7302015974333333
0.7193936060666667
0.7138133971333331
0.7170121705
0.7067405585666667
0.6969060472333334
0.6895303922333333
0.6899751231333334
0.6986180016333333
0.7048979117
0.7050798174
0.7053774891333333
0.7055125320333334
0.7220151666666668
0.7156743030000001
0.7146910589666667
