0.4850193608500001
0.4565826037
0.4388665651
0.42209921554999996
0.39991536400000005
0.38023245440000003
0.4188770546500001
0.43280321195000004
0.43746953930000004
0.44389876285000013
0.46722576175000013
0.4707435803
0.4545094988499999
0.43673871564999994
0.4333465726
0.4395747576
0.45176138190000004
0.465110988
0.46335960609999993
0.43686970910000006
0.44321288655
0.43840137695000003
0.43147778150000005
0.43470399805
0.4496276786
0.47095342205
0.47515235310000004
0.47660964385
0.47946178515
0.47188373915000004
0.44092678200000013
0.4537285166499999
0.4777312826000001
0.49719331070000006
0.48219849645
0.44487268855
0.4203467430000001
0.43763297134999996
0.46561567735000003
0.48813546320000006
0.48301403225
0.4796975863499999
0.46231148419999996
0.44418687879999996
0.44288187395000006
0.44264076425
0.44629648545
0.45835891794999994
0.4792940302
0.49534663175000004
0.50139133435
0.48125136495000004
0.46492035625000006
0.45108553655000005
0.4519187971000001
0.44846809080000005
0.43736368375
0.41982269380000004
0.4137744572
0.41735710555
0.40904580485
0.39599069759999994
0.41197856219999995
0.43627407850000005
0.42868526944999996
0.41528038645
0.41484167344999995
0.4280872017499999
0.44043324564999997
0.4619960731
0.48887512520000004
0.49648732309999993
0.4818760409999999
0.46697695134999995
0.44729674064999997
0.44330973279999997
0.4424832341999999
0.4432106115999999
0.4503694736999999
0.45130623099999995
0.4714482512
0.5132261482
0.5054609588500002
0.4837633481
0.48688554355
0.4897161745
0.49369569455000006
0.50094628015
0.4937867331
0.45383177575
0.413397757
0.3882842855
0.4095169436
0.41155818045000003
0.429919119
0.46157219764999996
0.49699982105
0.5215811418999999
0.5310303967000001
0.5474141582000001
0.55916225315
0.5341142848000001
0.5321086552500001
0.5099568405
0.4729723855
0.4502644964999999
0.45103085819999994
0.44155402644999997
0.45080371220000004
0.4905310557
0.5289557171
0.56269440725
0.54817077775
0.5519523802499999
0.53849962425
0.51421459445
0.49619454344999986
0.47627747389999986
0.45963131255
0.4464366387000001
0.42695325845000004
0.4362214057
0.4443996820500001
0.46431287169999996
0.49086752980000004
0.52554022735
0.5198893262500002
0.4969401862000001
0.45961400695000004
0.4304106754
0.4272175187
0.43039114855000005
0.44970738470000005
0.46234232835
0.48939354800000007
0.5171628391499999
0.53136651495
0.5225359539500001
0.5018372016000001
0.4833905326
0.48160026175
0.45772115529999996
0.43970903510000003
0.43744019609999996
0.4277750352
0.4065930980500001
0.4130407666500001
0.4403810185000001
0.4774585243000001
0.4938587612500001
0.4777278871000001
0.4580307431
0.44696607675000005
0.45346742760000003
0.45607645635000005
0.44961889045000003
0.43949587715000005
0.44948852400000006
0.45622746560000005
0.4542991252000001
0.4426767445500001
0.44535698560000014
0.4494750649500002
0.4580617172000002
0.4616481572500001
0.45448182039999996
0.4429459926
0.43463883835000006
0.4402984244499999
0.45576018639999993
0.47325659635
0.48154446704999987
0.4930711054999999
0.49965204334999996
0.4853833477
0.4554435939
0.4344372541
0.41787614599999995
0.43009842044999996
0.46362409190000003
0.50100241715
0.5317543717000002
