0.62893263775
0.61381647995
0.60474237785
0.5964739619999999
0.5847065074500001
0.5751007055999999
0.6209607476500001
0.62391578595
0.6199940027499999
0.6179262318500001
0.6268071885500002
0.6271591815500001
0.6189440732
0.6098524728
0.60869796045
0.61142109695
0.6295929760500001
0.64274404105
0.6574666106500001
0.6280955489000001
0.62389486795
0.6204976231000001
0.6142435841000001
0.61430336675
0.6205698019
0.6320557724
0.6314419804
0.6481930628
0.6502144809999999
0.6511263043
0.6291460338999999
0.6343586337999999
0.64492335875
0.64887830945
0.6382337872499999
0.6199411416
0.6063678688
0.6240657646
0.6311245297499999
0.6511130272499999
0.6439542686999999
0.6355980966999999
0.62847447975
0.61643686315
0.6144285717500001
0.6147175877500002
0.6176930132
0.6240752004
0.64483205085
0.6474456541
0.65049322945
0.6352907834
0.6286097133999999
0.6216916883
0.61243727775
0.6087019759
0.60104566955
0.5827463482999999
0.5867427799
0.5959637321499999
0.5976159840999999
0.58742624885
0.5898330753000001
0.605688179
0.6020056090500001
0.59404203725
0.5925873808500001
0.5969354172500001
0.6003842723000001
0.6198844738000001
0.6439449056000001
0.6475536804
0.6227405185500001
0.6215686137000002
0.6176489390500001
0.6090225431500002
0.6097544946
0.6128604402000001
0.60959042765
0.6092123567
0.6219183354
0.6526304624000001
0.6409026209500002
0.6224608473000001
0.6193246876
0.6215674227000001
0.6245723851000001
0.6305635499500002
0.6278310127500001
0.6026224741
0.5793845377500001
0.5673786134500001
0.59298034855
0.5773921004500001
0.591673336
0.6107375119
0.6255318872000001
0.64509736115
0.6584465678
0.66840826995
0.6771693443500001
0.65388159925
0.66705117155
0.6566593607
0.64059776955
0.6158712684500001
0.6137035671000002
0.6059050473
0.6126875096500001
0.6379272338499999
0.6599157826000001
0.6857862102000001
0.6672371435
0.6855191174999999
0.6764674494
0.6644516557500001
0.6502647639500001
0.6355544983500001
0.62453540155
0.616605175
0.6068442602500002
0.6231533441500001
0.6199074003000001
0.6324733849000002
0.64309159885
0.67422616755
0.6680172093500001
0.6541444295000001
0.6295964653499999
0.6125279184499999
0.6119769801499999
0.6126882504
0.6367955534499999
0.63421520015
0.6444851675999999
0.6578265696
0.67325486425
0.6658024066
0.6595995879
0.6388260151
0.62805563205
0.6134232493999999
0.6056187769499999
0.60373448135
0.60036650445
0.58305089865
0.59007554365
0.608441789
0.6304673549
0.63966222325
0.6251370455
0.6142051481000002
0.6069178027
0.6136870186
0.61643418825
0.6099527756
0.5999246936
0.61122761525
0.6097794577
0.62184418705
0.6133897531500001
0.6103429422500002
0.6175725498500001
0.6214274273500002
0.622480015
0.6198392357500001
0.61162955415
0.6019867117500001
0.60583814935
0.61650182175
0.6321356461500001
0.63416988335
0.63945500185
0.6448934101000001
0.6345772685
0.6227347706999999
0.61359604635
0.5984781383500001
0.6044468976499999
0.6182185335499999
0.6502690495499999
0.6716031940499998
