0.6303783472000001
0.5990651065
0.5780701849
0.5626487931999999
0.5484626229
0.5504569366
0.6163475589
0.6145627418
0.5938042045
0.6184179498000002
0.6274869283000002
0.6285678534000001
0.6314145708000001
0.6302991308
0.620950392
0.5997444746000001
0.6255739364
0.6332688301
0.6461838010000001
0.6174345139
0.6261274488
0.6257505097000001
0.6064735756
0.5894058148
0.5964455289
0.6230977193
0.6336120157
0.6522192519999999
0.6687494203
0.6387565839
0.6216622871
0.6152447364999999
0.6220135925999999
0.6392009187
0.6446940749
0.6410138255
0.6292719451000001
0.6441668736
0.6316795417
0.6634960247
0.6366297807000001
0.6534725311
0.6678331249000001
0.6585557002
0.6317734996000001
0.5988684577000001
0.5834637925
0.6039646556000001
0.6305695178
0.6387300298
0.6512787567
0.6177236623
0.5891158345999999
0.5743180260999999
0.5970836439
0.6305667178000001
0.6519222339
0.6441857452
0.6590945839000001
0.6561612784
0.6497077022
0.6528579045
0.6681035921999999
0.6690653505
0.6277909116000001
0.5868372340000001
0.5501691052
0.5213069514
0.5143909759
0.5357661859
0.5455242659999999
0.5219945932
0.5115625584
0.5423110075
0.5762203065
0.6012468405000001
0.6350056565000001
0.6725638831
0.6863775687
0.7040027616999999
0.7423655452
0.7731127676
0.7339184787
0.7008262199
0.6590775716
0.6167982458
0.5845033327
0.5531569973000001
0.5328032866000001
0.5144219516999999
0.5014711256
0.5321481572000001
0.5478867632
0.5440954747
0.5795718036
0.6263365996
0.6646414375
0.7079701026
0.7228587389000001
0.6908229965
0.6572979499000001
0.6026090696999999
0.6380739339000001
0.6106887262
0.6037748683999999
0.5951384242
0.5864223369
0.5822246197000001
0.5940343967
0.6459935434
0.6970407388
0.7051541288000001
0.6960284092
0.7026299951999999
0.6774206707
0.6366041127000001
0.6409847973
0.6295854749
0.6313406226
0.6298609243
0.6227908264
0.6664182916
0.6384458778000001
0.6684082398000001
0.6755142281000001
0.6922991987999999
0.6595447306
0.6415235218
0.6177301805000001
0.6033494257
0.5908976940999999
0.5798883966999999
0.6013689228
0.59653853
0.6106689696000001
0.6561531363000002
0.6764896881
0.6667653372
0.6414627502
0.6217064112000001
0.6330562662
0.6454881041
0.6722221840999999
0.6718918702999999
0.6783013656
0.6595000029
0.6700200404
0.6648394759999999
0.6777364256
0.655945619
0.6230549979
0.5813583947000001
0.5390153698
0.5355770924
0.5224316433
0.5066017944000001
0.5101310469
0.552044102
0.5831982842
0.6233788275000001
0.6272190931
0.6470519015
0.6748202356
0.6917969448000001
0.7104367332
0.7133037568
0.6897183403
0.6704111285
0.6363606312
0.6203095465999999
0.5995604132
0.5736339829999999
0.5603248640999999
0.5510579099000001
0.5345232968
0.5263747147
0.5335407679999999
0.5335622950000001
0.5753156675000001
0.6126940969000001
0.6647108791
0.6947057837
0.7185851395999999
0.7387289103
0.7346312401999999
0.7190948266999999
0.6936513247
0.6633939817000001
0.6335781278000001
0.6237429702000001
0.63582722
0.6485006044
