0.70139090935
0.6937302774999999
0.6892264441999999
0.6851759924499999
0.67867481755
0.6732980813999999
0.7234490994999999
0.7197756658499999
0.7143010677999999
0.7050718316
0.7067072354999999
0.7072604101
0.7046500144500001
0.70097616095
0.7017030634499999
0.70353635075
0.7255644997999999
0.7352734868
0.7593718313
0.72591793355
0.7154105938499998
0.7122047870499999
0.70740163785
0.7066180822
0.70894759595
0.7168314671
0.71286580965
0.7409404262000001
0.7394624764000001
0.7451722675000001
0.7267741473
0.7274185780500001
0.7305605771000001
0.72662861275
0.7183036567000001
0.71030445045
0.70244277
0.7226344905000001
0.7177600114
0.74076573625
0.7297110578500001
0.71948367425
0.7150415802500001
0.7058819758000001
0.7031886252500001
0.7031531669500002
0.706237288
0.7097753197500001
0.731459986
0.7293265307500001
0.7334117996
0.7169326509499999
0.71517726875
0.7116042237
0.6969681316499999
0.69279329015
0.6875368485
0.6685165437499999
0.6776673459
0.68737328605
0.6965067369999999
0.68879236055
0.6838511381999999
0.6947628256500001
0.6934788427000002
0.6896341613500001
0.6886296353000001
0.6876432086000002
0.6882729553000001
0.7050041936000001
0.7250660112500001
0.73065335395
0.7002827450999999
0.7050132497
0.7094391308500001
0.6993976026500001
0.7017558660000001
0.70801314205
0.7001484342
0.7016466384
0.70972284125
0.7334778943500001
0.72139337395
0.7054697001
0.6994708243
0.7009589707000001
0.7019692617500001
0.7065241174000001
0.70548525565
0.6868285823500001
0.6778987992000001
0.67037153105
0.6996690538000001
0.6746367872000001
0.6869871899000001
0.6984237276
0.7003027143
0.71609058675
0.7300235993500002
0.7348350513999999
0.7434813517499999
0.7214042526999999
0.7441174793499998
0.7388304808999999
0.7372582454999999
0.7099613718999999
0.7061875896499998
0.7003713608
0.7057352240499999
0.7240765755
0.73228401305
0.7560336023500001
0.7318374235
0.7610373423500001
0.7511451361500001
0.7488112141500001
0.7371775827
0.7265371411000001
0.7171978927
0.7117834332000001
0.7069958697500001
0.7262629895500001
0.7129107371500001
0.7242852764000001
0.7206908071500001
0.7510692005000001
0.7451975327
0.73388668705
0.71659119475
0.7063675957
0.7071076012499999
0.7055189574
0.73407040395
0.72212693165
0.7262248450000002
0.7288461461000002
0.7434241254
0.7352069557
0.737087452
0.71545711885
0.7009470676
0.69184208915
0.69341200545
0.68673760895
0.69029412235
0.6742093117999999
0.6810248183500001
0.695939674
0.7090532569000001
0.71409884255
0.7024595709
0.6971306262
0.69194155935
0.6992118996000001
0.702266354
0.6943151158
0.6870457294000001
0.6975615147500001
0.6926847182000001
0.7128143041500001
0.7036653164000002
0.6984430330000001
0.7062229868500001
0.7106365911500001
0.7091093463500001
0.70855022185
0.7015234582000001
0.69140084585
0.69503825005
0.7032712341
0.7157223100500001
0.7151882557500001
0.7176750184500001
0.7215382367000001
0.7131663929500001
0.7112352426499999
0.7080448304500001
0.6929773639000001
0.69635365275
0.6995448258
0.7302945335500001
0.74400710415
