1.0
1.0
1.0
0.999986984
0.982692646
0.982692646
0.982692646
0.982692646
0.982692646
0.982692646
0.982692646
0.982692646
0.982692646
0.982290389
0.964446513
0.909390226
0.870110984
0.870110984
0.870110984
0.870110984
0.870110984
0.870110984
0.870110984
0.870110984
0.870110984
0.870110984
0.870110984
0.870110984
0.870110984
0.870110984
0.870110984
0.870110984
0.870110984
0.870110984
0.870110984
0.848343542
0.835371878
0.835371878
0.835371878
0.835371878
0.835371878
0.835371878
0.835371878
0.835371878
0.835371878
0.835371878
0.835371878
0.835371878
0.835371878
0.835371878
0.835371878
0.818526578
0.818526578
0.818526578
0.818526578
0.818526578
0.818526578
0.812551346
0.805261613
0.805261613
0.805261613
0.805261613
0.805261613
0.805261613
0.805168645
0.805168645
0.784923374
0.784923374
0.784923374
0.784923374
0.784923374
0.784923374
0.784923374
0.784923374
0.784923374
0.784923374
0.784923374
0.784923374
0.784923374
0.784923374
0.784923374
0.784923374
0.784923374
0.784923374
0.784923374
0.784923374
0.784923374
0.784923374
0.784923374
0.784923374
0.770870298
0.770870298
0.770870298
0.770870298
0.770870298
0.770870298
0.770870298
0.770870298
0.770870298
0.770870298
0.770870298
0.747297152
0.747297152
0.747297152
0.734616915
0.734616915
0.734616915
0.734616915
0.734616915
0.734616915
0.734616915
0.734616915
0.734616915
0.734616915
0.734616915
0.72729827
0.72729827
0.72729827
0.72729827
0.72729827
0.72729827
0.72729827
0.72729827
0.72729827
0.72729827
0.714834866
0.714834866
0.714834866
0.692916479
0.692916479
0.692916479
0.692916479
0.692916479
0.692916479
0.690389577
0.690389577
0.690389577
0.690389577
0.690389577
0.690389577
0.690389577
0.690389577
0.690389577
0.690389577
0.684648084
0.684648084
0.684648084
0.684648084
0.684648084
0.658440987
0.658440987
0.658440987
0.658440987
0.658440987
0.658440987
0.658440987
0.658440987
0.658440987
0.658440987
0.658440987
0.658440987
0.658440987
0.658440987
0.658440987
0.658440987
0.658440987
0.658440987
0.658440987
0.630917503
