1.0
1.0
1.0
0.999986984
0.982680021
0.982680021
0.982680021
0.982680021
0.982680021
0.982680021
0.982680021
0.982680021
0.982680021
0.982277803
0.964251492
0.907221112
0.860523495
0.860523495
0.860523495
0.860523495
0.860523495
0.860523495
0.860523495
0.860523495
0.860523495
0.860523495
0.860523495
0.860523495
0.860523495
0.860523495
0.860523495
0.860523495
0.860523495
0.860523495
0.860523495
0.839594737
0.830130847
0.825889423
0.825889423
0.825889423
0.825889423
0.825889423
0.825889423
0.825889423
0.825889423
0.825889423
0.825889423
0.825889423
0.825889423
0.825889423
0.825889423
0.798704275
0.798704275
0.798704275
0.798704275
0.798704275
0.798704275
0.793589586
0.790400813
0.790400813
0.790400813
0.790400813
0.790400813
0.790400813
0.786536106
0.786536106
0.771283741
0.771283741
0.771283741
0.771283741
0.771283741
0.771283741
0.771283741
0.771283741
0.771283741
0.771283741
0.771283741
0.771283741
0.771283741
0.771283741
0.771283741
0.771283741
0.771283741
0.771283741
0.771283741
0.771283741
0.771283741
0.771283741
0.771283741
0.771283741
0.765607533
0.765607533
0.765607533
0.765607533
0.765607533
0.765607533
0.765607533
0.765607533
0.765607533
0.765607533
0.765607533
0.728698832
0.728698832
0.728698832
0.723481289
0.723481289
0.723481289
0.723481289
0.723481289
0.723481289
0.723481289
0.723481289
0.723481289
0.723481289
0.723481289
0.708334338
0.708334338
0.708334338
0.708334338
0.708334338
0.708334338
0.708334338
0.708334338
0.708334338
0.708334338
0.704027289
0.704027289
0.704027289
0.683767332
0.683767332
0.683767332
0.683767332
0.683767332
0.683767332
0.671315972
0.671315972
0.671315972
0.671315972
0.671315972
0.671315972
0.671315972
0.671315972
0.671315972
0.671315972
0.66376617
0.66376617
0.66376617
0.66376617
0.66376617
0.636541902
0.636541902
0.636541902
0.636541902
0.636541902
0.636541902
0.636541902
0.636541902
0.636541902
0.636541902
0.636541902
0.636541902
0.636541902
0.636541902
0.636541902
0.636541902
0.636541902
0.636541902
0.636541902
0.610594123
