1.0
0.996253771
0.996253771
0.996253771
0.996253771
0.996253771
0.996253771
0.995665454
0.992311335
0.962986986
0.778660853
0.778660853
0.778660853
0.778660853
0.778660853
0.723122125
0.682572845
0.682572845
0.682572845
0.682572845
0.659779217
0.659779217
0.659779217
0.659779217
0.659779217
0.659779217
0.659779217
0.626116674
0.626116674
0.626116674
0.626116674
0.569852119
0.569852119
0.569852119
0.569852119
0.559662975
0.559662975
0.559662975
0.559662975
0.559662975
0.559662975
0.559662975
0.559662975
0.559662975
0.559662975
0.559662975
0.559662975
0.559662975
0.559662975
0.559662975
0.559662975
0.527036625
0.527036625
0.527036625
0.527036625
0.527036625
0.527036625
0.527036625
0.527036625
0.527036625
0.527036625
0.527036625
0.470437785
0.470437785
0.470437785
0.470437785
0.470437785
0.470437785
0.470437785
0.470437785
0.470437785
0.470437785
0.470437785
0.453186102
0.453186102
0.453186102
0.453186102
0.453186102
0.453186102
0.453186102
0.453186102
0.453186102
0.453186102
0.453186102
0.453186102
0.453186102
0.453186102
0.453186102
0.453186102
0.370636217
0.370636217
0.370636217
0.370636217
0.370636217
0.370636217
0.370636217
0.370636217
0.370636217
0.370636217
0.370636217
0.370636217
0.370636217
0.370636217
0.370636217
0.370636217
0.370636217
0.370636217
0.370636217
0.370636217
0.370636217
0.324739594
0.324739594
0.324739594
0.30185029
0.30185029
0.30185029
0.30185029
0.292164633
0.292164633
0.292164633
0.292164633
0.292069833
0.286750532
0.286750532
0.286750532
0.286750532
0.286750532
0.286750532
0.286750532
0.286750532
0.286750532
0.276475369
0.276475369
0.276475369
0.276475369
0.276475369
0.264794284
0.264794284
0.264171097
0.264171097
0.264171097
0.264171097
0.264171097
0.264171097
0.263230919
0.263230919
0.263230919
0.263230919
0.263230919
0.263230919
0.263230919
0.263230919
0.263230919
0.263230919
0.263230919
0.263230919
0.263230919
0.263230919
0.263230919
0.263230919
0.263230919
0.263230919
0.263230919
0.263230919
0.263230919
0.244217486
0.244217486
0.244217486
0.244217486
