1.0
0.991959311
0.991959311
0.991959311
0.991959311
0.991959311
0.991959311
0.991959311
0.990383628
0.958709011
0.455888747
0.455888747
0.455888747
0.455888747
0.455888747
0.455888747
0.455888747
0.455888747
0.455888747
0.455888747
0.455888747
0.455888747
0.455888747
0.455888747
0.455888747
0.455888747
0.455888747
0.423979287
0.423979287
0.423979287
0.423979287
0.423979287
0.423979287
0.423979287
0.423979287
0.423979287
0.423979287
0.423979287
0.423979287
0.423979287
0.423979287
0.423979287
0.423979287
0.423979287
0.423979287
0.423979287
0.423979287
0.423979287
0.423979287
0.423979287
0.423979287
0.315383566
0.315383566
0.315383566
0.315383566
0.315383566
0.315383566
0.315383566
0.315383566
0.315383566
0.315383566
0.279110949
0.279110949
0.279110949
0.279110949
0.279110949
0.279110949
0.279110949
0.279110949
0.279110949
0.279110949
0.279110949
0.271140128
0.271140128
0.271140128
0.271140128
0.271140128
0.271140128
0.261746772
0.261746772
0.261746772
0.261746772
0.261746772
0.261746772
0.261746772
0.261746772
0.261746772
0.261746772
0.261746772
0.221748243
0.221748243
0.221748243
0.221748243
0.221748243
0.221657828
0.221657828
0.221657828
0.221657828
0.221657828
0.221657828
0.221657828
0.221657828
0.221657828
0.221657828
0.221657828
0.221657828
0.221657828
0.221657828
0.221657828
0.221657828
0.205273149
0.205273149
0.205273149
0.177857882
0.177857882
0.177857882
0.177857882
0.177857882
0.177857882
0.177857882
0.177857882
0.177857882
0.177857882
0.177857882
0.177857882
0.166023984
0.166023984
0.166023984
0.166023984
0.166023984
0.166023984
0.166023984
0.166023984
0.166023984
0.166023984
0.166023984
0.160960885
0.160960885
0.160960885
0.160960885
0.160960885
0.160960885
0.160960885
0.160960885
0.160960885
0.160960885
0.160960885
0.160960885
0.160960885
0.160960885
0.160960885
0.155418697
0.145830267
0.145830267
0.145830267
0.145830267
0.145830267
0.145830267
0.145830267
0.145830267
0.145830267
0.145830267
0.145830267
0.145830267
0.145830267
0.145830267
0.145830267
0.145830267
0.145830267
