1.0
0.994774159
0.994774159
0.994774159
0.994774159
0.994774159
0.994774159
0.994722565
0.991868409
0.961169109
0.626769519
0.626769519
0.626769519
0.626769519
0.626769519
0.607252553
0.600225249
0.600225249
0.600225249
0.600225249
0.584735432
0.584735432
0.584735432
0.584735432
0.584735432
0.584735432
0.584735432
0.550129201
0.550129201
0.550129201
0.550129201
0.5241243
0.5241243
0.5241243
0.5241243
0.5241243
0.5241243
0.5241243
0.5241243
0.5241243
0.5241243
0.5241243
0.5241243
0.5241243
0.5241243
0.5241243
0.5241243
0.5241243
0.5241243
0.5241243
0.5241243
0.443160831
0.443160831
0.443160831
0.443160831
0.443160831
0.443160831
0.443160831
0.443160831
0.443160831
0.443160831
0.443160831
0.403101897
0.403101897
0.403101897
0.403101897
0.403101897
0.403101897
0.403101897
0.403101897
0.403101897
0.403101897
0.403101897
0.397111203
0.397111203
0.397111203
0.397111203
0.397111203
0.397111203
0.397111203
0.397111203
0.397111203
0.397111203
0.397111203
0.397111203
0.397111203
0.397111203
0.397111203
0.397111203
0.328524394
0.328524394
0.328524394
0.328524394
0.328524394
0.328524394
0.328524394
0.328524394
0.328524394
0.328524394
0.328524394
0.328524394
0.328524394
0.328524394
0.328524394
0.328524394
0.328524394
0.328524394
0.328524394
0.328524394
0.328524394
0.295222658
0.295222658
0.295222658
0.261807552
0.25992281
0.25992281
0.25992281
0.252757798
0.252757798
0.252757798
0.252757798
0.245964039
0.245760062
0.245760062
0.245658417
0.245658417
0.245658417
0.245658417
0.245658417
0.245658417
0.245658417
0.245658417
0.245658417
0.245658417
0.245658417
0.245658417
0.235601805
0.235601805
0.235601805
0.235601805
0.235601805
0.235601805
0.235601805
0.235601805
0.227686097
0.227686097
0.227686097
0.227686097
0.227686097
0.227686097
0.227686097
0.227686097
0.224365458
0.224365458
0.224365458
0.224365458
0.224365458
0.224365458
0.224365458
0.224365458
0.224365458
0.224365458
0.224365458
0.224365458
0.224365458
0.221002306
0.221002306
0.221002306
0.221002306
