1.0
0.989028556
0.989028556
0.989028556
0.989028556
0.989028556
0.989028556
0.989028556
0.989028556
0.732233197
0.592944477
0.592944477
0.592944477
0.592944477
0.592944477
0.592944477
0.592944477
0.592944477
0.592944477
0.523450796
0.466546334
0.466546334
0.466546334
0.466546334
0.466546334
0.433671405
0.433671405
0.433671405
0.433671405
0.433671405
0.408944138
0.408944138
0.408944138
0.408944138
0.408944138
0.408944138
0.396251051
0.396251051
0.396251051
0.396251051
0.396251051
0.396251051
0.396251051
0.396251051
0.396251051
0.396251051
0.386456911
0.386456911
0.386456911
0.386456911
0.386456911
0.386456911
0.386456911
0.386456911
0.386456911
0.386456911
0.386456911
0.386456911
0.386456911
0.341790955
0.341790955
0.341790955
0.341790955
0.341790955
0.341790955
0.341790955
0.341790955
0.341790955
0.341790955
0.341790955
0.341790955
0.341790955
0.303965393
0.281639315
0.281639315
0.281639315
0.281639315
0.281639315
0.281611945
0.281611945
0.281611945
0.281611945
0.26697417
0.26697417
0.26697417
0.26697417
0.26697417
0.26697417
0.26697417
0.26697417
0.26697417
0.26697417
0.26697417
0.26697417
0.26697417
0.26697417
0.26697417
0.26697417
0.26697417
0.26697417
0.26697417
0.26697417
0.26697417
0.26697417
0.26697417
0.26697417
0.26697417
0.26697417
0.26697417
0.26697417
0.200842745
0.200842745
0.200842745
0.200842745
0.200842745
0.200842745
0.200842745
0.200842745
0.200842745
0.200842745
0.200842745
0.200842745
0.18511865
0.18293682
0.18293682
0.18293682
0.18293682
0.18293682
0.18293682
0.18293682
0.18293682
0.18293682
0.18293682
0.170674827
0.170674827
0.170674827
0.170674827
0.170674827
0.170674827
0.170674827
0.170674827
0.170674827
0.170674827
0.170674827
0.170674827
0.170674827
0.170674827
0.170674827
0.170674827
0.170674827
0.170674827
0.170674827
0.170674827
0.170674827
0.170674827
0.170674827
0.170674827
0.170674827
0.170674827
0.170674827
0.170674827
0.163488618
0.163488618
0.163488618
0.163488618
0.14159459
0.14159459
0.14159459
0.14159459
