1.0
0.9929911
0.9929911
0.9929911
0.9929911
0.9929911
0.9929911
0.9929911
0.9929911
0.736599806
0.69514378
0.69514378
0.69514378
0.69514378
0.69514378
0.69514378
0.69514378
0.69514378
0.69514378
0.649192128
0.649192128
0.649192128
0.649192128
0.649192128
0.649192128
0.550357545
0.550357545
0.550357545
0.550357545
0.550357545
0.534808299
0.534808299
0.534808299
0.534808299
0.534808299
0.534808299
0.51429837
0.479848414
0.479848414
0.479848414
0.479848414
0.479848414
0.479848414
0.479848414
0.479848414
0.479848414
0.474541745
0.474541745
0.474541745
0.474541745
0.474541745
0.474541745
0.453033994
0.453033994
0.453033994
0.453033994
0.453033994
0.453033994
0.453033994
0.440515525
0.440515525
0.409827753
0.409827753
0.409827753
0.409827753
0.409827753
0.409827753
0.409827753
0.409827753
0.409827753
0.409827753
0.409827753
0.387676445
0.352944317
0.352944317
0.352944317
0.352944317
0.352944317
0.351387665
0.351387665
0.351387665
0.351387665
0.321206723
0.321206723
0.318436676
0.318436676
0.318436676
0.318436676
0.318436676
0.318436676
0.318436676
0.318436676
0.318436676
0.318436676
0.318436676
0.318436676
0.318436676
0.318436676
0.318436676
0.318436676
0.318436676
0.318436676
0.318436676
0.318436676
0.318436676
0.318436676
0.318436676
0.318436676
0.318436676
0.318436676
0.265584704
0.265584704
0.265584704
0.265584704
0.265584704
0.265584704
0.265584704
0.265584704
0.265584704
0.265584704
0.265584704
0.265584704
0.222325804
0.220856283
0.220856283
0.220856283
0.220856283
0.220856283
0.220856283
0.220856283
0.220856283
0.220856283
0.220856283
0.219709271
0.219709271
0.219709271
0.219709271
0.219709271
0.219709271
0.219709271
0.219709271
0.219709271
0.219709271
0.219709271
0.219709271
0.219709271
0.219709271
0.219709271
0.219709271
0.219709271
0.219709271
0.219709271
0.219709271
0.219709271
0.219709271
0.219709271
0.219709271
0.219709271
0.219709271
0.219709271
0.219709271
0.200394328
0.200394328
0.200394328
0.200394328
0.177974476
0.177974476
0.169904802
0.169904802
