1.0
0.999963979
0.874427271
0.874427271
0.874427271
0.874427271
0.874427271
0.874427271
0.800200539
0.540250748
0.540250748
0.540250748
0.540250748
0.540250748
0.377253196
0.377253196
0.377253196
0.377253196
0.377253196
0.367984565
0.333447052
0.333447052
0.333447052
0.333447052
0.317056307
0.317056307
0.317056307
0.317056307
0.317056307
0.317056307
0.282597104
0.282597104
0.282597104
0.282597104
0.282597104
0.282597104
0.277670543
0.277670543
0.277670543
0.277670543
0.253821278
0.249663311
0.249663311
0.249663311
0.249663311
0.249663311
0.249663311
0.249663311
0.249663311
0.249663311
0.249663311
0.249663311
0.249663311
0.249663311
0.249663311
0.249663311
0.249663311
0.249663311
0.249663311
0.249663311
0.249663311
0.241141835
0.223071429
0.223071429
0.223071429
0.223071429
0.223071429
0.212954038
0.212954038
0.212954038
0.212954038
0.212954038
0.212954038
0.212954038
0.212954038
0.212954038
0.212954038
0.212954038
0.212954038
0.212954038
0.212954038
0.212954038
0.212954038
0.212954038
0.212954038
0.212954038
0.212954038
0.212954038
0.187087283
0.187087283
0.187087283
0.176621096
0.176621096
0.176621096
0.176621096
0.176621096
0.176621096
0.176621096
0.176621096
0.176621096
0.176621096
0.176621096
0.176621096
0.176621096
0.176621096
0.176621096
0.176621096
0.176621096
0.176621096
0.163822084
0.163822084
0.153586553
0.153586553
0.153586553
0.153586553
0.153586553
0.153586553
0.153586553
0.153586553
0.153586553
0.153586553
0.153586553
0.153586553
0.140238763
0.140238763
0.139161403
0.139161403
0.139161403
0.139161403
0.139161403
0.139161403
0.139161403
0.139161403
0.139161403
0.139161403
0.139161403
0.139161403
0.139161403
0.139161403
0.139161403
0.139161403
0.139161403
0.139161403
0.139161403
0.139161403
0.139161403
0.139161403
0.135459631
0.135459631
0.123192215
0.123192215
0.123192215
0.123192215
0.123192215
0.123192215
0.123192215
0.123192215
0.123192215
0.123192215
0.123192215
0.123192215
0.123192215
0.123192215
0.123192215
0.123192215
0.098586886
0.098586886
0.072367486
0.072367486
