1.0
0.999999919
0.989696189
0.914579038
0.914579038
0.914579038
0.914579038
0.914579038
0.711600244
0.711600244
0.711600244
0.711600244
0.711600244
0.654587096
0.654587096
0.654587096
0.654587096
0.654587096
0.654587096
0.654587096
0.654587096
0.654587096
0.654587096
0.654587096
0.654587096
0.511530076
0.511530076
0.511530076
0.511530076
0.511530076
0.511530076
0.511530076
0.511530076
0.451305078
0.451305078
0.451305078
0.451305078
0.451305078
0.451305078
0.451305078
0.451305078
0.451305078
0.451305078
0.451305078
0.451305078
0.414872879
0.414872879
0.414872879
0.414872879
0.414872879
0.414872879
0.414872879
0.414872879
0.414872879
0.414872879
0.400330207
0.376856195
0.376856195
0.376856195
0.376856195
0.376856195
0.376856195
0.376856195
0.327385222
0.327385222
0.327385222
0.327385222
0.327385222
0.327385222
0.327385222
0.327385222
0.327385222
0.327385222
0.327385222
0.327385222
0.327385222
0.327385222
0.327385222
0.327385222
0.327385222
0.327385222
0.327385222
0.327385222
0.327385222
0.311564779
0.311564779
0.311564779
0.311564779
0.311564779
0.26759309
0.26759309
0.26759309
0.26759309
0.26759309
0.26759309
0.26759309
0.26759309
0.26759309
0.26759309
0.26759309
0.26759309
0.26759309
0.26759309
0.26759309
0.26759309
0.26759309
0.26759309
0.26759309
0.26759309
0.26759309
0.26759309
0.26759309
0.26759309
0.26759309
0.26759309
0.26759309
0.26759309
0.26759309
0.26759309
0.26759309
0.26759309
0.26759309
0.26759309
0.26759309
0.26759309
0.26759309
0.26759309
0.26759309
0.26759309
0.26759309
0.26759309
0.26759309
0.26759309
0.26759309
0.26759309
0.26759309
0.26759309
0.26759309
0.26759309
0.26759309
0.179784094
0.179784094
0.179784094
0.179784094
0.179784094
0.179784094
0.179784094
0.179784094
0.179784094
0.177890922
0.177890922
0.177890922
0.177890922
0.177890922
0.177890922
0.177890922
0.177890922
0.177890922
0.177890922
0.177890922
0.177890922
0.177890922
0.177890922
0.177890922
0.177890922
0.106557324
0.094211794
0.094211794
0.094211794
