1.0
1.0
0.999768944
0.84494224
0.792703854
0.792703854
0.792703854
0.792703854
0.792703854
0.792703854
0.792703854
0.792703854
0.792703854
0.780455274
0.705455501
0.691171593
0.691171593
0.691171593
0.691171593
0.691171593
0.691171593
0.691171593
0.691171593
0.691171593
0.691171593
0.574324702
0.574324702
0.574324702
0.574324702
0.574324702
0.574324702
0.574324702
0.574324702
0.574324702
0.574324702
0.502323978
0.492768915
0.492768915
0.492768915
0.492768915
0.492768915
0.492768915
0.492768915
0.492768915
0.492768915
0.492768915
0.418960312
0.418960312
0.418960312
0.418960312
0.418960312
0.418960312
0.418960312
0.418960312
0.418960312
0.418960312
0.418960312
0.418960312
0.418960312
0.418960312
0.418960312
0.418960312
0.39224608
0.39224608
0.39224608
0.39224608
0.39224608
0.387077764
0.387077764
0.382253389
0.382253389
0.382253389
0.382253389
0.382253389
0.382253389
0.382253389
0.382253389
0.382253389
0.382253389
0.382253389
0.382253389
0.382253389
0.382253389
0.382253389
0.382253389
0.382253389
0.382253389
0.382253389
0.382253389
0.37438659
0.341087291
0.341087291
0.341087291
0.341087291
0.341087291
0.341087291
0.341087291
0.341087291
0.310673188
0.310673188
0.310673188
0.297859594
0.297859594
0.297859594
0.297859594
0.297859594
0.297859594
0.297859594
0.297859594
0.297859594
0.297859594
0.297859594
0.297859594
0.297859594
0.297859594
0.297859594
0.297859594
0.297859594
0.297859594
0.297859594
0.297859594
0.297859594
0.297859594
0.297859594
0.297859594
0.297859594
0.297859594
0.297859594
0.297859594
0.297859594
0.297859594
0.297859594
0.297859594
0.297859594
0.297859594
0.297859594
0.297859594
0.297859594
0.297859594
0.297859594
0.246728545
0.212794558
0.212794558
0.212794558
0.212794558
0.212794558
0.212794558
0.212794558
0.212794558
0.207161225
0.189571554
0.189571554
0.189571554
0.189571554
0.189571554
0.189571554
0.189571554
0.189571554
0.189571554
0.189571554
0.189571554
0.189571554
0.189571554
0.189571554
0.163605732
0.163605732
0.154099391
0.114988889
0.114988889
