1.0
1.0
0.99999756
0.986585792
0.732021126
0.732021126
0.732021126
0.732021126
0.732021126
0.732021126
0.732021126
0.732021126
0.732021126
0.732021126
0.688304142
0.688304142
0.688304142
0.688304142
0.688304142
0.688304142
0.688304142
0.688304142
0.688304142
0.688304142
0.658760982
0.537221964
0.491572112
0.491572112
0.491572112
0.491572112
0.491572112
0.491572112
0.491572112
0.471654383
0.471654383
0.471654383
0.471654383
0.471654383
0.471654383
0.471654383
0.471654383
0.471654383
0.471654383
0.471654383
0.464846961
0.449922111
0.447829609
0.447829609
0.447829609
0.447829609
0.447829609
0.447829609
0.447829609
0.447829609
0.447829609
0.447829609
0.447829609
0.447829609
0.43241457
0.43241457
0.43241457
0.43241457
0.43241457
0.43241457
0.43241457
0.43241457
0.43241457
0.393627273
0.393627273
0.393627273
0.393627273
0.393627273
0.393627273
0.393627273
0.393627273
0.393627273
0.393627273
0.393627273
0.393627273
0.393627273
0.393627273
0.393627273
0.393627273
0.393627273
0.393627273
0.393627273
0.393627273
0.393627273
0.393627273
0.393627273
0.385776892
0.385776892
0.385776892
0.385776892
0.385776892
0.385776892
0.385776892
0.385776892
0.385776892
0.385776892
0.385776892
0.297819675
0.297819675
0.297819675
0.297819675
0.297819675
0.297819675
0.297819675
0.297819675
0.297819675
0.297819675
0.297819675
0.297819675
0.297819675
0.297819675
0.297819675
0.29279252
0.29279252
0.29279252
0.29279252
0.29279252
0.29279252
0.29279252
0.29279252
0.29279252
0.29279252
0.29279252
0.29279252
0.29279252
0.29279252
0.29279252
0.29279252
0.29279252
0.29279252
0.29279252
0.29279252
0.29279252
0.29279252
0.29279252
0.29279252
0.254182505
0.226933119
0.226933119
0.221461341
0.221461341
0.221461341
0.221461341
0.221461341
0.221461341
0.221461341
0.221461341
0.206217467
0.206217467
0.206217467
0.206217467
0.206217467
0.206217467
0.206217467
0.206217467
0.206217467
0.206217467
0.206217467
0.206217467
0.206217467
0.206217467
0.206217467
0.206217467
0.206217467
0.206217467
