1.0
1.0
0.999999986
0.9994587
0.896138712
0.896138712
0.896138712
0.896138712
0.896138712
0.896138712
0.896138712
0.896138712
0.896138712
0.896138712
0.896138712
0.832108556
0.832108556
0.832108556
0.832108556
0.832108556
0.832108556
0.832108556
0.832108556
0.806457175
0.76912509
0.76912509
0.721897686
0.721897686
0.721897686
0.721897686
0.721897686
0.721897686
0.721897686
0.721897686
0.721897686
0.693965798
0.68506122
0.68506122
0.68506122
0.68506122
0.68506122
0.68506122
0.68506122
0.683609586
0.683609586
0.650758699
0.626112924
0.626112924
0.626112924
0.626112924
0.626112924
0.626112924
0.626112924
0.626112924
0.626112924
0.626112924
0.626112924
0.619877568
0.619877568
0.619877568
0.619877568
0.619877568
0.619877568
0.619877568
0.619877568
0.619877568
0.600321232
0.600321232
0.600321232
0.600321232
0.600321232
0.600321232
0.600321232
0.600321232
0.600321232
0.600321232
0.600321232
0.600321232
0.600321232
0.600321232
0.600321232
0.600321232
0.600321232
0.600321232
0.600321232
0.600321232
0.600321232
0.600321232
0.600321232
0.595605465
0.573434744
0.573434744
0.573434744
0.573434744
0.573434744
0.573434744
0.573434744
0.573434744
0.573434744
0.573434744
0.573434744
0.459234108
0.459234108
0.459234108
0.459234108
0.459234108
0.459234108
0.459234108
0.459234108
0.459234108
0.459234108
0.459234108
0.459234108
0.459234108
0.459234108
0.459234108
0.459234108
0.459234108
0.459234108
0.459234108
0.459234108
0.459234108
0.459234108
0.459234108
0.459234108
0.459234108
0.459234108
0.459234108
0.458576816
0.458576816
0.458576816
0.458576816
0.458576816
0.458576816
0.458576816
0.458576816
0.458576816
0.458576816
0.458576816
0.458576816
0.404744093
0.40159465
0.40159465
0.40159465
0.40159465
0.40159465
0.40159465
0.40159465
0.40159465
0.40159465
0.40159465
0.40159465
0.378668289
0.378668289
0.378668289
0.378668289
0.378668289
0.378668289
0.378668289
0.378668289
0.378668289
0.378668289
0.378668289
0.378668289
0.378668289
0.378668289
0.378668289
0.378668289
0.378668289
