1.0
1.0
0.999999986
0.999458744
0.898192343
0.898192343
0.898192343
0.898192343
0.898192343
0.898192343
0.898192343
0.898192343
0.898192343
0.898192343
0.898192343
0.838874914
0.838874914
0.838874914
0.838874914
0.838874914
0.838874914
0.838874914
0.838874914
0.812547038
0.774583779
0.774583779
0.72485644
0.72485644
0.72485644
0.72485644
0.72485644
0.72485644
0.72485644
0.72485644
0.72485644
0.696411542
0.692267731
0.692267731
0.692267731
0.692267731
0.692267731
0.692267731
0.692267731
0.692267731
0.692267731
0.658080071
0.633235468
0.633235468
0.633235468
0.633235468
0.633235468
0.633235468
0.633235468
0.633235468
0.633235468
0.633235468
0.633235468
0.62596397
0.62596397
0.62596397
0.62596397
0.62596397
0.62596397
0.62596397
0.62596397
0.62596397
0.606514851
0.606514851
0.606514851
0.606514851
0.606514851
0.606514851
0.606514851
0.606514851
0.606514851
0.606514851
0.606514851
0.606514851
0.606514851
0.606514851
0.606514851
0.606514851
0.606514851
0.606514851
0.606514851
0.606514851
0.606514851
0.606514851
0.606514851
0.596708785
0.572392243
0.572392243
0.572392243
0.572392243
0.572392243
0.572392243
0.572392243
0.572392243
0.572392243
0.572392243
0.572392243
0.464714498
0.464714498
0.464714498
0.464714498
0.464714498
0.464714498
0.464714498
0.464714498
0.464714498
0.464714498
0.464714498
0.464714498
0.464714498
0.464714498
0.464714498
0.464714498
0.464714498
0.464714498
0.464714498
0.464714498
0.464714498
0.464714498
0.464714498
0.464714498
0.464714498
0.464714498
0.464714498
0.462220563
0.462220563
0.462220563
0.462220563
0.462220563
0.462220563
0.462220563
0.462220563
0.462220563
0.462220563
0.462220563
0.462220563
0.410456408
0.405128913
0.405128913
0.405128913
0.405128913
0.405128913
0.405128913
0.405128913
0.405128913
0.405128913
0.405128913
0.405128913
0.37970325
0.37970325
0.37970325
0.37970325
0.37970325
0.37970325
0.37970325
0.37970325
0.37970325
0.37970325
0.37970325
0.37970325
0.37970325
0.37970325
0.37970325
0.37970325
0.37970325
