1.0
1.0
0.999999986
0.999451842
0.849416297
0.780674252
0.780674252
0.780674252
0.780674252
0.780674252
0.780674252
0.780674252
0.780674252
0.780674252
0.780674252
0.649962927
0.649962927
0.649962927
0.649962927
0.649962927
0.649962927
0.649962927
0.649962927
0.605301822
0.605301822
0.605301822
0.605301822
0.605301822
0.605301822
0.605301822
0.605301822
0.605301822
0.605301822
0.605301822
0.605301822
0.547295351
0.497010678
0.497010678
0.497010678
0.497010678
0.497010678
0.497010678
0.497010678
0.497010678
0.497010678
0.451717994
0.432499037
0.432499037
0.432499037
0.432499037
0.432499037
0.429056769
0.429056769
0.429056769
0.429056769
0.429056769
0.429056769
0.429056769
0.429056769
0.429056769
0.429056769
0.429056769
0.429056769
0.429056769
0.429056769
0.429056769
0.429056769
0.429056769
0.429056769
0.429056769
0.429056769
0.429056769
0.429056769
0.429056769
0.429056769
0.429056769
0.429056769
0.429056769
0.429056769
0.429056769
0.429056769
0.429056769
0.429056769
0.429056769
0.429056769
0.429056769
0.429056769
0.429056769
0.429056769
0.429056769
0.427190533
0.427190533
0.427190533
0.427190533
0.427190533
0.427190533
0.427190533
0.427190533
0.427190533
0.427190533
0.427190533
0.32128577
0.32128577
0.32128577
0.32128577
0.32128577
0.32128577
0.32128577
0.32128577
0.32128577
0.32128577
0.32128577
0.32128577
0.32128577
0.32128577
0.312266812
0.312266812
0.312266812
0.312266812
0.312266812
0.312266812
0.312266812
0.312266812
0.312266812
0.312266812
0.312266812
0.312266812
0.312266812
0.280101235
0.280101235
0.280101235
0.280101235
0.280101235
0.280101235
0.280101235
0.280101235
0.280101235
0.280101235
0.280101235
0.276267242
0.266120513
0.266120513
0.266120513
0.266120513
0.266120513
0.266120513
0.266120513
0.266120513
0.266120513
0.266120513
0.246811643
0.246811643
0.246811643
0.246811643
0.246811643
0.239820906
0.239820906
0.239820906
0.239820906
0.239820906
0.239820906
0.239820906
0.239820906
0.239820906
0.239820906
0.239820906
0.239820906
0.239820906
0.239820906
