1.0
1.0
0.999999986
0.999457103
0.864770506
0.864770506
0.864770506
0.864770506
0.864770506
0.864770506
0.864770506
0.864770506
0.864770506
0.864770506
0.864770506
0.776139827
0.776139827
0.776139827
0.776139827
0.776139827
0.776139827
0.776139827
0.776139827
0.734427088
0.695442207
0.695442207
0.687152978
0.687152978
0.687152978
0.687152978
0.687152978
0.687152978
0.687152978
0.687152978
0.687152978
0.654209428
0.622293895
0.622293895
0.622293895
0.622293895
0.622293895
0.622293895
0.622293895
0.617316479
0.617316479
0.585344795
0.56261643
0.56261643
0.56261643
0.56261643
0.56261643
0.56261643
0.56261643
0.56261643
0.56261643
0.56261643
0.56261643
0.56261643
0.56261643
0.56261643
0.56261643
0.56261643
0.56261643
0.56261643
0.56261643
0.56261643
0.552918042
0.552918042
0.552918042
0.552918042
0.552918042
0.552918042
0.552918042
0.552918042
0.552918042
0.552918042
0.552918042
0.552918042
0.552918042
0.552918042
0.552918042
0.552918042
0.552918042
0.552918042
0.552918042
0.552918042
0.552918042
0.552918042
0.552918042
0.552918042
0.540970909
0.540970909
0.540970909
0.540970909
0.540970909
0.540970909
0.540970909
0.540970909
0.540970909
0.540970909
0.540970909
0.4180073
0.4180073
0.4180073
0.4180073
0.4180073
0.4180073
0.4180073
0.4180073
0.4180073
0.4180073
0.4180073
0.4180073
0.4180073
0.4180073
0.4180073
0.4180073
0.4180073
0.4180073
0.4180073
0.4180073
0.4180073
0.4180073
0.4180073
0.4180073
0.4180073
0.4180073
0.4180073
0.41009857
0.41009857
0.41009857
0.41009857
0.41009857
0.41009857
0.41009857
0.41009857
0.41009857
0.41009857
0.41009857
0.41009857
0.357810859
0.355173923
0.355173923
0.355173923
0.355173923
0.355173923
0.355173923
0.355173923
0.355173923
0.355173923
0.349988818
0.349988818
0.341791042
0.341791042
0.341791042
0.341791042
0.341791042
0.341791042
0.341791042
0.341791042
0.341791042
0.341791042
0.341791042
0.341791042
0.341791042
0.341791042
0.341791042
0.341791042
0.341791042
