1.0
1.0
0.999997949
0.998710301
0.996197956
0.996197956
0.996197956
0.996197956
0.996197956
0.996197956
0.996197956
0.990419711
0.990419711
0.990419711
0.990419711
0.923377691
0.891802584
0.891802584
0.891802584
0.891802584
0.891802584
0.83957038
0.83957038
0.826870201
0.826870201
0.826870201
0.826870201
0.806253752
0.794362018
0.794362018
0.794362018
0.794362018
0.794362018
0.794362018
0.794362018
0.794362018
0.779664781
0.779664781
0.779664781
0.779664781
0.779664781
0.779664781
0.779664781
0.779664781
0.779664781
0.779664781
0.779664781
0.779664781
0.762879148
0.744100813
0.744100813
0.744100813
0.744100813
0.744100813
0.744100813
0.744100813
0.744100813
0.744100813
0.744100813
0.744100813
0.744100813
0.744100813
0.744100813
0.744100813
0.744100813
0.744100813
0.744100813
0.744100813
0.744100813
0.744100813
0.744100813
0.71428407
0.71428407
0.71428407
0.71428407
0.71428407
0.71428407
0.71428407
0.71428407
0.71428407
0.71428407
0.71428407
0.71428407
0.651970706
0.648854501
0.648854501
0.648854501
0.648854501
0.648854501
0.648854501
0.648854501
0.648854501
0.648854501
0.648854501
0.648854501
0.648854501
0.648854501
0.648854501
0.648854501
0.648854501
0.607590402
0.57731715
0.57731715
0.57731715
0.57731715
0.57731715
0.57731715
0.57731715
0.57731715
0.57731715
0.57731715
0.575129805
0.575129805
0.575129805
0.575129805
0.575129805
0.575129805
0.575129805
0.575129805
0.575129805
0.575129805
0.575129805
0.575129805
0.563666963
0.563666963
0.563666963
0.563666963
0.563666963
0.563666963
0.563666963
0.563666963
0.563666963
0.563666963
0.563666963
0.563666963
0.563666963
0.563666963
0.563666963
0.563666963
0.563666963
0.563666963
0.563666963
0.563666963
0.563666963
0.563666963
0.563666963
0.555684214
0.555684214
0.555684214
0.555684214
0.555684214
0.555684214
0.555684214
0.555684214
0.555684214
0.555684214
0.555684214
0.517154804
0.517154804
0.517154804
0.517154804
0.517154804
0.51013151
0.51013151
0.51013151
0.51013151
0.51013151
0.51013151
0.495849485
0.447199435
0.411759475
0.399846372
