1.0
0.993054121
0.993054121
0.993054121
0.993054121
0.993054121
0.993054121
0.993054121
0.983309895
0.893269532
0.725083458
0.725083458
0.725083458
0.725083458
0.725083458
0.725083458
0.725083458
0.725083458
0.725083458
0.725083458
0.725083458
0.694810597
0.356096115
0.356096115
0.356096115
0.356096115
0.356096115
0.330908629
0.330908629
0.330908629
0.330908629
0.330908629
0.330908629
0.330908629
0.312229647
0.312229647
0.312229647
0.312229647
0.312229647
0.312229647
0.312229647
0.312229647
0.27704871
0.276269581
0.276269581
0.276269581
0.276269581
0.276269581
0.276269581
0.276269581
0.272109734
0.272109734
0.272109734
0.272109734
0.272109734
0.272109734
0.272109734
0.272109734
0.272109734
0.272109734
0.272109734
0.272109734
0.272109734
0.272109734
0.272109734
0.272109734
0.250115112
0.250115112
0.250115112
0.250115112
0.250115112
0.250115112
0.236418243
0.225936674
0.225936674
0.225936674
0.225936674
0.225936674
0.225936674
0.225936674
0.225936674
0.225936674
0.225936674
0.225936674
0.225936674
0.19206559
0.19206559
0.19206559
0.19206559
0.19206559
0.19206559
0.19206559
0.19206559
0.19206559
0.19206559
0.19206559
0.19206559
0.19206559
0.19206559
0.19206559
0.19206559
0.19206559
0.19206559
0.19206559
0.19206559
0.19206559
0.19206559
0.19206559
0.19206559
0.19206559
0.19206559
0.19206559
0.19206559
0.19206559
0.19206559
0.19206559
0.19206559
0.19206559
0.19206559
0.19206559
0.19206559
0.119536812
0.119536812
0.119536812
0.119536812
0.119536812
0.119536812
0.119536812
0.119536812
0.119536812
0.119536812
0.119536812
0.119536812
0.110923693
0.110923693
0.110923693
0.110923693
0.110923693
0.110923693
0.110923693
0.110923693
0.110923693
0.110923693
0.110923693
0.110923693
0.110923693
0.110923693
0.110923693
0.110923693
0.110923693
0.103918638
0.103918638
0.103918638
0.103918638
0.103918638
0.103918638
0.103918638
0.103918638
0.103918638
0.103918638
0.103918638
0.103918638
0.103918638
0.103918638
0.103918638
0.069650935
0.069650935
0.069650935
0.069650935
0.059976332
0.059976332
0.059976332
