1.0
0.993784153
0.993784153
0.993784153
0.993784153
0.993784153
0.993784153
0.993784153
0.982964505
0.897169762
0.723734851
0.723734851
0.723734851
0.723734851
0.723734851
0.723734851
0.723734851
0.723734851
0.723734851
0.723734851
0.723734851
0.697375919
0.426872177
0.426872177
0.426872177
0.426872177
0.426872177
0.412490587
0.412490587
0.412490587
0.412490587
0.412490587
0.412490587
0.412490587
0.412490587
0.412490587
0.412490587
0.412490587
0.412490587
0.412490587
0.412490587
0.412490587
0.347397647
0.319361582
0.319361582
0.319361582
0.319361582
0.319361582
0.319361582
0.319361582
0.319361582
0.319361582
0.319361582
0.319361582
0.319361582
0.319361582
0.319361582
0.319361582
0.319361582
0.319361582
0.319361582
0.319361582
0.319361582
0.319361582
0.319361582
0.319361582
0.298587319
0.298587319
0.298587319
0.298587319
0.298587319
0.2754977
0.245701563
0.245701563
0.245701563
0.245701563
0.245701563
0.245701563
0.245701563
0.245701563
0.245701563
0.245701563
0.245701563
0.245701563
0.245701563
0.224884169
0.224884169
0.224884169
0.224884169
0.224884169
0.224884169
0.224884169
0.224884169
0.224884169
0.224884169
0.224884169
0.224884169
0.216157784
0.216157784
0.216157784
0.216157784
0.216157784
0.216157784
0.216157784
0.216157784
0.216157784
0.216157784
0.216157784
0.216157784
0.190139857
0.190139857
0.189207469
0.189207469
0.189207469
0.189207469
0.189207469
0.189207469
0.189207469
0.189207469
0.189207469
0.189207469
0.170690192
0.15351558
0.15351558
0.15351558
0.15351558
0.15351558
0.15351558
0.15351558
0.149481052
0.149481052
0.149481052
0.149481052
0.149481052
0.149481052
0.149481052
0.149481052
0.149481052
0.126267334
0.126267334
0.126267334
0.126267334
0.126267334
0.126267334
0.126267334
0.126267334
0.126267334
0.126267334
0.126267334
0.126267334
0.126267334
0.126267334
0.126267334
0.126267334
0.126267334
0.126267334
0.126267334
0.126267334
0.126267334
0.126267334
0.126267334
0.126267334
0.126267334
0.126267334
0.126267334
0.100183534
0.088966259
0.088966259
0.088966259
0.070042919
0.060358584
0.060358584
