1.0
0.993882086
0.993882086
0.993882086
0.993882086
0.993882086
0.993882086
0.993882086
0.983456976
0.896004943
0.732992724
0.732992724
0.732992724
0.732992724
0.732992724
0.732992724
0.732992724
0.732992724
0.732992724
0.732992724
0.732992724
0.726087079
0.426287803
0.426287803
0.426287803
0.426287803
0.426287803
0.426287803
0.426287803
0.426287803
0.426287803
0.426287803
0.426287803
0.426287803
0.426287803
0.426287803
0.426287803
0.426287803
0.426287803
0.426287803
0.426287803
0.426287803
0.324479987
0.312061945
0.312061945
0.312061945
0.312061945
0.312061945
0.312061945
0.312061945
0.312061945
0.312061945
0.312061945
0.296669227
0.296669227
0.296669227
0.296669227
0.296669227
0.296669227
0.296669227
0.296669227
0.296669227
0.296669227
0.296669227
0.296669227
0.282175073
0.282175073
0.282175073
0.282175073
0.282175073
0.282175073
0.282175073
0.282175073
0.250462148
0.250462148
0.250462148
0.250462148
0.250462148
0.250462148
0.250462148
0.250462148
0.250462148
0.250462148
0.250462148
0.250462148
0.250462148
0.250462148
0.250462148
0.250462148
0.250462148
0.250462148
0.250462148
0.250462148
0.250462148
0.250462148
0.250462148
0.250462148
0.22113308
0.22113308
0.22113308
0.22113308
0.22113308
0.22113308
0.22113308
0.22113308
0.22113308
0.22113308
0.22113308
0.22113308
0.195144138
0.195144138
0.195144138
0.195144138
0.195144138
0.195144138
0.195144138
0.195144138
0.195144138
0.195144138
0.195144138
0.195144138
0.137339336
0.137339336
0.137339336
0.137339336
0.137339336
0.137339336
0.137339336
0.135851961
0.133692241
0.133692241
0.133692241
0.133692241
0.132983029
0.132983029
0.132983029
0.132983029
0.132983029
0.132983029
0.132983029
0.132983029
0.132983029
0.132983029
0.132983029
0.132983029
0.132983029
0.132983029
0.132983029
0.132983029
0.132983029
0.132983029
0.132983029
0.132983029
0.132983029
0.132983029
0.132983029
0.132983029
0.132983029
0.132983029
0.132983029
0.132983029
0.132983029
0.132983029
0.132983029
0.132983029
0.078794203
0.078794203
0.078794203
0.078794203
0.078794203
0.078794203
0.078794203
