1.0
0.973734499
0.973734499
0.973734499
0.973734499
0.973734499
0.973734499
0.973734499
0.947904886
0.790247264
0.621601002
0.621601002
0.621601002
0.621601002
0.621601002
0.621601002
0.621601002
0.621601002
0.621601002
0.621601002
0.621601002
0.311995726
0.311995726
0.311995726
0.311995726
0.311995726
0.311995726
0.311210125
0.311210125
0.311210125
0.311210125
0.311210125
0.311210125
0.311210125
0.311210125
0.311210125
0.311210125
0.311210125
0.311210125
0.311210125
0.311210125
0.311210125
0.269105939
0.269105939
0.269105939
0.269105939
0.269105939
0.269105939
0.269105939
0.211390763
0.211390763
0.211390763
0.211390763
0.211390763
0.211390763
0.211390763
0.211390763
0.211390763
0.211390763
0.211390763
0.211390763
0.202696073
0.202696073
0.202696073
0.202696073
0.202696073
0.202696073
0.202696073
0.202696073
0.202696073
0.202696073
0.202696073
0.172856121
0.172856121
0.172856121
0.172856121
0.172856121
0.172856121
0.172856121
0.172856121
0.172856121
0.172856121
0.172856121
0.172856121
0.172856121
0.172856121
0.172856121
0.172856121
0.172856121
0.172856121
0.172856121
0.172856121
0.172856121
0.172856121
0.172856121
0.172856121
0.172856121
0.172856121
0.172856121
0.120378756
0.120378756
0.120378756
0.120378756
0.120378756
0.120378756
0.120378756
0.120378756
0.120378756
0.120378756
0.113068167
0.102136038
0.102136038
0.102136038
0.102136038
0.102136038
0.102136038
0.102136038
0.102136038
0.102136038
0.102136038
0.102136038
0.081440803
0.081440803
0.081440803
0.081440803
0.081440803
0.081440803
0.081440803
0.081440803
0.081440803
0.081440803
0.081440803
0.081440803
0.081440803
0.081440803
0.081440803
0.081440803
0.081440803
0.079222969
0.079222969
0.079222969
0.079222969
0.079222969
0.079222969
0.079222969
0.079222969
0.079222969
0.079222969
0.079222969
0.079222969
0.079222969
0.079222969
0.079222969
0.079222969
0.079222969
0.079222969
0.079222969
0.079222969
0.079222969
0.059861423
0.059861423
0.059861423
0.059861423
0.059861423
0.059861423
0.049140909
0.049140909
0.049140909
0.049140909
0.040718548
0.029772885
0.029772885
