1.0
0.974489747
0.974489747
0.974489747
0.974489747
0.974489747
0.974489747
0.974489747
0.94651663
0.783904504
0.609341493
0.609341493
0.609341493
0.609341493
0.609341493
0.609341493
0.609341493
0.609341493
0.609341493
0.609341493
0.609341493
0.320689944
0.320689944
0.320689944
0.320689944
0.320689944
0.320689944
0.246612422
0.246612422
0.246612422
0.246612422
0.246612422
0.246612422
0.246612422
0.246612422
0.246612422
0.246612422
0.246612422
0.246612422
0.246612422
0.246612422
0.246612422
0.221772272
0.221772272
0.221772272
0.221772272
0.221772272
0.221772272
0.221772272
0.155723632
0.155723632
0.155723632
0.155723632
0.155723632
0.155723632
0.155723632
0.155723632
0.155723632
0.155723632
0.155723632
0.155723632
0.155723632
0.155723632
0.155723632
0.155723632
0.155723632
0.155723632
0.155723632
0.155723632
0.155723632
0.155723632
0.155723632
0.13260892
0.13260892
0.13260892
0.13260892
0.13260892
0.122072464
0.122072464
0.122072464
0.122072464
0.122072464
0.122072464
0.122072464
0.122072464
0.122072464
0.122072464
0.122072464
0.122072464
0.122072464
0.122072464
0.122072464
0.122072464
0.122072464
0.122072464
0.122072464
0.122072464
0.122072464
0.122072464
0.102187717
0.100579002
0.100579002
0.100579002
0.100579002
0.100579002
0.100579002
0.100579002
0.100579002
0.100579002
0.091006578
0.09058924
0.089689078
0.089689078
0.089689078
0.089689078
0.089689078
0.089689078
0.089689078
0.089689078
0.089689078
0.089689078
0.089689078
0.089689078
0.089689078
0.089689078
0.089689078
0.089689078
0.089689078
0.089689078
0.061670056
0.061670056
0.061670056
0.061670056
0.061670056
0.061670056
0.061670056
0.061670056
0.061670056
0.061622455
0.061622455
0.061622455
0.061622455
0.061622455
0.061622455
0.061622455
0.05845578
0.05845578
0.05845578
0.05845578
0.05845578
0.05845578
0.05845578
0.05845578
0.05845578
0.05845578
0.05845578
0.05845578
0.05845578
0.05845578
0.05845578
0.05845578
0.052650656
0.052650656
0.052650656
0.052650656
0.052650656
0.052650656
0.052650656
0.052650656
0.052650656
0.052650656
0.052650656
