1.0
0.95768552
0.944057619
0.944057619
0.944057619
0.944057619
0.944057619
0.944057619
0.92382324
0.496369691
0.477077802
0.477077802
0.477077802
0.477077802
0.477077802
0.477077802
0.477077802
0.477077802
0.477077802
0.477077802
0.301043979
0.272080193
0.272080193
0.272080193
0.272080193
0.272080193
0.272080193
0.272080193
0.272080193
0.272080193
0.272080193
0.272080193
0.272080193
0.272080193
0.272080193
0.272080193
0.272080193
0.272080193
0.272080193
0.272080193
0.272080193
0.272080193
0.138472947
0.106144001
0.106144001
0.106144001
0.106144001
0.106144001
0.106144001
0.106144001
0.106144001
0.106144001
0.106144001
0.106144001
0.106144001
0.106144001
0.106144001
0.106144001
0.106144001
0.106144001
0.106144001
0.106144001
0.106144001
0.106144001
0.106144001
0.106144001
0.106144001
0.106144001
0.106144001
0.106144001
0.106144001
0.106144001
0.106144001
0.106144001
0.106144001
0.106144001
0.106144001
0.106144001
0.106144001
0.106144001
0.106144001
0.106144001
0.106144001
0.106144001
0.106144001
0.106144001
0.106144001
0.088496157
0.088496157
0.088496157
0.088496157
0.088496157
0.088496157
0.088496157
0.088496157
0.088496157
0.088496157
0.088496157
0.088496157
0.088496157
0.088496157
0.088496157
0.088496157
0.088496157
0.088496157
0.088496157
0.088496157
0.088496157
0.088496157
0.088496157
0.053602669
0.053602669
0.053602669
0.053602669
0.053602669
0.053602669
0.053602669
0.053602669
0.053602669
0.053602669
0.053602669
0.043321528
0.043321528
0.043321528
0.043321528
0.043321528
0.043321528
0.043321528
0.043321528
0.043321528
0.043321528
0.043321528
0.043321528
0.043321528
0.043321528
0.043321528
0.043321528
0.043321528
0.043321528
0.043321528
0.043321528
0.043321528
0.043321528
0.043321528
0.043321528
0.043321528
0.043321528
0.024200206
0.024200206
0.024200206
0.024200206
0.024200206
0.024200206
0.024200206
0.024200206
0.024200206
0.024200206
0.024200206
0.021268225
0.021268225
0.021268225
0.021268225
0.021268225
0.021268225
0.021268225
0.021268225
0.021268225
0.021268225
0.021268225
0.021268225
0.012889512
0.012889512
