1.0
0.997308131
0.919606292
0.919606292
0.919606292
0.919606292
0.919606292
0.919606292
0.769151544
0.407829909
0.407829909
0.407829909
0.407829909
0.407829909
0.367268113
0.367268113
0.367268113
0.367268113
0.367268113
0.367268113
0.221788763
0.221788763
0.221788763
0.221788763
0.221788763
0.221788763
0.134159238
0.134159238
0.134159238
0.134159238
0.134159238
0.134159238
0.134159238
0.134159238
0.134159238
0.126440595
0.126440595
0.126440595
0.126440595
0.126440595
0.126440595
0.126440595
0.076130665
0.076130665
0.076130665
0.076130665
0.076130665
0.076130665
0.076130665
0.076130665
0.076130665
0.076130665
0.076130665
0.076130665
0.076130665
0.076130665
0.076130665
0.076130665
0.076130665
0.076130665
0.076130665
0.076130665
0.076130665
0.076130665
0.076130665
0.076130665
0.076130665
0.076130665
0.076130665
0.076130665
0.076130665
0.076130665
0.076130665
0.076130665
0.076130665
0.076130665
0.073026366
0.073026366
0.073026366
0.073026366
0.073026366
0.073026366
0.073026366
0.057381332
0.057381332
0.057381332
0.057381332
0.052411269
0.052411269
0.052411269
0.052411269
0.052411269
0.052411269
0.052411269
0.052411269
0.052411269
0.052411269
0.052411269
0.052411269
0.037130928
0.037130928
0.037130928
0.037130928
0.037130928
0.037130928
0.037130928
0.037130928
0.037130928
0.037130928
0.028148029
0.028148029
0.028148029
0.028148029
0.028148029
0.028148029
0.028148029
0.028148029
0.028148029
0.028148029
0.028148029
0.028148029
0.028148029
0.028148029
0.028148029
0.028148029
0.028148029
0.028148029
0.028148029
0.028148029
0.028148029
0.028148029
0.028148029
0.028148029
0.028148029
0.028148029
0.028148029
0.028148029
0.028148029
0.028148029
0.028148029
0.028148029
0.028148029
0.028148029
0.028148029
0.028148029
0.028148029
0.028148029
0.028148029
0.028148029
0.028148029
0.028148029
0.028148029
0.028148029
0.028148029
0.028148029
0.028148029
0.028148029
0.028148029
0.028148029
0.028148029
0.028148029
0.028148029
0.028148029
0.012352003
0.011677266
0.007643142
0.007643142
0.007643142
0.007643142
0.007643142
0.0
0.0
