1.0
0.997306013
0.919998375
0.919998375
0.919998375
0.919998375
0.919998375
0.919998375
0.768513239
0.39816489
0.39816489
0.39816489
0.39816489
0.39816489
0.361944441
0.361944441
0.361944441
0.361944441
0.361944441
0.361944441
0.156563048
0.156563048
0.156563048
0.156563048
0.156563048
0.156563048
0.130095822
0.130095822
0.130095822
0.130095822
0.130095822
0.130095822
0.130095822
0.130095822
0.130095822
0.130095822
0.130095822
0.130095822
0.130095822
0.130095822
0.130095822
0.130095822
0.068121909
0.068121909
0.068121909
0.068121909
0.068121909
0.068121909
0.068121909
0.068121909
0.068121909
0.068121909
0.068121909
0.068121909
0.068121909
0.068121909
0.068121909
0.068121909
0.068121909
0.068121909
0.068121909
0.068121909
0.068121909
0.068121909
0.068121909
0.068121909
0.068121909
0.068121909
0.068121909
0.068121909
0.068121909
0.068121909
0.068121909
0.068121909
0.062653812
0.058190181
0.054616497
0.054616497
0.054616497
0.054616497
0.054616497
0.054616497
0.054616497
0.054616497
0.054616497
0.054616497
0.054616497
0.042900539
0.042900539
0.042900539
0.042900539
0.042900539
0.042900539
0.042900539
0.042900539
0.042900539
0.042900539
0.042900539
0.042900539
0.034570701
0.034570701
0.034570701
0.034570701
0.034570701
0.034570701
0.034570701
0.034570701
0.034570701
0.034570701
0.034570701
0.034570701
0.034570701
0.034570701
0.034570701
0.034570701
0.034570701
0.034570701
0.034570701
0.030918515
0.030918515
0.030918515
0.030918515
0.029051678
0.029051678
0.029051678
0.029051678
0.029051678
0.029051678
0.029051678
0.029051678
0.029051678
0.029051678
0.029051678
0.029051678
0.029051678
0.029051678
0.029051678
0.029051678
0.029051678
0.029051678
0.029051678
0.029051678
0.029051678
0.029051678
0.029051678
0.029051678
0.029051678
0.029051678
0.029051678
0.029051678
0.015444461
0.015444461
0.015444461
0.015444461
0.015444461
0.015444461
0.015444461
0.015444461
0.015444461
0.015444461
0.015444461
0.015444461
0.015444461
0.014842799
0.014842799
0.006971899
0.006971899
0.006971899
0.006971899
0.006971899
0.0
0.0
