1.0
0.999889765
0.94414162
0.820049191
0.820049191
0.820049191
0.820049191
0.820049191
0.456141722
0.456141722
0.456141722
0.456141722
0.456141722
0.434764867
0.410525966
0.273019278
0.273019278
0.273019278
0.273019278
0.245886158
0.245886158
0.245886158
0.245886158
0.245886158
0.245886158
0.245886158
0.205496626
0.205496626
0.205496626
0.205496626
0.205496626
0.205496626
0.205496626
0.205496626
0.205496626
0.136220804
0.136220804
0.136220804
0.136220804
0.136220804
0.136220804
0.136220804
0.128467037
0.128467037
0.128467037
0.128467037
0.128467037
0.128467037
0.128467037
0.128467037
0.128467037
0.128467037
0.128467037
0.128467037
0.128467037
0.128467037
0.128467037
0.128467037
0.128467037
0.128467037
0.128467037
0.128467037
0.128467037
0.128467037
0.128467037
0.128467037
0.128467037
0.128467037
0.128467037
0.128467037
0.128467037
0.128467037
0.128467037
0.128467037
0.128467037
0.128467037
0.128467037
0.128467037
0.128467037
0.128467037
0.128467037
0.128467037
0.128467037
0.090677352
0.090677352
0.090677352
0.090677352
0.090677352
0.090677352
0.090677352
0.090677352
0.090677352
0.090677352
0.090677352
0.090677352
0.090677352
0.090677352
0.090677352
0.090677352
0.090677352
0.090677352
0.060556934
0.060556934
0.060556934
0.060556934
0.060556934
0.060556934
0.060556934
0.060556934
0.060556934
0.060556934
0.060556934
0.060556934
0.060556934
0.060556934
0.060556934
0.060556934
0.060556934
0.060556934
0.060556934
0.060556934
0.060556934
0.060556934
0.060556934
0.060556934
0.060556934
0.060556934
0.060556934
0.060556934
0.060556934
0.060556934
0.060556934
0.060556934
0.040222848
0.040222848
0.040222848
0.040222848
0.040222848
0.031514465
0.031514465
0.031514465
0.031514465
0.031514465
0.031514465
0.031514465
0.031514465
0.031514465
0.031514465
0.031514465
0.031514465
0.031514465
0.031514465
0.031514465
0.031514465
0.031514465
0.031514465
0.031514465
0.031514465
0.031514465
0.031514465
0.031514465
0.031514465
0.031514465
0.031514465
0.031514465
0.010601405
0.001072141
0.000735031
0.000735031
0.000735031
0.0
0.0
