1.0
0.999889208
0.941397603
0.820202717
0.820202717
0.820202717
0.820202717
0.820202717
0.451492347
0.451492347
0.451492347
0.451492347
0.451492347
0.419804525
0.383436821
0.269377287
0.269377287
0.269377287
0.269377287
0.224297652
0.224297652
0.224297652
0.224297652
0.224297652
0.224297652
0.216288461
0.190880577
0.190880577
0.190880577
0.190880577
0.190880577
0.190880577
0.190880577
0.190880577
0.180714225
0.120870762
0.120870762
0.086364212
0.086364212
0.086364212
0.086364212
0.086364212
0.086364212
0.086364212
0.086364212
0.086364212
0.086364212
0.086364212
0.086364212
0.086364212
0.086364212
0.086364212
0.086364212
0.086364212
0.086364212
0.086364212
0.086364212
0.086364212
0.086364212
0.086364212
0.086364212
0.086364212
0.086364212
0.086364212
0.086364212
0.086364212
0.086364212
0.086364212
0.086364212
0.086364212
0.086364212
0.086364212
0.086364212
0.086364212
0.086364212
0.086364212
0.086364212
0.086364212
0.086364212
0.086364212
0.086364212
0.086364212
0.086217382
0.066625192
0.066625192
0.066625192
0.066625192
0.066625192
0.066625192
0.066625192
0.066625192
0.066625192
0.066625192
0.066625192
0.066625192
0.066625192
0.066625192
0.066625192
0.066625192
0.066625192
0.066625192
0.063500269
0.063500269
0.063500269
0.063500269
0.063500269
0.063500269
0.063500269
0.063500269
0.063500269
0.063500269
0.063500269
0.063500269
0.063500269
0.063500269
0.063500269
0.063500269
0.063500269
0.063500269
0.063500269
0.063500269
0.063500269
0.063500269
0.063500269
0.063500269
0.063500269
0.063500269
0.063500269
0.063500269
0.063500269
0.063500269
0.063500269
0.063500269
0.032475903
0.032475903
0.032475903
0.032475903
0.032475903
0.032475903
0.032475903
0.032475903
0.032475903
0.032475903
0.032475903
0.032475903
0.032475903
0.032475903
0.032475903
0.032475903
0.032475903
0.032475903
0.032475903
0.032475903
0.032475903
0.032475903
0.032475903
0.032475903
0.032475903
0.032475903
0.032475903
0.032475903
0.032475903
0.032475903
0.032475903
0.032475903
0.031482777
0.010801742
0.010801742
0.010801742
0.010801742
0.010801742
0.0
