1.0
0.999996873
0.993237592
0.714702376
0.618669347
0.618669347
0.618669347
0.618669347
0.618669347
0.618669347
0.618669347
0.618669347
0.618669347
0.618669347
0.490416799
0.358528415
0.358528415
0.358528415
0.358528415
0.358528415
0.358528415
0.358528415
0.358528415
0.358528415
0.358528415
0.358528415
0.358528415
0.358528415
0.358528415
0.358528415
0.358528415
0.358528415
0.358528415
0.358528415
0.358528415
0.358528415
0.354440577
0.354440577
0.354440577
0.354440577
0.354440577
0.354440577
0.354440577
0.354440577
0.354440577
0.354440577
0.354440577
0.354440577
0.220156339
0.220156339
0.220156339
0.220156339
0.220156339
0.220156339
0.220156339
0.220156339
0.220156339
0.220156339
0.220156339
0.220156339
0.220156339
0.220156339
0.220156339
0.220156339
0.220156339
0.220156339
0.220156339
0.220156339
0.220156339
0.220156339
0.220156339
0.212853027
0.212853027
0.212853027
0.212853027
0.212853027
0.212853027
0.212853027
0.212853027
0.212853027
0.212853027
0.212853027
0.212853027
0.157387131
0.107210586
0.107210586
0.107210586
0.107210586
0.107210586
0.107210586
0.107210586
0.107210586
0.107210586
0.107210586
0.107210586
0.107210586
0.107210586
0.107210586
0.107210586
0.107210586
0.107210586
0.071646302
0.071646302
0.071646302
0.071646302
0.071646302
0.064059659
0.062798812
0.062798812
0.062798812
0.062798812
0.062798812
0.062798812
0.062798812
0.062798812
0.062798812
0.062798812
0.062798812
0.062798812
0.062798812
0.062798812
0.062798812
0.062798812
0.062798812
0.062798812
0.062798812
0.062798812
0.062798812
0.062798812
0.062798812
0.062798812
0.062798812
0.062798812
0.062798812
0.062798812
0.062798812
0.062798812
0.062022403
0.062022403
0.062022403
0.062022403
0.062022403
0.062022403
0.062022403
0.062022403
0.062022403
0.062022403
0.062022403
0.062022403
0.062022403
0.062022403
0.051292081
0.051292081
0.051292081
0.051292081
0.051292081
0.051292081
0.051292081
0.051292081
0.051292081
0.051292081
0.051292081
0.051292081
0.051292081
0.051292081
0.051292081
0.027617127
0.027617127
0.019345019
0.019345019
0.019345019
0.016904534
