1.0
0.999996873
0.993246708
0.720700755
0.61726656
0.61726656
0.61726656
0.61726656
0.61726656
0.61726656
0.61726656
0.61726656
0.61726656
0.605542049
0.475089896
0.420114961
0.420114961
0.420114961
0.420114961
0.420114961
0.420114961
0.420114961
0.420114961
0.420114961
0.420114961
0.420114961
0.385519107
0.385519107
0.385519107
0.385519107
0.385519107
0.385519107
0.385519107
0.385519107
0.385519107
0.385519107
0.340484204
0.340484204
0.340484204
0.340484204
0.340484204
0.340484204
0.340484204
0.340484204
0.340484204
0.340484204
0.340484204
0.340484204
0.263753893
0.263753893
0.263753893
0.263753893
0.263753893
0.263753893
0.263753893
0.263753893
0.263753893
0.263753893
0.263753893
0.263753893
0.263753893
0.263753893
0.263753893
0.263753893
0.263753893
0.263753893
0.263753893
0.263753893
0.263753893
0.263753893
0.263753893
0.251786956
0.251786956
0.251786956
0.251786956
0.251786956
0.251786956
0.251786956
0.251786956
0.251786956
0.251786956
0.251786956
0.251786956
0.159386014
0.122309289
0.122309289
0.122309289
0.122309289
0.122309289
0.122309289
0.122309289
0.122309289
0.122309289
0.122309289
0.122309289
0.122309289
0.122309289
0.122309289
0.122309289
0.122309289
0.122309289
0.099553045
0.099553045
0.099553045
0.099553045
0.099553045
0.086360312
0.086360312
0.086360312
0.086360312
0.086360312
0.086360312
0.086360312
0.086360312
0.086360312
0.086360312
0.086360312
0.086360312
0.086360312
0.086360312
0.086360312
0.086360312
0.086360312
0.086360312
0.086360312
0.086360312
0.086360312
0.086360312
0.086360312
0.086360312
0.086360312
0.086360312
0.086360312
0.086360312
0.086360312
0.086360312
0.086360312
0.086360312
0.075812979
0.075812979
0.075812979
0.075812979
0.075812979
0.075812979
0.075812979
0.075812979
0.075812979
0.075812979
0.075812979
0.075812979
0.056364299
0.056364299
0.056364299
0.056364299
0.056364299
0.056364299
0.056364299
0.056364299
0.056364299
0.056364299
0.056364299
0.056364299
0.056364299
0.056364299
0.056364299
0.049234917
0.035201233
0.035201233
0.035201233
0.035201233
0.035201233
0.035201233
