1.0
0.999996866
0.993077517
0.687278059
0.61711388
0.61711388
0.61711388
0.61711388
0.61711388
0.61711388
0.61711388
0.61711388
0.61711388
0.608122885
0.429411974
0.396249018
0.396249018
0.396249018
0.396249018
0.396249018
0.396249018
0.396249018
0.396249018
0.396249018
0.396249018
0.396249018
0.396249018
0.396249018
0.396249018
0.396249018
0.396249018
0.396249018
0.396249018
0.396249018
0.396249018
0.396249018
0.354452444
0.354452444
0.354452444
0.354452444
0.354452444
0.354452444
0.354452444
0.354452444
0.354452444
0.354452444
0.354452444
0.354452444
0.230501958
0.230501958
0.230501958
0.230501958
0.230501958
0.230501958
0.230501958
0.230501958
0.230501958
0.230501958
0.230501958
0.230501958
0.230501958
0.230501958
0.230501958
0.230501958
0.230501958
0.230501958
0.230501958
0.230501958
0.230501958
0.230501958
0.230501958
0.230501958
0.230501958
0.230501958
0.230501958
0.230501958
0.230501958
0.230501958
0.230501958
0.230501958
0.230501958
0.230501958
0.230501958
0.150638007
0.092555799
0.092555799
0.092555799
0.092555799
0.092555799
0.092555799
0.092555799
0.092555799
0.092555799
0.092555799
0.092555799
0.092555799
0.092555799
0.092555799
0.092555799
0.092555799
0.092555799
0.092555799
0.092555799
0.092555799
0.092555799
0.092555799
0.092555799
0.068190672
0.068190672
0.068190672
0.068190672
0.068190672
0.060360825
0.060360825
0.060360825
0.060360825
0.060360825
0.060360825
0.060360825
0.060360825
0.060360825
0.060360825
0.060360825
0.060360825
0.060360825
0.060360825
0.060360825
0.060360825
0.060360825
0.060360825
0.060360825
0.060360825
0.060360825
0.060360825
0.056422002
0.056422002
0.056422002
0.056422002
0.056422002
0.056422002
0.056422002
0.056422002
0.056422002
0.056422002
0.056422002
0.056422002
0.056422002
0.056422002
0.056422002
0.056422002
0.056422002
0.056422002
0.056422002
0.056422002
0.056422002
0.056422002
0.056422002
0.040769732
0.040769732
0.040769732
0.040769732
0.040769732
0.040769732
0.040769732
0.040769732
0.040769732
0.036520253
0.036520253
0.0323682
0.0323682
0.0323682
0.013478644
