1.0
0.99999687
0.993152417
0.6953651
0.616666575
0.616666575
0.616666575
0.616666575
0.616666575
0.616666575
0.616666575
0.616666575
0.616666575
0.612037616
0.457144278
0.409778571
0.409778571
0.409778571
0.409778571
0.409778571
0.409778571
0.409778571
0.409778571
0.409778571
0.409778571
0.409778571
0.409778571
0.409778571
0.409778571
0.409778571
0.409778571
0.409778571
0.409778571
0.409778571
0.409778571
0.409778571
0.381958498
0.381958498
0.381958498
0.381958498
0.381958498
0.381958498
0.381958498
0.381958498
0.381958498
0.381958498
0.381958498
0.381958498
0.235487616
0.235487616
0.235487616
0.235487616
0.235487616
0.235487616
0.235487616
0.235487616
0.235487616
0.235487616
0.235487616
0.235487616
0.235487616
0.235487616
0.235487616
0.235487616
0.235487616
0.235487616
0.235487616
0.235487616
0.235487616
0.235487616
0.235487616
0.211294711
0.211294711
0.211294711
0.211294711
0.211294711
0.211294711
0.211294711
0.211294711
0.211294711
0.211294711
0.211294711
0.211294711
0.137580135
0.137580135
0.137580135
0.137580135
0.137580135
0.137580135
0.137580135
0.137580135
0.137580135
0.137580135
0.137580135
0.137580135
0.137580135
0.137580135
0.137580135
0.137580135
0.137580135
0.137580135
0.113697106
0.077618295
0.077618295
0.077618295
0.077618295
0.077618295
0.077618295
0.077618295
0.077618295
0.077618295
0.077618295
0.077618295
0.077618295
0.077618295
0.077618295
0.077618295
0.077618295
0.077618295
0.077618295
0.077618295
0.077618295
0.077618295
0.077618295
0.077618295
0.077618295
0.077618295
0.077618295
0.077618295
0.077618295
0.077618295
0.077618295
0.077618295
0.065271404
0.065271404
0.065271404
0.065271404
0.059697904
0.059697904
0.059697904
0.059697904
0.059697904
0.059697904
0.059697904
0.059697904
0.059697904
0.059697904
0.059697904
0.059697904
0.059697904
0.053345272
0.043489029
0.043489029
0.043489029
0.043489029
0.043489029
0.043489029
0.043489029
0.043489029
0.043489029
0.043489029
0.043489029
0.033940102
0.033940102
0.033940102
0.033940102
0.029855414
0.020376218
0.020376218
0.020376218
0.020376218
0.020376218
