1.0
0.999999935
0.999400162
0.932870354
0.859797642
0.859797642
0.859797642
0.859797642
0.859797642
0.859797642
0.859797642
0.859797642
0.859797642
0.859797642
0.708477175
0.517602036
0.517602036
0.517602036
0.517602036
0.517602036
0.517602036
0.517602036
0.517602036
0.517602036
0.517602036
0.517602036
0.517602036
0.48650452
0.48650452
0.48650452
0.48650452
0.48650452
0.48650452
0.48650452
0.48650452
0.48650452
0.473482754
0.473482754
0.473482754
0.473482754
0.473482754
0.473482754
0.473482754
0.473482754
0.473482754
0.473482754
0.473482754
0.473482754
0.473482754
0.314879174
0.314879174
0.314879174
0.314879174
0.314879174
0.314879174
0.314879174
0.314879174
0.314879174
0.314879174
0.314879174
0.314879174
0.314879174
0.314879174
0.314879174
0.314879174
0.314879174
0.314879174
0.314879174
0.314879174
0.314879174
0.305642536
0.290191717
0.290191717
0.290191717
0.290191717
0.290191717
0.290191717
0.290191717
0.290191717
0.290191717
0.290191717
0.290191717
0.290191717
0.231154045
0.231154045
0.231154045
0.231154045
0.231154045
0.231154045
0.231154045
0.231154045
0.231154045
0.231154045
0.231154045
0.231154045
0.231154045
0.231154045
0.231154045
0.231154045
0.231154045
0.156200913
0.156200913
0.156200913
0.156200913
0.156200913
0.156200913
0.156200913
0.156200913
0.156200913
0.156200913
0.156200913
0.156200913
0.156200913
0.156200913
0.156200913
0.156200913
0.156200913
0.123708185
0.123708185
0.123708185
0.123708185
0.123708185
0.123708185
0.123708185
0.123708185
0.123708185
0.123708185
0.123708185
0.123708185
0.118752458
0.118752458
0.118752458
0.118752458
0.118752458
0.099923063
0.099923063
0.099923063
0.097057286
0.097057286
0.097057286
0.097057286
0.097057286
0.097057286
0.097057286
0.097057286
0.097057286
0.097057286
0.097057286
0.097057286
0.097057286
0.088507134
0.088507134
0.088507134
0.088507134
0.088507134
0.083763291
0.083763291
0.083763291
0.083763291
0.083763291
0.083763291
0.083763291
0.083763291
0.083763291
0.083763291
0.083763291
0.083763291
0.05208247
0.047093917
0.044703919
0.044703919
0.043477573
