1.0
0.999999999
0.999960325
0.989495271
0.973659065
0.973659065
0.973659065
0.973659065
0.973659065
0.973659065
0.973659065
0.973659065
0.973659065
0.973659065
0.973659065
0.681583151
0.642473869
0.642473869
0.642473869
0.642473869
0.642473869
0.642473869
0.642473869
0.642473869
0.642473869
0.642473869
0.642473869
0.560622389
0.560622389
0.560622389
0.560622389
0.560622389
0.560622389
0.560622389
0.560622389
0.558237973
0.550771816
0.538004609
0.538004609
0.538004609
0.538004609
0.538004609
0.538004609
0.538004609
0.538004609
0.538004609
0.538004609
0.538004609
0.531923373
0.445356174
0.445356174
0.445356174
0.445356174
0.445356174
0.445356174
0.445356174
0.445356174
0.445356174
0.445356174
0.445356174
0.445356174
0.445356174
0.445356174
0.445356174
0.445356174
0.445356174
0.445356174
0.445356174
0.445356174
0.445356174
0.445356174
0.445356174
0.445356174
0.445356174
0.445356174
0.445356174
0.445356174
0.445356174
0.445356174
0.445356174
0.445356174
0.445356174
0.445356174
0.348370891
0.34517682
0.34517682
0.34517682
0.34517682
0.34517682
0.34517682
0.34517682
0.34517682
0.34517682
0.34517682
0.34517682
0.34517682
0.34517682
0.34517682
0.34517682
0.34517682
0.318317477
0.26240749
0.256965634
0.256965634
0.256965634
0.256965634
0.252678584
0.252678584
0.252678584
0.252678584
0.252678584
0.252678584
0.252678584
0.252678584
0.252678584
0.240363908
0.240363908
0.240363908
0.240363908
0.240363908
0.240363908
0.240363908
0.230243317
0.230243317
0.230243317
0.230243317
0.230243317
0.230243317
0.230243317
0.230243317
0.230243317
0.222438821
0.222438821
0.222438821
0.222438821
0.222438821
0.222438821
0.222438821
0.222438821
0.222438821
0.222438821
0.222438821
0.222438821
0.222438821
0.222438821
0.21599109
0.213039657
0.213039657
0.213039657
0.213039657
0.206971115
0.206971115
0.206971115
0.206971115
0.206971115
0.206971115
0.206971115
0.206971115
0.206971115
0.206971115
0.206971115
0.206971115
0.206971115
0.206971115
0.206971115
0.206971115
0.181371416
0.172106891
0.16133999
0.156606007
0.156606007
0.156606007
