0.6855403207999999
0.6593571576666667
0.7193881701333333
0.7006421724666667
0.6780751296666666
0.6541018488
0.6159605633333334
0.5765947171333334
0.5036471837333334
0.4704987244666667
0.4398847356
0.4484701658
0.4909009899333334
0.49627662186666666
0.48583813853333335
0.4766871539333332
0.47287893046666657
0.4655008904666666
0.4422174210000001
0.4178786177333334
0.40893264740000007
0.41151758533333344
0.41533330886666675
0.4490309180666668
0.43834619500000005
0.4306498393333333
0.4260796423999999
0.4189537039333333
0.4101292987333333
0.38976261819999997
0.38072188486666664
0.37602751879999996
0.3739524570666667
0.38233386399999997
0.3912258895333333
0.38895087286666663
0.39380505813333333
0.3886652640666667
0.3838731652666666
0.3787290201333333
0.36409324099999996
0.3523582492666666
0.33801131806666657
0.33653089006666664
0.3548699960666666
0.35790600279999996
0.35492118166666664
0.35876012713333333
0.35802090533333336
0.3507367372666667
0.33748922566666667
0.32226762880000004
0.31361186206666664
0.3093145281333333
0.31081455620000004
0.32012867906666664
0.32365906413333334
0.3329652108666667
0.3374696681333333
0.3319543822666667
0.3203881428
0.3051171437333334
0.2971005101333334
0.2995427960666667
0.30330872760000005
0.30212974513333335
0.30317033973333335
0.3109575513333334
0.3163788405333333
0.3178791348666667
0.31641031700000005
0.29959312153333334
0.28290560286666666
0.26961377733333336
0.27327427573333335
0.27690342619999997
0.28206248533333333
0.279497439
0.2711231692
0.27180035473333336
0.27779732493333337
0.27458318886666666
0.26676331913333334
0.26186530026666666
0.2563402521333333
0.2556797373333333
0.26826504533333334
0.2751286056
0.27685687666666664
0.2657691811333333
0.26231258039999994
0.2632448909333333
0.25868394873333334
0.2555609537333333
0.25192529033333333
0.25346241086666665
0.25069933413333334
0.25220415440000005
0.25338691386666673
0.2562182432666667
0.25235510940000005
0.24789344286666673
0.24822994940000007
0.24827130040000003
0.24312031246666668
0.23971789186666664
0.23675194826666673
0.23874811760000006
0.2422110489333333
0.241211067
0.2351704446666667
0.2351624970666667
0.22897883826666668
0.22227295946666667
0.21711453706666667
0.21230997420000003
0.21437029106666666
0.2132821060666667
0.21273222380000004
0.2179886058
0.21956365746666667
0.21909036540000001
0.21626958566666665
0.21490113219999998
0.21310838439999996
0.20960567106666667
0.20255013006666667
0.19880588733333332
0.19544799293333334
0.19885936553333336
0.2042228454
0.20182467833333334
0.19802402153333334
0.1931730784
0.19097497939999997
0.19226253119999998
0.19019532506666664
0.1917975753333333
0.18832302126666667
0.18089211433333333
0.17903337099999997
0.179774057
0.1851814826
0.18695211726666666
0.18313361133333333
0.18092807500000002
0.1805436434
0.1798549252666667
0.1812578276666667
0.18040601520000005
0.1806682958666667
0.17784024620000002
0.17460187266666666
0.17570189866666666
0.18327503633333334
