0.59530739348
0.5765487108
0.6148618085600001
0.6007712075200001
0.58186036024
0.5630475717600001
0.54566647044
0.5225436070800001
0.49123192668000015
0.46053839528000007
0.44073305868000007
0.44269546032
0.4632254302800001
0.46308545608
0.45198332772000005
0.44237310459999996
0.43658220164
0.43460112884
0.4264634832800001
0.40887285336000007
0.3990195934
0.40170664372
0.40095825104
0.4184439348400001
0.41297469432
0.41017274103999996
0.4098963957199999
0.40188399476000003
0.39564338212000005
0.3877178566800001
0.37481675684000004
0.36426979292
0.3581073854
0.36305156471999994
0.37106768036
0.36840360663999994
0.36774880151999995
0.36701434199999994
0.36383792719999986
0.36040901967999994
0.3542763728399999
0.34760918756
0.3386788896399999
0.33515451976
0.34034901947999996
0.33846083336
0.33284872012
0.33351503768
0.33613304720000003
0.335504776
0.3272659686
0.31453605287999997
0.31207548964
0.31323970568
0.31515684416
0.31709827532
0.31809644184
0.3224466296
0.32306329004
0.31815450276
0.31356342188
0.29965188404000004
0.28800232312000007
0.2830887704000001
0.28902729908
0.29091448892
0.2904129668
0.2916068358
0.29032489032000003
0.29174832328
0.29169946284000003
0.28865091668
0.28272549456
0.27770066932
0.27278602468
0.2747383786
0.277540625
0.2748191804
0.26947721875999997
0.2665035712
0.26702419008000006
0.26645769752
0.26024267424
0.25383415824
0.25217601656
0.25393071916000004
0.25931464424000006
0.26430462548
0.26796455123999996
0.26255240519999995
0.26000938852
0.25703919952
0.25605868664
0.25576609748
0.24929554583999994
0.24417653023999997
0.24375895315999999
0.24343355332000002
0.24204160744000003
0.24309850548
0.24162514356000006
0.23945311528000005
0.23661476508000004
0.23521420092
0.23335961876
0.23000782479999998
0.22771443959999998
0.22881758104
0.23006885951999997
0.22893353511999998
0.22383727820000002
0.22479357192
0.22187281207999998
0.21895013843999997
0.21723259016
0.21597548056000002
0.2122471276
0.20696032784000004
0.20352021644
0.2068030506
0.20871079692
0.20675807764
0.20438312339999995
0.20064607719999997
0.19879188256
0.19809253011999994
0.19781326871999996
0.19956405431999996
0.19858017551999999
0.19549913652
0.19600951864000002
0.19148938716
0.19009995376
0.18805215251999996
0.18589005391999996
0.18552944743999997
0.18363004443999995
0.18253432715999995
0.18046009448
0.17917046103999998
0.18073010499999997
0.1829873384
0.18504164552
0.18673251896
0.186148539
