0.8390599544
0.7805013079
0.8169153661000002
0.7786458686000001
0.7605431623000001
0.7419281188
0.7155206038
0.6776221082999999
0.6425398479
0.6102629157
0.5822215016000001
0.5846153092999999
0.6335121388
0.5732311608
0.5573837835
0.5434655233
0.5309331029
0.535184143
0.5285111952999999
0.5174856736
0.5082510581999999
0.5270275644
0.5222386128000001
0.5572194136999999
0.5243052279
0.5173426146999999
0.5114741312
0.4961060956000001
0.4870156527000001
0.47623784020000004
0.46603974719999997
0.4586289548
0.4639898849
0.4785999699
0.47420920180000004
0.45883914509999996
0.45870123909999994
0.4532333289
0.44730488399999996
0.4453697436
0.44406925599999997
0.4448346785
0.4377526888
0.4407250941
0.4455290150000001
0.4257201833
0.4077008892
0.39527832739999996
0.39021396449999995
0.39444402659999994
0.39188172609999994
0.38574824409999997
0.39299623149999996
0.39197576209999996
0.3974692116
0.4040003184999999
0.40348638189999997
0.3988603557
0.394008237
0.38116642279999996
0.3704677839
0.3573157055000001
0.34968639720000005
0.35518670010000003
0.3619829128
0.3644620455
0.3554278015
0.36391738569999993
0.3712133163
0.37003720929999995
0.3612619827
0.3598259399
0.35697588869999997
0.3514095399
0.34747169140000006
0.35071046120000005
0.33649936020000004
0.32194669239999996
0.30549203459999996
0.3173827772
0.3249632371
0.32369808009999995
0.31474703689999994
0.3010511921
0.30108922150000006
0.3005323171
0.3192799388
0.3259362876
0.3351926991
0.3155031024
0.31227922210000003
0.30844508449999997
0.30543770649999996
0.3062410395
0.29963465729999994
0.2933963896999999
0.2967123949
0.2957380316
0.2865877629
0.2905613253
0.2977804449
0.29382915379999996
0.2952290234
0.2991180649
0.2998895776
0.2987676137
0.29156411069999993
0.2940368499
0.2979757388
0.28609836990000004
0.2701634647
0.2731858194
0.2707270513
0.2651094319999999
0.26346324979999997
0.26327451
0.26202466729999996
0.25427390099999997
0.24761502389999995
0.25229242609999997
0.2494849075
0.24894349740000005
0.24691835179999994
0.24548174199999995
0.24307597899999997
0.23919820770000003
0.2412406365
0.2407977783
0.2461738114
0.24949208309999998
0.2540752943
0.24086543459999996
0.22914633709999999
0.2215005676
0.2219343499
0.2258288269
0.2209842212
0.2218375394
0.2131387212
0.21165500050000002
0.2148963078
0.22315801300000002
0.23377861230000002
0.23440323689999998
0.2205422895
0.212156278
0.20276397419999997
0.20390054019999998
0.20595177340000004
0.20239420570000002
0.1987089787
0.1988050171
0.19259937210000003
0.19379228700000004
0.20399016970000003
0.21273311020000002
0.218198791
0.21364093879999996
0.2138819018
0.2176240579
