0.7106407279999999
0.6825583085999999
0.72521375245
0.6759385147
0.6589634728999998
0.6426968210499998
0.6232268533499998
0.6064031256499999
0.5855255216
0.56387429465
0.5452362799000001
0.5558214368500001
0.5778753758000001
0.56522528725
0.5408445057
0.530404069
0.52120361705
0.5156451193
0.507763424
0.4968617569
0.48714540269999995
0.4928282596
0.49311424885
0.5179096918
0.4992572148500001
0.4880908799
0.48508768515
0.47466971225000015
0.46716026834999996
0.4608037918999999
0.4550545016
0.45173181665
0.45087128685
0.45966253199999996
0.45986910839999995
0.4422796642
0.43320106415000004
0.42425582815
0.41875942425
0.41990688509999996
0.41797549105
0.4152914613
0.41537446015000007
0.4163504281
0.42149911330000006
0.41486025090000006
0.40559363554999994
0.39706934154999995
0.39211110075
0.3878052247
0.3811747549999999
0.37153197479999994
0.37134131434999995
0.3735812310999999
0.37972606219999994
0.3842311819999999
0.3794570916999999
0.38138887069999994
0.3826107766499999
0.3756018160499999
0.3658648832999999
0.3585708227
0.35333114295
0.35329811999999994
0.35472730210000003
0.35758625334999994
0.34596358085
0.34293203904999997
0.33835267545000003
0.34370999324999996
0.34311260990000003
0.34176201000000006
0.33586146280000007
0.32623036600000005
0.32428045645000003
0.32562138915000005
0.32788964950000005
0.32394149000000005
0.32034236685
0.31644293980000004
0.31862122960000006
0.31607158230000004
0.3100923717000001
0.30364611580000006
0.30036193940000006
0.29696435340000005
0.30799616685000003
0.3108371596
0.310890231
0.30303221385
0.3050298335
0.30113711914999997
0.30033336495
0.30267955220000003
0.29976211745000003
0.29608200170000004
0.2941382528
0.29488744075000006
0.29228175084999997
0.2883298476
0.2839719548
0.2835074865999999
0.28297803734999993
0.2821137484499999
0.28167641369999996
0.28102106185
0.276794389
0.27415537545
0.27279538135000003
0.26919539800000003
0.2598241861
0.26106465840000004
0.25882270155
0.25529558699999993
0.25326961439999995
0.25123635885
0.25163265189999995
0.24753583964999998
0.24689441765
0.2508922546
0.2517801009
0.24490446600000002
0.23803234444999996
0.2334911548
0.23250516445000002
0.23251351730000006
0.23111242885
0.23131765885000002
0.2296562663
0.23057354180000003
0.23448580105000003
0.23201172380000004
0.23146247469999998
0.22795190225
0.2212383197
0.21899255245
0.21187409769999999
0.2128690398
0.2095452473
0.20702460309999998
0.20680264324999995
0.21098151504999998
0.21318899219999995
0.21409776194999997
0.21226622959999997
0.2124446941
0.2104813826
0.20877073949999997
0.20991683760000002
0.2100091318
