0.6492511088999999
0.6370354651666668
0.6641743147333334
0.6429211495666667
0.6207269479333334
0.6076745396666666
0.5931668129333334
0.5770592069666666
0.5604398318666665
0.5429545268999999
0.5275372191999999
0.5323414747666665
0.5485933377999999
0.5449342246666667
0.5266807845333333
0.5141087123
0.5078497514666666
0.5021451637
0.4951418003
0.4872723534
0.48037687219999997
0.48449874606666665
0.4822268298666667
0.5000627419333334
0.4890707725666667
0.47466610286666666
0.4664611933
0.4553140965333334
0.4483142644333334
0.4453161530000001
0.44042679036666676
0.4362561533666668
0.4381549254333334
0.4438768066000001
0.4460588038333334
0.43651594910000013
0.4300404218666667
0.42225914236666673
0.41671630056666675
0.41277659506666675
0.4075009255666667
0.40113966019999997
0.3985682856999999
0.4011125759
0.40682351619999996
0.4032668391333332
0.39406259276666666
0.3913261266333334
0.3900199832
0.38650206513333335
0.3791553256333334
0.37224774506666675
0.37109736276666677
0.3706557578666667
0.3736534844000002
0.37768047356666673
0.3697639645666667
0.3661130960000001
0.3616530582333333
0.36102842069999996
0.35703321173333324
0.35165200023333326
0.3448752460666666
0.34028779063333325
0.34108482456666656
0.3427203195666666
0.34130662836666664
0.3415282782666667
0.3416635331666667
0.33879828790000005
0.3373531234333333
0.3350855717
0.3301705444
0.3240930926333333
0.32062879783333337
0.31931242773333335
0.3218544499
0.31915866946666666
0.3139613324
0.31295297636666675
0.3166774723000001
0.31379244450000005
0.3103014053666667
0.30701249150000004
0.3048726063666667
0.3021749024666667
0.30736480103333336
0.31011660869999996
0.3114917362
0.3021568058666667
0.2983363757
0.29652607606666664
0.29542055536666667
0.29497587836666667
0.29242167296666666
0.28989497906666667
0.28801379736666666
0.2861507372
0.2820518465333333
0.28084900209999997
0.2771651432666667
0.27691486196666665
0.2758456505333333
0.27454384643333335
0.27313352049999995
0.2713705443333333
0.2690773405333334
0.26661252986666667
0.26751926246666674
0.26617832383333334
0.2614190138
0.25783188166666665
0.2523388542
0.24750918299999997
0.24635526060000004
0.24621020480000005
0.24456218766666668
0.24208253263333335
0.2384629459666667
0.24078045023333336
0.24233358606666666
0.2405928882666667
0.2395101915333334
0.23663782486666668
0.23127332433333336
0.22830663500000004
0.22424441026666667
0.22466771293333332
0.22433317516666665
0.22374832949999998
0.2249545871333333
0.22329667913333323
0.22087614356666657
0.21897479203333328
0.21806115603333331
0.21952274046666662
0.21656187926666662
0.2158429165333333
0.21341565416666664
0.21277662546666665
