1.0
1.0
0.999997949
0.998710301
0.996198972
0.996198972
0.996198972
0.996198972
0.996198972
0.996198972
0.996198972
0.991673161
0.991673161
0.991673161
0.991673161
0.936126643
0.880737724
0.880737724
0.880737724
0.880737724
0.880737724
0.848509893
0.848509893
0.848509893
0.848509893
0.848509893
0.848509893
0.82388202
0.819213337
0.819213337
0.819213337
0.819213337
0.819213337
0.819213337
0.819213337
0.819213337
0.819213337
0.819213337
0.819213337
0.819213337
0.819213337
0.819213337
0.819213337
0.819213337
0.819213337
0.819213337
0.819213337
0.819213337
0.784147084
0.714473063
0.714473063
0.714473063
0.714473063
0.714473063
0.714473063
0.714473063
0.714473063
0.714473063
0.714473063
0.714473063
0.714473063
0.714473063
0.714473063
0.714473063
0.714473063
0.714473063
0.714473063
0.714473063
0.714473063
0.714473063
0.714473063
0.714473063
0.714473063
0.714473063
0.714473063
0.714473063
0.714473063
0.714473063
0.714473063
0.714473063
0.714473063
0.714473063
0.714473063
0.678929461
0.635777318
0.635777318
0.635777318
0.635777318
0.635777318
0.635777318
0.635777318
0.635777318
0.635777318
0.635777318
0.635777318
0.635777318
0.635777318
0.635777318
0.635777318
0.635777318
0.635777318
0.610589119
0.585380642
0.585380642
0.585380642
0.585380642
0.585380642
0.585380642
0.585380642
0.585380642
0.585380642
0.585380642
0.585380642
0.585380642
0.572279396
0.572279396
0.572279396
0.572279396
0.572279396
0.572279396
0.572279396
0.572279396
0.572279396
0.572279396
0.572279396
0.572279396
0.572279396
0.572279396
0.572279396
0.572279396
0.572279396
0.572279396
0.572279396
0.572279396
0.572279396
0.572279396
0.572279396
0.572279396
0.572279396
0.572279396
0.572279396
0.572279396
0.572279396
0.572279396
0.572279396
0.572279396
0.522242716
0.522242716
0.522242716
0.522242716
0.522242716
0.522242716
0.522242716
0.522242716
0.522242716
0.522242716
0.522242716
0.519494168
0.497128879
0.497128879
0.497128879
0.497128879
0.487982992
0.487982992
0.487982992
0.487982992
0.487982992
0.487982992
0.480135271
0.45154461
0.45154461
0.45154461
