1.0
1.0
0.999997949
0.998710301
0.996200587
0.996200587
0.996200587
0.996200587
0.996200587
0.996200587
0.996200587
0.989938327
0.989938327
0.988211887
0.988211887
0.907323241
0.886701314
0.886701314
0.886701314
0.886701314
0.886701314
0.828955112
0.828955112
0.828955112
0.828955112
0.828955112
0.81721687
0.79862123
0.79862123
0.79862123
0.79862123
0.79862123
0.79862123
0.79862123
0.79862123
0.79862123
0.79862123
0.79862123
0.79862123
0.79862123
0.79862123
0.79862123
0.79862123
0.79862123
0.79862123
0.79862123
0.79862123
0.79862123
0.750742723
0.701186064
0.701186064
0.701186064
0.701186064
0.701186064
0.701186064
0.701186064
0.701186064
0.701186064
0.701186064
0.701186064
0.701186064
0.701186064
0.701186064
0.701186064
0.701186064
0.701186064
0.701186064
0.701186064
0.701186064
0.701186064
0.701186064
0.685511537
0.685511537
0.685511537
0.685511537
0.685511537
0.685511537
0.685511537
0.685511537
0.685511537
0.685511537
0.685511537
0.685511537
0.625649392
0.625649392
0.625649392
0.625649392
0.625649392
0.625649392
0.58726411
0.58726411
0.58726411
0.58726411
0.58726411
0.58726411
0.58726411
0.58726411
0.58726411
0.58726411
0.58726411
0.581842744
0.559087093
0.546843836
0.546843836
0.546843836
0.546843836
0.543340215
0.543340215
0.543340215
0.543340215
0.543340215
0.543340215
0.543340215
0.543340215
0.543340215
0.543340215
0.535372602
0.535372602
0.535372602
0.535372602
0.535372602
0.535372602
0.535372602
0.535372602
0.535372602
0.535372602
0.535372602
0.535372602
0.535372602
0.535372602
0.535372602
0.535372602
0.535372602
0.535372602
0.535372602
0.535372602
0.535372602
0.535372602
0.535372602
0.535372602
0.535372602
0.535372602
0.535372602
0.535372602
0.535372602
0.535372602
0.471752006
0.471752006
0.471752006
0.471752006
0.471752006
0.471752006
0.471752006
0.471752006
0.471752006
0.471752006
0.471752006
0.471752006
0.455571336
0.455571336
0.455571336
0.455571336
0.455571336
0.455571336
0.455571336
0.455571336
0.455571336
0.455571336
0.444181171
0.403212363
0.403212363
0.397380702
