1.0
0.957949629
0.943884834
0.943884834
0.943884834
0.943884834
0.943884834
0.943884834
0.923989584
0.507027359
0.462862998
0.462862998
0.462862998
0.462862998
0.462862998
0.462862998
0.462862998
0.462862998
0.462862998
0.462862998
0.315022869
0.238641181
0.238641181
0.238641181
0.238641181
0.238641181
0.238641181
0.238641181
0.238641181
0.238641181
0.238641181
0.238641181
0.238641181
0.238641181
0.238641181
0.238641181
0.238641181
0.238641181
0.238641181
0.238641181
0.238641181
0.238641181
0.158812073
0.158812073
0.158812073
0.158812073
0.158812073
0.158812073
0.158812073
0.158812073
0.158812073
0.158812073
0.158812073
0.158812073
0.158812073
0.158812073
0.158812073
0.158812073
0.158812073
0.158812073
0.158812073
0.158812073
0.158812073
0.158812073
0.158812073
0.106316524
0.106316524
0.106316524
0.106316524
0.106316524
0.106316524
0.106316524
0.106316524
0.106316524
0.106316524
0.106316524
0.106316524
0.087874581
0.087874581
0.087874581
0.087874581
0.087874581
0.087874581
0.087874581
0.087874581
0.087874581
0.087874581
0.087874581
0.087874581
0.087874581
0.087874581
0.087874581
0.087874581
0.087874581
0.087874581
0.087874581
0.087874581
0.087874581
0.087874581
0.087874581
0.087874581
0.087874581
0.087874581
0.087874581
0.087874581
0.087874581
0.087874581
0.087874581
0.087874581
0.076194197
0.069115692
0.069115692
0.069115692
0.069115692
0.069115692
0.069115692
0.069115692
0.069115692
0.069115692
0.069115692
0.063662349
0.040130503
0.040130503
0.040130503
0.040130503
0.040130503
0.040130503
0.040130503
0.040130503
0.040130503
0.040130503
0.040130503
0.040130503
0.040130503
0.040130503
0.040130503
0.040130503
0.040130503
0.040130503
0.040130503
0.040130503
0.040130503
0.040130503
0.040130503
0.040130503
0.039055751
0.039055751
0.039055751
0.039055751
0.039055751
0.039055751
0.039055751
0.039055751
0.039055751
0.039055751
0.039055751
0.039055751
0.039055751
0.039055751
0.039055751
0.039055751
0.039055751
0.039055751
0.039055751
0.025487771
0.025487771
0.025487771
0.025487771
0.025487771
0.025487771
0.025487771
0.025487771
