1.0
0.997265543
0.920128932
0.920128932
0.920128932
0.920128932
0.920128932
0.920128932
0.752625706
0.39286949
0.39286949
0.39286949
0.39286949
0.39286949
0.376067425
0.376067425
0.376067425
0.376067425
0.376067425
0.376067425
0.152363354
0.152363354
0.152363354
0.141323912
0.141323912
0.122111299
0.111836852
0.111836852
0.111836852
0.111836852
0.111836852
0.111836852
0.111836852
0.111836852
0.111836852
0.111836852
0.111836852
0.111836852
0.111836852
0.111836852
0.111836852
0.111836852
0.086837442
0.086837442
0.086837442
0.086837442
0.086837442
0.086837442
0.086837442
0.086837442
0.086837442
0.086837442
0.086837442
0.086837442
0.086837442
0.086837442
0.086837442
0.086837442
0.086837442
0.086837442
0.086837442
0.086837442
0.086837442
0.086837442
0.086837442
0.086837442
0.086837442
0.086837442
0.086837442
0.086837442
0.086837442
0.086837442
0.086837442
0.086837442
0.086837442
0.086837442
0.06739677
0.06739677
0.06739677
0.06739677
0.06739677
0.06739677
0.056482736
0.056482736
0.056482736
0.056482736
0.056482736
0.056482736
0.056482736
0.056482736
0.056482736
0.056482736
0.056482736
0.056482736
0.056482736
0.056482736
0.056482736
0.056482736
0.056482736
0.043054374
0.043054374
0.043054374
0.043054374
0.043054374
0.043054374
0.043054374
0.043054374
0.043054374
0.043054374
0.04250914
0.04250914
0.04250914
0.04250914
0.04250914
0.04250914
0.04250914
0.04250914
0.04250914
0.035509774
0.035509774
0.035509774
0.033970446
0.033970446
0.026111025
0.026111025
0.026111025
0.026111025
0.026111025
0.026111025
0.026111025
0.026111025
0.026111025
0.026111025
0.026111025
0.026111025
0.026111025
0.026111025
0.026111025
0.026111025
0.026111025
0.026111025
0.026111025
0.026111025
0.026111025
0.026111025
0.026111025
0.026111025
0.026111025
0.026111025
0.026111025
0.026111025
0.026111025
0.026111025
0.026111025
0.026111025
0.026111025
0.026111025
0.026111025
0.026111025
0.01761546
0.01761546
0.01761546
0.01761546
0.01761546
0.01761546
0.01761546
0.01761546
0.002969849
0.002969849
0.002969849
0.002969849
0.002969849
