1.0
0.999999935
0.999402956
0.93400019
0.8495654
0.8495654
0.8495654
0.8495654
0.8495654
0.8495654
0.8495654
0.8495654
0.8495654
0.8495654
0.736607894
0.503027772
0.503027772
0.503027772
0.503027772
0.503027772
0.503027772
0.503027772
0.503027772
0.503027772
0.503027772
0.503027772
0.503027772
0.503027772
0.503027772
0.503027772
0.503027772
0.503027772
0.503027772
0.503027772
0.503027772
0.503027772
0.476303925
0.476303925
0.476303925
0.476303925
0.476303925
0.476303925
0.476303925
0.476303925
0.476303925
0.476303925
0.476303925
0.476303925
0.425471598
0.292253061
0.292253061
0.292253061
0.292253061
0.292253061
0.292253061
0.292253061
0.292253061
0.292253061
0.292253061
0.292253061
0.292253061
0.292253061
0.292253061
0.292253061
0.292253061
0.292253061
0.292253061
0.292253061
0.292253061
0.292253061
0.292253061
0.273917585
0.273917585
0.273917585
0.273917585
0.273917585
0.273917585
0.273917585
0.273917585
0.273917585
0.273917585
0.273917585
0.273917585
0.272214539
0.255456311
0.255456311
0.255456311
0.255456311
0.255456311
0.255456311
0.255456311
0.255456311
0.255456311
0.255456311
0.255456311
0.255456311
0.255456311
0.255456311
0.255456311
0.255456311
0.187859323
0.171960802
0.171960802
0.171960802
0.171960802
0.171960802
0.171960802
0.171960802
0.171960802
0.171960802
0.171960802
0.171960802
0.171960802
0.171960802
0.171960802
0.134442384
0.134442384
0.134442384
0.134442384
0.134442384
0.134442384
0.134442384
0.134442384
0.134442384
0.134442384
0.134442384
0.134442384
0.134442384
0.134442384
0.134442384
0.134442384
0.134442384
0.134442384
0.134442384
0.113354168
0.113354168
0.113354168
0.113354168
0.113354168
0.113354168
0.113354168
0.113354168
0.113354168
0.113354168
0.113354168
0.113354168
0.113354168
0.113354168
0.113354168
0.113354168
0.112152515
0.096091652
0.096091652
0.096091652
0.096091652
0.096091652
0.096091652
0.096091652
0.096091652
0.096091652
0.096091652
0.096091652
0.096091652
0.096091652
0.096091652
0.09123649
0.076016407
0.076016407
0.062931877
0.062931877
0.062931877
0.062931877
