1.0
0.999999935
0.999405345
0.936552343
0.85232843
0.85232843
0.85232843
0.85232843
0.85232843
0.85232843
0.85232843
0.85232843
0.85232843
0.85232843
0.724774523
0.530829351
0.530829351
0.530829351
0.530829351
0.530829351
0.530829351
0.530829351
0.530829351
0.530829351
0.530829351
0.530829351
0.530829351
0.481502563
0.481502563
0.481502563
0.481502563
0.481502563
0.481502563
0.481502563
0.481502563
0.481502563
0.472624161
0.472028505
0.472028505
0.472028505
0.472028505
0.472028505
0.472028505
0.472028505
0.472028505
0.472028505
0.472028505
0.472028505
0.472028505
0.3190992
0.3190992
0.3190992
0.3190992
0.3190992
0.3190992
0.3190992
0.3190992
0.3190992
0.3190992
0.3190992
0.3190992
0.3190992
0.3190992
0.3190992
0.3190992
0.3190992
0.3190992
0.3190992
0.3190992
0.3190992
0.301360859
0.301360859
0.301360859
0.301360859
0.301360859
0.301360859
0.301360859
0.301360859
0.301360859
0.301360859
0.301360859
0.301360859
0.301360859
0.241948009
0.241948009
0.241948009
0.241948009
0.241948009
0.241948009
0.241948009
0.241948009
0.241948009
0.241948009
0.241948009
0.241948009
0.241948009
0.241948009
0.241948009
0.241948009
0.241948009
0.214684941
0.176418472
0.172487993
0.172487993
0.172487993
0.172487993
0.16831335
0.16831335
0.16831335
0.16831335
0.16831335
0.16831335
0.16831335
0.16831335
0.16831335
0.16831335
0.16831335
0.13930328
0.13930328
0.13930328
0.13930328
0.13930328
0.13930328
0.13930328
0.13930328
0.13930328
0.13930328
0.13930328
0.13930328
0.132460985
0.132460985
0.132460985
0.132460985
0.127636082
0.127636082
0.127636082
0.127636082
0.127636082
0.123194329
0.123194329
0.123194329
0.123194329
0.123194329
0.123194329
0.123194329
0.123194329
0.123194329
0.123194329
0.123194329
0.123194329
0.123194329
0.123194329
0.123194329
0.123194329
0.123194329
0.123194329
0.110965403
0.107203691
0.107203691
0.107203691
0.107203691
0.107203691
0.107203691
0.107203691
0.107203691
0.107203691
0.107203691
0.091121515
0.090951112
0.061647176
0.061647176
0.061647176
