1.0
0.999999935
0.999405232
0.93610903
0.861450616
0.861450616
0.861450616
0.861450616
0.861450616
0.861450616
0.861450616
0.861450616
0.861450616
0.861450616
0.720282732
0.496264502
0.496264502
0.496264502
0.496264502
0.496264502
0.496264502
0.496264502
0.496264502
0.496264502
0.496264502
0.496264502
0.496264502
0.472707178
0.472707178
0.472707178
0.472707178
0.472707178
0.472707178
0.472707178
0.472707178
0.472707178
0.472707178
0.450293056
0.450293056
0.450293056
0.450293056
0.450293056
0.450293056
0.450293056
0.450293056
0.450293056
0.450293056
0.450293056
0.4272347
0.315823617
0.315823617
0.315823617
0.315823617
0.315823617
0.315823617
0.315823617
0.315823617
0.315823617
0.315823617
0.315823617
0.292259099
0.292259099
0.292259099
0.292259099
0.292259099
0.292259099
0.292259099
0.292259099
0.292259099
0.292259099
0.292259099
0.282356223
0.282356223
0.282356223
0.282356223
0.282356223
0.282356223
0.282356223
0.282356223
0.282356223
0.282356223
0.282356223
0.282356223
0.236485651
0.235580745
0.235580745
0.235580745
0.235580745
0.235580745
0.235580745
0.235580745
0.235580745
0.235580745
0.235580745
0.235580745
0.235580745
0.235580745
0.235580745
0.235580745
0.235580745
0.202280525
0.172063004
0.172063004
0.172063004
0.172063004
0.172063004
0.172063004
0.172063004
0.172063004
0.172063004
0.172063004
0.172063004
0.172063004
0.172063004
0.172063004
0.172063004
0.172063004
0.172063004
0.172063004
0.172063004
0.172063004
0.172063004
0.147521888
0.147521888
0.147521888
0.147521888
0.147521888
0.147521888
0.147521888
0.147521888
0.147521888
0.147521888
0.147521888
0.131155896
0.131155896
0.131155896
0.131155896
0.131155896
0.131155896
0.131155896
0.131155896
0.131155896
0.131155896
0.131155896
0.131155896
0.117800037
0.117800037
0.117800037
0.117800037
0.117800037
0.102164168
0.102164168
0.102164168
0.102164168
0.102164168
0.102164168
0.102164168
0.102164168
0.088208984
0.088208984
0.088208984
0.088208984
0.088208984
0.088208984
0.088208984
0.088208984
0.086897712
0.086897712
0.073960698
0.073960698
0.073960698
0.073960698
