1.0
0.999999999
0.999960326
0.989514357
0.967547117
0.967547117
0.967547117
0.967547117
0.967547117
0.967547117
0.967547117
0.967547117
0.967547117
0.967547117
0.967547117
0.694115996
0.643883662
0.643883662
0.643883662
0.643883662
0.643883662
0.643883662
0.643883662
0.643883662
0.643883662
0.643883662
0.643883662
0.600030111
0.600030111
0.600030111
0.600030111
0.600030111
0.600030111
0.600030111
0.600030111
0.600030111
0.572944908
0.572944908
0.572944908
0.572944908
0.572944908
0.572944908
0.572944908
0.572944908
0.572944908
0.572944908
0.572944908
0.572944908
0.572944908
0.465258004
0.465258004
0.465258004
0.465258004
0.465258004
0.465258004
0.465258004
0.465258004
0.465258004
0.465258004
0.465258004
0.465258004
0.465258004
0.465258004
0.465258004
0.465258004
0.465258004
0.465258004
0.465258004
0.465258004
0.465258004
0.465258004
0.465258004
0.465258004
0.465258004
0.465258004
0.465258004
0.465258004
0.465258004
0.465258004
0.465258004
0.465258004
0.465258004
0.465258004
0.386583903
0.357607394
0.357607394
0.357607394
0.357607394
0.357607394
0.357607394
0.357607394
0.357607394
0.357607394
0.357607394
0.357607394
0.357607394
0.357607394
0.357607394
0.357607394
0.357607394
0.344570504
0.291587485
0.273730209
0.273730209
0.273730209
0.273730209
0.273730209
0.273730209
0.273730209
0.273730209
0.273730209
0.273730209
0.273730209
0.273730209
0.273730209
0.273730209
0.273730209
0.273730209
0.273730209
0.273730209
0.273730209
0.271224139
0.271224139
0.271224139
0.271224139
0.271224139
0.271224139
0.271224139
0.271224139
0.271224139
0.271224139
0.271224139
0.271224139
0.2528735
0.251043745
0.251043745
0.251043745
0.251043745
0.251043745
0.251043745
0.251043745
0.251043745
0.251043745
0.251043745
0.251043745
0.251043745
0.20943771
0.20943771
0.20943771
0.20943771
0.20943771
0.20943771
0.20943771
0.20943771
0.20943771
0.199672773
0.199672773
0.199672773
0.199672773
0.199672773
0.199672773
0.199672773
0.199672773
0.199500107
0.199500107
0.199500107
0.199500107
0.179008301
0.168284982
0.166680483
0.166680483
0.166680483
