0.4734256488666667
0.45805351033333336
0.43482570606666665
0.41386603826666657
0.40411714246666663
0.40609029446666667
0.4402536650666667
0.4520216289333333
0.45546574809999996
0.4513027893333333
0.45687969056666666
0.45243153029999994
0.4484101908999999
0.4484952479
0.451142601
0.4544167949
0.45694019469999997
0.46432760026666664
0.4647282056
0.45046535140000005
0.4440305963
0.45615078563333333
0.4607355177333333
0.46392876836666663
0.4589725641
0.44918378389999997
0.4412334573
0.45524146853333336
0.4742298401333333
0.4807939229000001
0.4674052042333334
0.4584008676666667
0.4536115144666668
0.4534606900000001
0.4574994685666668
0.45646079933333344
0.45329693040000013
0.45982622023333336
0.4753511550000001
0.4894499665000001
0.48281622816666675
0.4847174443
0.48303056756666674
0.4748497940333334
0.46049997643333346
0.43419356306666673
0.41604101106666674
0.4173835018333334
0.43043828816666674
0.4444428338333334
0.44615121946666675
0.41990898830000006
0.4097763675333334
0.41284786853333333
0.4218239839000001
0.43673259793333336
0.44962688403333334
0.4534623738333333
0.4585628672
0.47202370643333336
0.4867236234666667
0.4959106021333333
0.49607360543333334
0.49004317573333345
0.4634432209
0.43463954210000005
0.41349884356666666
0.4072846309333332
0.41115525049999996
0.4150825666666666
0.42618916403333335
0.44122551046666664
0.4368034359333333
0.4346330762333333
0.44513514820000005
0.46423132040000004
0.4871815579
0.5075447647333333
0.5119043844666666
0.4963401532333334
0.4896249249000001
0.4907729940666668
0.49443252636666685
0.4735659103666668
0.4642657872666668
0.4655007495666667
0.46827094196666674
0.4696139243666667
0.4715533512
0.47202795673333336
0.4730472493333334
0.46631015160000006
0.47029184543333336
0.4632863356666667
0.46225224476666665
0.4688678295333333
0.4928799739
0.5064403746333332
0.5121938768000001
0.5224900363666667
0.5279632355
0.5237518334333333
0.5229057389666667
0.5190252651333334
0.4986751743999999
0.48183302953333323
0.4699368412333333
0.4531680535333332
0.4487830708333333
0.4670978653666666
0.4820842502999999
0.49826823173333323
0.4935470043999999
0.4984561298333332
0.5028845186333333
0.5115131826666666
0.5081396440333332
0.49001307083333323
0.4645829503
0.4444877145000001
0.4400000792
0.4546030759333333
0.46797155860000006
0.4872822570333334
0.5096226160666667
0.5264319246333334
0.5234939457333334
0.5071560052
0.4828053971
0.46233751663333333
0.45051394673333334
0.42828606376666667
0.42123917596666666
0.42211467373333333
0.4290681259333333
0.43976551839999994
0.45270379283333334
0.4660821005666667
0.47646775813333336
0.4761024628666667
0.47384983163333333
0.46914263419999996
0.46968248840000004
0.4800519609666667
0.48642856710000004
0.47581770003333346
0.46989831300000007
0.47552156373333343
0.48054770286666676
0.47826314983333346
0.4608200973000001
0.4382632884666668
0.4210842961333335
0.4192609329666668
0.4105711987666668
0.3979781725666668
0.3937567779333335
0.4074840235000001
0.4354419067000001
0.4576822320666668
0.4682873880333334
0.48502484203333335
0.5052572020000001
0.5215265258000001
0.5248341087666667
0.5083846972666666
0.48416263796666664
0.4605183154
0.4489743002999999
0.4581067036
0.4763364506666667
0.4874123742
