0.6958167459
0.6742550194000001
0.6600667062000001
0.6493372421
0.638337502
0.6434762073
0.7037332464999999
0.7002672665
0.6683462939
0.6820394123
0.6932486352
0.6978086059999999
0.7021489813
0.7040316684
0.7010955890000001
0.6847561306000001
0.7242165078
0.721788828
0.7434516686
0.7135196136
0.7065183542000001
0.7019431975
0.6907357753000001
0.6803829687
0.6840784426
0.7040647416
0.7078100637
0.7309611751
0.7560315727
0.7206146581999999
0.7090384117999999
0.7074583295999999
0.7078804396999999
0.7166188945999998
0.7182134193999999
0.7142055249999999
0.7031026865
0.7337136610999999
0.7069695597
0.7528057789999999
0.7275801541
0.7319114944
0.7394585695999999
0.7241824896999999
0.7056317712999999
0.6915766511999999
0.6855703326
0.6943742684
0.7132244063
0.7118306518999999
0.7159031695
0.6916216666
0.676196531
0.6721776235999999
0.6854927017
0.6996705112
0.7118186906
0.7099537084
0.7337254894
0.7310986563
0.7343154895999999
0.7266005319000001
0.7379636501
0.7345673024000001
0.6931205107000001
0.6705886606000001
0.6476805425000001
0.6119689358
0.6055825950999999
0.6279256714
0.6409968225999999
0.6326955631
0.612600523
0.6394188328999999
0.6779055689
0.6914221299
0.7116658247999998
0.7467974238999999
0.7547621096999999
0.7666782919999999
0.7947810383
0.8131391707000001
0.7731164631
0.7552998107
0.7243832671000001
0.6912280558
0.6752193736000001
0.6507635346
0.627707247
0.6178264363
0.6069656856000001
0.6372724992000001
0.6527687808
0.6382158374000001
0.6574610269000001
0.6941107385999998
0.7129953078999999
0.7469136092999998
0.7675210904
0.7394226785
0.7283698087999999
0.6823809764000001
0.7246400773
0.6900943624
0.6957291570999999
0.6834820149999999
0.6712129958999999
0.6703590281
0.6778035512
0.7169116987
0.7450740299
0.7467454157
0.7477732064000001
0.7700284519
0.7575617239
0.7162719495000001
0.7214173351
0.7100141614
0.7137055447
0.7121207636
0.7043455973999999
0.7505150061
0.7029002086999999
0.7369073439
0.7297630428999999
0.7631984037999999
0.7344931343
0.7233078271
0.70074637
0.6910591387999999
0.6884373492
0.6805154404
0.7042431766
0.6937611660999999
0.6978420353000001
0.7248235090999999
0.7414375133
0.7304416341
0.7161736764
0.7031018365
0.7069320117
0.7122427111
0.7444186255
0.7326492983999999
0.7377309998999999
0.7192945307999998
0.7319467961999999
0.7273764276
0.7443056575000001
0.7138607066
0.6808520093
0.6558733337
0.6248127663
0.6249066832000001
0.6251651372
0.6114008248999999
0.6126627768999999
0.6470473188
0.6590647344
0.7014752527
0.7099316524
0.7219965001
0.7420890785
0.7563668451000001
0.7621185528000001
0.7605067892999999
0.7439038041
0.7308985152999999
0.7095185989000001
0.7065294727
0.6812768569000001
0.6585081260000001
0.6523243788000002
0.6460417045000001
0.6377680372000001
0.6378772278
0.6403866663
0.6332615987
0.661807482
0.6816077351999998
0.7331623649
0.7562412787999999
0.7677835391
0.7822536631999999
0.7733982914999998
0.767620343
0.7573212224
0.7348834217999999
0.7133602822999999
0.7015012131
0.7110454572
0.7179389589
