0.626837502
0.49362804899999996
0.41132217779999997
0.3658914214
0.3517742932
0.3224364006
0.2255177974
0.11683271260000001
0.0123386842
0.05280077239999999
0.1054338462
0.1227431956
0.10265559340000001
0.05089496099999998
-0.011308262
-0.024225080999999996
-0.016428393399999998
-0.0013543312000000001
0.0183158896
0.0387297624
0.0826143154
0.087479592
0.07959591960000001
0.057613318000000004
0.036905760200000005
-0.004292848199999999
-0.010425011199999999
0.0078818554
0.024098466
0.019196761599999997
0.0016924251999999988
0.011154707199999999
-0.0009008067999999997
-0.0125231904
-0.0142069836
-0.0028379720000000002
-0.010429859000000001
-0.007404916000000002
0.003339382199999999
0.0137942068
0.0272383676
0.043958020599999995
0.0396620168
0.026944127599999996
0.019552652399999995
0.003011565799999999
-0.010449699199999999
-0.0182202244
-0.0069699772
0.007810365400000001
0.0209127
0.0262035238
0.030444689599999998
0.022907596799999996
0.0101900616
0.010896024
0.011031612400000002
0.018338569399999997
0.0244949228
0.0234549756
0.0126759208
0.0264648464
0.035899974
0.030516448999999994
0.029318472599999996
0.0261662328
0.007593867
-0.0088519702
-0.0018277668000000011
0.0036448732
0.0124057812
0.009480398799999998
0.013273718600000001
0.0051306876
0.0047383668
0.0033413096000000004
0.004026146600000001
0.0030133190000000004
-0.0041065166
-0.0013458654
0.0009652173999999999
0.0091028716
0.018127321800000002
0.0432000814
0.0531448452
0.055943288
0.0500970818
0.0395115564
0.019654635599999998
0.007913094
-0.0011285754000000003
0.0040833856
0.0061189363999999994
0.0170887564
0.0215906832
0.0344080294
0.0427574534
0.0491872366
0.0450202498
0.0336210854
0.028468378800000006
0.018793016000000003
0.0110211568
0.0011424586000000013
0.0081240816
0.0076191995999999994
0.010635509999999999
0.0165199362
0.0251275592
0.0176275782
0.010155248000000002
0.010581169000000001
0.0093223324
0.0097954502
0.015381229199999999
0.0195685518
0.013670511
0.007899851000000001
0.006864388199999999
-0.00015546400000000029
-0.0029620496
-0.0051605922
-0.00379262092
0.0035487114799999985
0.02158061068
0.02423053368
0.026298935679999996
0.029466759599999996
0.018205987400000002
0.006124789200000001
0.002176062800000001
0.0052226084
0.0084297522
0.0097786538
0.0156622802
0.031310847200000005
0.036860942199999996
0.0365491936
0.0431057814
0.0392845674
0.028004894800000003
0.018989709600000005
0.014865966599999999
0.0082174022
0.005257102799999999
0.0055361640000000005
0.0078971656
0.010655357
0.011669045000000001
0.0180103868
0.017488957000000003
0.0141063032
0.0118697764
0.0112752986
0.005595231880000001
0.00507236308
0.00845444328
0.00417813968
0.0047959818799999995
0.0032160475999999994
0.0013363747999999998
-0.0022384596
0.00023848379999999995
-0.0016191301999999997
-5.699383999999998e-5
