0.6122698159000001
0.5328712384000001
0.47135563020000004
0.42770434250000006
0.4562550601
0.4666285021
0.4299778863
0.3792558873
0.31953632699999995
0.32159894899999997
0.3409122369
0.3442842935
0.3393063876
0.32395425170000003
0.3080146151
0.3224916973
0.32296500889999996
0.3203153682
0.3116100371
0.3071786876
0.30471283369999996
0.30092369339999997
0.2960602008
0.2894639456
0.2762703445
0.24189194049999996
0.24816002899999998
0.2540335974
0.2596872756
0.2553492824
0.24931710789999997
0.2487870787
0.2485182338
0.2435168608
0.24662514770000002
0.26017247670000004
0.2591354162
0.2520480332
0.24866101189999998
0.2511605176999999
0.24732011050000002
0.24850231640000003
0.23082600569999995
0.2221883493
0.22049887420000003
0.21610974500000002
0.2133567726
0.21533642719999996
0.2118968947
0.2043412574
0.20604485350000004
0.2068586441
0.21981116010000004
0.22509940630000003
0.21389154980000002
0.20299487170000002
0.1981716922
0.19585243020000004
0.1973759945
0.1993502119
0.1953398955
0.18944354479999997
0.1830625538
0.1789987226
0.1812661931
0.18343266860000002
0.1724810942
0.168097958
0.16626723459999998
0.1676069361
0.1669373036
0.16141466229999998
0.15781232920000002
0.148815034
0.1540647507
0.15029268690000003
0.15227802289999998
0.15201003139999997
0.15724076569999998
0.1619892855
0.1629968135
0.1665069848
0.16945968620000001
0.1695612155
0.1618915776
0.1605606957
0.1642768241
0.1625154479
0.1566329052
0.1454155625
0.14224964999999998
0.14782233509999998
0.14573690649999999
0.1481447421
0.1421936217
0.1456428377
0.1449921601
0.1406739062
0.13332992500000002
0.1366512894
0.14025088659999999
0.1356002373
0.13195752480000003
0.12764417620000001
0.1254912822
0.11503520689999999
0.11325749899999997
0.11353458949999999
0.1177293055
0.1138942493
0.11061919580000001
0.108592578
0.11109431389999999
0.115362094
0.1172945618
0.1222199512
0.1149434836
0.1130408082
0.1134782066
0.11776653140000001
0.11330948149999998
0.11463901520000001
0.11393382250000002
0.10913241209999999
0.11042162100000001
0.10786092400000002
0.1144905008
0.1173363131
0.1103576311
0.10756799270000002
0.11879525329999999
0.11740347799999999
0.11500155150000002
0.1161611752
0.1173607922
0.1181519754
0.11415020379999999
0.1122316072
0.1151833667
0.11469550929999998
0.1042500045
0.1030942075
0.10532193729999999
0.10172899080000002
0.1002177308
0.09566119090000001
0.09354453510000002
0.094332811
0.0922940304
0.0902975208
0.0907199238
0.08987588769999999
0.08318955480000001
0.0840115948
0.08291104269999998
0.08905352679999998
0.09010091649999999
0.0854495647
0.08316784569999999
0.07974730869999999
