0.45599996896
0.4252502697600001
0.39442410164
0.3623811586799999
0.3620101281999999
0.3628060653999999
0.34715857844
0.32809328800000004
0.30652640288
0.30571693432
0.30784881880000003
0.311365786
0.30749528852
0.29517433192000003
0.28164781712000003
0.27588150772000003
0.2746822554000001
0.27579822660000003
0.2761186164
0.2757274138
0.27555291472
0.27730623508
0.27259194676
0.26505703599999997
0.25890617816
0.245812873
0.2448971784
0.24000248160000004
0.24034994128000003
0.24105548844000005
0.24011167924000001
0.24227946676
0.24030243732000003
0.23403021563999996
0.23013454332
0.23147403819999998
0.22837662443999995
0.22631350667999997
0.22651479355999996
0.22447239539999994
0.22158278475999998
0.22203331216000002
0.21923611588
0.21557386912
0.21122456900000003
0.20554100572000003
0.20049987588000004
0.19871931492000003
0.19864987784000004
0.19651466556000002
0.19602780800000005
0.19162482328
0.19414489680000002
0.19320542324000006
0.19006779376000005
0.18587202916000004
0.17972303176
0.17570967571999996
0.17341713356
0.17640406288000002
0.17372694136000003
0.1697925748
0.16702444532000002
0.16606196699999998
0.16930688804
0.16987280588
0.1670571488
0.16515257811999998
0.16229122195999998
0.16142060915999998
0.15981526144
0.15972588652000003
0.15880560296000001
0.15711564004000003
0.15496663580000003
0.15339959844000003
0.15719364516000003
0.15620815752000006
0.15504222496000003
0.15125528340000002
0.15129747508000005
0.15315688564000005
0.15195023376000003
0.15092159644000003
0.14800125128000002
0.14938287832000002
0.15052253092000004
0.14818715488
0.14320358916
0.13665608208
0.13211283244
0.13185709131999998
0.12958019507999996
0.13018883243999996
0.12880231995999997
0.12940627835999996
0.12824883247999996
0.12761870127999997
0.12669526467999997
0.12540768179999998
0.12410095292
0.11870555072
0.11650175576000002
0.11632221824
0.11903148384
0.11647293587999999
0.11610757451999999
0.11692266779999998
0.11701625951999997
0.11491581443999997
0.11114496787999999
0.11026165611999998
0.11065327107999996
0.10940760019999997
0.11186216803999999
0.11797695443999999
0.11776596611999998
0.1175094526
0.11638900740000001
0.11630243160000003
0.11415807972
0.11248470644000001
0.11110818840000004
0.10933610928000002
0.11082254704000002
0.11078897576000003
0.11302625568000003
0.11442190424000004
0.11168932108
0.10928291135999998
0.10709876348000001
0.10404691440000001
0.1032677838
0.10260075660000002
0.10277290696000002
0.10393257568000003
0.10318041044000001
0.10076320091999999
0.10115090656000002
0.09942013136
0.09520207288000002
0.09312588979999997
0.09144698907999999
0.0894034248
0.08772751356000001
