0.701759446
0.6203655584
0.5729779972000001
0.5496130652000001
0.5524953678
0.5227801858000001
0.44537691840000004
0.3697332632
0.3057956198
0.36001475239999997
0.4104768184
0.4145788542
0.38877851139999997
0.33327703420000004
0.28318314559999996
0.2713476554
0.2739897328
0.28983426380000005
0.3146314692
0.3328460846
0.37363573920000004
0.37194028500000004
0.3507964726
0.30858860500000007
0.2815112906
0.2357899282
0.2299071018
0.241323929
0.2703392862
0.2710293984
0.2479939528
0.2664129562
0.2667432658
0.249035265
0.2396691664
0.25064026300000003
0.23116120120000003
0.23029320179999999
0.23799845660000002
0.25358112899999996
0.2697046904
0.2871096312
0.2738028646
0.25932356719999994
0.2487399064
0.2249355306
0.2098950016
0.18784914679999998
0.1850531314
0.192257842
0.2072839594
0.21681854360000002
0.24282370760000002
0.23874065800000005
0.21642467280000002
0.20480574759999998
0.19689874459999998
0.19679861260000003
0.2114581546
0.21135842680000003
0.2011839958
0.1994446398
0.19490624780000002
0.18329383440000002
0.187341997
0.1894957952
0.1794424498
0.1712188598
0.1747036108
0.1751903892
0.17736954200000002
0.16551973859999997
0.1649770562
0.15783085840000002
0.160023483
0.15650506520000002
0.157309586
0.1506476022
0.13979920959999997
0.14810601839999998
0.1440803086
0.1472464598
0.1533724606
0.17468232179999998
0.17587255259999998
0.18191331839999997
0.18576750979999998
0.1855469118
0.16444010920000002
0.14791060260000002
0.139208073
0.1427861384
0.139483984
0.1488257012
0.1429205224
0.145291227
0.15285853179999997
0.151989829
0.14746378300000001
0.14146672100000002
0.14599444839999998
0.1371257884
0.1293579834
0.119196067
0.1318358578
0.1345073248
0.1340746862
0.13455706620000002
0.1360922854
0.1191467066
0.09556308900000002
0.0924403118
0.0925121128
0.0993663256
0.10864179200000001
0.12567530259999998
0.12474484420000001
0.129676515
0.1313578624
0.1259473316
0.11876459979999998
0.10514212299999999
0.0964051014
0.09559855079999999
0.10958573120000001
0.10785436320000001
0.1241359074
0.1314625436
0.1226662734
0.11125751079999999
0.1078674848
0.10484509420000002
0.1032100826
0.0980489888
0.10387847459999999
0.1297230218
0.12996186179999997
0.1267930204
0.13427336159999997
0.13084310979999997
0.106580929
0.09833854580000001
0.097670194
0.09609337180000001
0.0985479088
0.10191908000000001
0.10784986920000002
0.11297368059999999
0.1073646098
0.10188755279999999
0.0894033018
0.079239201
0.0756919414
0.077223451
0.0787074888
0.09203654580000001
0.10051257439999998
0.0906871682
0.0907997386
0.08711459660000001
0.0860705078
0.0796892586
0.0802119612
0.0755359528
0.0723800208
