0.7423589842
0.6849858774
0.6502707774
0.6345415444
0.6425183134
0.6167233249999999
0.565612059
0.512126529
0.46918384900000004
0.5274405456
0.5610904214000001
0.5440260964
0.5218395476
0.46859998599999997
0.42795765260000007
0.4171288452
0.41798510120000004
0.43315781
0.4646213524
0.4847236892
0.5279876686
0.5162964372
0.4818533266
0.42773855419999995
0.3967213062
0.35234055400000003
0.3486971444
0.3579090256
0.3925104272
0.4034041792
0.38013566919999997
0.40551084559999995
0.4082214972
0.3830983687999999
0.366345844
0.37562155080000004
0.3466696726
0.34448203720000004
0.3552066892
0.37431606159999997
0.39160998100000005
0.4150211376
0.3980083864
0.37882350099999995
0.36298797839999997
0.3344820794
0.3235799814
0.2940210654
0.2854595112
0.2903617046
0.3104656082
0.3184477592
0.357051904
0.3509516942
0.32368044679999997
0.3054358086
0.2912126782
0.28920609119999996
0.3125575906
0.309601357
0.29790607719999995
0.290275369
0.279418546
0.266642159
0.274977716
0.2797608398
0.2698023514
0.26168844560000004
0.2583936748
0.2551678906
0.2507734666
0.23882199820000002
0.23869872219999996
0.23462365160000004
0.23878719460000003
0.238666455
0.2363178398
0.22435185340000002
0.20918988060000002
0.22062523300000003
0.20906997580000003
0.21166219520000001
0.2208948656
0.2426234138
0.2394731964
0.24540898999999997
0.252447784
0.2535753032
0.23094271379999998
0.20923956640000002
0.2028191192
0.20745181760000003
0.203129065
0.2145924486
0.20383188680000003
0.20150435760000002
0.2058264082
0.19993402040000002
0.19316033840000002
0.1876696364
0.1969912882
0.18866262259999997
0.1789273292
0.16915424080000002
0.1904110588
0.19490225999999997
0.1949776462
0.1923866118
0.1848145928
0.164685287
0.13252107400000002
0.12526878
0.12687109300000002
0.1404234266
0.149433645
0.17342642020000001
0.1776768954
0.18990645160000003
0.1894492858
0.186260044
0.1790043514
0.15774204500000003
0.1409185572
0.13711500640000002
0.1455137054
0.1379660046
0.161218738
0.17483002320000002
0.169201269
0.15765000899999998
0.1544350012
0.15013842780000003
0.1466092302
0.14044263640000001
0.14458428899999998
0.17462454500000002
0.168877151
0.1634953248
0.1695549414
0.1688705124
0.1394091034
0.13211956019999999
0.1307493736
0.1332818412
0.1383241368
0.1412377876
0.14972662320000002
0.1546857654
0.1441431384
0.13135114920000002
0.11667712620000001
0.10509537840000001
0.1036023144
0.10422154480000001
0.10908307400000002
0.127916158
0.1397381344
0.1292178914
0.1299795998
0.12529690119999998
0.12819922639999998
0.1176602394
0.115543163
0.110683464
0.1067631196
