0.5489508707333333
0.5258799009333333
0.5062853709666666
0.49034650053333334
0.4952421455666666
0.49035004499999996
0.48070153123333337
0.4670499373666666
0.4492087975333333
0.4501441337666667
0.45071148706666675
0.4434205684666667
0.43806709130000004
0.42896180513333343
0.42334763263333336
0.42220020510000006
0.42263698180000003
0.4173551674333334
0.41399136073333337
0.4120539530333334
0.4076557634333334
0.40657226530000007
0.3937352721
0.38288480996666674
0.37853931250000006
0.37054883860000004
0.3731923710333333
0.37320471399999994
0.37027995403333325
0.36629641696666665
0.3627268461666666
0.3632983088
0.36159689566666664
0.3571077663
0.3500349595
0.34837409410000003
0.3432555871
0.33939969456666663
0.3372249332333333
0.3343921719666667
0.33183816260000004
0.33016075559999997
0.3254859762666667
0.3205606109333333
0.3137495778666667
0.30715790800000004
0.29964610010000003
0.29775311106666674
0.2957214679666667
0.2929542793666667
0.2913670953
0.28454664616666675
0.2855298046333333
0.2826387715666667
0.2807150258
0.2732766236333333
0.2656267329666667
0.2616876687
0.2633666815
0.26573855473333335
0.2624544255
0.25870288970000005
0.25512813823333336
0.24888790759999999
0.24818487246666668
0.2457426081
0.24422029680000001
0.24177593453333335
0.23968011606666667
0.23540548180000004
0.23189607553333333
0.23254586713333333
0.23042485196666668
0.22792742450000006
0.22346099900000002
0.22255737816666668
0.22347079570000003
0.21985876550000003
0.21624297453333335
0.21479490446666671
0.21455314670000003
0.2163240965333334
0.21420381433333338
0.21160195136666674
0.2049335637333334
0.20144532156666675
0.20137709720000008
0.19789390650000008
0.19438085990000004
0.18971901740000005
0.1892598993333334
0.1887217700666667
0.18715791486666672
0.18709822770000004
0.18580583560000002
0.18530686646666664
0.18021341989999998
0.1764102071
0.17364973656666666
0.17548947166666667
0.17403067526666666
0.17254365996666668
0.17220627473333336
0.1696837351
0.17038205746666665
0.16672794056666668
0.16583882710000003
0.16649319096666665
0.1647201159333333
0.1621847487
0.16276652023333332
0.16075580043333335
0.16115463943333333
0.16190006213333336
0.16278931230000004
0.16376891770000004
0.1620214896
0.16180467026666667
0.16042044233333333
0.16068959533333335
0.15804600323333334
0.1568489266666667
0.15533255410000002
0.15254008720000004
0.1509518170666667
0.14705187249999999
0.14781250036666665
0.14919488769999995
0.1470300161666666
0.14519056036666664
0.14571977216666668
0.14435074466666667
0.14137559826666662
0.14022454559999994
0.13959614146666663
0.14163174386666663
0.13901738229999996
0.13623006826666667
0.13523811213333334
0.1333389935333333
