[4.780688270042644, 11.338961821854001, 21.268020149893132, 23.719950246566924, 23.865143185894652, 33.84207810483343, 43.75625748089851, 48.52720865881677, 57.993324733526904, 63.84182189649359, 67.80483351464437, 68.63516110786937, 69.66017849677843, 75.6664100869509, 78.63440943514155, 82.91367482298287, 86.21571322266335, 90.31789732397601, 96.59940117015654, 104.20421349396803]

[5.629256874751082, 11.171811642931658, 18.507289948689923, 26.977736542622477, 36.07999173415389, 39.5732515337778, 44.70291334951298, 52.875274947156356, 55.88233413261251, 61.12084869438145, 64.5808121846214, 67.73511714658093, 71.79918183507571, 74.80752890178691, 77.08188080885608, 86.97304440036095, 94.75893660449887, 102.9778555609481, 112.58924289896669, 121.20941621467182]

[0.6641777211424793, 3.3579600817705577, 9.936697109900138, 14.618561669681123, 14.897543934616795, 16.152963554889638, 23.61361626024896, 23.90656994248566, 28.030378117343666, 34.581529917850446, 35.472978509752785, 45.43165731039529, 53.62712857708834, 63.02552003696867, 64.82613972840281, 69.95657213505504, 72.96260399615517, 76.20468227417199, 80.24237523038316, 81.73271877431576]

[5.656781003524519, 14.647502137639727, 18.269646375592448, 23.06836301714361, 30.579463037583114, 34.173301345797526, 41.994686582296964, 43.291775545485706, 46.06488190667607, 49.65438868290493, 52.977489514897165, 55.270257468348305, 60.81009289624058, 61.05325733921394, 62.14373512698797, 70.60175422318018, 71.13690298824494, 76.24622701964363, 81.3470781756995, 87.14351189740607]

[5.887770175115213, 15.263699707744236, 21.015066614930895, 22.52433798623184, 23.81094817479745, 31.635538947095384, 38.48924268711465, 39.24454181050636, 40.520143613865436, 45.39214610465302, 46.93749119902485, 54.092006692001114, 60.56108038401458, 63.67621138978757, 66.56191948964542, 73.83055733559868, 76.39101039076243, 77.3416951568166, 78.16467909096947, 81.97278070863186]

[9.7618637122454, 14.532446757819688, 18.516250000287645, 25.753268736648863, 34.357317534686956, 42.09170164520766, 42.35096956885952, 43.83114330863015, 45.05550975133225, 53.7877099798157, 63.07582705845829, 63.712209654853034, 72.2990049332617, 77.66225733597634, 77.9813669463472, 83.99111079512313, 93.3894568040873, 100.3740094068858, 102.69517823750587, 112.05697968085103]

[3.910698997716832, 13.512001178270415, 14.019641899336941, 23.335550331980745, 26.94588833063985, 28.43232563452663, 35.50236103567077, 39.934548488504106, 43.746379953633216, 44.24933926401886, 47.628563780726424, 57.461900394667126, 59.74752052924718, 65.15789156421471, 70.4887666010383, 72.77112624462696, 78.28083110366032, 87.24953509660585, 95.78126361510566, 98.61386649231636]

[0.4369568043730121, 5.153171195185519, 12.000367751517537, 20.3277247281033, 27.28056122512483, 32.08208418974845, 38.766095912290105, 45.54189690052836, 46.64197206644076, 50.763139490258055, 57.09734724157245, 63.22234215563802, 63.86621158076766, 68.98447593959389, 73.09035603482496, 78.1549644674215, 84.67279860294997, 90.69178894807705, 99.12463493763276, 101.3945583148395]

[1.435675525028256, 6.793529862782159, 7.002324599624178, 16.729458418010307, 22.417822336663736, 26.780406932990388, 34.817547820430875, 36.62040554988891, 44.26998686027997, 48.82696751309133, 51.05407446856596, 56.89146160223518, 58.87033111094034, 65.74804202121383, 74.83110638045554, 78.086841894543, 79.55875961677687, 85.4762641659433, 90.28038267342687, 98.44048434107557]

[2.0226045284239422, 7.8498676935579565, 13.516491626096553, 20.366410893520722, 21.98645588546683, 28.415006776787784, 36.342410173224934, 44.920884017639246, 53.942464306739716, 62.425885078657544, 64.73811819475576, 73.29017896680489, 80.48946100129386, 84.48053438257314, 92.2881790970579, 95.14727326266639, 98.82694394077357, 101.38547123567568, 111.14834342357113, 115.02085150358047]

[6.886719207698494, 9.583793423351423, 15.792365716326103, 24.559059082095438, 33.32122967335906, 33.76508702550849, 39.63783133812193, 48.826328551623384, 52.054533310196376, 56.22014983853031, 59.10599724454597, 67.98379991015702, 68.17465691196807, 75.6241736435604, 79.26747363291234, 89.26070432553709, 97.63365244115269, 99.52423300050985, 104.1091566981658, 111.1777661947926]

[8.693494203257762, 16.69118931902984, 25.037497407728573, 34.214702139285365, 42.507040584654916, 47.64171746391268, 54.16830749769743, 61.153076950456594, 70.10202001024933, 79.80314428433677, 83.72520713578582, 93.63157853692866, 96.72219455322482, 100.03121700575508, 105.92857151339308, 109.53179820963109, 115.75571560405534, 117.49111455952887, 119.02800166463894, 126.32972566920571]

[8.817068815056997, 17.167000663959683, 20.36481967295407, 27.463106844566983, 36.9581289567384, 38.84051789774513, 44.196225821466946, 50.405554236578325, 53.10948004194469, 58.883646409618784, 67.84157697391463, 73.40376733584517, 79.76862989613778, 87.7698292943435, 96.49938880910112, 100.93739384334265, 107.83909920775176, 112.56364623154167, 119.88022282270296, 129.28844631327559]

[5.818512532420206, 12.70276813783121, 21.1189153923727, 28.072484017450833, 29.9796490492554, 38.501210208072706, 42.976501687215794, 51.033316762025834, 59.05125704151192, 66.53116608454987, 75.3566985406463, 80.78857989137327, 87.08459038194577, 94.49781195722657, 94.6595826334206, 100.17959900521711, 107.91832729478966, 109.31853766611849, 112.19714377060214, 121.67654505822183]

[2.460155518186956, 8.711362400382662, 11.900463846833109, 20.040447812480913, 23.683362971950192, 29.33638386946432, 30.05317332444948, 33.257876307604676, 37.5387947493542, 38.27769395238141, 41.33590193994765, 44.876059924901924, 45.239280524576465, 47.15059128956284, 52.96832102682756, 53.47076370056, 54.05668980375815, 57.27057934621317, 57.47164647651734, 64.45071408281214]

[4.676562436642896, 12.696365554394013, 14.147171733283837, 19.884856011363723, 22.513185455455417, 26.74585281651951, 27.78915582279867, 33.043352824270535, 37.92551783446582, 39.18540033370768, 47.596281160652225, 55.159374022354896, 57.37910756797593, 61.789402762090404, 62.523315561244125, 63.38647091828978, 65.96034301437741, 74.49562289191714, 78.49991818773515, 86.33171855741386]

[1.141120264814407, 9.896221055329498, 13.936787568809736, 22.840648924616772, 28.337589978663786, 30.015372044786083, 39.95162566776082, 40.92362188250731, 49.103561202043174, 53.865058329632404, 56.64857378769397, 63.317187655901385, 63.346099110899075, 72.33942086917445, 74.19564440966877, 83.71600659309249, 84.4218675607941, 86.66047645612777, 87.2155031004281, 96.82166397217668]

[5.2215764244161775, 6.202304783988893, 6.528263909475381, 14.037414161080989, 17.05623278441272, 22.36919569610207, 27.898616592439865, 29.963397281500594, 37.56749667071218, 38.87788034644668, 48.21831049686932, 58.14325189171259, 60.047841576498, 60.20511470586185, 67.26140979820165, 74.45320178802021, 80.6188235582346, 89.17392444189257, 91.78917835371186, 98.54475467934446]

[3.9497820988847874, 6.785813718049629, 8.334708135460135, 16.54323010700196, 25.582939654301722, 28.116600240633815, 34.4885503757441, 35.19365997501682, 39.033662130091166, 43.56985257534215, 48.828002708321456, 55.443312505770635, 65.13879636523302, 71.11403013347875, 73.34158946815306, 79.89121243530558, 84.22697610409541, 84.4953493574027, 88.13979261727685, 93.69112821534962]

[3.603516292253363, 12.764744954486591, 21.411305096722096, 29.13129324049536, 33.86828454974229, 39.644324629997186, 43.62167549464053, 50.17448735897781, 51.589578454034175, 54.7003064013725, 55.881830502749274, 58.93130441867669, 63.564018538403516, 70.6524075102239, 72.01979173912878, 72.81216792377698, 76.1715971879866, 82.56981694809244, 83.44423289479441, 91.29010376282142]

104.20421349396803
121.20941621467182
81.73271877431576
87.14351189740607
81.97278070863186
112.05697968085103
98.61386649231636
101.3945583148395
98.44048434107557
115.02085150358047
111.1777661947926
126.32972566920571
129.28844631327559
121.67654505822183
64.45071408281214
86.33171855741386
96.82166397217668
98.54475467934446
93.69112821534962
91.29010376282142