1.0
0.997465745
0.997465745
0.997465745
0.997465745
0.997465745
0.997465745
0.997465745
0.997465745
0.997465745
0.997465745
0.997465745
0.997465745
0.997465745
0.997465745
0.997465745
0.997465745
0.997465745
0.997465745
0.997465745
0.997465745
0.997465745
0.997465745
0.997465745
0.997465745
0.997465745
0.997465745
0.997465745
0.997465745
0.997465745
0.997465745
0.997465745
0.997465745
0.997465745
0.997465745
0.997465745
0.997465745
0.997465745
0.997465745
0.997465745
0.997465745
0.997465745
0.997465745
0.997465745
0.997465745
0.997465745
0.997465745
0.997465745
0.997465745
0.997465745
0.997465745
0.997465745
0.997465745
0.997465745
0.997465745
0.997465745
0.997465745
0.997465745
0.997465745
0.997465745
0.997465745
0.997465745
0.997465745
0.997465745
0.997465745
0.997465745
0.997465745
0.997465745
0.997465745
0.997465745
0.997465745
0.997465745
0.997154386
0.997154386
0.997154386
0.997154386
0.997154386
0.997154386
0.997154386
0.997154386
0.997154386
0.997154386
0.997154386
0.997154386
0.997154386
0.995573927
0.995573927
0.995573927
0.995573927
0.995573927
0.995573927
0.995573927
0.995573927
0.995573927
0.995573927
0.995573927
0.995573927
0.995573927
0.978227476
0.978227476
0.978227476
0.978227476
0.978227476
0.978227476
0.978227476
0.978227476
0.978227476
0.978227476
0.978227476
0.978227476
0.9777076
0.9777076
0.9777076
0.9777076
0.9777076
0.9777076
0.9777076
0.9777076
0.9777076
0.9777076
0.9777076
0.9777076
0.9777076
0.9777076
0.9777076
0.9777076
0.9777076
0.9777076
0.9777076
0.9777076
0.9777076
0.9777076
0.9777076
0.9777076
0.9777076
0.9777076
0.9777076
0.9777076
0.9777076
0.9777076
0.9777076
0.9777076
0.9777076
0.9777076
0.9777076
0.948747465
0.948747465
0.948747465
0.948747465
0.948747465
0.948747465
0.948747465
0.948747465
0.948747465
0.948747465
0.948747465
0.948747465
0.948747465
0.948747465
0.948747465
0.948747465
0.948747465
0.948747465
0.948747465
0.948747465
0.948747465
0.948747465
0.948747465
0.948747465
0.948747465
0.948747465
0.948747465
0.948747465
0.948747465
0.948747465
0.948747465
0.948747465
0.948747465
0.948747465
0.948747465
0.948747465
0.948747465
0.948747465
0.948747465
0.948747465
0.948747465
0.948747465
0.948747465
0.948747465
0.948747465
0.948747465
0.948747465
0.902984182
0.902984182
0.902984182
0.902984182
0.902984182
0.902984182
0.902984182
0.902984182
0.902984182
