1.0
0.997461541
0.997461541
0.997461541
0.997461541
0.997461541
0.997461541
0.997461541
0.997461541
0.997461541
0.997461541
0.997461541
0.997461541
0.997461541
0.997461541
0.997461541
0.997461541
0.997461541
0.997461541
0.997461541
0.997461541
0.997461541
0.997461541
0.997461541
0.997461541
0.997461541
0.997461541
0.997461541
0.997461541
0.997461541
0.997461541
0.997461541
0.997461541
0.997461541
0.997461541
0.997461541
0.997461541
0.997461541
0.997461541
0.997461541
0.997461541
0.997461541
0.997461541
0.997461541
0.997461541
0.997461541
0.997461541
0.997461541
0.997461541
0.997461541
0.997461541
0.997461541
0.997461541
0.997461541
0.997461541
0.997461541
0.997461541
0.997461541
0.997461541
0.997461541
0.997461541
0.997461541
0.997461541
0.997461541
0.997461541
0.997461541
0.997461541
0.997461541
0.997461541
0.997461541
0.997461541
0.997461541
0.997155521
0.997155521
0.997155521
0.997155521
0.997155521
0.997155521
0.997155521
0.997155521
0.997155521
0.997155521
0.997155521
0.997155521
0.997155521
0.9955584
0.9955584
0.9955584
0.9955584
0.9955584
0.9955584
0.9955584
0.9955584
0.9955584
0.9955584
0.9955584
0.9955584
0.9955584
0.978217233
0.978217233
0.978217233
0.978217233
0.978217233
0.978217233
0.978217233
0.978217233
0.978217233
0.978217233
0.978217233
0.978217233
0.977705765
0.977705765
0.977705765
0.977705765
0.977705765
0.977705765
0.977705765
0.977705765
0.977705765
0.977705765
0.977705765
0.977705765
0.977705765
0.977705765
0.977705765
0.977705765
0.977705765
0.977705765
0.977705765
0.977705765
0.977705765
0.977705765
0.977705765
0.977705765
0.977705765
0.977705765
0.977705765
0.977705765
0.977705765
0.977705765
0.977705765
0.977705765
0.977705765
0.977705765
0.977705765
0.948301914
0.948301914
0.948301914
0.948301914
0.948301914
0.948301914
0.948301914
0.948301914
0.948301914
0.948301914
0.948301914
0.948301914
0.948301914
0.948301914
0.948301914
0.948301914
0.948301914
0.948301914
0.948301914
0.948301914
0.948301914
0.948301914
0.948301914
0.948301914
0.948301914
0.948301914
0.948301914
0.948301914
0.948301914
0.948301914
0.948301914
0.948301914
0.948301914
0.948301914
0.948301914
0.948301914
0.948301914
0.948301914
0.948301914
0.948301914
0.948301914
0.948301914
0.948301914
0.948301914
0.948301914
0.948301914
0.948301914
0.904593797
0.904593797
0.904593797
0.904593797
0.904593797
0.904593797
0.904593797
0.904593797
0.904593797
