1.0
0.957949629
0.944918487
0.944918487
0.944918487
0.944918487
0.944918487
0.944918487
0.923842988
0.862707743
0.862707743
0.862707743
0.862707743
0.862707743
0.862707743
0.862707743
0.862707743
0.862707743
0.862707743
0.862707743
0.862707743
0.862707743
0.862707743
0.862707743
0.862707743
0.862707743
0.862707743
0.862707743
0.862707743
0.862707743
0.862707743
0.862707743
0.862707743
0.862707743
0.862707743
0.862707743
0.862707743
0.862707743
0.862707743
0.862707743
0.862707743
0.862707743
0.862707743
0.862707743
0.862707743
0.862707743
0.862707743
0.862707743
0.862707743
0.862707743
0.862707743
0.862707743
0.862707743
0.862707743
0.862707743
0.862707743
0.862707743
0.862707743
0.862707743
0.862707743
0.862707743
0.862707743
0.862707743
0.862707743
0.862707743
0.862707743
0.862707743
0.862707743
0.862707743
0.862707743
0.862707743
0.862707743
0.862707743
0.862707743
0.862707743
0.862707743
0.862707743
0.862707743
0.862707743
0.862707743
0.862707743
0.862707743
0.862707743
0.862707743
0.862707743
0.862707743
0.862707743
0.862707743
0.862707743
0.862707743
0.862707743
0.862707743
0.862707743
0.862707743
0.862707743
0.862707743
0.862707743
0.862707743
0.862707743
0.862707743
0.862707743
0.862707743
0.862707743
0.862707743
0.862707743
0.862707743
0.862707743
0.862707743
0.862707743
0.862707743
0.862707743
0.862707743
0.862707743
0.862707743
0.862707743
0.862707743
0.862707743
0.862707743
0.862707743
0.862707743
0.862707743
0.862707743
0.862707743
0.862707743
0.862707743
0.862707743
0.862707743
0.862707743
0.862707743
0.862707743
0.862707743
0.862707743
0.862707743
0.862707743
0.862707743
0.862707743
0.862707743
0.862707743
0.862707743
0.862707743
0.862707743
0.862707743
0.862707743
0.862707743
0.862707743
0.862707743
0.862707743
0.862707743
0.862707743
0.862707743
0.862707743
0.862707743
0.862707743
0.862707743
0.862707743
0.862707743
0.862707743
0.862707743
0.862707743
0.862707743
0.862707743
0.862707743
0.862707743
0.862707743
0.862707743
0.862707743
0.862707743
0.862707743
0.862707743
0.862707743
0.862707743
0.862707743
0.862707743
0.862707743
0.862707743
0.862707743
0.862707743
0.862707743
0.862707743
0.862707743
0.648373213
0.648373213
0.648373213
0.648373213
0.648373213
0.648373213
0.648373213
0.648373213
0.648373213
0.648373213
0.648373213
0.648373213
0.648373213
0.610494446
0.372701999
0.372701999
0.372701999
0.372701999
0.372701999
0.372701999
0.372701999
