1.0
0.997308131
0.920262889
0.920262889
0.920262889
0.920262889
0.920262889
0.920262889
0.768611203
0.652186529
0.652186529
0.652186529
0.652186529
0.652186529
0.652186529
0.652186529
0.652186529
0.652186529
0.652186529
0.652186529
0.652186529
0.652186529
0.652186529
0.652186529
0.652186529
0.652186529
0.652186529
0.652186529
0.652186529
0.652186529
0.652186529
0.652186529
0.652186529
0.652186529
0.652186529
0.652186529
0.652186529
0.652186529
0.652186529
0.652186529
0.652186529
0.652186529
0.652186529
0.652186529
0.652186529
0.652186529
0.652186529
0.652186529
0.652186529
0.652186529
0.652186529
0.652186529
0.652186529
0.652186529
0.652186529
0.652186529
0.652186529
0.652186529
0.652186529
0.652186529
0.652186529
0.652186529
0.652186529
0.652186529
0.652186529
0.652186529
0.652186529
0.652186529
0.652186529
0.652186529
0.652186529
0.652186529
0.652186529
0.652186529
0.652186529
0.652186529
0.652186529
0.652186529
0.652186529
0.652186529
0.652186529
0.652186529
0.652186529
0.652186529
0.652186529
0.652186529
0.652186529
0.652186529
0.652186529
0.652186529
0.652186529
0.652186529
0.652186529
0.652186529
0.652186529
0.652186529
0.652186529
0.652186529
0.652186529
0.652186529
0.652186529
0.652186529
0.652186529
0.652186529
0.652186529
0.652186529
0.652186529
0.652186529
0.652186529
0.652186529
0.652186529
0.652186529
0.652186529
0.652186529
0.652186529
0.652186529
0.652186529
0.652186529
0.652186529
0.652186529
0.652186529
0.652186529
0.652186529
0.652186529
0.652186529
0.652186529
0.652186529
0.652186529
0.652186529
0.652186529
0.652186529
0.652186529
0.652186529
0.652186529
0.652186529
0.652186529
0.652186529
0.652186529
0.652186529
0.652186529
0.652186529
0.652186529
0.652186529
0.652186529
0.652186529
0.652186529
0.652186529
0.652186529
0.652186529
0.652186529
0.652186529
0.652186529
0.652186529
0.652186529
0.652186529
0.652186529
0.652186529
0.652186529
0.652186529
0.652186529
0.652186529
0.652186529
0.652186529
0.652186529
0.652186529
0.652186529
0.652186529
0.652186529
0.652186529
0.652186529
0.652186529
0.652186529
0.652186529
0.652186529
0.652186529
0.652186529
0.652186529
0.652186529
0.652186529
0.595393518
0.595393518
0.595393518
0.595393518
0.595393518
0.563695867
0.543331621
0.543331621
0.543331621
0.543331621
0.543331621
0.543331621
0.543331621
0.543331621
0.543331621
0.219108813
0.219108813
0.219108813
0.183702129
0.176163406
0.0
0.0
