1.0
0.997265543
0.920405859
0.920405859
0.920405859
0.920405859
0.920405859
0.920405859
0.749918794
0.648629588
0.648629588
0.648629588
0.648629588
0.648629588
0.648629588
0.648629588
0.648629588
0.648629588
0.648629588
0.648629588
0.648629588
0.648629588
0.648629588
0.648629588
0.648629588
0.648629588
0.648629588
0.648629588
0.648629588
0.648629588
0.648629588
0.648629588
0.648629588
0.648629588
0.648629588
0.648629588
0.648629588
0.648629588
0.648629588
0.648629588
0.648629588
0.648629588
0.648629588
0.648629588
0.648629588
0.648629588
0.648629588
0.648629588
0.648629588
0.648629588
0.648629588
0.648629588
0.648629588
0.648629588
0.648629588
0.648629588
0.648629588
0.648629588
0.648629588
0.648629588
0.648629588
0.648629588
0.648629588
0.648629588
0.648629588
0.648629588
0.648629588
0.648629588
0.648629588
0.648629588
0.648629588
0.648629588
0.648629588
0.648629588
0.648629588
0.648629588
0.648629588
0.648629588
0.648629588
0.648629588
0.648629588
0.648629588
0.648629588
0.648629588
0.648629588
0.648629588
0.648629588
0.648629588
0.648629588
0.648629588
0.648629588
0.648629588
0.648629588
0.648629588
0.648629588
0.648629588
0.648629588
0.648629588
0.648629588
0.648629588
0.648629588
0.648629588
0.648629588
0.648629588
0.648629588
0.648629588
0.648629588
0.648629588
0.648629588
0.648629588
0.648629588
0.648629588
0.648629588
0.648629588
0.648629588
0.648629588
0.648629588
0.648629588
0.648629588
0.648629588
0.648629588
0.648629588
0.648629588
0.648629588
0.648629588
0.648629588
0.648629588
0.648629588
0.648629588
0.648629588
0.648629588
0.648629588
0.648629588
0.648629588
0.648629588
0.648629588
0.648629588
0.648629588
0.648629588
0.648629588
0.648629588
0.648629588
0.648629588
0.648629588
0.648629588
0.648629588
0.648629588
0.648629588
0.648629588
0.648629588
0.648629588
0.648629588
0.648629588
0.648629588
0.648629588
0.648629588
0.648629588
0.648629588
0.648629588
0.648629588
0.648629588
0.648629588
0.648629588
0.648629588
0.648629588
0.648629588
0.648629588
0.648629588
0.648629588
0.648629588
0.648629588
0.648629588
0.648629588
0.648629588
0.648629588
0.648629588
0.648629588
0.648629588
0.648629588
0.579100772
0.579100772
0.579100772
0.579100772
0.579100772
0.563336504
0.55276306
0.55276306
0.55276306
0.55276306
0.55276306
0.55276306
0.55276306
0.55276306
0.55276306
0.219023575
0.219023575
0.219023575
0.179952023
0.179952023
0.0
0.0
