1.0
0.999889511
0.942313066
0.817572752
0.817572752
0.817572752
0.817572752
0.817572752
0.671816247
0.671816247
0.671816247
0.671816247
0.671816247
0.671816247
0.671816247
0.671816247
0.671816247
0.671816247
0.671816247
0.671816247
0.671816247
0.671816247
0.671816247
0.671816247
0.671816247
0.671816247
0.671816247
0.671816247
0.671816247
0.671816247
0.671816247
0.671816247
0.671816247
0.671816247
0.671816247
0.671816247
0.671816247
0.671816247
0.671816247
0.671816247
0.671816247
0.671816247
0.671816247
0.671816247
0.671816247
0.671816247
0.671816247
0.671816247
0.671816247
0.671816247
0.671816247
0.671816247
0.671816247
0.671816247
0.671816247
0.671816247
0.671816247
0.671816247
0.671816247
0.671816247
0.671816247
0.671816247
0.671816247
0.671816247
0.671816247
0.671816247
0.671816247
0.671816247
0.671816247
0.671816247
0.671816247
0.671816247
0.671816247
0.671816247
0.671816247
0.671816247
0.671816247
0.671816247
0.671816247
0.671816247
0.671816247
0.671816247
0.671816247
0.671816247
0.671816247
0.671816247
0.671816247
0.671816247
0.671816247
0.671816247
0.671816247
0.671816247
0.671816247
0.671816247
0.671816247
0.671816247
0.671816247
0.671816247
0.671816247
0.671816247
0.671816247
0.671816247
0.671816247
0.671816247
0.671816247
0.671816247
0.671816247
0.671816247
0.671816247
0.671816247
0.671816247
0.671816247
0.671816247
0.671816247
0.671816247
0.671816247
0.671816247
0.671816247
0.671816247
0.671816247
0.671816247
0.671816247
0.671816247
0.671816247
0.671816247
0.671816247
0.671816247
0.671816247
0.671816247
0.671816247
0.671816247
0.671816247
0.671816247
0.671816247
0.671816247
0.671816247
0.671816247
0.671816247
0.671816247
0.671816247
0.671816247
0.671816247
0.671816247
0.671816247
0.671816247
0.671816247
0.671816247
0.671816247
0.671816247
0.671816247
0.671816247
0.671816247
0.671816247
0.671816247
0.671816247
0.671816247
0.671816247
0.671816247
0.671816247
0.671816247
0.671816247
0.671816247
0.671816247
0.671816247
0.671816247
0.671816247
0.671816247
0.671816247
0.671816247
0.671816247
0.671816247
0.671816247
0.671816247
0.671816247
0.671816247
0.671816247
0.671816247
0.671816247
0.671816247
0.671816247
0.671816247
0.671816247
0.671816247
0.671816247
0.671816247
0.565949292
0.497666963
0.497666963
0.45336043
0.45336043
0.45336043
0.363250874
0.363250874
0.363250874
0.363250874
0.363250874
0.363250874
0.363250874
0.363250874
0.363250874
0.0
