1.0
0.999996873
0.993237592
0.879136805
0.879136805
0.879136805
0.879136805
0.879136805
0.879136805
0.879136805
0.879136805
0.879136805
0.879136805
0.879136805
0.879136805
0.879136805
0.879136805
0.879136805
0.879136805
0.879136805
0.879136805
0.879136805
0.879136805
0.879136805
0.879136805
0.879136805
0.879136805
0.879136805
0.879136805
0.879136805
0.879136805
0.879136805
0.879136805
0.879136805
0.879136805
0.879136805
0.815426353
0.815426353
0.815426353
0.815426353
0.815426353
0.815426353
0.815426353
0.815426353
0.815426353
0.815426353
0.815426353
0.815426353
0.815426353
0.815426353
0.815426353
0.815426353
0.815426353
0.815426353
0.815426353
0.815426353
0.815426353
0.815426353
0.815426353
0.815426353
0.815426353
0.815426353
0.815426353
0.815426353
0.815426353
0.815426353
0.815426353
0.815426353
0.815426353
0.815426353
0.815426353
0.769600809
0.769600809
0.769600809
0.769600809
0.769600809
0.769600809
0.769600809
0.769600809
0.769600809
0.769600809
0.769600809
0.769600809
0.769600809
0.769600809
0.769600809
0.769600809
0.769600809
0.769600809
0.769600809
0.769600809
0.769600809
0.769600809
0.769600809
0.769600809
0.769600809
0.769600809
0.769600809
0.769600809
0.769600809
0.769600809
0.769600809
0.769600809
0.769600809
0.769600809
0.769600809
0.769600809
0.769600809
0.769600809
0.769600809
0.769600809
0.769600809
0.769600809
0.769600809
0.769600809
0.769600809
0.769600809
0.769600809
0.769600809
0.769600809
0.769600809
0.769600809
0.769600809
0.769600809
0.769600809
0.769600809
0.769600809
0.769600809
0.769600809
0.769600809
0.769600809
0.769600809
0.769600809
0.769600809
0.769600809
0.769600809
0.769600809
0.769600809
0.769600809
0.769600809
0.769600809
0.769600809
0.769600809
0.769600809
0.769600809
0.769600809
0.769600809
0.769600809
0.769600809
0.769600809
0.769600809
0.769600809
0.769600809
0.769600809
0.769600809
0.769600809
0.769600809
0.769600809
0.769600809
0.769600809
0.769600809
0.769600809
0.769600809
0.769600809
0.769600809
0.769600809
0.769600809
0.769600809
0.769600809
0.769600809
0.769600809
0.769600809
0.769600809
0.769600809
0.769600809
0.769600809
0.769600809
0.769600809
0.769600809
0.769600809
0.769600809
0.769600809
0.769600809
0.769600809
0.769600809
0.767339061
0.593678933
0.504231538
0.415702714
0.415702714
0.415702714
0.415702714
0.415702714
0.415702714
0.415702714
0.415702714
0.409153888
0.409153888
0.409153888
0.409153888
0.233608646
