1.0
0.999996873
0.993246708
0.879094419
0.879094419
0.879094419
0.879094419
0.879094419
0.879094419
0.879094419
0.879094419
0.879094419
0.879094419
0.879094419
0.879094419
0.879094419
0.879094419
0.879094419
0.879094419
0.879094419
0.879094419
0.879094419
0.879094419
0.879094419
0.879094419
0.879094419
0.879094419
0.879094419
0.879094419
0.879094419
0.879094419
0.879094419
0.879094419
0.879094419
0.879094419
0.879094419
0.81516439
0.81516439
0.81516439
0.81516439
0.81516439
0.81516439
0.81516439
0.81516439
0.81516439
0.81516439
0.81516439
0.81516439
0.81516439
0.81516439
0.81516439
0.81516439
0.81516439
0.81516439
0.81516439
0.81516439
0.81516439
0.81516439
0.81516439
0.81516439
0.81516439
0.81516439
0.81516439
0.81516439
0.81516439
0.81516439
0.81516439
0.81516439
0.81516439
0.81516439
0.81516439
0.769646571
0.769646571
0.769646571
0.769646571
0.769646571
0.769646571
0.769646571
0.769646571
0.769646571
0.769646571
0.769646571
0.769646571
0.769646571
0.769646571
0.769646571
0.769646571
0.769646571
0.769646571
0.769646571
0.769646571
0.769646571
0.769646571
0.769646571
0.769646571
0.769646571
0.769646571
0.769646571
0.769646571
0.769646571
0.769646571
0.769646571
0.769646571
0.769646571
0.769646571
0.769646571
0.769646571
0.769646571
0.769646571
0.769646571
0.769646571
0.769646571
0.769646571
0.769646571
0.769646571
0.769646571
0.769646571
0.769646571
0.769646571
0.769646571
0.769646571
0.769646571
0.769646571
0.769646571
0.769646571
0.769646571
0.769646571
0.769646571
0.769646571
0.769646571
0.769646571
0.769646571
0.769646571
0.769646571
0.769646571
0.769646571
0.769646571
0.769646571
0.769646571
0.769646571
0.769646571
0.769646571
0.769646571
0.769646571
0.769646571
0.769646571
0.769646571
0.769646571
0.769646571
0.769646571
0.769646571
0.769646571
0.769646571
0.769646571
0.769646571
0.769646571
0.769646571
0.769646571
0.769646571
0.769646571
0.769646571
0.769646571
0.769646571
0.769646571
0.769646571
0.769646571
0.769646571
0.769646571
0.769646571
0.769646571
0.769646571
0.769646571
0.769646571
0.769646571
0.769646571
0.769646571
0.769646571
0.769646571
0.769646571
0.769646571
0.769646571
0.769646571
0.769646571
0.769646571
0.769646571
0.767520506
0.594266478
0.504269447
0.415365748
0.415365748
0.415365748
0.415365748
0.415365748
0.415365748
0.415365748
0.415365748
0.409463895
0.409463895
0.409463895
0.409463895
0.23755749
