1.0
0.999999935
0.999402956
0.93400019
0.889197108
0.889197108
0.889197108
0.889197108
0.889197108
0.889197108
0.889197108
0.889197108
0.889197108
0.889197108
0.889197108
0.889197108
0.889197108
0.889197108
0.889197108
0.889197108
0.889197108
0.889197108
0.889197108
0.889197108
0.889197108
0.889197108
0.889197108
0.889197108
0.889197108
0.889197108
0.889197108
0.889197108
0.889197108
0.889197108
0.889197108
0.889197108
0.889197108
0.889197108
0.889197108
0.889197108
0.889197108
0.889197108
0.889197108
0.889197108
0.889197108
0.889197108
0.889197108
0.889197108
0.889197108
0.889197108
0.889197108
0.889197108
0.889197108
0.889197108
0.889197108
0.851795794
0.851795794
0.851795794
0.851795794
0.851795794
0.851795794
0.851795794
0.851795794
0.851795794
0.851795794
0.851795794
0.851795794
0.851795794
0.851795794
0.851795794
0.851795794
0.851795794
0.851795794
0.851795794
0.851795794
0.851795794
0.851795794
0.851795794
0.851795794
0.851795794
0.851795794
0.851795794
0.851795794
0.851795794
0.851795794
0.851795794
0.851795794
0.851795794
0.851795794
0.851795794
0.851795794
0.851795794
0.851795794
0.851795794
0.851795794
0.851795794
0.851795794
0.851795794
0.851795794
0.851795794
0.851795794
0.851795794
0.851795794
0.851795794
0.851795794
0.851795794
0.851795794
0.851795794
0.851795794
0.851795794
0.851795794
0.851795794
0.851795794
0.851795794
0.851795794
0.851795794
0.851795794
0.851795794
0.851795794
0.851795794
0.851795794
0.851795794
0.851795794
0.851795794
0.851795794
0.851795794
0.851795794
0.851795794
0.851795794
0.851795794
0.851795794
0.851795794
0.851795794
0.851795794
0.851795794
0.851795794
0.851795794
0.851795794
0.851795794
0.851795794
0.851795794
0.851795794
0.851795794
0.851795794
0.851795794
0.851795794
0.851795794
0.851795794
0.851795794
0.851795794
0.851795794
0.851795794
0.851795794
0.851795794
0.851795794
0.851795794
0.851795794
0.851795794
0.851795794
0.851795794
0.851795794
0.851795794
0.851795794
0.851795794
0.851795794
0.851795794
0.851795794
0.851795794
0.851795794
0.851795794
0.851795794
0.851795794
0.851795794
0.851795794
0.851795794
0.851795794
0.851795794
0.851795794
0.851795794
0.851795794
0.851795794
0.851795794
0.851795794
0.851795794
0.851795794
0.851795794
0.707140012
0.603548656
0.603548656
0.531088106
0.531088106
0.531088106
0.531088106
0.531088106
0.531088106
0.531088106
0.531088106
0.531088106
0.531088106
0.512266646
0.308828358
