1.0
0.999999935
0.999400162
0.932870354
0.889459712
0.889459712
0.889459712
0.889459712
0.889459712
0.889459712
0.889459712
0.889459712
0.889459712
0.889459712
0.889459712
0.889459712
0.889459712
0.889459712
0.889459712
0.889459712
0.889459712
0.889459712
0.889459712
0.889459712
0.889459712
0.889459712
0.889459712
0.889459712
0.889459712
0.889459712
0.889459712
0.889459712
0.889459712
0.889459712
0.889459712
0.889459712
0.889459712
0.889459712
0.889459712
0.889459712
0.889459712
0.889459712
0.889459712
0.889459712
0.889459712
0.889459712
0.889459712
0.889459712
0.889459712
0.889459712
0.889459712
0.889459712
0.889459712
0.889459712
0.889459712
0.852038262
0.852038262
0.852038262
0.852038262
0.852038262
0.852038262
0.852038262
0.852038262
0.852038262
0.852038262
0.852038262
0.852038262
0.852038262
0.852038262
0.852038262
0.852038262
0.852038262
0.852038262
0.852038262
0.852038262
0.852038262
0.852038262
0.852038262
0.852038262
0.852038262
0.852038262
0.852038262
0.852038262
0.852038262
0.852038262
0.852038262
0.852038262
0.852038262
0.852038262
0.852038262
0.852038262
0.852038262
0.852038262
0.852038262
0.852038262
0.852038262
0.852038262
0.852038262
0.852038262
0.852038262
0.852038262
0.852038262
0.852038262
0.852038262
0.852038262
0.852038262
0.852038262
0.852038262
0.852038262
0.852038262
0.852038262
0.852038262
0.852038262
0.852038262
0.852038262
0.852038262
0.852038262
0.852038262
0.852038262
0.852038262
0.852038262
0.852038262
0.852038262
0.852038262
0.852038262
0.852038262
0.852038262
0.852038262
0.852038262
0.852038262
0.852038262
0.852038262
0.852038262
0.852038262
0.852038262
0.852038262
0.852038262
0.852038262
0.852038262
0.852038262
0.852038262
0.852038262
0.852038262
0.852038262
0.852038262
0.852038262
0.852038262
0.852038262
0.852038262
0.852038262
0.852038262
0.852038262
0.852038262
0.852038262
0.852038262
0.852038262
0.852038262
0.852038262
0.852038262
0.852038262
0.852038262
0.852038262
0.852038262
0.852038262
0.852038262
0.852038262
0.852038262
0.852038262
0.852038262
0.852038262
0.852038262
0.852038262
0.852038262
0.852038262
0.852038262
0.852038262
0.852038262
0.852038262
0.852038262
0.852038262
0.852038262
0.852038262
0.852038262
0.852038262
0.852038262
0.852038262
0.708176534
0.59291527
0.59291527
0.528875915
0.528875915
0.528875915
0.528875915
0.528875915
0.528875915
0.528875915
0.528875915
0.528875915
0.528875915
0.510271938
0.309723004
