1.0
0.999999935
0.999405345
0.936552343
0.888905599
0.888905599
0.888905599
0.888905599
0.888905599
0.888905599
0.888905599
0.888905599
0.888905599
0.888905599
0.888905599
0.888905599
0.888905599
0.888905599
0.888905599
0.888905599
0.888905599
0.888905599
0.888905599
0.888905599
0.888905599
0.888905599
0.888905599
0.888905599
0.888905599
0.888905599
0.888905599
0.888905599
0.888905599
0.888905599
0.888905599
0.888905599
0.888905599
0.888905599
0.888905599
0.888905599
0.888905599
0.888905599
0.888905599
0.888905599
0.888905599
0.888905599
0.888905599
0.888905599
0.888905599
0.888905599
0.888905599
0.888905599
0.888905599
0.888905599
0.888905599
0.85198865
0.85198865
0.85198865
0.85198865
0.85198865
0.85198865
0.85198865
0.85198865
0.85198865
0.85198865
0.85198865
0.85198865
0.85198865
0.85198865
0.85198865
0.85198865
0.85198865
0.85198865
0.85198865
0.85198865
0.85198865
0.85198865
0.85198865
0.85198865
0.85198865
0.85198865
0.85198865
0.85198865
0.85198865
0.85198865
0.85198865
0.85198865
0.85198865
0.85198865
0.85198865
0.85198865
0.85198865
0.85198865
0.85198865
0.85198865
0.85198865
0.85198865
0.85198865
0.85198865
0.85198865
0.85198865
0.85198865
0.85198865
0.85198865
0.85198865
0.85198865
0.85198865
0.85198865
0.85198865
0.85198865
0.85198865
0.85198865
0.85198865
0.85198865
0.85198865
0.85198865
0.85198865
0.85198865
0.85198865
0.85198865
0.85198865
0.85198865
0.85198865
0.85198865
0.85198865
0.85198865
0.85198865
0.85198865
0.85198865
0.85198865
0.85198865
0.85198865
0.85198865
0.85198865
0.85198865
0.85198865
0.85198865
0.85198865
0.85198865
0.85198865
0.85198865
0.85198865
0.85198865
0.85198865
0.85198865
0.85198865
0.85198865
0.85198865
0.85198865
0.85198865
0.85198865
0.85198865
0.85198865
0.85198865
0.85198865
0.85198865
0.85198865
0.85198865
0.85198865
0.85198865
0.85198865
0.85198865
0.85198865
0.85198865
0.85198865
0.85198865
0.85198865
0.85198865
0.85198865
0.85198865
0.85198865
0.85198865
0.85198865
0.85198865
0.85198865
0.85198865
0.85198865
0.85198865
0.85198865
0.85198865
0.85198865
0.85198865
0.85198865
0.85198865
0.85198865
0.85198865
0.707799953
0.608405234
0.608405234
0.521530912
0.521530912
0.521530912
0.521530912
0.521530912
0.521530912
0.521530912
0.521530912
0.521530912
0.521530912
0.510439457
0.31762297
