1.0
0.999999999
0.999960143
0.99931915
0.99931915
0.99931915
0.99931915
0.99931915
0.99931915
0.99931915
0.99931915
0.99931915
0.99931915
0.99931915
0.99931915
0.997711121
0.997711121
0.997711121
0.997711121
0.997711121
0.997711121
0.997711121
0.997711121
0.997711121
0.997711121
0.997711121
0.997711121
0.997711121
0.997711121
0.997711121
0.997711121
0.997711121
0.997711121
0.997711121
0.997711121
0.997711121
0.997711121
0.997711121
0.997711121
0.997711121
0.997711121
0.997711121
0.997711121
0.997711121
0.997711121
0.997711121
0.997711121
0.997711121
0.997711121
0.997711121
0.997711121
0.997711121
0.997711121
0.997711121
0.997711121
0.997711121
0.997711121
0.997711121
0.997711121
0.997711121
0.997711121
0.997711121
0.997711121
0.997711121
0.997711121
0.997711121
0.997711121
0.997711121
0.997711121
0.997711121
0.997711121
0.997711121
0.997711121
0.997711121
0.997711121
0.997711121
0.997711121
0.997711121
0.997711121
0.997711121
0.997711121
0.997711121
0.997711121
0.997711121
0.997711121
0.997711121
0.997711121
0.997711121
0.997711121
0.997711121
0.997711121
0.997711121
0.997711121
0.997711121
0.997711121
0.997711121
0.997711121
0.997711121
0.997711121
0.997711121
0.997711121
0.997711121
0.997711121
0.997711121
0.994673
0.994673
0.994673
0.994673
0.994673
0.994673
0.994673
0.994673
0.994673
0.994673
0.994673
0.994673
0.994673
0.994673
0.994673
0.994673
0.994673
0.994673
0.994673
0.994673
0.994673
0.994673
0.994673
0.994673
0.994673
0.994673
0.994673
0.994673
0.994673
0.994673
0.994673
0.994673
0.994673
0.994673
0.994673
0.994673
0.994673
0.994673
0.994673
0.994673
0.994673
0.994673
0.994673
0.994673
0.994673
0.994673
0.994673
0.994673
0.994673
0.994673
0.994673
0.994673
0.994673
0.994673
0.994673
0.994673
0.994673
0.994673
0.994673
0.994673
0.994673
0.994673
0.994673
0.994673
0.994673
0.994673
0.994673
0.994673
0.994673
0.994673
0.994673
0.960029179
0.960029179
0.960029179
0.960029179
0.960029179
0.960029179
0.960029179
0.960029179
0.960029179
0.960029179
0.960029179
0.960029179
0.960029179
0.960029179
0.960029179
0.960029179
0.960029179
0.960029179
0.960029179
0.960029179
0.960029179
0.960029179
0.960029179
0.772217199
0.573839583
0.573839583
