1.0
0.999999999
0.999960325
0.999341448
0.999341448
0.999341448
0.999341448
0.999341448
0.999341448
0.999341448
0.999341448
0.999341448
0.999341448
0.999341448
0.999341448
0.997715019
0.997715019
0.997715019
0.997715019
0.997715019
0.997715019
0.997715019
0.997715019
0.997715019
0.997715019
0.997715019
0.997715019
0.997715019
0.997715019
0.997715019
0.997715019
0.997715019
0.997715019
0.997715019
0.997715019
0.997715019
0.997715019
0.997715019
0.997715019
0.997715019
0.997715019
0.997715019
0.997715019
0.997715019
0.997715019
0.997715019
0.997715019
0.997715019
0.997715019
0.997715019
0.997715019
0.997715019
0.997715019
0.997715019
0.997715019
0.997715019
0.997715019
0.997715019
0.997715019
0.997715019
0.997715019
0.997715019
0.997715019
0.997715019
0.997715019
0.997715019
0.997715019
0.997715019
0.997715019
0.997715019
0.997715019
0.997715019
0.997715019
0.997715019
0.997715019
0.997715019
0.997715019
0.997715019
0.997715019
0.997715019
0.997715019
0.997715019
0.997715019
0.997715019
0.997715019
0.997715019
0.997715019
0.997715019
0.997715019
0.997715019
0.997715019
0.997715019
0.997715019
0.997715019
0.997715019
0.997715019
0.997715019
0.997715019
0.997715019
0.997715019
0.997715019
0.997715019
0.997715019
0.997715019
0.994640233
0.994640233
0.994640233
0.994640233
0.994640233
0.994640233
0.994640233
0.994640233
0.994640233
0.994640233
0.994640233
0.994640233
0.994640233
0.994640233
0.994640233
0.994640233
0.994640233
0.994640233
0.994640233
0.994640233
0.994640233
0.994640233
0.994640233
0.994640233
0.994640233
0.994640233
0.994640233
0.994640233
0.994640233
0.994640233
0.994640233
0.994640233
0.994640233
0.994640233
0.994640233
0.994640233
0.994640233
0.994640233
0.994640233
0.994640233
0.994640233
0.994640233
0.994640233
0.994640233
0.994640233
0.994640233
0.994640233
0.994640233
0.994640233
0.994640233
0.994640233
0.994640233
0.994640233
0.994640233
0.994640233
0.994640233
0.994640233
0.994640233
0.994640233
0.994640233
0.994640233
0.994640233
0.994640233
0.994640233
0.994640233
0.994640233
0.994640233
0.994640233
0.994640233
0.994640233
0.994640233
0.960500952
0.960500952
0.960500952
0.960500952
0.960500952
0.960500952
0.960500952
0.960500952
0.960500952
0.960500952
0.960500952
0.960500952
0.960500952
0.960500952
0.960500952
0.960500952
0.960500952
0.960500952
0.960500952
0.960500952
0.960500952
0.960500952
0.960500952
0.770927354
0.566900418
0.566900418
