1.0
0.999999999
0.999960326
0.999341645
0.999341645
0.999341645
0.999341645
0.999341645
0.999341645
0.999341645
0.999341645
0.999341645
0.999341645
0.999341645
0.999341645
0.997716116
0.997716116
0.997716116
0.997716116
0.997716116
0.997716116
0.997716116
0.997716116
0.997716116
0.997716116
0.997716116
0.997716116
0.997716116
0.997716116
0.997716116
0.997716116
0.997716116
0.997716116
0.997716116
0.997716116
0.997716116
0.997716116
0.997716116
0.997716116
0.997716116
0.997716116
0.997716116
0.997716116
0.997716116
0.997716116
0.997716116
0.997716116
0.997716116
0.997716116
0.997716116
0.997716116
0.997716116
0.997716116
0.997716116
0.997716116
0.997716116
0.997716116
0.997716116
0.997716116
0.997716116
0.997716116
0.997716116
0.997716116
0.997716116
0.997716116
0.997716116
0.997716116
0.997716116
0.997716116
0.997716116
0.997716116
0.997716116
0.997716116
0.997716116
0.997716116
0.997716116
0.997716116
0.997716116
0.997716116
0.997716116
0.997716116
0.997716116
0.997716116
0.997716116
0.997716116
0.997716116
0.997716116
0.997716116
0.997716116
0.997716116
0.997716116
0.997716116
0.997716116
0.997716116
0.997716116
0.997716116
0.997716116
0.997716116
0.997716116
0.997716116
0.997716116
0.997716116
0.997716116
0.997716116
0.99462507
0.99462507
0.99462507
0.99462507
0.99462507
0.99462507
0.99462507
0.99462507
0.99462507
0.99462507
0.99462507
0.99462507
0.99462507
0.99462507
0.99462507
0.99462507
0.99462507
0.99462507
0.99462507
0.99462507
0.99462507
0.99462507
0.99462507
0.99462507
0.99462507
0.99462507
0.99462507
0.99462507
0.99462507
0.99462507
0.99462507
0.99462507
0.99462507
0.99462507
0.99462507
0.99462507
0.99462507
0.99462507
0.99462507
0.99462507
0.99462507
0.99462507
0.99462507
0.99462507
0.99462507
0.99462507
0.99462507
0.99462507
0.99462507
0.99462507
0.99462507
0.99462507
0.99462507
0.99462507
0.99462507
0.99462507
0.99462507
0.99462507
0.99462507
0.99462507
0.99462507
0.99462507
0.99462507
0.99462507
0.99462507
0.99462507
0.99462507
0.99462507
0.99462507
0.99462507
0.99462507
0.960723139
0.960723139
0.960723139
0.960723139
0.960723139
0.960723139
0.960723139
0.960723139
0.960723139
0.960723139
0.960723139
0.960723139
0.960723139
0.960723139
0.960723139
0.960723139
0.960723139
0.960723139
0.960723139
0.960723139
0.960723139
0.960723139
0.960723139
0.772898055
0.566698367
0.564524835
