0.5872212531
0.5467609931
0.5553302845
0.5506153462000001
0.5385298727000001
0.5185203667
0.5254068744
0.5534954605
0.5427237453
0.5328247161
0.5309224761
0.5132143919000001
0.5100178953000001
0.5023555407000001
0.5003312736
0.4895351442
0.48097213540000006
0.4738275495
0.46455806739999994
0.4419302482
0.4247327566
0.41658329949999995
0.40330837750000004
0.3967279759
0.38450776019999994
0.3778026763999999
0.3733719569999999
0.35731070969999995
0.35128296179999996
0.3543113181
0.35403480730000003
0.3557892405
0.35519412510000004
0.35275914230000005
0.3514552785
0.3468058177
0.34428916740000004
0.35089940519999996
0.3500136019
0.35020043710000004
0.35182623590000006
0.3504864482
0.34866434420000003
0.3438420962
0.3399239963
0.33806264220000004
0.3287233691
0.3256303973
0.3208535689
0.31342324060000004
0.3044188331
0.296563072
0.2908709256
0.28336005340000003
0.27460728590000005
0.26974621590000003
0.2705694692
0.26645359519999995
0.2624585029
0.2608042991
0.26226394760000005
0.26276708579999997
0.26081918519999997
0.263294797
0.2657829962
0.26742993820000005
0.26959660890000003
0.27120800640000003
0.2721907922
0.27175686639999996
0.2712201437
0.27161342819999995
0.2735626853
0.27344909609999996
0.2733956546
0.27228705
0.2674234969
0.263380224
0.26163152389999994
0.26014913459999994
0.255601881
0.2508656563
0.2465545413
0.24181143570000002
0.23694782090000005
0.23285038520000004
0.23265661280000005
0.2306272924
0.2274753081
0.22542114670000002
0.22586553729999997
0.2271284033
0.22739160999999997
0.22686341719999997
0.228312196
0.22944510020000003
0.22803194
0.22864042159999998
0.22970068379999997
0.2296072421
0.22908436459999998
0.2284671592
0.2279251403
0.2270789852
0.22593697440000002
0.22551100209999997
0.2258608346
0.2249181851
0.22472942399999996
0.22360404579999998
0.22114998640000003
0.2184227968
0.21667104190000003
0.2160500866
0.21552319420000005
0.21368103249999998
0.2110484084
0.2082894526
0.2044926175
0.2023831382
0.2015130139
0.20117140290000002
0.2008088666
0.19903484200000002
0.196669996
0.194942623
0.1940591806
0.19384413810000004
0.19404962600000003
0.19398811000000002
0.19470757160000002
0.1946497312
0.1937957789
0.1936553978
0.19335895849999998
0.19357514529999997
0.19325563939999996
0.19229636979999998
0.19188875689999998
0.1917986942
0.19052893639999996
0.1892501532
0.1880187952
0.18805052240000003
0.18774455240000004
0.1864655233
0.18581126929999997
0.1869368157
0.1858975324
0.18414261010000002
0.1827428334
0.18157193910000002
0.18150594839999998
0.17970143939999997
0.17862488249999997
0.17803402359999998
0.17743128469999997
0.1755792769
0.1744260794
0.17412656740000002
0.1740017175
0.1739669272
0.17305056609999997
0.17334564589999998
0.17284089149999998
0.1721274434
0.1713990968
0.1700616463
0.16986950430000003
