0.5034783528
0.4471849261
0.44648496300000007
0.43457663220000003
0.4137351583
0.3897820786
0.3845073458
0.3925119247
0.38152386350000006
0.37118005600000004
0.36755642610000006
0.3514328141
0.34727316789999996
0.34168734609999996
0.3358024951
0.3285161339
0.3206374279
0.31571167609999995
0.3075941401
0.2925367278
0.2820036788
0.27844189529999996
0.2710487113
0.2639654386
0.2564721969
0.2504884064
0.24750215920000002
0.2396086939
0.23615372429999998
0.23878206449999997
0.23898199369999995
0.23968350199999996
0.23954736059999998
0.23913361100000002
0.23919300770000002
0.23863976409999998
0.2376404881
0.2400265826
0.23942240199999998
0.23848333410000003
0.23800194869999997
0.23566501030000003
0.23416145520000003
0.23245242
0.23027170360000002
0.22833658410000002
0.22317875420000002
0.2211216703
0.21811721229999997
0.2145289092
0.2104971188
0.20704872150000003
0.20475991660000004
0.1997286336
0.19532214909999995
0.19238183849999996
0.1921309644
0.18958893339999996
0.1886137666
0.18801181109999998
0.18792538569999997
0.1877655835
0.1865948425
0.18710135739999997
0.18774912130000002
0.1879690845
0.18854726149999998
0.18839017549999998
0.18827985749999998
0.18718623019999997
0.18578531449999997
0.1847762778
0.18349423269999998
0.18241227799999998
0.1809890613
0.1793059339
0.176418665
0.17441329560000002
0.1726292548
0.17175160979999998
0.1700669623
0.16833786290000002
0.1667063516
0.1646432445
0.16320379080000003
0.16171058430000002
0.1613522818
0.1602582845
0.15898451630000002
0.1579367184
0.1578214192
0.1577673813
0.1581263009
0.15858753669999998
0.1584438078
0.15806136380000002
0.15751230840000002
0.1569689504
0.15667900819999997
0.1556373802
0.15490946290000002
0.1542621263
0.1528116408
0.1518971926
0.1507689313
0.15071913669999998
0.1501858795
0.14956917119999996
0.149314961
0.1493529038
0.1492111121
0.1488751541
0.1491780039
0.14893892140000003
0.1489529691
0.1489443305
0.14877189609999997
0.1487771699
0.14753108550000002
0.1464197808
0.1450073906
0.14405685760000003
0.14295118350000002
0.1419912769
0.14117545010000002
0.1397309173
0.1385677744
0.13777596549999999
0.1371109969
0.1365003638
0.13618617019999998
0.1357607451
0.13518057630000002
0.1345890039
0.13414709549999998
0.1344117579
0.1345460258
0.1341567315
0.13421033229999998
0.13422201290000002
0.1340208732
0.133684494
0.1338489988
0.1341233118
0.1341997429
0.13377039070000002
0.13362949799999999
0.1337588116
0.133596672
0.1333232232
0.13327746940000001
0.1330965224
0.1326865646
0.1317135983
0.13123978240000003
0.13073720580000003
0.1298671569
0.1294264177
0.1288389548
0.1283909385
0.12778693759999998
0.1271805755
0.12652698619999997
0.1264340651
0.1255886484
0.1248323393
0.1242505945
0.1234851633
0.12315905
