0.5752871637000001
0.5331224221000002
0.5414531401
0.5350710464
0.5215853662
0.5012788227
0.5048293866
0.5263509901
0.5133428859
0.49975679390000005
0.4948412587
0.47471169799999996
0.4671292349000001
0.4587227973
0.4539762407
0.441747627
0.4314698658
0.42461512739999996
0.4142448922
0.3960136365
0.3823870832
0.37634723639999995
0.3642499722
0.35581369239999994
0.3421505164
0.3350670318999999
0.33123368740000003
0.32087952859999996
0.3160762086
0.3176374812
0.3162299936
0.3173290434
0.3163773411
0.3158613123
0.31681223470000003
0.313971906
0.31350898940000005
0.31807617740000005
0.31871488470000003
0.31975325600000004
0.3223646571
0.32184948799999996
0.3236742515
0.32160646449999997
0.31999975160000005
0.3200927461
0.3111165668
0.3065008496
0.30289906229999997
0.2978126413
0.2914818717
0.28461942970000004
0.2793895744
0.2732031048
0.26573177980000007
0.2615529824
0.2626713151
0.2601071075
0.2563720015
0.25417568139999996
0.2538124592
0.25444503640000005
0.2532586184
0.2539375212
0.25680099
0.25703039930000005
0.25824849050000004
0.2584007595
0.25976308429999995
0.2594602072
0.2585642515
0.25800937220000003
0.25893782340000004
0.2588424782
0.2573999334
0.2553364027
0.2513679888
0.24844129600000003
0.2455511379
0.2423433707
0.238337617
0.23379840019999998
0.2291243214
0.2251736583
0.2221318428
0.21855903159999998
0.217433892
0.2155125732
0.21302795209999997
0.2120875094
0.2123891436
0.2125248113
0.2125539356
0.21196735729999996
0.2115708851
0.2116442012
0.21086882209999996
0.2108960749
0.21072846250000002
0.2094710979
0.20837017660000004
0.20752187729999996
0.20637248969999997
0.2058882871
0.2047341351
0.2048493769
0.20436703099999995
0.20402859580000002
0.20397644359999995
0.20357587269999997
0.2024489718
0.2011789427
0.20041228160000002
0.19919847409999997
0.19892458329999999
0.1974150995
0.19609107219999997
0.19421918069999997
0.1921882326
0.1907729275
0.1886989529
0.18783689499999998
0.18629767249999998
0.1843252402
0.18277509009999998
0.18140316869999998
0.17992339529999998
0.17907736069999997
0.1781636569
0.17746477879999997
0.17728810409999998
0.17738108619999998
0.17712253780000004
0.1770540613
0.17566700170000002
0.17494321519999997
0.17451861549999997
0.1733342788
0.17224531599999998
0.1717526264
0.1713971949
0.16999858669999998
0.1692709653
0.1689796506
0.16860387549999997
0.1681273049
0.1675729379
0.1674581965
0.1667494694
0.1661279161
0.1652761864
0.16517326470000002
0.16471757199999998
0.16368366359999997
0.16298288819999998
0.1620962594
0.1619001343
0.1610238118
0.16099611070000003
0.1604441272
0.16003576209999998
0.15876362689999998
0.1579526342
0.1573145097
0.1559434912
0.15542156700000004
0.1539471463
0.1526547328
0.1514109382
