0.33390769929999997
0.253924508
0.2652095513
0.24672523899999996
0.21686044019999998
0.2055432745
0.1969198486
0.1892173544
0.18297771540000002
0.17516598760000002
0.17205641380000003
0.1658137858
0.16004040260000002
0.15507220699999996
0.1492330439
0.1454709695
0.1427630442
0.1413721771
0.1376672938
0.1352522042
0.1330813513
0.1320083519
0.1302259973
0.12781202870000002
0.1265076954
0.12474982559999999
0.1233224495
0.121413572
0.1204807221
0.1188154527
0.11738445319999999
0.1157079711
0.1145352592
0.1132022353
0.11155641329999999
0.11048256620000001
0.1091980562
0.1080800897
0.10702715119999999
0.10646636009999999
0.10573820240000001
0.105111172
0.10411560589999999
0.1036432767
0.10322152920000001
0.1027718989
0.101814255
0.1011486552
0.10033698750000002
0.09876955370000003
0.09768424070000001
0.09623245389999999
0.09499972999999999
0.09333588629999999
0.0916180571
0.09005102769999998
0.0888288753
0.08766126249999999
0.08697184109999999
0.08678920949999999
0.0862602657
0.0857867347
0.08539627060000002
0.0854879789
0.0853428047
0.08532998909999999
0.08539018000000001
0.0853449637
0.0848353656
0.0845449401
0.0843078006
0.0843047339
0.0842735406
0.08391005430000001
0.08371966010000001
0.08296529780000002
0.08208972040000002
0.0812778405
0.08085304640000002
0.07998538499999999
0.0788966046
0.0776092916
0.0763480212
0.07519296349999999
0.07424596689999999
0.0735944298
0.07303210299999999
0.0723460883
0.0715546342
0.07125294770000001
0.07104661350000001
0.07092310099999999
0.070832373
0.07085148100000001
0.0706577187
0.0704209658
0.07003500609999999
0.06973321860000001
0.0694895418
0.06898998869999999
0.068752598
0.0685182778
0.0681375148
0.0675483224
0.067160784
0.0670353212
0.06691797860000001
0.0668434467
0.06658233059999999
0.06616159649999999
0.06565188329999999
0.0651917238
0.06493256329999998
0.0648629648
0.0646941773
0.06432819850000002
0.064022942
0.0634643743
0.06296241490000001
0.062408679300000006
0.0617459248
0.061003731799999995
0.060161018999999996
0.059321325
0.05843633989999999
0.057648585499999995
0.0569741824
0.0564535499
0.05596463210000001
0.0558673527
0.055811059899999994
0.0557247436
0.0555457671
0.0554181015
0.055421769999999995
0.05541968519999999
0.0550986582
0.054873669199999996
0.0547603846
0.054590451100000006
0.05442483020000001
0.0543246675
0.0543962565
0.054278025800000004
0.05419516499999999
0.0541127566
0.05424859989999999
0.054223425400000004
0.054003612199999995
0.053817736399999996
0.05348765209999999
0.053324245999999985
0.05305255
0.0529178644
0.0526206696
0.052347458400000005
0.0519261553
0.051548174599999996
0.051308051199999996
0.05096784630000001
0.050813701600000004
0.05046547529999999
0.0499901594
0.049447458699999995
0.048811739
0.0481114081
0.0476344593
0.0471969099
0.046662618
