0.5574449865333334
0.5225697676666667
0.5249218793333333
0.5179829691333334
0.5081284897333334
0.49015984353333336
0.48587257013333335
0.4983670307333334
0.48677485060000003
0.4754171108
0.4684186287333333
0.4548013968
0.4470298708666667
0.4374321996666667
0.4244140032666666
0.41089868386666667
0.40021780333333334
0.39029968546666655
0.3817553882666666
0.3703462591333333
0.3619024775333333
0.3591493897333333
0.34953006666666664
0.34233447386666666
0.3335214969333333
0.3272202616
0.3241239217333334
0.3181411612666666
0.31616633499999997
0.31754532459999996
0.3162923594
0.31725722506666665
0.3187475368
0.3176019353999999
0.31858998999999993
0.31875201173333334
0.31786778880000005
0.32000430986666667
0.3198531722666667
0.3191201715333334
0.3188675277333334
0.313115574
0.31216320913333334
0.3089604354
0.3059235944
0.30375865553333337
0.29860808233333336
0.2942132411999999
0.2895119856666667
0.2831058540666666
0.2783264112666667
0.27366345873333336
0.26978511313333337
0.26547079339999996
0.26204088093333333
0.2595717976
0.26082706206666667
0.2587184204
0.25687095826666667
0.25576475320000003
0.25535876300000004
0.25608283260000003
0.2557925698666667
0.25651077973333336
0.25785983253333333
0.25757931033333337
0.2577191001333333
0.25793889766666667
0.25851794273333334
0.2579142545333334
0.25637472533333333
0.2540314675333334
0.2525810216
0.25091985753333335
0.2482214196666667
0.2451174554666667
0.24141903993333333
0.2384212722666667
0.23545832540000003
0.2330286782666667
0.22970457873333333
0.2269811474
0.2236308548
0.22037684013333333
0.21801313699999997
0.2164859494
0.21552358826666665
0.21449636533333336
0.21306913833333332
0.2125136878666667
0.21190896820000002
0.21169476200000004
0.21147869046666667
0.2107467096
0.20957264040000004
0.20969337940000002
0.20891557846666667
0.20840297633333335
0.2083093616666667
0.20761143833333331
0.20688245706666666
0.20625624179999993
0.20579513059999996
0.2054194338
0.20424263213333332
0.20356322646666664
0.20245565886666664
0.2014137808
0.2006227027333333
0.20058042859999997
0.19957907233333333
0.19863570506666667
0.19769292460000001
0.19628606413333335
0.19493516040000003
0.1927962771333334
0.19143556820000002
0.18959316526666667
0.18752190046666672
0.18671324020000005
0.18554853693333337
0.18446534013333332
0.183469644
0.18226285266666667
0.1806286240666667
0.1793782802
0.1789622442
0.17819540333333334
0.1774324529333333
0.17664262299999994
0.1763780451333333
0.17558648713333333
0.17482738153333335
0.17420956986666666
0.17328031493333335
0.172707631
0.17234570513333333
0.1716578064
0.17130978206666664
0.17073535413333335
0.17027084566666667
0.16904772160000003
0.1683844873333333
0.16733984193333332
0.16692092453333332
0.16626294513333334
0.16611547126666665
0.16591333519999998
0.1656020138
0.16488886200000002
0.164070222
0.16364875333333334
0.16288638500000002
0.162017482
0.16148109233333327
0.16086858326666667
0.16024259726666668
0.15957629366666665
0.15931204066666668
0.1580992454
0.15750047573333334
0.15616467439999998
0.1548444922
0.15383566506666668
