0.28635219359999997
0.23040647479999998
0.2346132258
0.22002479699999997
0.19721536746666665
0.18798606480000002
0.18069895346666665
0.1750316464
0.1698253106
0.16362428033333334
0.1607277070666667
0.1562988322666667
0.1520549763333333
0.14731950019999998
0.14280987679999999
0.13967811599999996
0.13742462233333333
0.135704075
0.13304818613333333
0.13118541886666668
0.1291899816
0.12797127473333333
0.12630375593333334
0.12425851026666666
0.12253148266666666
0.12095377179999998
0.11938790693333332
0.11781279639999999
0.11673814713333333
0.11538822493333332
0.11412412486666666
0.11276441093333332
0.11153981753333334
0.11040192526666666
0.10917059246666666
0.10827935633333334
0.10724705526666667
0.106280819
0.10551318353333333
0.10499227593333332
0.104382422
0.10350193353333334
0.10261541486666667
0.1018250934
0.10064601940000001
0.09974713933333333
0.0986033204
0.0975605792
0.0963856736
0.09509340726666667
0.09392430553333335
0.09264706906666666
0.0916458526
0.09071080299999999
0.0896911396
0.08873938386666666
0.08791830686666667
0.08705898946666667
0.08648633453333332
0.08614224126666667
0.0856881378
0.08541888646666666
0.08520934173333332
0.0850437892
0.08497572826666668
0.0849105658
0.08490221260000001
0.0848005082
0.08444514333333333
0.08409587499999999
0.08349149253333331
0.08295421026666666
0.08246372166666666
0.0819538342
0.08140411513333336
0.08062164280000002
0.07971495366666667
0.07880254653333335
0.07801687526666669
0.07722989286666666
0.07634924533333333
0.075439123
0.0745120868
0.07371688746666666
0.07309297353333331
0.07267585326666667
0.07227054073333333
0.07183890153333335
0.071349165
0.07101144866666667
0.07069881946666667
0.07038959933333332
0.0701022184
0.06991460633333334
0.06958898806666666
0.06944796539999999
0.06926132393333333
0.06903318586666667
0.06867829046666667
0.06828333953333333
0.0680246246
0.06771951773333333
0.06744293420000001
0.06706850606666667
0.06659157326666668
0.06626857706666665
0.06603246906666667
0.065832749
0.06559390579999999
0.06541946526666666
0.06507502493333334
0.06472262720000001
0.0643275072
0.0640112344
0.06342350346666667
0.06274231280000002
0.06208963786666668
0.061377797200000014
0.06075323540000001
0.06026929420000001
0.05973949306666666
0.059244266266666665
0.05867483159999999
0.0580790126
0.05753895373333332
0.0570642204
0.056557505599999995
0.056098725733333334
0.05572369313333334
0.05561135466666666
0.05552199999999999
0.05530755053333333
0.05514993173333333
0.055038385666666655
0.05497502786666666
0.054915050199999996
0.05479116233333333
0.0547271968
0.05459928893333334
0.054496562866666674
0.054389797799999993
0.05432345473333333
0.05426837059999999
0.054095392799999996
0.053905672133333325
0.05362702813333333
0.05360822086666666
0.05351311733333333
0.053370942133333335
0.0531833752
0.053004883266666664
0.052724446599999995
0.05236964933333334
0.05211540973333333
0.05175412633333333
0.051427658133333325
0.0510861378
0.05069094
0.05033350646666667
0.04984604360000001
0.04942072060000001
0.048931255466666664
0.048465889266666666
0.04794524546666667
