0.4637607712666666
0.4210331002
0.41951217606666674
0.40961292573333336
0.39469026226666665
0.3767838004
0.36771695713333336
0.3713345276666667
0.36224563546666666
0.3524548773333333
0.347119292
0.3366681014
0.3323299848
0.32495793100000003
0.3138913086
0.3049315338666666
0.2970066568
0.2903590520666667
0.2838733522
0.2759829712666667
0.2690739455333333
0.2673809981333333
0.26055366879999997
0.2546021831333333
0.24921102153333333
0.24524210706666666
0.24303737286666668
0.23958284173333333
0.23823299946666668
0.2404204912
0.24016466906666667
0.24018006000000003
0.2398722496666667
0.23824015873333337
0.23721844633333336
0.2369178019333333
0.23514594026666666
0.23595134926666667
0.23576546326666664
0.23474691726666666
0.23306772933333333
0.22917689480000003
0.22758845613333334
0.22422922626666666
0.22077571400000004
0.21815603840000003
0.21475142920000004
0.21244023860000003
0.20930295100000001
0.20597279393333337
0.20265432253333335
0.20015419753333336
0.19787344160000003
0.19500345733333332
0.1926024523333333
0.19121523946666663
0.19114264873333334
0.18942235339999997
0.1886257144
0.188119602
0.187635633
0.18781989086666667
0.1869602808666667
0.1873709399333333
0.18717850640000003
0.18681755680000003
0.18623952433333335
0.1853592196
0.1844913886666667
0.18343776880000004
0.1818893318
0.18025527853333337
0.17883924960000003
0.17772287153333333
0.17651349873333336
0.17488280866666667
0.17276659193333332
0.170903337
0.16873364666666665
0.16744947586666667
0.1658395116666667
0.16463928120000001
0.16334861746666665
0.16210436373333334
0.16114527013333335
0.1605597988666667
0.16033240280000002
0.16004534053333336
0.1593725012666667
0.15857760786666664
0.15783577933333331
0.15742224486666664
0.15685701666666668
0.15679487286666666
0.15610099640000002
0.15602571793333334
0.15560563246666664
0.1550809114
0.15464761879999997
0.15379908313333335
0.15310092433333333
0.15236791033333333
0.15115226353333336
0.1506131557333333
0.1500403937333333
0.1501255501333333
0.14984752960000003
0.14988694706666666
0.14948756093333332
0.14934280906666667
0.14912416939999998
0.14870775686666665
0.14846261626666665
0.1477024176666667
0.1471409600666667
0.1463177194
0.14576151499999998
0.14547495526666668
0.1446051048666667
0.14389117326666667
0.14280403953333334
0.14183617040000002
0.14086125733333338
0.13981713466666668
0.13883922320000003
0.13781227919999997
0.13708741433333332
0.1364105595333333
0.1359770504666667
0.13570938306666666
0.1357402844
0.13549561586666667
0.13499828933333333
0.13462983826666666
0.13420359839999998
0.13400558313333333
0.13383189406666668
0.13379258173333333
0.1339852604
0.13417563580000003
0.13412976473333332
0.13407478446666668
0.13405044619999998
0.13396828366666666
0.1336543502
0.1332493908
0.13286555846666667
0.1328124704666667
0.13232077106666668
0.13218748213333337
0.13194065313333334
0.13152989306666668
0.1311020588
0.130445379
0.12978181393333335
0.12926042206666669
0.1285662768
0.12799125353333332
0.1275456998
0.12703109893333334
0.1263105664
0.1256326078
0.12496779126666667
0.1247423468
