0.5350642111999999
0.5039170600499999
0.5042911875
0.49689692185
0.48778080345
0.47151322484999997
0.46814962619999995
0.47548305874999997
0.46379388905
0.4478852152
0.43861417094999994
0.42552946719999996
0.41568960355
0.40726824485
0.39806337854999996
0.38840732945
0.38135177659999997
0.37274732799999993
0.36516055039999995
0.35682555885
0.3493085384
0.3468381399
0.34031365664999996
0.33583750235
0.32948137554999996
0.32451946894999995
0.3223713384
0.31947785299999987
0.3173955466499999
0.3186953685999999
0.31929732534999994
0.31958926569999996
0.3200257963
0.31873388839999994
0.31840599314999996
0.31703232605
0.3123127781
0.3122885135
0.3108069735
0.30878294865000006
0.3069232644
0.30323445885
0.30153191295
0.29740478465
0.2928657657
0.29082286425000003
0.28689394095
0.28330397854999995
0.2796355319
0.27599416135
0.27264716545000006
0.26953223305000007
0.26632409640000004
0.263570313
0.2612663849
0.2592916908499999
0.26045990280000003
0.2592539335
0.2580675429
0.2568179443
0.25618835535000006
0.25622720430000007
0.2560982209000001
0.25638999970000004
0.2571004617
0.25618340100000003
0.25480823965000005
0.25342102775
0.2526571111
0.25090178895000004
0.24845093425
0.24590388620000003
0.24403107240000005
0.24200806825
0.23976588810000005
0.23694771715000001
0.23440094040000004
0.23197693460000007
0.22928954500000004
0.22721544005
0.22536338029999997
0.22316160574999996
0.22083912849999998
0.21857050779999998
0.21685136394999996
0.21510161639999997
0.21415135705
0.21320432405000003
0.2118782073
0.21077930365
0.2103796601
0.21002334430000005
0.20946321265
0.2089278222
0.20815251010000005
0.20824678905000002
0.20761792655
0.20746233534999997
0.20735245305
0.20652348529999998
0.2054095742
0.20435040999999993
0.20339238565
0.20254338060000002
0.2018293592
0.20113223819999998
0.20022905159999996
0.19912388825
0.19808233809999998
0.1971744001
0.19557396235000002
0.19450791885000002
0.19335497705000004
0.19176185715000002
0.19084983670000005
0.18940913410000004
0.18800723375
0.1866482707
0.18517594475000004
0.18411885315000004
0.18299352850000006
0.1826089906
0.18171010515
0.18068965075
0.1792210459
0.17817319194999998
0.1772210054
0.17620581975
0.17520448644999997
0.17460870259999997
0.17434264949999997
0.17368983645
0.17319675155
0.17301685595
0.17213543860000005
0.17153526005000003
0.17104577669999999
0.17039623765
0.16949739269999997
0.16894027124999997
0.16833669064999995
0.1675859257
0.16699426864999994
0.16633165709999997
0.16579338184999998
0.16511178215
0.1647365361
0.16424100414999998
0.16387279005
0.16328602165
0.16265597424999997
0.1619684458
0.16133510310000002
0.16049908665
0.15946318969999998
0.15875891320000002
0.1579236403
0.1568392723
0.15620352445000002
