0.43551738945
0.3993088701
0.39687906545
0.38813198915
0.37476882669999995
0.35914910624999996
0.35257238685000003
0.3541118004
0.3445590018
0.3318583919
0.32478005245
0.31493735469999995
0.30916093959999996
0.30282639235
0.29613734599999997
0.28950227014999996
0.28406979355
0.277660185
0.2718739322
0.26565939615
0.26049283624999997
0.2590626986499999
0.25529803594999995
0.2515495248
0.24783260229999998
0.24456408525
0.24257132365
0.23981763825
0.23778806315
0.2386326993
0.23849197119999999
0.23767425614999999
0.23685440790000004
0.2357930155000001
0.23473235565
0.23348817409999997
0.23040962114999997
0.23057412645
0.22876980715
0.22650612165
0.22424953374999995
0.22135686589999998
0.21946068589999998
0.21609052680000004
0.21279692635000003
0.21035921130000004
0.20765485930000005
0.20535530185
0.20336548945000002
0.20127036015000002
0.19921125225
0.19740715250000002
0.19567737955000003
0.19341499550000002
0.1915356352
0.19017546149999998
0.19033911295
0.18898955444999999
0.18844681205
0.18759902065
0.1868553501
0.18627093065000003
0.18504453760000003
0.18475681770000002
0.18436909130000007
0.18363750920000005
0.18248296325000005
0.18140173555000003
0.18045455615000003
0.17946892000000003
0.1779261384
0.17655707035
0.17510029215
0.17352776125
0.17209642605000003
0.1705082591
0.16888547339999999
0.16733579005000002
0.16580688555
0.1648441641
0.16394419075000002
0.16305262210000002
0.16241632625
0.16161539060000002
0.16082379930000001
0.15988597405
0.1594322951
0.15861361745
0.15783176225
0.15678704929999995
0.15636544105
0.15601475379999996
0.15546897084999997
0.15524236464999996
0.15460636955
0.15439025025
0.15384909395
0.1532690608
0.15299698459999997
0.152495142
0.15206028749999997
0.1515686402
0.15099482235
0.15041805699999997
0.14986095019999998
0.1498317336
0.14947888780000002
0.14917317054999998
0.14842302325
0.1478863423
0.14710925135
0.14646600585
0.1460645937
0.14546509915
0.1450642096
0.1443376239
0.14366983525
0.1432765677
0.14232104120000003
0.14146007230000002
0.14059678039999998
0.13990880135
0.13906587990000002
0.13829014040000004
0.1376612728
0.1370713376
0.13655690010000002
0.1359663485
0.1356606646
0.13536118835
0.13510352169999998
0.13472261955
0.13451478755000001
0.13435615785000002
0.13417341919999998
0.1340910743
0.1340877619
0.13395777155
0.13390350215
0.13377261805000001
0.13364917129999998
0.1333905082
0.13326778169999998
0.13291845505
0.13271976265
0.13225379825
0.13174832745000004
0.13159261465000002
0.1312178134
0.13085708085000003
0.1305322035
0.13013854895000004
0.12960677540000004
0.1290738317
0.12841421540000003
0.12778477255
0.1270588757
0.12645579049999997
0.12599900239999998
