0.25298205654999995
0.20986914689999997
0.21262497695
0.20089872299999997
0.18304674205
0.17550712200000002
0.16984144639999998
0.16529476575
0.1603225046
0.15520909589999998
0.15256888255
0.14891106885
0.14513319994999999
0.14144211785
0.13787036965000002
0.13511039755
0.13304274685
0.13139287455
0.12907400795
0.12703382845
0.12523290225
0.1238581615
0.12238062825
0.12050713199999999
0.11903205435
0.11761619589999998
0.11626025285
0.11474683085
0.11375393665
0.11264090640000002
0.11156132779999998
0.11040957155
0.10932543255000002
0.108422756
0.10738897124999999
0.10662723255000002
0.10550615560000001
0.10461437245
0.10368206934999999
0.1026179569
0.10171122155000001
0.10067181295000001
0.09955766795
0.09848958149999999
0.09741979315
0.09641146329999999
0.09532156514999998
0.09440495884999998
0.09365441430000002
0.0927793816
0.0919722532
0.0910095943
0.09019800030000001
0.0894119326
0.0884804309
0.0876905084
0.08710952764999999
0.08650311309999999
0.08590360334999998
0.08566707479999999
0.08528403315
0.0850457343
0.0848349056
0.08469901659999998
0.0845312324
0.08414764345
0.0837399502
0.08331140209999999
0.082844206
0.08226516254999999
0.08160220259999999
0.08095701275
0.08031078090000002
0.07955150890000003
0.07898281350000001
0.07827986380000002
0.0775609117
0.07681196440000002
0.0762038403
0.07561916634999999
0.07497160904999998
0.0742661963
0.0735901971
0.07302222224999999
0.0724518428
0.0720076978
0.07153355455
0.07103965345
0.07052208800000001
0.07012146820000001
0.06989960575000001
0.0697206894
0.0694849439
0.0691999017
0.06890925134999999
0.06872814349999999
0.06847649235
0.06828833265
0.06803593620000001
0.0675757926
0.06720224065
0.0668550008
0.06653503905000001
0.0662056436
0.06592748065000001
0.06568175985
0.0654704603
0.0651539105
0.06477237275
0.06428513789999998
0.06369890404999999
0.06309772779999999
0.06254679114999998
0.0620921449
0.061565258600000006
0.060988392000000016
0.060498562200000015
0.05995896210000001
0.059463523500000004
0.059138016
0.05877849235
0.0583642377
0.05785339304999999
0.05736971325000001
0.05692905495
0.05653413535
0.0560364203
0.05566360954999999
0.05536250834999999
0.055228901899999995
0.05511794504999999
0.05502470555
0.054971011800000004
0.05484806364999999
0.05480846749999999
0.05476622090000001
0.05467362904999999
0.05454854729999999
0.0543819984
0.054204093749999994
0.053956241149999994
0.05382445674999999
0.05372440324999998
0.0535979451
0.053407917299999996
0.0532301075
0.0530873776
0.052885800000000004
0.05265583170000001
0.05239279134999999
0.05215067684999999
0.05189486065
0.05152135470000001
0.05118266155000001
0.0507162043
0.05022943325
0.0497803073
0.04937254225
0.0489853346
