0.40966291632
0.38087483128000005
0.37799197608000007
0.36880541148000007
0.35382884847999996
0.33887175175999995
0.33200693240000007
0.33122020112
0.32293355671999996
0.31406180516
0.30846693776
0.30100172452
0.29524146844
0.28943624832000003
0.28384761096
0.27855171779999993
0.27407739488
0.27003437548
0.26597745572
0.26126698583999997
0.25690027295999995
0.2554847941199999
0.25234283431999993
0.24853027067999997
0.24491994655999996
0.24234604371999996
0.24008842783999998
0.23741428712
0.23592076768000003
0.23636097616
0.23543343508
0.23337953767999997
0.23237201792
0.23019098016000006
0.22814263148
0.22634952867999997
0.22390705275999995
0.22347477619999995
0.22135073139999994
0.21897700999999997
0.21679337299999996
0.21435852264000002
0.21238864704000002
0.20998304240000007
0.20767015284000004
0.20606377732000003
0.20395709092000003
0.20210208016000003
0.20042231356
0.19868332488000004
0.19678022732000003
0.19551142312000006
0.19408013516000003
0.19231401740000004
0.19043596348000003
0.18904326947999997
0.18859610036
0.18705110511999998
0.18614033984
0.18526738571999996
0.18430375335999996
0.18325940052000003
0.18194148676000005
0.18147426588000004
0.1810077477600001
0.18011731900000008
0.17907885976000007
0.17789807240000002
0.176552131
0.17534417760000004
0.17381783280000002
0.17269407984000004
0.17140686356
0.17022752944
0.16908278660000003
0.16805825287999998
0.16676690768
0.16579252256
0.16467520268000002
0.16384720864000002
0.16272825252
0.16178849207999998
0.16079675063999999
0.15993422152
0.15894211416
0.15829966448
0.1579042922
0.15715186063999997
0.1563823778
0.15545413723999996
0.15498912227999997
0.15452769871999997
0.15394187848
0.15380290811999997
0.15340175936
0.1532998756
0.15291344112
0.1527197484
0.15236413983999997
0.15186063752
0.1514382868
0.15092950464
0.15020222608
0.14938032763999998
0.14859214856
0.14807828632
0.1475312608
0.14711264163999999
0.14648904732
0.14607586547999998
0.14536686856
0.14465176388
0.14418795596
0.14346584936
0.14288472155999998
0.14226509971999998
0.14176120703999998
0.14135720368
0.14059866448000002
0.13999354216
0.13944712688000002
0.13892011256000003
0.13817944700000004
0.13757441372
0.13699233908000003
0.1362957168
0.1357262462
0.13538593524
0.13523555500000004
0.135105527
0.13495232691999998
0.13474916872
0.13450249824
0.13421657176000001
0.13385144831999998
0.13371433763999999
0.1335377454
0.13335017487999998
0.13307659555999998
0.13300129444
0.13277274115999999
0.13239173344000002
0.1322008348
0.13191655211999997
0.13154898552
0.13106440952
0.13059156528000002
0.13029827676000003
0.12996608868
0.12954794864000002
0.12909732759999998
0.12861817364000003
0.1280553006
0.12753084739999998
