0.5111660427199999
0.48612980691999985
0.48479917855999993
0.47648773835999997
0.46328254844
0.4470507394
0.44206243664
0.44472020731999995
0.43439038732
0.42211047304
0.4150779899999999
0.40537431303999993
0.39656973396
0.38888980323999994
0.3817033944399999
0.3730312077599999
0.36706229936
0.3607307477199999
0.35539775788
0.34893264936
0.3427302489199999
0.34089322959999996
0.33694851095999995
0.3328866382
0.32801420055999997
0.32527801979999993
0.32321414824
0.3203543973599999
0.31834238679999993
0.31852709539999996
0.31781251407999994
0.31480096175999994
0.31384886191999994
0.31172078615999993
0.31027905051999993
0.30784395571999995
0.30456844516000003
0.30375841568
0.30119314528
0.29776481484000006
0.2959417096
0.29293787044
0.29134076848
0.28792506184
0.2852244292
0.283780177
0.28094286396
0.27783139207999996
0.27528219988
0.27258390844
0.2698080064800001
0.2674974714400001
0.26523137168000005
0.26318770976
0.26100861144
0.25916877916
0.25969998612000006
0.2588061816
0.25765956624
0.25641882528000004
0.2553498188800001
0.2541968950800001
0.25285206032000007
0.25212692300000006
0.25165324780000004
0.24988263300000002
0.24815082016
0.24641306716000003
0.24518022896000002
0.24360128984000004
0.24124844784
0.23939243732000004
0.23775364224000006
0.23576309536000004
0.2337678555600001
0.23202613072000006
0.22986134848000003
0.22807433760000007
0.22606193816
0.22444556099999996
0.22248042771999996
0.22053621727999992
0.21853694283999997
0.21651748907999996
0.21459632135999993
0.21323964027999995
0.21232290388
0.21124681508
0.21019679784
0.20940186676
0.20908513167999998
0.20876366960000003
0.20849865259999997
0.20803860319999998
0.20717393332000003
0.20679561636000002
0.20582092416000003
0.20520669844
0.20466500664
0.20413669632
0.20309551404000004
0.20219017395999997
0.20116475064000003
0.20012695332000002
0.19885475028000002
0.19761751703999997
0.19660815331999995
0.19536733747999996
0.19410371771999993
0.1934582932
0.19230871088000004
0.19115078116000003
0.19024669904000008
0.18903710124000003
0.18794700776000003
0.18659300792000003
0.18581377540000002
0.18460491428
0.18333476480000005
0.18229474480000005
0.18130640824000005
0.18048665028
0.17941549792
0.178255838
0.17707822499999998
0.17618584607999999
0.1753767812
0.17462562812
0.17405133199999998
0.17342712399999996
0.17307774903999998
0.17238106744
0.17187970752
0.17122552968000002
0.17041935540000006
0.16973505316
0.16947672895999996
0.16888171264000001
0.16825933467999998
0.16763436775999996
0.16700101115999996
0.16618868668
0.16544021711999995
0.16480234944
0.1643302056
0.16377207191999996
0.16317473352
0.1627290548
0.16228701216000002
0.16131071368
0.16061076
0.15976811052
0.15879372412000003
0.15777486448
