0.5396486180000001
0.51653740556
0.51680553576
0.5097992851200001
0.4969657754000001
0.48072418068000006
0.47663767216
0.48158629116
0.4729929850800001
0.46228377292000006
0.45588118732
0.44718179112000006
0.4375977058400001
0.43006633136000005
0.42327835356
0.41492995692000006
0.40879061860000016
0.40226575700000006
0.3970071438800001
0.3897359978800001
0.38223452396000007
0.37961170132000005
0.37395030980000016
0.36912955584000007
0.36322601896
0.3598463936
0.35659634372
0.3522004748799999
0.34872075539999997
0.34893349712000005
0.3475664782
0.34446772915999996
0.34287911771999996
0.33877979304000005
0.33479221111999996
0.33049285628
0.32587278972
0.32562456124000005
0.32155159204000006
0.31705188424
0.31385104164
0.31037982064
0.30738290576
0.30265953728000006
0.29853181936
0.29667610824
0.29326395708
0.28959247324000004
0.28686407008
0.28328490788
0.28009252256
0.27802388491999996
0.27640037064
0.27399901568
0.2712649674
0.26993910884
0.27041998072
0.26876538844
0.26790228096
0.26727387348000003
0.26723980932
0.26636805488000004
0.26540409
0.26530760388
0.26548170688
0.26428137488000003
0.26253845556
0.26080576688
0.25964345407999995
0.25773128219999997
0.25547438436000003
0.25432386568
0.25332733288
0.25097980832
0.24933696708000003
0.24765561452000004
0.24555117332
0.24327920832000005
0.24151250408000002
0.24035341404000005
0.23876436696000006
0.23689127040000005
0.23535842740000004
0.23348044340000004
0.23182160208000005
0.23037454036000005
0.22996863824000005
0.22909717484000003
0.22769148860000002
0.22666854996000002
0.2267280154
0.22688934172000003
0.22670388492000002
0.22664763872
0.22648409204
0.22569438084
0.22427511183999996
0.22351467464
0.22312139999999997
0.22270936895999996
0.22185421347999995
0.22045734375999995
0.21906302195999994
0.21769931883999993
0.21611246891999997
0.21452154631999995
0.21353089699999994
0.21238205263999993
0.21085506327999995
0.20953447051999993
0.20819751683999996
0.20669415231999996
0.20543062108
0.20448757515999996
0.20333292315999998
0.20220017412000002
0.20104645564
0.19993309016000002
0.19842545280000004
0.19743643560000007
0.19716758040000004
0.19662728936000004
0.19568075224000003
0.19482304328000005
0.19384312316000002
0.19293933568000005
0.19232715356
0.19182482720000002
0.19184861476
0.19158100127999997
0.19114858416
0.19048323591999997
0.19013193187999997
0.18956811943999996
0.18883216879999995
0.18805941983999996
0.18733225695999997
0.18688955132
0.18610934012000002
0.18543571028000003
0.18447916496000002
0.18359585732
0.18284533108
0.18187639208
0.18113921236000002
0.18023004872
0.17961677208000001
0.17919122984000002
0.17869209572000003
0.1778525892
0.17711856776
0.17645543476
0.17566247152
0.17460398483999998
