0.3843461525666667
0.35901987850000006
0.3549356140666668
0.34674313896666675
0.3353366167666667
0.32292887296666667
0.31754897763333345
0.31594409823333336
0.30842390929999997
0.30083294943333333
0.29618069953333337
0.28985273713333337
0.28595641326666665
0.2815954652333333
0.2771558999
0.2725481014666666
0.2685933583999999
0.2651156508666666
0.2610567554666666
0.25660070879999997
0.25299587373333327
0.2512634691999999
0.24825250903333326
0.24518382319999998
0.24197896939999997
0.23915491819999998
0.23610713383333332
0.23358564893333333
0.23123111286666667
0.2305981026
0.2291603537333333
0.22746574459999996
0.2261562441333333
0.22377155486666667
0.2215956201333333
0.2197860622333333
0.21765006889999997
0.21691239543333332
0.2153844603
0.2136746848
0.21214148439999997
0.21015977176666667
0.20850540476666668
0.2064274703333334
0.20444765800000003
0.20289583570000005
0.2012856600333334
0.19970025973333339
0.1983369454666667
0.19657565016666673
0.1947359396666667
0.19319686093333338
0.19161633060000002
0.189747423
0.18802011056666665
0.1865522856333333
0.18569896363333332
0.18413080149999997
0.18317429296666668
0.18231655036666666
0.18125922083333335
0.18029324140000008
0.1789318089333334
0.17805229330000005
0.17731399113333343
0.17632853423333342
0.17543940276666672
0.17435391853333337
0.17329787620000003
0.1722915194666667
0.17122456533333336
0.1702938406666667
0.16944229506666666
0.1685476864
0.16754555330000004
0.166359294
0.1650944184
0.16388017683333336
0.16276425976666667
0.16177523613333333
0.16093261479999998
0.16012245683333332
0.15921476443333335
0.1583759912666667
0.15747217663333338
0.15683036160000002
0.15635015656666665
0.15559880203333332
0.1549928285
0.15430900079999998
0.15398066473333336
0.1536348872333333
0.15337198186666665
0.1531412169
0.15272190273333336
0.15257494366666668
0.15215669466666668
0.1517717638333333
0.1511750182333333
0.15047002159999998
0.14970932186666663
0.14906471266666665
0.14831360940000002
0.14760913029999997
0.14696578349999997
0.14646479483333333
0.14584185000000002
0.1453741022
0.14465234780000003
0.14409101613333333
0.1434682243
0.14289758560000002
0.1424365879
0.1418397340666667
0.14142517156666665
0.14102900189999998
0.14062856543333332
0.14023662230000003
0.13961747156666668
0.13904738583333334
0.13840481133333332
0.13783403223333338
0.13732691953333337
0.13690119753333335
0.13650742950000003
0.1359710219666667
0.13558109940000002
0.13523050286666666
0.13497266706666666
0.1346818666333333
0.1344948376
0.13418058716666664
0.13390537989999998
0.13347530466666666
0.13319554026666663
0.13297311813333332
0.13268089356666665
0.13244732026666664
0.1322153197
0.13197872486666667
0.1316950934
0.13132053063333335
0.13102084986666668
0.13075699173333333
0.13034272456666665
0.1297799786
0.12924908313333336
0.12889013086666667
0.12853155893333332
