0.5142921619333334
0.49218622816666674
0.4895521857666667
0.48323295426666674
0.47445630216666673
0.4619527291
0.4599169889333333
0.46154457323333337
0.4528549248333334
0.4430220941333334
0.4365633466666667
0.4285289773000001
0.4228401326333334
0.4172808863000001
0.41209810410000003
0.40471454610000007
0.39954441993333345
0.3940125548000001
0.38861821036666677
0.3821473344666667
0.37686459993333343
0.37428632940000006
0.36905561560000005
0.3644430714666667
0.3586290116666666
0.3542237120999999
0.34879483116666665
0.3446135040666666
0.34071671086666655
0.33931166526666673
0.33675995876666664
0.3342795869
0.33157646496666665
0.32665376396666673
0.32199552023333333
0.3182048919333333
0.3145273352333333
0.31432779923333337
0.3111085579000001
0.3081426589333334
0.3061696722
0.3032722020000001
0.3001181516666667
0.29683231553333334
0.2934380928
0.29174626543333326
0.28962981573333335
0.2877639996333334
0.28516762133333334
0.2819948020333333
0.2793009748
0.2769811953333334
0.2750842653666667
0.2733679821666667
0.27126197890000003
0.26982106803333333
0.269196525
0.26701394186666666
0.2654269396666667
0.2642367667
0.26302865743333337
0.2617487234333334
0.2603121372666667
0.25951844293333337
0.2587088239
0.25752245780000005
0.2565589062
0.25507184093333335
0.25376587473333334
0.2524423825666667
0.25089585400000003
0.2498691626
0.24916961219999997
0.24737464966666664
0.24621855716666669
0.24486084513333334
0.24270401656666668
0.24088264600000006
0.2396025052666667
0.23839250780000004
0.23685059430000005
0.2354870729333334
0.23395709720000005
0.2319179460333334
0.23039899710000006
0.22926882916666672
0.22884979580000006
0.2280619663666667
0.22730180530000005
0.22621081153333336
0.22536662943333333
0.22467278643333335
0.22399593073333332
0.22333082966666662
0.22325745486666665
0.2228790449333333
0.22164706099999995
0.22061601976666662
0.21964090843333325
0.2185314753666666
0.21724912163333326
0.2160204529666666
0.21513501626666662
0.21405463793333326
0.21271005486666664
0.2113782191999999
0.2103228078666666
0.20901725859999992
0.20775722249999992
0.20665843133333325
0.20579019063333331
0.20474797696666663
0.20375856246666668
0.20291344213333334
0.20185071623333337
0.20073293360000005
0.19945440946666673
0.19814332016666675
0.19681033346666674
0.19605664746666676
0.19558317396666675
0.19502376243333336
0.1942078135666667
0.1935802540666667
0.19259116896666667
0.1916610972
0.19104202976666665
0.1910257745333333
0.19061197176666664
0.18997647143333327
0.1893264471333333
0.18849060783333327
0.18777350749999994
0.1871357865333333
0.1865761311333333
0.18602489739999997
0.1854993978
0.18493748746666666
0.18407078956666664
0.18335595723333334
0.18242449576666667
0.18159633983333334
0.1808584365666667
0.18036586923333336
0.1797367754666667
0.17887566343333336
0.17821388360000004
0.1775259129666667
0.1767310387
