0.6117181566000001
0.494084609
0.47351267880000003
0.4657910502
0.44171067480000004
0.395238549
0.40028524320000003
0.4194572472
0.40336221420000007
0.3857596418
0.3843256082
0.3687294484
0.3655666022
0.35968551279999994
0.35660047019999996
0.35078724400000005
0.3341361798
0.3289797336
0.32368917939999997
0.31500452
0.3062450238
0.307138676
0.3024436186
0.29149910079999997
0.2700689356
0.2577623338
0.24974511459999998
0.23965380399999997
0.2364317764
0.24287545819999998
0.243214479
0.24525920380000002
0.2395635838
0.2358756722
0.2346886708
0.23474950839999997
0.23410780019999997
0.23953113740000004
0.2423915498
0.2436973446
0.2425300198
0.24117317600000004
0.24052202780000004
0.23645325420000002
0.23326932360000002
0.2334738776
0.23015684460000002
0.22780088260000003
0.22845158579999997
0.2272740836
0.2231992906
0.21620066380000003
0.214442458
0.20778283880000004
0.2017837348
0.197794947
0.19789677919999998
0.19507737519999999
0.19167442839999999
0.18886056340000001
0.18696872999999997
0.1863651496
0.18410049160000003
0.1855531048
0.1871630588
0.18888204140000003
0.1891660174
0.1890891934
0.18864961000000002
0.1883351838
0.1870561276
0.18792850560000002
0.1876911576
0.187910105
0.1860372766
0.18451450139999998
0.18162405
0.17929730780000003
0.17691445099999997
0.17594084599999998
0.1740973664
0.17121328
0.1695292834
0.16834405859999999
0.1675623736
0.16603655820000002
0.16546244580000002
0.16388341979999999
0.1609424304
0.158845208
0.1573846104
0.1572421178
0.1566331492
0.1570266022
0.1570282288
0.158258228
0.1582926448
0.15961945260000002
0.1601484712
0.15985938679999998
0.15786449959999999
0.156731972
0.1543184482
0.15320954520000002
0.1514153736
0.1519544262
0.1517922806
0.15130483339999998
0.15058484
0.150122489
0.14948384720000002
0.1485794784
0.14783350899999997
0.14804508200000002
0.14858331860000001
0.14893837699999998
0.1491708298
0.1505224988
0.14983276080000002
0.1493226196
0.14895028400000002
0.1483729624
0.14703184100000002
0.1452294102
0.143516942
0.14106449719999997
0.13974075279999998
0.138870526
0.13875314360000002
0.1388339582
0.1383973374
0.13739479599999999
0.13668140499999998
0.13546885020000002
0.1341667694
0.13397500300000004
0.1341266942
0.13367974759999998
0.1337091576
0.1341274216
0.1348485128
0.13496535739999999
0.1346337154
0.134711507
0.1343166042
0.13319323360000002
0.1324036306
0.1330642822
0.1335351166
0.1340828816
0.1343475478
0.1348553654
0.134453341
0.13365822740000002
0.1325635648
0.13220739100000004
0.1313376794
0.1309197882
0.12976896919999997
0.129916
0.1292670206
0.1283966344
0.1279330472
0.1279089404
0.126865877
0.1263068546
0.1259645166
0.1251209252
0.12495918980000001
0.12431141980000002
0.12335782399999999
0.12253667240000002
0.1218494014
0.1213589102
