0.6697773142000001
0.5580505298000001
0.5220636578
0.5272631356
0.5248718814
0.4807970132
0.5081943144000001
0.5608426224
0.5428789572
0.5182988510000001
0.5217606322
0.5014644587999999
0.4918593578
0.4838068146
0.4812147368
0.4679218852
0.4479589372
0.44239911200000004
0.43363878
0.4267377445999999
0.41557336879999995
0.4149807944
0.40683114280000005
0.3948510044
0.3652895284
0.3492007976
0.3377136784
0.3216688016
0.3167763804
0.31901150440000003
0.3209332662
0.3247536964
0.3200902556
0.31537603680000004
0.316263458
0.311526721
0.3099043904
0.31266442660000004
0.3163465878
0.31736101140000006
0.31641709100000004
0.3171135884
0.3234879282
0.32108318160000004
0.3221455006
0.32831222320000003
0.3265853876
0.32386057479999997
0.3221297474
0.3178540026
0.311873269
0.29564774600000004
0.2891411244
0.28366837720000004
0.27777128
0.2710904744
0.27359111340000003
0.2696380244
0.26273783240000004
0.2536922796
0.25201549040000004
0.2517515168
0.2505761906
0.2500061706
0.2546590832
0.255609428
0.257138556
0.2559410462000001
0.2578688718
0.25894289680000004
0.2584513706
0.259358425
0.2608604728
0.2616572968
0.2599775176
0.2586771324
0.2566603194
0.257015174
0.25602765960000007
0.2548223492
0.25199567300000003
0.24607565819999996
0.239867418
0.23507461619999998
0.22986439220000002
0.224679561
0.2215211422
0.21838122480000002
0.2152727004
0.2143992934
0.2124385022
0.2133466418
0.2126439216
0.2107832038
0.20977572540000003
0.212339785
0.2117029808
0.21246394959999998
0.2131515108
0.21336604479999996
0.2109486174
0.21003466340000002
0.20932820019999995
0.20830541419999998
0.20557615099999998
0.20579173580000001
0.2050090912
0.20341677919999998
0.20347115999999996
0.2038921192
0.203907018
0.20372497080000002
0.20464041240000003
0.2044817272
0.20325962620000002
0.20099092560000004
0.19863291460000002
0.19618415079999998
0.193915221
0.1945895404
0.1938392734
0.1935492298
0.19225421059999998
0.1904612442
0.1869563146
0.18355863239999998
0.18212456019999998
0.1803411344
0.1781892362
0.1785938656
0.179247705
0.17772223040000001
0.177813587
0.17813807760000003
0.17633569200000002
0.17532850319999999
0.177039942
0.1764314886
0.175970045
0.1749983114
0.1745579272
0.17199728900000003
0.17023706900000002
0.168520587
0.1685069414
0.1682364626
0.1679998844
0.16830486159999997
0.1694387142
0.1687008096
0.16801814720000002
0.16714599140000003
0.1666115314
0.16406022459999997
0.1635550226
0.1625342256
0.163200538
0.1628236126
0.1633071026
0.1624107538
0.1616582932
0.1605997306
0.159224011
0.1586851188
0.15847750060000002
0.15841323100000002
0.15692752319999997
0.1566812574
0.1559439006
0.1534094818
0.15242990299999998
0.1509667694
0.14862820819999997
0.14687797579999998
