0.4496850420333334
0.4263206329000001
0.4042894599000001
0.38261154546666665
0.36621091766666664
0.38535496896666666
0.3838922914999999
0.37057304616666664
0.3609209358666667
0.36628060203333335
0.3646591514999999
0.35633410093333323
0.34762320283333337
0.3357178466333333
0.32313030416666666
0.31375679780000004
0.3196871314333333
0.3195318554333333
0.3187754896
0.3169623199333333
0.3169186913
0.3139848124666667
0.31149281143333335
0.3068304699333334
0.2987796959000001
0.2888160909333334
0.2859174471333334
0.2860045872333334
0.28751837156666676
0.2892817298333334
0.2895121204333334
0.2872467490000001
0.28515772426666675
0.2828143323666667
0.27894901110000003
0.2739074244
0.27054318503333336
0.2724941795333333
0.2696556337
0.27240145230000007
0.27116895570000005
0.26836276663333336
0.2619074060333333
0.2585270546
0.25405576686666664
0.24957676050000002
0.2450969903333333
0.24328371729999995
0.24290427270000003
0.24314921656666666
0.24322150139999998
0.239135281
0.23340537013333332
0.23065070113333333
0.22939492443333334
0.22618168606666667
0.22349614526666667
0.2231071761
0.22380500073333331
0.22616801830000002
0.2307612505333333
0.22851213343333326
0.22358265796666668
0.21769837176666665
0.21510462026666669
0.21022496656666664
0.2059669414
0.20182392683333336
0.20336639153333333
0.20151273846666667
0.20137318610000002
0.2039118221333333
0.2052884114333333
0.2037862916333333
0.2024756304
0.20210341236666668
0.2017799342
0.19892117850000002
0.19553454196666667
0.19162677510000006
0.1902923612666667
0.1914937534666667
0.19209810470000002
0.19048298870000002
0.18672887153333337
0.18598318426666666
0.18548725526666665
0.18352216816666667
0.17930717176666666
0.17379273523333333
0.16999185049999996
0.1686845535666666
0.16921414143333324
0.1693386652
0.16742541149999995
0.1668867799333333
0.1663084531333333
0.1658157123333333
0.16442562616666667
0.16338462713333335
0.16069102056666668
0.15808818533333338
0.1564742873666667
0.15520733813333337
0.15362484326666667
0.1499163382333334
0.14654866386666668
0.14821140223333332
0.1495523152333333
0.15140405236666662
0.15378604413333333
0.15477096240000002
0.15479944483333333
0.1553788608
0.15624712829999998
0.1549062218666667
0.15213312323333333
0.14987541793333334
0.1482903759
0.14835528673333334
0.14745694216666666
0.14811146976666667
0.1481666637
0.14821753703333335
0.1492285928
0.14967774963333333
0.14720813623333334
0.14489665226666665
0.1405527386333333
0.13738306019999996
0.13595740436666667
0.13343406146666667
0.1321965284
0.13190107953333335
0.13358570373333337
0.1346749192666667
0.13489376260000002
0.13280175083333337
0.1308577579666667
0.12788465630000004
