0.7377952759999999
0.6246295782
0.5545589008
0.47072497059999996
0.3083986994
0.40127333099999996
0.4171082836
0.41099424460000006
0.4312789414
0.5634273536000001
0.6249323692
0.5596969522
0.49172615799999997
0.4028324156
0.3224682048
0.24245044499999996
0.27484589239999996
0.298061652
0.3352950302
0.38191890219999997
0.45596626960000003
0.4586088182
0.42683241259999993
0.3867570384
0.32127252019999997
0.23569256139999997
0.22303427280000002
0.24356339140000002
0.2687808766
0.2997798258
0.3518148376
0.37005952979999995
0.35226041839999994
0.34058131300000005
0.30881680559999997
0.27709842619999997
0.2517591402
0.27329518459999996
0.280060406
0.30452556640000006
0.319518247
0.3398151352
0.3231780736
0.30117827340000003
0.2854602994
0.261421806
0.24063197860000002
0.249827388
0.26362491219999995
0.272823158
0.28735066740000004
0.29020462620000004
0.27390306740000003
0.2708844482
0.2642847238
0.2398687384
0.231010084
0.2384822136
0.2405566414
0.2377835134
0.2581866614
0.269838146
0.27627915000000003
0.261629121
0.2695314528
0.260667614
0.23867662979999998
0.20977454359999997
0.2132889314
0.1944514538
0.1899650758
0.20022047739999999
0.21143594120000003
0.207441582
0.2200209976
0.2232902514
0.20486172260000002
0.190557305
0.1901034828
0.1902974052
0.1851117754
0.1963698118
0.21211390320000004
0.22981024580000003
0.24492328700000005
0.2673461252
0.26110601299999997
0.2413351048
0.2039168676
0.1714031252
0.1349689576
0.13456699379999998
0.14572676319999997
0.1756372396
0.18798016199999998
0.2075569312
0.2263459142
0.2305614512
0.21580833200000002
0.20022880540000002
0.19434643340000002
0.18742914980000003
0.1732325436
0.157931084
0.1549278658
0.1524239448
0.1431446382
0.1496188622
0.1597941632
0.16090998380000004
0.15925671339999997
0.1603308226
0.16065828399999998
0.16275534419999999
0.16730646919999997
0.1713981226
0.1602898028
0.1554869444
0.1441058282
0.1331991828
0.1163385342
0.1203103912
0.1253361886
0.14615900539999999
0.16373545579999998
0.170382375
0.1770243074
0.1745129014
0.1604986038
0.1416701022
0.1296983394
0.118192021
0.12365523279999999
0.12400094659999998
0.14160312039999998
0.17564218019999997
0.1924784294
0.18914711780000001
0.19475343660000002
0.1899684394
0.16597777979999997
0.1445037876
0.1311141226
0.1202244348
0.11995541979999999
0.1267024444
0.136159882
0.145234419
0.14366879500000002
0.1384390192
0.129663379
0.11489038999999998
0.10571612000000001
0.100170215
0.09266226019999999
0.0880603034
0.0943798588
0.09831215820000001
0.1085886492
0.11888596339999999
0.1220034288
0.1269502278
0.1272865674
0.11774101719999999
0.10739683579999999
