0.5731609689666666
0.5540856034666665
0.5365005950333332
0.5203369511666666
0.5085443594999999
0.5300635588999999
0.5254194180333333
0.5118629639999999
0.5046640171
0.5105560800666666
0.5044302127666667
0.4931460171666667
0.4845639935
0.47329307206666665
0.46163374776666666
0.45284593493333336
0.4606472033333333
0.45623090066666666
0.4532462387666667
0.45061679740000005
0.4517685454
0.44743495873333333
0.4414933058666667
0.433445504
0.42507082146666664
0.4157922885333333
0.41495520953333326
0.41529482256666655
0.41512707096666657
0.41359959053333323
0.4128400193666666
0.41056994839999994
0.40933477269999996
0.4051443482666666
0.3996726932666667
0.39279683923333336
0.38840049353333334
0.39022659043333335
0.3853490003
0.3882701990333334
0.38646770046666673
0.3835588783
0.37483474623333335
0.3703976478333333
0.36469889979999986
0.3593670628333332
0.35267224106666656
0.3506081510666666
0.34983604286666664
0.34936192023333335
0.3480852114333334
0.3421002225333334
0.3357094339333334
0.3328460536333334
0.33079660566666674
0.3253464750000001
0.31974360813333347
0.3179611031000001
0.3179234724666667
0.3196599431666668
0.3247013680000001
0.3202519608666667
0.3119844117
0.30456342973333334
0.3010605810333333
0.29410369919999996
0.2899023985
0.28459750120000005
0.28644958150000005
0.28217442573333334
0.2793928634666667
0.2808348120333333
0.28157107290000005
0.27835389753333334
0.27545509376666666
0.27425619253333333
0.2738095329666666
0.2691191022
0.2643129857
0.2594495702
0.2571269827
0.2580194701333333
0.2575451566333333
0.2548700961
0.24923056116666667
0.24795338346666668
0.24704814203333333
0.2441092461333333
0.23883957099999995
0.23227932993333328
0.2281288708666666
0.22650130173333327
0.22790657429999991
0.22681353056666662
0.22534523156666664
0.22526630846666665
0.2231982661666667
0.22176173710000002
0.21823033033333333
0.21695822170000004
0.21424699413333334
0.2115090417
0.21017678040000004
0.2088578970666667
0.2073227943333333
0.20291965933333334
0.1995121446333333
0.20181735956666666
0.2024792815
0.20324452329999998
0.20460956333333327
0.2048566496666666
0.2047470641999999
0.20497707796666662
0.20539546869999994
0.20317570313333327
0.20045234156666666
0.19744459926666663
0.1963992296333333
0.19726520766666666
0.1956678063
0.1959692471333333
0.19455059973333333
0.19468376093333334
0.19391847510000002
0.19328842230000004
0.19050020666666667
0.18818375503333334
0.18372387100000004
0.18044254436666668
0.17900282543333335
0.17638883653333337
0.1744773643
0.1735489744
0.17544836803333333
0.17634694866666664
0.1755046428333333
0.17261068259999995
0.16967731966666663
0.1663264532333333
