0.7866993384999998
0.7005967467999998
0.6356549387999999
0.6599492434
0.5762093581000001
0.49677845330000003
0.4411150159
0.3800224415
0.33823101580000003
0.29791878820000006
0.2843453091
0.3429092877
0.350459446
0.3371034837
0.34246665570000007
0.3310258981
0.3284139638
0.3567167482
0.35892702499999996
0.34500019159999995
0.3210461416
0.274090772
0.28460869569999997
0.3108785979
0.2968066654
0.2863593566
0.24981524659999996
0.18658905839999998
0.13846392819999997
0.13226471
0.1274825256
0.16729790370000003
0.2352385449
0.2782859119
0.3123886864
0.328070697
0.3292040418
0.33594983999999994
0.3701525439
0.4054457843
0.3819987241000001
0.3247797162
0.24331668010000002
0.18186240820000002
0.1708253899
0.1743535955
0.1763980386
0.15688336460000002
0.1222198843
0.0927029011
0.1480799583
0.2340930034
0.2945540126
0.34083966390000003
0.37372930109999997
0.41768309810000004
0.4447327218
0.45341456109999995
0.4682542207999999
0.4491978001
0.3701578593
0.35123945590000005
0.37941840499999996
0.3834271979
0.3827972904
0.3804112487
0.41401424359999994
0.5060331633999999
0.5522710773
0.5250399309
0.5446581216000002
0.4775101503000001
0.3881022541
0.34965597989999997
0.3400134597000001
0.32733803100000003
0.3132489733
0.27424577819999996
0.25644810939999996
0.315726706
0.3189985172
0.3099272
0.3084446273
0.297754349
0.2936269413
0.29415324359999995
0.2789803082
0.2835994071
0.3012862542
0.3082352417
0.3533420498
0.40739628689999996
0.3872668086
0.3835343106
0.35537133439999996
0.3288509264999999
0.29909578489999994
0.25539125769999993
0.22002254140000002
0.2472901797
0.278630954
0.2843942837999999
0.3446456394
0.3760614215
0.38542626719999995
0.40091609980000004
0.4273553911
0.4157194394
0.3820589995
0.2956294853
0.20657227520000002
0.19737472309999998
0.2045514902
0.2097231535
0.224222038
0.2198102586
0.22953727390000003
0.2819993726
0.339292276
0.38067322569999995
0.3827224587
0.3408405566
0.30391824500000003
0.2851244474
0.2544430401
0.23486839870000004
0.19312393919999998
0.1342529528
0.1493932858
0.1853471667
0.211302112
0.21263385210000002
0.20655626310000003
0.20702432480000002
0.2752168023
0.3575046812
0.39273601
0.4030756634
0.3308924597
0.25972555610000003
0.2711135478
0.3291918209
0.35658000130000006
0.3363895262
0.2747648321
0.195705073
0.1766995838
0.1976034826
0.20719270389999997
0.2080365312
0.184000406
0.1714390308
0.16519554440000003
0.18149340360000002
0.19163924980000002
0.19729529710000002
0.2225181342
0.2376673255
0.2700350966
0.28422159249999995
0.2693099901
0.2153415279
0.19053210290000003
0.1826231475
0.1797226504
0.17469238430000003
0.1590917068
0.1767119531
0.20320829320000003
0.2627925254
0.3511533419
0.43133159060000004
0.46839808000000005
0.49241062330000007
0.47729512660000006
0.5047082722
0.5083872669
0.4624096228000001
0.38289274230000003
0.36851972199999994
0.3477720378
0.3352106075
0.3696659347
0.403143942
0.4692668831
0.5105302944
0.5107748058999999
0.4983233127999999
0.5200257332
0.4530601656
0.3997967997
0.3893528189
