0.5264859182666667
0.4866138940666666
0.4708079062666667
0.5224790117333334
0.5024616256666667
0.4881704834666667
0.47270290806666676
0.40865214
0.3413195280666666
0.28203972366666663
0.22463424913333327
0.2417836579333333
0.2870689816
0.32009011106666657
0.3495236135333333
0.3744687288
0.36404300900000003
0.3500570334
0.32777560246666665
0.2864231533333333
0.23437829893333334
0.1852214509333334
0.18452036760000004
0.19261893413333336
0.21164597580000005
0.24151501800000003
0.2625220088000001
0.2751117294666666
0.2805128598
0.26860324773333333
0.24091282346666668
0.22584240553333332
0.21974775806666666
0.23266786720000002
0.2843903008
0.30158765466666665
0.30778307366666674
0.3090321064
0.3068531814666667
0.2928461687333333
0.2706660459333333
0.2273383952666667
0.1642160320666667
0.12441834826666669
0.13460626026666667
0.17978631306666668
0.241192137
0.27845835046666667
0.2851017409333333
0.27031775646666667
0.2937883428
0.30810139333333336
0.3012067528
0.31338184513333334
0.31838793393333337
0.30414115453333335
0.35414064580000004
0.42210145300000007
0.45481362680000004
0.4608442621333334
0.44657807933333327
0.4269084406666666
0.4449770322666666
0.45646421339999993
0.41686608459999996
0.3908516572
0.37521499620000004
0.37925423433333333
0.3754404120666666
0.38610752553333333
0.4205319711333333
0.40422406306666664
0.37726501619999997
0.37561094326666666
0.3793464345333334
0.3546918916
0.3106138482
0.25001780213333336
0.20584613473333338
0.23573049853333336
0.25194463380000004
0.2715382230000001
0.3095342905333334
0.34445830020000007
0.3599224898666667
0.37580612986666667
0.37784624673333334
0.3297058868666667
0.2963716034666667
0.2644838794
0.2628518255333333
0.26816874926666673
0.27589399800000003
0.2970810457333333
0.3330929846666667
0.36988561946666665
0.3851479032666667
0.3750088592666667
0.3508439554
0.32050489079999994
0.2967961566
0.28243654413333336
0.2960306326
0.29484945613333335
0.2920482431333334
0.2864218999333334
0.31517820253333345
0.3395024518000001
0.3425794106666667
0.30361114026666663
0.2567697388
0.24508811900000002
0.25301044833333336
0.2693440036
0.2861555724666667
0.2723885343333333
0.25556239633333333
0.2624947163333334
0.2755231006666667
0.27274485033333334
0.2731613240666667
0.23993107319999998
0.20311163799999996
0.22585505039999998
0.2591370777333333
0.26406398639999995
0.2422135060666667
0.21062411813333334
0.1845312532
0.20174275226666666
0.25519428273333333
0.27282905813333336
0.26919059966666664
0.256130708
0.2623112360666667
0.28883846886666664
0.3332423416
0.35945271366666665
0.31177533506666666
0.26227384659999997
0.24608042539999994
0.25100284013333335
0.26394444919999993
0.25809725459999994
0.21957194406666666
0.1737675233333333
0.18782541746666667
0.20172411553333333
0.21192743786666665
0.2185400384
0.1978836977333333
0.18106344306666664
0.1870382162
0.2149556164666667
0.2261996920666667
0.22542870100000004
0.21538920420000002
0.19991157453333336
0.19914030940000002
0.1999176644666667
0.19370700806666669
0.17415976526666668
0.1957689635333333
0.23132868893333333
0.275290184
0.32909940206666666
0.3554985841333333
0.3544998204666666
0.34635697239999996
0.3289354609333333
0.3479724705333333
0.36668247039999996
0.3756333690666666
0.36082642113333324
0.3998812235333333
0.4428323290666666
0.4716268996
0.48185851733333335
0.47989887553333327
0.4674768774666667
0.4561418348
0.4194481511333333
0.39070140146666665
0.37795826333333327
0.37979672
0.367307065
0.38728111593333325
