0.51665420155
0.50264232435
0.47302764905000005
0.48278347855000003
0.44331744650000005
0.39413641790000004
0.36228654109999997
0.3458346839
0.32598978105
0.2989750675
0.28110572460000005
0.2903148178
0.29928604755
0.3065838306
0.30551187995
0.2974401167
0.27493602384999993
0.25600729959999996
0.23238356579999997
0.22218895279999998
0.20761579824999998
0.2042316272
0.24593386445000004
0.2804284496
0.28824623439999997
0.29354006475000005
0.27852963929999996
0.2486247824
0.23922435835
0.25379635385
0.23947105360000004
0.23141089835
0.22491194985000001
0.21767623120000007
0.22829791805000005
0.23579307990000004
0.23717892825
0.23234848145000003
0.23009374624999998
0.23120169399999999
0.24659088059999998
0.26097340915000006
0.25000941665000004
0.2429988118
0.25631379035
0.28092581335
0.29471735629999996
0.2879431099
0.28030725300000003
0.25558038450000004
0.2387054543
0.2723298328
0.31675465945000003
0.3412517996
0.35831624730000006
0.38015733055
0.41357026055000007
0.46378009564999995
0.4960070537500001
0.4722293292
0.4427073384000001
0.39725237395
0.36477267935
0.34857721380000006
0.3422682127500001
0.33490263084999994
0.34545392324999996
0.37503230945000005
0.38968795479999996
0.40583431904999995
0.42096835060000004
0.3828544113
0.33532384565
0.30753270075000005
0.3006545972
0.2936936294
0.27871450175
0.26174298995
0.26264715335
0.29833072245
0.3229790196
0.34824223759999995
0.33958645275
0.3300154565999999
0.31389613
0.30023669564999994
0.2782277532
0.25633242689999997
0.24740200254999997
0.26470614735
0.30440494445
0.3339103970999999
0.35584972439999996
0.3731838521999999
0.3636888016999999
0.3568479286499999
0.35504454415
0.32659985739999997
0.29159386365
0.261267264
0.23248517220000003
0.23046405985
0.26391585115000005
0.2832761275500001
0.2961741822
0.30212287655000003
0.3182509371
0.34024215765
0.35192347405
0.32710564999999997
0.28261451805000004
0.25722252370000004
0.24189590510000003
0.23520425400000003
0.22634972280000004
0.21658810020000002
0.20091183235
0.19640196165000004
0.23237584635000003
0.2723117975
0.2849304155
0.26340918584999995
0.24225735315
0.2327003538
0.25109238534999995
0.2826974565
0.28011961454999995
0.25681640134999995
0.22742447984999994
0.21091268535
0.2306193188
0.25936970415000005
0.26940470155
0.25957275725
0.26346847419999997
0.26470405075
0.27234958349999994
0.28956618875
0.25891460405
0.22332263355000004
0.21574473244999998
0.23965521394999997
0.24915539044999999
0.24647324045
0.22129739910000001
0.1845437273
0.18808798114999997
0.20581258985
0.22752419164999999
0.23615437624999996
0.2169547245
0.18393335335
0.1693884152
0.173576656
0.1734835101
0.1740119201
0.17914775779999997
0.19553110199999996
0.22486698204999994
0.2616598031
0.30099826555
0.31422072019999997
0.32179573375
0.3285957128
0.31917350349999996
0.3289024694
0.3211721353
0.30906378059999995
0.2811255141
0.30396712314999996
0.3374149696
0.3721323163
0.40824807134999996
0.43688184529999996
0.46596929979999996
0.50030252545
0.49960905490000007
0.4671250227
0.43839706550000007
0.39673544865
0.35740208474999996
0.34631580055
