0.52147571865
0.5076867027499999
0.47831691569999996
0.487471474
0.44818530335
0.40066748280000003
0.3696506647
0.35325584209999994
0.33346007524999993
0.30641207244999996
0.2881763333
0.29652023435
0.30586678815
0.31281664074999993
0.31073871135
0.30239500415
0.28164237039999995
0.2636012617
0.2400764158
0.23007356594999995
0.21567588370000004
0.21201499025000006
0.2531005342
0.28785507405
0.2963347155
0.30038526405000004
0.2845642950500001
0.2553758705
0.24724995785000004
0.2618887268
0.24773419855000003
0.23944741890000004
0.23283256645
0.22438460005
0.23489082749999998
0.24289169395000001
0.24360269850000002
0.23787228255
0.23670463465
0.23855492885000001
0.25408873535
0.2685668912
0.25788583625
0.2506916187
0.26317460835
0.28739083805
0.30114165974999996
0.29392681249999997
0.2849200835
0.26038905235
0.24480681885000002
0.27837087760000007
0.3226742925
0.34767496865
0.3645534989
0.3860227604
0.41824442525
0.46845658640000004
0.49972601755
0.47486947660000006
0.44568984615000007
0.40165880414999994
0.36952372539999995
0.3526740868499999
0.34723137914999996
0.33986454009999995
0.35046287989999997
0.37971799004999995
0.39434679225
0.41027237435
0.42393581320000007
0.38559932705
0.33939384824999996
0.3130003985
0.30603415390000005
0.299714762
0.2851311409
0.26794166909999995
0.26866965195000003
0.3045236831
0.32858039460000005
0.35243631780000007
0.3425567294500001
0.33504518580000003
0.31905463975000004
0.305675704
0.2835578417
0.2633655845999999
0.25410297535
0.27134406650000004
0.3111100579
0.3410316822
0.36168496195000005
0.37741801745000003
0.3681044773
0.3622190367
0.36061005865
0.33242898600000004
0.29783855275000004
0.2681489547
0.23863753155000006
0.23655680855000005
0.27071300830000006
0.2887588307500001
0.30068951215000006
0.3065484928500001
0.3237212095000001
0.3445222997000001
0.35661523585000005
0.33290141814999996
0.28909622285
0.26342092845
0.2480433788
0.2413479117
0.23232892435000002
0.22091140715000002
0.20467770535000002
0.20102376235000002
0.23701302645000003
0.27600613809999996
0.2897800577
0.26899768715
0.24786354944999997
0.23807911774999999
0.2565001271499999
0.2879146307999999
0.2842266328
0.2601784923
0.23143794
0.21444567205
0.23324885805
0.2629376643
0.27374226035
0.26420220225
0.26815288530000003
0.2694693837
0.27730151235
0.29348815785000004
0.2622607709
0.2268262769
0.2201922835
0.24343556635000002
0.25350349035
0.2519850785
0.22704363665000002
0.19026591929999997
0.194113453
0.21212797274999998
0.23332088359999995
0.24106922729999997
0.2219120578
0.1889116593
0.1738323035
0.17778450165
0.18005914030000003
0.18091222050000003
0.1858032602
0.20237187609999996
0.23190865425
0.26883231660000007
0.3067648283500001
0.319868328
0.32670975145
0.3341430345
0.32386579419999995
0.3344786374
0.32812592979999994
0.31527866814999994
0.28718760514999997
0.31032028889999996
0.34396494154999996
0.37798153175
0.4138320832
0.44247757885
0.46950172635
0.5035909484
0.5038346174
0.4729090799000001
0.4441152153
0.40224569619999995
0.3631343845999999
0.35196282864999995
