0.5355223238000001
0.5217530172500001
0.49305719240000007
0.4985263635500001
0.4593380069000001
0.4139021757000001
0.38476448985
0.36836959485
0.3485790204
0.3214594899
0.30269572534999994
0.30850002985
0.31753407085
0.32399104079999996
0.31963666054999995
0.30869262735
0.2891146052
0.27165290329999997
0.24869547660000002
0.2386324508
0.2242643336
0.22069433785
0.2599236203
0.2945822549
0.3045976759
0.3072150268
0.28950964419999997
0.26126944919999995
0.25430823605
0.26885524715000003
0.25474062485000004
0.24603880995000002
0.23927761250000001
0.23007416005000003
0.24160703815000004
0.25121214625
0.2528010402
0.24641660229999998
0.24618621410000002
0.2490743427
0.2650393412
0.27943635980000003
0.26893534635000005
0.26135103605000004
0.2722773455
0.2960183468
0.3105653802
0.30514896285
0.29523705255
0.2709503506
0.2591189088
0.29266622964999994
0.33698620879999996
0.3621334309
0.37826329574999995
0.39904717339999995
0.42937348269999986
0.47972386225
0.51026264905
0.48711886549999994
0.45740799044999997
0.41437480309999986
0.38376032955
0.3665415889
0.36140537505000003
0.35387463985
0.36363160845000003
0.3901394708
0.40435959335000005
0.42038331845000004
0.4318283194
0.39371867515000003
0.3482734407
0.32370516444999997
0.3168202005
0.3107456373
0.29611464074999994
0.27892259264999997
0.27886718180000003
0.31198097385
0.3361702835
0.35866174344999996
0.34785571795
0.3406443298
0.32449913784999995
0.31150208505
0.28903804655
0.2694953324
0.26065439780000005
0.2777627107
0.31598650189999994
0.3458952853499999
0.36595622399999994
0.37979786605
0.3703988008
0.3648835131499999
0.3632255879999999
0.3355553485499999
0.30104077044999994
0.2714598325
0.24260161460000002
0.24088450344999993
0.27459856479999994
0.29289228749999996
0.30482415259999995
0.3103631792
0.3284463324999999
0.348859406
0.36067563775
0.33815135550000003
0.29464736695000004
0.26910763984999997
0.25423486759999997
0.24742380044999995
0.23933253905
0.22733932864999998
0.21133060655000002
0.20812616270000003
0.24434278090000006
0.2830101962
0.29701228535
0.27673720435
0.25523725405
0.24607438609999996
0.2648299212
0.29618653995
0.29292997460000003
0.26866430809999997
0.24014287275000004
0.2225363614
0.24120782989999995
0.2709128365
0.2815681322
0.2717069255
0.2749908172
0.2766048771
0.2847177969
0.30033957299999997
0.2690425818
0.23388104365
0.22755697689999996
0.25031542585
0.26088777285
0.25894146490000003
0.23320204095000002
0.19650018504999997
0.19960885899999997
0.21763540405
0.23861390024999998
0.24612906185
0.22665519805
0.19339027935000003
0.17786382365000003
0.18205827555
0.18568095010000002
0.18599384069999997
0.19080492049999997
0.20718963929999998
0.2366216949
0.27350705894999994
0.310231666
0.32333655925
0.32946509144999997
0.3375168854
0.3285088885
0.33970032825
0.33373948685
0.31956078795000004
0.2930505177500001
0.31565612370000007
0.34946268985000006
0.38327109905000006
0.41903200735000007
0.44777728265000005
0.47328100485
0.5076192833000001
0.5095810364000001
0.48036646780000014
0.45145923774999996
0.41078994379999995
0.37378441875
0.3622817132000001
