0.46576427235999995
0.44130206631999996
0.44172826311999996
0.46787651867999996
0.45045824527999995
0.43220193688
0.4042406744799999
0.37151770275999996
0.3420524100399999
0.30042041379999995
0.26252901023999997
0.25639713768
0.25760999048
0.25734234416
0.2706478299999999
0.28178905019999995
0.29204384971999997
0.3109345398399999
0.31544850948
0.30433557336
0.27873696255999997
0.25062440379999995
0.25134779379999994
0.26986477683999993
0.2953919703999999
0.3019864265599999
0.28966121019999996
0.26463515684
0.24365872083999998
0.23332004935999998
0.21873679728000003
0.21019569428000004
0.19936973596000004
0.19381630548000003
0.21368975140000004
0.24745375748
0.2847799025600001
0.30929876012000007
0.32581498628000005
0.33116476288
0.33597839716000005
0.32258473359999995
0.28902429016000003
0.27191945364000003
0.26973350864000006
0.26645824044
0.29583031632
0.32870492296000003
0.33333680295999996
0.32430925804
0.33737830564
0.36008441512
0.39497825307999995
0.42110828159999997
0.41410428296
0.41565287868
0.41714740356
0.42266565727999994
0.42588098296
0.42459031504
0.41053326532
0.3930614199200001
0.3881029103600001
0.38841468776000004
0.39062574071999995
0.37659474
0.36354588184000003
0.3636971704799999
0.35700398811999995
0.36187697039999994
0.3782578103599999
0.36224767300000005
0.34801546855999993
0.35383877408
0.35901523463999996
0.36349467295999993
0.35853832639999994
0.31547865399999997
0.28801799008
0.29122044788
0.29096376812
0.29015989308000006
0.29359563236
0.30073142748000004
0.32081340267999997
0.34288587804000004
0.34631604092
0.34217349331999997
0.33487292032
0.31931127311999996
0.32291657183999994
0.33597895984
0.33624908032
0.3337419336
0.320738128
0.30756515172
0.31328807556
0.31013267988
0.2977855520799999
0.2853233493599999
0.26981439079999997
0.2655610398399999
0.29372841875999994
0.31629557344
0.33136953067999997
0.32899160644
0.32969344527999994
0.32945981667999996
0.32315662743999995
0.28777343528
0.25189946664000007
0.22829956484000002
0.21006910788000005
0.22581536388
0.25140863024000004
0.25373308703999997
0.24459034528
0.24595522536
0.25420277176
0.28057502488
0.31265091488
0.30731167228
0.28994452460000003
0.27479329383999995
0.26623012703999993
0.27464336904
0.28479025604
0.27655439511999996
0.25325273119999997
0.23805791199999995
0.23820791071999994
0.24167891319999996
0.24729084791999992
0.24372162079999993
0.2473281120799999
0.2540639779199999
0.27588275919999994
0.28831959667999996
0.26577385083999994
0.24024387895999996
0.23209109172
0.24495046332
0.25914428868
0.26764330696
0.25004629516
0.21762182344
0.20332270752000003
0.20200383912000006
0.20517726140000003
0.20710878248000003
0.19235275544
0.17597600551999995
0.18629094204000002
0.21416632256000004
0.24487974516000002
0.27934825716
0.3050659644
0.31041731284000007
0.31929230548
0.31619541216
0.32206656084
0.31206656156
0.30611316584000003
0.296321748
0.31738963983999996
0.34131437104
0.35199204615999996
0.36492267788
0.37437716456
0.390505484
0.41902768064
0.4314637492400001
0.43133298680000004
0.43241038408
0.4280134279200001
0.43346167568000005
0.4459988241600001
