0.43892721300000004
0.41169644164
0.4137646199200001
0.4460158758800001
0.4285100526000001
0.41038229388
0.38181319511999995
0.34881570591999994
0.31799622131999994
0.27678197656000003
0.24087814976
0.23663044015999998
0.23721179132
0.23826863588
0.25431878052
0.26737415055999997
0.27738899051999993
0.29627951847999995
0.30025455139999996
0.28698085523999994
0.26043590356
0.2324062936
0.23424232660000002
0.25116857972
0.27689317848
0.28665000244
0.27711268092
0.25207751868
0.23134538144
0.220240257
0.20462803400000001
0.19412172852
0.18366173844000003
0.17707656840000002
0.19487063176
0.22669476168000002
0.26621889876
0.29148121212000005
0.3087467482
0.31428072527999995
0.31908391564
0.30479487688
0.26784972296000004
0.25107162244000003
0.25076049856
0.24278231408
0.27215283572
0.30658142032
0.31296733444
0.30385617176
0.31717705556000003
0.33984921828000003
0.3747562550800001
0.39974122644
0.39001576068000005
0.3922261684800001
0.39427765532000003
0.39742057044
0.4035335222400001
0.40313394028000005
0.3897333158400001
0.37237928816
0.3678680372
0.36842293684000005
0.3703769215200001
0.35481634388000005
0.34266247971999997
0.3444860089200001
0.3347476926399999
0.33991554191999995
0.36116759564
0.34495695344
0.33074691948
0.33685750944
0.34202734079999997
0.3464835197199999
0.34201523695999997
0.29806565612
0.27074024452
0.27646738092
0.27575680164
0.27715959156
0.28111583523999994
0.28748276783999993
0.3083272692
0.33041819475999995
0.33342765879999997
0.32913994088
0.32154441055999994
0.30619912803999993
0.30987125808
0.32270905971999997
0.32376772888
0.32410643976
0.3105174742399999
0.29751675395999994
0.30341488344
0.29980394508
0.28724342388
0.27474214872
0.2590718872
0.25316655116
0.28164039916000005
0.3050091818000001
0.31889488520000003
0.31632045268000003
0.31662347520000006
0.31759072344000006
0.31178621172
0.27551398839999997
0.23961778268000006
0.21631020792000005
0.19620951868000003
0.21146003508000003
0.23741587088000002
0.23998274344000003
0.2301065968
0.23232994168
0.24012861600000002
0.26660224579999997
0.29924171464
0.2928909949199999
0.27596083932
0.26032786364
0.25068568771999994
0.25911760648
0.26951848884
0.26092075855999997
0.23790563827999997
0.22460424775999996
0.22528940883999998
0.22841185576
0.23434574560000002
0.23042831512
0.23499419948
0.23930804924000001
0.26110130208
0.27453268472000003
0.25140653127999996
0.22579072708000003
0.21893236407999997
0.23263403115999995
0.24680502867999998
0.25618693391999997
0.23873528043999998
0.20652342087999997
0.19256947987999998
0.19097836963999998
0.19482737919999998
0.19466090755999998
0.18000348987999998
0.16423429868
0.17524686596000003
0.20266369496000003
0.2335472626
0.26834342108000003
0.29459821144
0.3003163207199999
0.3071514182799999
0.30247142303999996
0.30945855364
0.29784756823999997
0.2947317408
0.28390875284
0.30487105968
0.32882041471999995
0.33980494800000005
0.35292675484
0.36231350211999996
0.37851284639999994
0.40668173064
0.41677485992
0.41343615196
0.41452002256
0.41214881344
0.4150555528
0.4283326456400001
