0.4450003104666667
0.41973366990000005
0.40492714893333337
0.4193502269666667
0.3884266459666667
0.3553132199666667
0.32182648419999993
0.288832216
0.2591648272666666
0.2389093776
0.22525017246666665
0.24505884299999994
0.2739045584333333
0.29384694553333335
0.30295706126666666
0.3014311796
0.2886749853
0.27814562793333336
0.2725669762
0.27773087183333334
0.26021154516666667
0.23891271923333332
0.23951668280000005
0.24261206206666672
0.2450802936666667
0.24975099463333333
0.23842140896666666
0.2131747477
0.19523413739999998
0.19372712859999996
0.20224027646666667
0.22549790390000002
0.24105347116666667
0.251456933
0.2701583348666666
0.29042164403333337
0.30186254026666665
0.29943616813333335
0.304516101
0.2999918263
0.2809379825333333
0.28431152296666673
0.2867305461333334
0.2831609620666667
0.2917936356
0.3074958385
0.3284484897999999
0.3566116232
0.36642260099999996
0.3393491121666667
0.33773113300000007
0.3360588876333334
0.33429395750000007
0.33872425473333334
0.34613853133333344
0.35649467800000006
0.3740458702666667
0.3945587201333333
0.41091224003333343
0.41641357633333337
0.39718962920000006
0.3655655244
0.3436068321333334
0.32618355470000004
0.3213541735000001
0.31600771586666665
0.31777992009999995
0.33914487656666675
0.3546492012333333
0.36784933746666665
0.3939135098666667
0.38666715749999997
0.3495151530333333
0.3312333594
0.3165251198
0.3032142547333333
0.28381753203333326
0.2562602743
0.24517553923333332
0.2780647884333333
0.3049880332333333
0.3233375398333333
0.3376581954999999
0.3425879803
0.33563456613333337
0.33063791439999995
0.32417366736666664
0.3068565752
0.2892531404666666
0.27147130076666665
0.2682580576
0.2850735898666666
0.30190982336666666
0.31506231059999995
0.3135381764666666
0.30883375283333325
0.3101751555999999
0.30859305276666665
0.3046930863666667
0.29724807346666665
0.27807836553333337
0.2626577305666667
0.27253116373333336
0.2793805119
0.2772702946666667
0.2748721841
0.27262972013333336
0.2669029317
0.279235703
0.2765417342
0.25527503830000003
0.2380727823666667
0.22618157586666668
0.221406645
0.2384738989
0.2594001047333333
0.2602252025333333
0.26207074873333336
0.2619134971666666
0.26367835436666665
0.27683446326666666
0.28192816009999994
0.27619039733333334
0.2635782650333333
0.25546648933333327
0.2499263002333333
0.24202881773333332
0.2331189524333333
0.21722978966666665
0.20735305656666667
0.21069518123333333
0.22636124253333334
0.23102123276666667
0.22891930263333332
0.2351056831
0.23803718946666666
0.25167596839999995
0.2683445008666666
0.25867906069999996
0.23957340686666664
0.2315173359333333
0.22894427176666662
0.22761110536666662
0.2241624665
0.20372723916666666
0.17746927596666665
0.17471424656666662
0.1922620862
0.2155247911333333
0.2411844684
0.2576144790666667
0.2629285865666667
0.26594858756666667
0.2749346063333334
0.27224236929999995
0.28083613523333334
0.2842243362666667
0.2813428954333333
0.27348633406666667
0.2933363999333334
0.31263082736666664
0.31726234000000003
0.3336728926333334
0.3511015364
0.3668418396333334
0.3879751414
0.3823949624000001
0.3664703747666667
0.35610670703333336
0.34823851666666666
0.35124605256666663
0.37118355136666664
