0.46959000219999997
0.44482972113333324
0.42883824683333327
0.4392677514333333
0.4081331888666666
0.3739716969333333
0.3423660749333332
0.3103698532666666
0.28132999166666656
0.2611823309333333
0.2470250785
0.2634911033333333
0.2918747274
0.3105368762
0.3190712760333333
0.31661534406666664
0.30397643430000004
0.29470045959999996
0.2908352294666667
0.2958959147333333
0.2786375939666666
0.2572277847999999
0.2556945852666666
0.2582328846
0.26119569126666664
0.2637337729666666
0.25224107776666665
0.2268728075333333
0.21088424043333331
0.21082611063333329
0.2200148807666667
0.24281543166666672
0.2585207344
0.26779880520000005
0.2868026218333333
0.30823290093333333
0.31864743326666667
0.3180533104666667
0.3226844674333334
0.3183093415666667
0.3038396692666667
0.3071318231333333
0.3095091122
0.3057421407
0.3125406519666667
0.32750537986666667
0.3484444609
0.37538663466666666
0.3842691385666666
0.3601226184
0.3584558164
0.3584795722333333
0.3585648912333333
0.3627361255333333
0.3702179987
0.37984527079999997
0.3952035363666667
0.41579837973333333
0.42996412376666665
0.43424927960000004
0.4158503863666666
0.3842857493333333
0.3633853191
0.3486753023
0.34390284783333325
0.3390725135999999
0.34018427263333334
0.3586684275333332
0.37400824106666664
0.38694209029999993
0.40836907363333325
0.4007011359666667
0.36436474386666656
0.34650346116666664
0.3325486099333333
0.3197770351333333
0.3002091371999999
0.27407937396666665
0.2624220804333333
0.2924755984666667
0.3192061036
0.3361774008333333
0.3487215764333334
0.3541240715666667
0.3465167446666666
0.3428364751333333
0.3367170326
0.32017379406666663
0.3031146738333333
0.2856631705666666
0.28154785669999993
0.29830276739999995
0.31403135203333327
0.3246595443666666
0.3231474061
0.31799955733333335
0.3201289416666667
0.3191255357000001
0.3152174606333332
0.30951052329999995
0.2910244797
0.27617173626666663
0.28573034286666665
0.2917042782333334
0.2896030879666667
0.2866525190333334
0.2846271273
0.2791161393666666
0.2916940185666666
0.2886794343
0.26854248263333336
0.25194561956666667
0.23999190410000001
0.2358895500333333
0.25338296369999996
0.2729931425666666
0.2744133611
0.27544422226666665
0.2755356779
0.27772407196666665
0.2905647384333333
0.29638075873333336
0.2911436317333333
0.2781067765666666
0.27012265883333325
0.2646857462999999
0.25626996406666663
0.2470323671666666
0.2312259843666666
0.2195685724666666
0.22421282859999994
0.23978488889999997
0.24483262269999992
0.2438750380666666
0.24907147069999994
0.25203550353333326
0.26582136829999997
0.2808878881
0.2707461692666666
0.2522476844666667
0.24290042290000002
0.2400236629666667
0.2388180670666667
0.23468108593333337
0.21650220330000003
0.19031627223333333
0.1869343697666667
0.20476564626666668
0.22758430050000003
0.2523306739333334
0.2686064864
0.2731663877
0.27525146526666666
0.28625896293333336
0.2846831559333333
0.29409503703333334
0.2984412625333333
0.29385122096666666
0.2877084774
0.30745607716666673
0.3247441644666667
0.3292457741
0.34472378909999996
0.3612489306999999
0.3774656886666667
0.3986809136666667
0.39545140123333333
0.3823086488333333
0.37198698353333337
0.3648081472666667
0.3701828157666667
0.3891644669666668
