0.4504773235333334
0.42532845153333343
0.4104324698333334
0.4251273071000001
0.39444238950000005
0.3612743912000001
0.32896217950000006
0.29658625380000003
0.2669692310999999
0.2468428497333333
0.23307463356666663
0.25215283336666666
0.2810903555333333
0.3003014854333333
0.3090634306333333
0.3076907761333333
0.2949427072666666
0.28490239573333326
0.2802217348333333
0.2854067270666666
0.2679829768
0.24650226230000005
0.24677623700000004
0.24973605780000002
0.2522460722666667
0.2560905319666667
0.24493020203333338
0.21966388076666668
0.20246560403333336
0.20160475400000002
0.21034956826666668
0.2335172712666667
0.24910305426666665
0.25888480406666664
0.2773540286333333
0.2976879987333333
0.30794223350000005
0.3051194296
0.3101175133
0.3056170513333333
0.2874036002333334
0.29073952053333335
0.29315874253333335
0.28961598753333334
0.29772526120000004
0.31318219620000004
0.3340502888333334
0.3617176913666667
0.37078297716666675
0.3435919205333334
0.34232000000000007
0.34165819476666676
0.34023049356666674
0.34441112860000006
0.3522477297333334
0.3623365628333334
0.37918235443333337
0.39968323460000005
0.4152122850333333
0.42009534833333334
0.40063498546666665
0.3687611444333332
0.3474974171999998
0.3311551740666665
0.32629829156666657
0.3213981454999999
0.3233766096
0.34439426243333326
0.3599493561333333
0.3730150077
0.3981690504999999
0.3910351549
0.3534854515333333
0.3359912733666666
0.3219151569666666
0.30877185856666667
0.28939129873333336
0.26295590006666664
0.2514635902333333
0.28441174159999993
0.31091512663333337
0.32834306313333333
0.3422715749
0.3476511278
0.3402136903333334
0.3363011432333333
0.3301413954333333
0.3128682597333333
0.2956105298
0.2782660612666667
0.2746368627333334
0.29167347590000003
0.3076982249000001
0.3198302282
0.31835206246666664
0.3133276791333333
0.3151180111333334
0.31400965380000007
0.31009397950000006
0.3033302316333334
0.28459234546666673
0.26899947023333337
0.27926267446666675
0.2851862784000001
0.2823965467333334
0.2797916120000001
0.2775546378666667
0.27130704490000007
0.28421723053333336
0.281374109
0.26041686259999997
0.24365081253333334
0.23181728323333334
0.22693762839999998
0.24394916236666667
0.2637914085333333
0.26419572723333334
0.265842658
0.26582690433333334
0.26752804319999995
0.2809998964666666
0.2865867074
0.28128217583333337
0.2688151927333333
0.2607054621666666
0.25507220589999996
0.2466081731
0.23728428366666668
0.2213142539
0.21065734816666667
0.21448090303333336
0.23032723780000003
0.23545735760000003
0.23402907293333336
0.24042563723333338
0.24336108330000003
0.2571528923333334
0.2732454649333334
0.2633654757666667
0.24423676933333335
0.23575456320000002
0.2331960221666667
0.2319280118666667
0.22861878200000002
0.2097448042666667
0.1837372657
0.18099259136666668
0.19874653953333335
0.2216280634
0.2469151112
0.26349154990000007
0.26828101360000006
0.27076901833333333
0.2806562944333333
0.2775675765
0.2867005857666667
0.2910358373
0.2877724718
0.2799833652666667
0.299899444
0.31826966856666666
0.3228933324333333
0.33881374043333334
0.3556137822333334
0.37138353073333336
0.39262061843333335
0.38747336763333334
0.3726006109666667
0.36215761786666667
0.35436609046666667
0.35763976776666667
0.37698179316666663
