0.5165915017
0.45743804069999994
0.42331808950000005
0.39408666580000007
0.3875114324000001
0.43320809000000005
0.4690900427
0.4347206561
0.4020724026
0.4066936166
0.38152672879999994
0.3552473087
0.3192548896
0.2731728229
0.23397900050000003
0.2080462335
0.22524579190000002
0.27412280870000005
0.2957334997
0.28835347590000004
0.28039625230000004
0.26574015650000005
0.24475559900000002
0.2714183447
0.28001516120000003
0.3154093875
0.3501840863
0.359702857
0.35603033930000005
0.37107414029999997
0.370921989
0.33668382480000003
0.3433324205
0.2999380863
0.24365268650000002
0.16957477279999994
0.09191420889999999
0.07457801950000001
0.1335822412
0.183354823
0.19582279519999998
0.2297948993
0.21543936600000002
0.228824876
0.299327402
0.3798924988
0.42240243580000003
0.41074820610000007
0.3699943881
0.345145448
0.34439885600000003
0.3473933676
0.35889305650000003
0.3478514552
0.26052774570000004
0.2515661369
0.27152048129999995
0.29740363709999995
0.33079719129999996
0.36207369829999997
0.43342779689999994
0.5143695488999999
0.5488439988999999
0.5308008507
0.5878235562999998
0.5447153451
0.46117345600000004
0.46604303579999995
0.48104251519999996
0.4855526318000001
0.4571483139
0.4289876595
0.4441977786
0.5187701173
0.5035858041
0.46680069619999986
0.4762465559
0.4115130867
0.3516300327
0.3094578898
0.2799985981
0.25647279749999996
0.2372193281
0.2164477675
0.23619003580000003
0.2584832848
0.2504495175
0.25323159689999997
0.239569654
0.2201016797
0.24079870520000002
0.2405781068
0.23509829070000002
0.24644403059999997
0.27492624610000005
0.3148411978
0.3790560923
0.41978455949999993
0.42833923929999995
0.4306595724999999
0.39176753090000005
0.3598453744
0.3232825482
0.2660410949
0.1917724532
0.19217005979999996
0.2121891453
0.23596106919999998
0.2553791227
0.27718768860000004
0.2982773099
0.33837679229999995
0.4209790879
0.4327892041
0.4354126233000001
0.3757174337
0.29838862479999995
0.24621555289999994
0.23424941090000004
0.2249235092
0.20869909080000001
0.19066140530000003
0.1681683522
0.23105600650000002
0.2779240078
0.29231527150000003
0.3005994349
0.2976950742000001
0.3287659189
0.3882401849
0.40282235350000006
0.38057425050000004
0.319600757
0.2440900931
0.23201354689999998
0.2999098025
0.3001798774
0.2854078662
0.2333621107
0.1576854833
0.18984248629999997
0.2717470197
0.3195739435
0.3271602945
0.29860836430000004
0.22351263340000002
0.24320153930000005
0.2825250558
0.30386265580000005
0.3185143367
0.2822345197
0.22649508960000003
0.2206710503
0.23896958740000002
0.23161930819999998
0.22170706360000003
0.19650714770000005
0.1913346458
0.20906311579999998
0.2057924064
0.20614103190000002
0.2158525349
0.22715957179999996
0.2778531611
0.3495355558
0.3900830554
0.3900654443
0.35615996529999994
0.3224794395
0.31125462900000006
0.28707260290000003
0.24118067190000003
0.22419644460000004
0.21896041640000002
0.22365891750000003
0.2673009352
0.3516208114
0.42176633380000006
0.4728116471
0.531345657
0.5606244001999999
0.5709186813
0.5547280936
0.49352416340000005
0.4089614312
0.367871306
0.3282053567
0.3087480559
0.29739900939999997
0.2891499475
0.3110488664
0.3427685407
