0.49059150230000004
0.43231375220000007
0.3981695068000001
0.36892480769999997
0.36278360379999997
0.41662180409999994
0.45264839939999996
0.41641891210000004
0.38866670239999995
0.39144377320000007
0.35939530969999994
0.33090619250000003
0.29491838700000006
0.24886196889999995
0.20958863060000002
0.1830121148
0.20375107209999999
0.2553528033
0.27442560579999997
0.2779189255000001
0.2705451392
0.2524561421
0.22813345910000002
0.25470820530000005
0.2629310281
0.2987868698
0.333599767
0.34463059760000003
0.34025582509999996
0.3525130565
0.35643920269999996
0.32582417259999996
0.32802439359999996
0.28522836749999997
0.22887691759999998
0.15484791920000002
0.07727768380000001
0.06021859710000001
0.12229880089999998
0.1719982973
0.17895265219999998
0.21330282830000002
0.20538479470000004
0.21276206589999996
0.2807547251
0.36136232269999996
0.40323122219999996
0.391847393
0.35142520639999997
0.3276774074
0.3309945033
0.32960377360000004
0.34080380909999997
0.3360809403
0.2417963991
0.2301440323
0.2509483301
0.2767338783
0.3093336702
0.34159324169999994
0.41420761429999997
0.5001124933
0.5354931078
0.5116441831
0.5784328377000001
0.5362143157000001
0.4420806840000001
0.44871045860000003
0.463798657
0.4677030333000001
0.439281076
0.41129686010000005
0.42737750520000006
0.5067242757
0.48831983039999993
0.4518695782
0.4701677619
0.39365540779999997
0.33361465760000003
0.2919386648
0.26094812480000007
0.23922765689999997
0.2202915516
0.19971289269999998
0.22279426780000003
0.2480546207
0.24147122329999998
0.2538770601
0.2382372419
0.21268094530000003
0.23428889519999996
0.22986047679999996
0.22398968719999995
0.23540922450000004
0.2638656841
0.30185515890000003
0.3658738898
0.40698511379999996
0.4186136354
0.4242434685
0.3821632641
0.35274843720000004
0.3158865302
0.2549874315
0.1825136295
0.18354514319999998
0.20364787720000002
0.22692097960000002
0.245508267
0.2701454171
0.29415287799999995
0.330125765
0.41185657089999994
0.42265408019999995
0.42294784399999996
0.3626066467
0.2852594475
0.23365985130000003
0.2205187387
0.21067614880000002
0.1953241174
0.1792954654
0.1549911691
0.2219849806
0.2682162785
0.27928571110000006
0.2869450069
0.28353930820000006
0.3150201256
0.3749447732
0.38738438340000003
0.36762209819999997
0.3091331264
0.23184717430000004
0.220538999
0.29157223590000003
0.28767867180000006
0.2731125821
0.2223853332
0.14588299359999995
0.17954464709999998
0.26058875639999995
0.3077134103
0.31802476369999993
0.2862130786
0.2107054034
0.2358275965
0.27102937299999996
0.2916227901
0.3074276558
0.2711268598
0.215139382
0.20961816680000003
0.22669355560000004
0.22357474629999996
0.2136946934
0.18648221169999998
0.186328731
0.19753987040000004
0.19193004500000002
0.1930828324
0.2031291992
0.21484965090000002
0.2661415775
0.33710320920000003
0.3785167734
0.3828849923
0.3458053727
0.3192509516
0.31017855819999995
0.2753782828
0.23189404909999997
0.21395004769999998
0.2084705628
0.21312659640000003
0.2567496735
0.33833886
0.41120536139999997
0.4616242699
0.5185459015999999
0.5561096976
0.5560816931
0.5404770626000001
0.47962659809999997
0.39051547179999996
0.3518042695
0.31224743089999996
0.2926924816
0.2819797999
0.27557586440000004
0.29968738649999993
0.33904147520000005
