0.5247406274
0.4653024277
0.4309475094
0.40163909359999994
0.39498706570000003
0.4381243680000001
0.47189384700000003
0.43836265060000007
0.40561489110000004
0.40787696990000005
0.38351175880000005
0.3577960726
0.3220157095
0.27600508760000003
0.23694430470000002
0.21107469129999998
0.2277675487
0.275770437
0.29739672180000004
0.2895521637
0.281425682
0.266692691
0.24703235639999996
0.2737104705
0.2822126601
0.3176331524
0.3523790232
0.36236658769999996
0.3589181026
0.3736296283999999
0.372546063
0.3381512506999999
0.3430513909
0.30010199949999994
0.24385903579999996
0.16973635590000005
0.0920411427
0.0748589535
0.1333353954
0.18333265829999998
0.19765425769999997
0.23164752390000004
0.21796803520000005
0.23169049100000003
0.30241827610000005
0.3829878324
0.4257965897
0.4135477996
0.3728041223
0.3477475158
0.34722362989999994
0.35125413769999997
0.36254749680000004
0.34988746290000006
0.2657631364
0.25687509740000003
0.27662670520000004
0.302510087
0.3358728529
0.36715268019999997
0.4374237193
0.5172690634
0.5524898327000001
0.5385652296000001
0.5921175985000001
0.5490416120000001
0.4700181938
0.4750187048999999
0.48987599680000005
0.4943527216
0.46591368069999994
0.4377469832
0.4521904245
0.5235426938
0.5093265421
0.4731977923
0.4780680421
0.4142703006
0.35455056930000006
0.3124254188000001
0.2829797557000001
0.25894157630000003
0.23892227230000002
0.2180378815
0.2368064428
0.2574192377
0.2500257085
0.2517628494
0.23812620859999994
0.22085367119999993
0.2415522491
0.2418747201
0.23722992630000003
0.24874430629999997
0.2772203137
0.3180551847
0.381633694
0.4221550654
0.4310275087999999
0.43061077549999993
0.3917086015
0.36024706789999994
0.32372123499999994
0.26635565520000004
0.19327147450000004
0.19340550130000003
0.21342143049999995
0.23744059049999997
0.2566879862
0.27891575069999996
0.30000372880000004
0.33994450789999997
0.4224576776
0.4372104849999999
0.438608322
0.3791658069
0.30254142049999994
0.25045546909999994
0.2384539776
0.22920209100000002
0.21277961539999998
0.1947930142
0.1723429534
0.23228403260000002
0.27956085220000004
0.2943185389
0.3018963387
0.2993374729
0.3306378924
0.39006183839999997
0.4065784478
0.384106008
0.3230703093000001
0.2479282647
0.2368543356
0.3042459465
0.3061809035
0.29080001969999997
0.2383565194
0.1634703119
0.19443678420000002
0.27623676
0.3247426866
0.33216077990000004
0.3023239894
0.2273994554
0.245687747
0.28515483880000003
0.3061508961
0.3196564767
0.28285130910000006
0.22707845119999998
0.22056688739999997
0.2395578843
0.23233650109999998
0.22238600749999998
0.19717980210000002
0.19266088420000002
0.21113869470000002
0.20826422570000003
0.20868593870000002
0.21837997680000001
0.2296770916
0.2794824315
0.3509616632
0.3916848407
0.3908097445
0.3560940321
0.32251268879999995
0.3116808218
0.28750282839999997
0.24217618469999996
0.22570215320000003
0.22047426110000004
0.22517860339999998
0.2686509903
0.3535728687
0.42390620009999996
0.47443498889999997
0.5325885092
0.5631923507
0.5747645809999999
0.5580773744
0.4973995982
0.41506319790000007
0.3728942462
0.3331780671
0.3136598654999999
0.3020773106
0.2933898784
0.3138517571
0.343922084
