0.5527324633333334
0.5077729573333334
0.4428870167333334
0.3721934180666667
0.3011798212666667
0.2916732807333334
0.30280593873333334
0.29678418720000005
0.2987755679333333
0.3413641838
0.34767953833333326
0.3553978372666667
0.3476758810666667
0.3091939501333333
0.24460336906666671
0.19428883746666664
0.16934443386666667
0.1712605518666667
0.2094699032
0.2556890204
0.30727391173333335
0.3571935536
0.38081735480000006
0.37012318760000007
0.3398863196666667
0.3099068960666667
0.2507265008666667
0.21970827873333335
0.21667174433333333
0.22299434846666666
0.23014243173333332
0.2404079147333333
0.2688741134666666
0.2818502513333333
0.2792644991333333
0.2300174176666667
0.17052854173333334
0.12687774346666664
0.13167590486666664
0.17515546086666667
0.2334245117333333
0.29201261446666665
0.3114227797333334
0.32598147726666665
0.34513149233333335
0.3474484737333333
0.3387459349333333
0.3139345514666666
0.27419733113333333
0.22168752873333333
0.2675520984666667
0.3171096156666667
0.3589888354666667
0.39036254679999993
0.3856905034
0.3826786681333333
0.40333344899999996
0.40969836133333337
0.3810099822666667
0.3888578156
0.4043653067333334
0.39209422260000004
0.43092660180000003
0.4755076912666667
0.5362949262000001
0.5221033639333335
0.5102324690000001
0.5101274459333334
0.5126037192666666
0.4866755414000001
0.4294732826666666
0.3721310683333333
0.3363681351333333
0.3568213409333333
0.3452988109333333
0.33859257000000004
0.37499711760000004
0.35784817459999996
0.33654654306666665
0.3234030310666667
0.30198897913333334
0.2589139771333333
0.22070117173333334
0.17782998506666667
0.16153955420000002
0.19353878133333335
0.21479226086666667
0.2447376942
0.2710762543333333
0.3046877106
0.3292603352
0.34334479906666665
0.3451635465333333
0.3237638135333334
0.29583902133333334
0.28294454360000004
0.2889770701333333
0.2860773409333333
0.28224304739999995
0.2845761667333333
0.2954311672
0.3258697326666667
0.3471177414666667
0.3304965085333333
0.30002551
0.27780968966666664
0.2651449869333333
0.289324979
0.28493667726666666
0.28371241706666667
0.28239342226666664
0.28087707286666663
0.29229995553333327
0.30751737999999995
0.3188005228666666
0.28566233913333333
0.24891004573333336
0.24137177199999998
0.2692544863333334
0.2824263246666667
0.2724819776666667
0.25208990080000004
0.20675511373333333
0.23576141026666667
0.2867984756666667
0.3021808302666667
0.30381847953333335
0.2916872887333334
0.2768067767333333
0.28900155813333334
0.33664739000000005
0.32434537173333333
0.2855027224000001
0.23602831200000002
0.20524295239999996
0.23568678759999998
0.2862476458666666
0.3078033568
0.27880986879999997
0.22984709506666662
0.21886140333333332
0.23648237059999996
0.2601002201333333
0.2758787225333333
0.2631687236
0.22205653686666665
0.23788811933333334
0.2654737466
0.2816820170666666
0.2816415968666667
0.24162810086666667
0.18707800746666664
0.1791771006
0.19555546033333335
0.20031336786666662
0.2103081562
0.2160891878
0.22802059853333334
0.26469454200000003
0.3014252991333333
0.3132213766
0.29890841433333326
0.2699685712
0.25726039100000003
0.25804924246666666
0.2514305491333333
0.24636374606666667
0.24643480966666667
0.27198167026666664
0.3155563334
0.35566593733333335
0.3890481882
0.4008723782
0.3875821859333333
0.3790110374
0.3698258319333333
0.36182821326666664
0.37621593626666655
0.37889876793333327
0.36911427579999995
0.4066165951333333
0.44261710939999993
0.45336733413333336
0.4365883439999999
0.4206438827333333
0.3984509739333333
0.3622966233999999
