0.5566777359333333
0.5124708128
0.4484231207333333
0.3775705095333332
0.3094781378
0.3001119438666666
0.31101820286666665
0.3041098334
0.3048795258
0.34670165993333335
0.35357487206666666
0.36157242506666665
0.3545350568
0.3166761001333333
0.2516950356
0.20310107293333332
0.17911272359999997
0.18066759159999995
0.21916096259999998
0.2626194305999999
0.31278619366666666
0.36274500946666666
0.3862884339333333
0.37642890179999994
0.34693589519999996
0.3172227562666666
0.2583698185333333
0.22968938933333333
0.22602470733333335
0.23279902326666665
0.23835644633333333
0.24707859153333336
0.2749818164
0.28784078653333334
0.2854552304666667
0.23743810173333335
0.1780518686
0.1348257658
0.14032351106666668
0.1840310112666667
0.241946171
0.30033002493333333
0.3165955034666667
0.33114499426666666
0.35035103700000003
0.35248373080000006
0.3443134755333333
0.3199737910666666
0.2803379624666667
0.22942500700000004
0.27499070053333335
0.3243302556
0.36584994060000003
0.3960319883333333
0.3903897381333333
0.38735788706666663
0.4077815732666667
0.4141036054
0.3851848632666667
0.39305238886666666
0.40937141486666667
0.3980588586
0.4359419042666667
0.48078530713333334
0.5397631202000001
0.5247171915333333
0.5129092911333334
0.5126604234666667
0.5147776471333333
0.48910067766666665
0.4315852564
0.3750481760666667
0.34252456033333345
0.3633657163333334
0.3517976235333335
0.34519148466666677
0.37943670593333345
0.36308733406666677
0.34143882586666663
0.32806870453333326
0.30652190819999997
0.26260123586666667
0.22484515933333335
0.1833261968666667
0.16825308406666667
0.20093764940000003
0.22253847673333335
0.24929513753333338
0.2752361418
0.30880749586666667
0.3326576265333333
0.34733840280000006
0.34899326853333335
0.3272625692666667
0.3011193532666667
0.29018010853333337
0.2969496072666667
0.29392727260000007
0.2904944267333334
0.29020854326666673
0.30077526879999994
0.33009428893333326
0.3514595318
0.3350382074666667
0.3045854052
0.28274767440000004
0.2714672395333333
0.2960257043333333
0.29269110646666674
0.29006614919999996
0.2871277840666666
0.2850204170666667
0.2961935614
0.30983738553333334
0.3223544378666666
0.2891573576
0.25307943019999996
0.24659125906666668
0.27473744786666665
0.28809760079999996
0.2789804770666667
0.25760247433333333
0.21149914753333335
0.23979583660000003
0.2904708747333334
0.3054905790666667
0.3075157776666667
0.29566521366666676
0.2813677414000001
0.29312048466666674
0.3410391094
0.32911361499999997
0.28936843026666664
0.23966750053333336
0.2084219738
0.23758467019999996
0.2876786041333333
0.3093480262
0.28012842179999997
0.23274366213333333
0.22223208280000004
0.2400134276666667
0.26524526200000004
0.28087223240000003
0.2686857228666667
0.22744003786666667
0.24229819460000002
0.2697979819333333
0.28572132773333336
0.2855380069333334
0.24607154120000002
0.19222097293333335
0.18422833046666667
0.2034079852666667
0.20758371840000003
0.21710752973333333
0.22297249493333332
0.23313274786666668
0.26923966333333327
0.30588665919999997
0.31752874813333337
0.30269234493333336
0.2750402282
0.2622848768666667
0.2636644958666667
0.260703808
0.25427617973333333
0.25464410340000004
0.2776927888
0.3203329326
0.3605949406666667
0.3940243924666666
0.4056573778
0.39278302379999996
0.3848777421333334
0.37579317833333337
0.3705990238666667
0.3840177289333333
0.38645237586666675
0.3765128154666667
0.40948823700000003
0.44609564586666667
0.4568397344
0.44015095206666666
0.4242768878666667
0.4021789346
0.3659811055333334
