0.424993406
0.38160997235000005
0.34654394690000007
0.3088933883
0.28618611720000003
0.29981695945
0.32819973575000005
0.3358858577
0.3315461541
0.33468134935000005
0.31497022445
0.29168116730000004
0.26152592305000005
0.25178508709999997
0.23625982935000006
0.2408994923
0.26867541954999996
0.29999170045
0.30734071545
0.3152159910000001
0.31349217095
0.28914015735000004
0.2780789263500001
0.2699682864000001
0.2459039728500001
0.2268173945000001
0.2054387254
0.20242459735
0.231277313
0.2622556769
0.26769592745000004
0.26956350045
0.26670459415000003
0.24899521670000002
0.25481582134999997
0.25810512095
0.240254453
0.22603299505000002
0.23686200364999999
0.24983785235
0.25497357774999996
0.27145330095
0.2730943019
0.27442150309999996
0.26127556209999997
0.29575317749999996
0.32708977614999996
0.33429063564999995
0.3303794383
0.33463532455
0.37260105880000005
0.41485813345
0.43814845845
0.4238625616999999
0.4101146184
0.383179174
0.34651450705000003
0.36272216845000005
0.38656616360000007
0.4046481375
0.42674434515000004
0.45570467670000003
0.48143530650000005
0.5091842294
0.5333763340500001
0.4940419469500001
0.4561242229500001
0.42118293320000005
0.39870665729999993
0.37982084905
0.3501146004
0.3252622585
0.3238345284
0.35321858419999996
0.35555704909999997
0.34996209945
0.3558194926
0.32376623395
0.28592594975
0.25230980505
0.24761851000000004
0.23454406685
0.22214061940000002
0.2175610586
0.24332997595
0.2749548898
0.30367255655000003
0.33043108695
0.32842543865
0.3184622069
0.30822607965
0.29130445699999996
0.26993810869999996
0.245198328
0.22318965679999997
0.24270015104999998
0.28476088349999995
0.31695304669999996
0.33206095119999995
0.34719444279999995
0.33815807104999995
0.34143710110000003
0.36387155055
0.33882075585
0.30273073674999995
0.27307589494999995
0.24445366234999993
0.23029041544999998
0.23301350284999994
0.24041078294999996
0.24473849769999995
0.25471061519999993
0.2834238699999999
0.32231953039999994
0.3455820612499999
0.3209461789
0.28610222719999995
0.2585995797499999
0.26776943215
0.29281046099999997
0.2913542504
0.2734587818
0.23206214775
0.22691607745
0.24437763875000001
0.28542897350000007
0.28731183935000004
0.2783259451500001
0.26870272940000006
0.26041388340000005
0.28346451525000005
0.3141054273
0.30842326835
0.274935969
0.2533760388
0.25113881965
0.26175313415
0.27207097755000004
0.25700406165000006
0.22665532469999997
0.22533575344999995
0.23786406919999994
0.25866578854999994
0.27235915964999996
0.2548939124499999
0.21220004840000004
0.21115490410000004
0.22867905200000002
0.24458133025
0.24967885039999999
0.2321048461
0.2091342906
0.21223390884999999
0.24641756655000005
0.28033897775
0.2961057334
0.28468360200000004
0.26606705185
0.258395411
0.25105430160000003
0.23423055760000003
0.21751162414999997
0.21439984930000003
0.23730607015
0.2751149028
0.31763322345
0.36061192615
0.37850536704999993
0.39043761074999994
0.41436222989999993
0.4157439901999999
0.39398787109999994
0.37721355514999994
0.34404858045
0.30182103409999994
0.30427697149999994
0.32529314545
0.3519489214999999
0.3718020348999999
0.39706088299999986
0.42789854205
0.44756158414999997
