0.44905911525000003
0.40634267469999996
0.37128648955
0.33362974435000003
0.31074521645
0.32062716174999994
0.3471679172999999
0.35442173239999997
0.34890295115000003
0.34752354625
0.33096149055
0.3104937326
0.28200524430000007
0.2722955838000001
0.25699708085000006
0.26172781050000005
0.2877149391
0.31691283285000005
0.32588191950000006
0.32971380810000006
0.3256591206500001
0.30121199065000004
0.29404400975
0.28567821550000005
0.26183392385
0.24249208014999998
0.22104914759999997
0.21714043825000004
0.24480629025000003
0.27721448165000007
0.28337239210000004
0.28323936205000005
0.27938589325
0.26438148115
0.27149004424999995
0.2747336358
0.25715832235
0.24266311280000002
0.25178831465
0.2642501355
0.2701108256
0.28859413345
0.28716621125
0.2883381656
0.27992757385000006
0.31572931784999997
0.34696145855
0.3540759216
0.3503957897
0.3536095731500001
0.38891332645000004
0.43088145825
0.4538685277000001
0.43932615294999994
0.42417565099999993
0.398140741
0.36634696865000005
0.38172333645
0.40591985325
0.42381316505
0.4452880554
0.47167860419999996
0.49652088875
0.524785484
0.5457046802
0.5057580206500001
0.46871000595000006
0.43877806124999996
0.41633627395
0.39750526080000004
0.36857345599999997
0.3427302285
0.34070855335
0.3676089424
0.36988791995000003
0.36264199049999996
0.3633480367
0.33237234179999997
0.29559984334999995
0.26477978474999997
0.2603986516499999
0.2485254521499999
0.23615880939999995
0.23144589905
0.25555814095
0.2866622413
0.3147528049
0.3365080782
0.33395444665
0.3253806261
0.31628311805000003
0.30021174060000005
0.27919041945
0.25624256275
0.23334934964999995
0.2535056288
0.29562261879999996
0.32787281434999993
0.34185918099999996
0.3539236305499999
0.3450224204
0.34911108334999996
0.3721308180499999
0.34941514949999997
0.31359253825
0.28394374675
0.25528888505
0.24108831105
0.2448142668
0.2510555989
0.25348820034999997
0.2645190988
0.29457372005
0.3319226053
0.35666831555
0.33401635259999995
0.2994940298499999
0.2719553135499999
0.2815076649
0.30658184705
0.30576072215
0.2856178279
0.24388455460000005
0.23757304980000007
0.25496877735000006
0.29611253700000006
0.30038965615
0.29155147020000005
0.2810640148
0.2729628341
0.29633241990000003
0.32616063510000004
0.31958735025
0.28562519380000007
0.26531095560000006
0.26171121795
0.27169070835000003
0.283966461
0.26861238325
0.23809991
0.23603850299999998
0.24912105465
0.2701224969
0.28306494095
0.26511383625
0.2226098485
0.2198543435
0.2369298508
0.2564628858
0.26215337155
0.24418777580000003
0.22117381225000005
0.22391531105
0.25841137425000005
0.290577432
0.30589505949999996
0.293286296
0.27374730555000004
0.26577127764999997
0.25852351770000004
0.24660681740000007
0.22851660340000005
0.2256780082
0.24840678875000002
0.2865972366500001
0.3286919953000001
0.37084312785000006
0.38896314955
0.39764554330000007
0.4213001430000001
0.4238485015500001
0.4060496766
0.38946226910000004
0.35624228990000006
0.31631017435
0.31758612059999997
0.33991308405
0.36525719485
0.38510532825
0.41024780224999996
0.43583663329999994
0.4568436109999999
