0.4323113516
0.38894114839999994
0.35393011669999996
0.3163024949499999
0.2935089598
0.30626005994999994
0.33455445270000006
0.342117471
0.3373388139000001
0.33961243970000005
0.32152780704999995
0.29963502215
0.26975411420000006
0.2600740147
0.24474929845
0.2493926949
0.27664679589999996
0.3073291016
0.31544628914999995
0.32160227784999995
0.31909316925
0.29506816444999995
0.2863021379499999
0.27819770004999994
0.2541854622
0.23511398774999998
0.213764647
0.2100891839
0.2384475295
0.2700694446
0.2751454665
0.27585115465
0.27294773224999996
0.2563182005
0.26266096335
0.26596315225
0.24825692605
0.23403244010000002
0.24423476940000005
0.25674681855000003
0.26155971865
0.27822238974999997
0.2778024852
0.27918247085000003
0.26753893240000004
0.30262115715000004
0.33378990270000003
0.34109882539999997
0.33746160185
0.34136184410000003
0.37840299125
0.42055420455
0.44349081980000005
0.4278807835499999
0.41351285175
0.38712865155
0.351519015
0.3673122858
0.3914127055
0.40959799480000003
0.43179625270000005
0.4602367644000001
0.4856137997000001
0.5132913653500001
0.5361185971000001
0.49584890815
0.45859264490000007
0.42599678459999996
0.40338107955
0.38456876580000005
0.35550384975000004
0.33026036450000007
0.3290500823000001
0.3586031774500001
0.3608602315500001
0.35465912270000005
0.3586435473500001
0.327291241
0.2901970326499999
0.2574860699999999
0.25301425154999996
0.24081453410000003
0.22847282015
0.22372495055000002
0.24934887945
0.28130812735
0.30947803455
0.33390161345
0.33152581715
0.32285152885
0.31340059060000003
0.29677822335000004
0.2754211949
0.25198873330000005
0.22909094905000002
0.24870427199999998
0.2914343239
0.32343359950000006
0.33750895850000007
0.3515981203
0.34266564609999994
0.34617460665
0.36894953855
0.34461704065000004
0.30879551885
0.27925320875000004
0.25003973404999996
0.23582141455
0.23891984550000003
0.24501726249999994
0.24793720879999998
0.25853169110000007
0.28793158935
0.32569122435
0.35001491344999996
0.3263195523
0.29180574569999995
0.26397925034999997
0.27318526249999997
0.298209621
0.29631038725000003
0.27707613765000005
0.23555104655000006
0.23042732170000008
0.24730801410000006
0.2883707028000001
0.29160158955000004
0.28281274100000003
0.2730638106
0.26456556540000004
0.28764003675
0.31775512615
0.31104682570000003
0.27722849295000007
0.256694167
0.25374909154999997
0.26388435265
0.2758606324
0.26123461854999996
0.23096915019999997
0.22983279689999997
0.24268840225
0.2634123172
0.27632900035
0.25887870710000005
0.21641436060000002
0.21508564460000001
0.23219175085
0.2500338565
0.25606547545
0.23839123620000002
0.21535477075000004
0.21869917365
0.2530680497
0.28582639800000004
0.30130529590000005
0.28969759019999997
0.27075854185000003
0.26238848369999995
0.25511278685
0.24136218820000002
0.22406913345
0.22082634195
0.24401245230000002
0.2821616697
0.3242837858
0.3667073354
0.38477095915000004
0.3950993286
0.41879691579999995
0.42031953235
0.4004174869
0.38392227765
0.3502980181
0.30808240405000004
0.31033180485
0.33162160915000005
0.3571759716
0.3774120087
0.4026209637
0.43039013075000004
0.45048602974999996
