0.40484432391999997
0.38616420324000006
0.36787333136
0.3330862931600001
0.29187546296000005
0.28322202411999997
0.28266602008
0.26932389596000006
0.28114862288000003
0.30999092152
0.32812247092
0.34667860916000004
0.34645776768000003
0.32161870011999993
0.2877672440400001
0.25914898356
0.23193632936
0.23396608856000006
0.23977328892000005
0.2449641792800001
0.24630351472000003
0.2452272056800001
0.2525778517200001
0.2709934329200001
0.2727311107200001
0.2575251985200001
0.23575703184000002
0.21397888512000005
0.21510787296000003
0.24609849912
0.28263038812
0.30553723772
0.31806342528000003
0.30968023336
0.29862966244
0.27040825192
0.23415863448
0.21244816972
0.21343791903999995
0.20181183615999998
0.23211231995999995
0.27558690071999997
0.29754721916
0.31932235443999996
0.34371619208
0.3741521299599999
0.40329255828
0.40255797399999993
0.36917607191999996
0.36438565232
0.37501698536
0.36709804300000004
0.39487748472
0.41973699087999994
0.41849551536000007
0.40531963128000004
0.40651881344
0.4167700188800001
0.43129569964000003
0.42864262152000004
0.42336701532000004
0.4233236383200001
0.41601812420000006
0.4187504778
0.4385524216400001
0.41764126828000003
0.40183054416
0.39419308820000004
0.38744738864
0.3811230319600001
0.35690581788
0.31986713032
0.30337170512
0.30938770132
0.29225166467999997
0.29687110008
0.31694246128000003
0.30430477964
0.29609161564
0.29958809228000005
0.3019354510400001
0.3016979422
0.29521474856
0.2741434452
0.26662111992
0.26898857444
0.2699747314
0.2731972286
0.2646407252
0.25581807815999996
0.27097425839999995
0.28746603031999995
0.29786651975999995
0.29246159491999996
0.28556157963999995
0.28742787736
0.30543654808
0.33638903291999994
0.33840746052
0.33992483764
0.322301359
0.3096256186
0.3017345854
0.28650540059999996
0.26428576551999994
0.24481546075999996
0.23080517831999994
0.23559145503999995
0.2597559986
0.27751396164
0.2811503377999999
0.28330424647999997
0.28879569659999993
0.3105184782399999
0.34125822299999997
0.32635115684
0.29639486672
0.26847631376
0.25429156152
0.2576713944
0.28011808096
0.26632540920000003
0.23329810108000004
0.23041097944000005
0.23043228284000006
0.253126357
0.28652659028000005
0.29809773736000006
0.29329397152000003
0.28788616632
0.28627059536000005
0.28893826164
0.27971338264000006
0.25826610324000004
0.24611683376000001
0.24986281648000003
0.25780434032000005
0.2685292808
0.25796334352
0.22733815555999995
0.21679471936
0.21648230703999996
0.23059162447999998
0.24454318167999997
0.23467325215999996
0.21046705508000002
0.22398455128000003
0.24522410832000002
0.27546584124
0.30382624180000006
0.29638356988000003
0.2654008014
0.24582840944
0.24503365684000006
0.24425944400000002
0.23633620684
0.22241113232000004
0.22239237820000002
0.24220495032000003
0.26610581804
0.29063269536
0.3146805926
0.32646328728
0.33900594256
0.36224790612
0.37330220851999996
0.37025092488
0.36405171084000004
0.35503964139999994
0.3455399887599999
0.35412127019999995
0.3583278852799999
0.35760041955999994
0.34534123152
0.33763696819999994
0.3417704537599999
0.35271351804
