0.8289095747999999
0.622709985
0.5033909665999999
0.35057140239999995
0.13393085940000002
0.16431562360000002
0.2535005356
0.30486471359999995
0.39932695519999994
0.603364652
0.6768080094
0.6612019177999999
0.537013682
0.38281317099999995
0.19113890199999997
0.05921219859999999
0.0183521552
0.0704511046
0.13249845119999998
0.24560142579999997
0.3247044082
0.40516320219999996
0.45614038379999994
0.43471667819999993
0.318344779
0.22538661200000001
0.11382281340000003
0.015411286400000002
0.0902677584
0.22391208699999998
0.3882675608
0.5692490128000001
0.6873136316
0.6043022687999999
0.49855081960000003
0.338014096
0.0920376294
-0.013656750000000006
-0.016495905200000008
-0.024065836799999997
-0.011212317800000001
0.0799491324
0.1512885676
0.275715996
0.3818807086
0.385512527
0.36216884400000005
0.2668454798
0.1617504424
0.194278162
0.3515383038
0.4588720984
0.531652463
0.5559685444
0.4748942404
0.3204003616
0.2118994842
0.1614234304
0.1232949006
0.019102618600000003
0.15303343619999998
0.3022191842
0.4044739284
0.50883252
0.6771723554
0.6886398633999999
0.7092260514000001
0.6764134574
0.5234271692
0.4828821926
0.386440945
0.1827313402
0.226938327
0.4100962322
0.4592348126
0.4990707662
0.6467704818000001
0.634629486
0.61080954
0.5251850278
0.40924405799999997
0.2956427062
0.166005868
0.06919137680000001
0.0709730302
0.1272596298
0.1958969298
0.2886266482
0.3443155608
0.3880480556
0.3830620368
0.2962640716
0.2199029618
0.136471653
0.0457381664
0.0924912816
0.1754544288
0.2393558026
0.3449212116
0.4926362656
0.5224195612
0.570296708
0.5877210412
0.5003948431999999
0.3649836278
0.2556294828
0.14509768499999998
0.054704974
0.0261672254
0.0130057364
0.12427676239999999
0.27488847380000003
0.41195258020000003
0.4785525537999999
0.5357668514
0.468336778
0.3944155598
0.4214195588
0.3733535402
0.3214258598
0.2687698118
0.1857572176
0.0552085452
0.0776060626
0.10987060239999999
0.130365483
0.1790655132
0.26314567320000004
0.3732527408
0.4329963402
0.43780613640000005
0.4079846922
0.31614322419999996
0.26852870640000004
0.3285456816
0.3483001178
0.33549712759999994
0.30770674359999994
0.20232177699999995
0.11781943219999999
0.23701107400000004
0.2438590252
0.24425532300000002
0.24815201820000002
0.1789008076
0.1274428188
0.2836796596
0.37608201199999997
0.3899114702
0.40151074659999997
0.30224235559999996
0.19250159819999998
0.175398451
0.2045532088
0.2256456144
0.2526349392
0.25071332599999996
0.2579134828
0.2626993042
0.2294576598
0.18333732880000003
0.13344799459999998
0.11937305760000001
0.14297144280000001
0.167647881
0.2153503212
0.28475616420000005
0.32211170320000004
0.402048243
0.5205544368
0.5538985944
0.4898728759999999
0.3836359238
0.24183494479999998
0.1027911698
0.0128625084
-0.011800501
0.0581846832
0.18919517859999999
0.3376531912
0.5150237192
0.7040008024000001
0.7751515264
0.747318948
0.7141888654
0.5994933074000001
0.41959677019999997
0.31871697720000003
0.22284300099999999
0.07769638980000002
0.1139476844
0.214689365
0.27665069960000005
0.35029090719999995
0.48094540839999994
0.49309581199999997
0.4636571814
