0.719268312
0.6045915588999999
0.5347980409
0.5644474623
0.5324690448
0.44887113669999995
0.3714076123
0.2953179744
0.22214964950000002
0.1654163652
0.1680872951
0.2104212463
0.1810120383
0.16493066380000002
0.1671246107
0.1783070968
0.15277254899999998
0.1515267718
0.14478597379999997
0.1180887666
0.07919056760000001
0.0576588267
0.0681043819
0.0635094381
0.0549374402
0.05845590899999999
0.0719830527
0.05709160369999999
0.039511909399999996
0.0406128143
0.0426158827
0.05319432240000001
0.0725396543
0.08839991789999999
0.0893376792
0.0858071178
0.0887004845
0.08754883039999999
0.0887328953
0.0790961535
0.07553890449999999
0.06227148069999999
0.0405679746
0.027667465000000002
0.0330697474
0.0321289134
0.028079685599999998
0.029814911400000005
0.03291550110000001
0.035342338900000006
0.024131240600000003
0.0254970264
0.028801494299999997
0.0318809511
0.036037466399999996
0.047699967100000004
0.0561969464
0.0581970358
0.056875054599999995
0.054395671599999994
0.05968638249999999
0.05377946139999999
0.053700932
0.059027948600000005
0.06067509959999999
0.05230972899999999
0.0531418378
0.0586344443
0.06339896230000001
0.0629998264
0.0592633894
0.058744216800000006
0.05678142809999999
0.040581715100000006
0.031264650500000005
0.02700053719999999
0.0332963245
0.0367068231
0.0370297118
0.0395680611
0.0446547849
0.0460087547
0.042738096499999996
0.0465194269
0.0477772822
0.0489146298
0.03889621310000001
0.0369746568
0.0400185205
0.0463918324
0.049465893299999994
0.05134752969999999
0.049093981200000004
0.049074558399999996
0.040417598000000006
0.0382609833
0.0373481156
0.0274727821
0.023611226699999998
0.0254745636
0.029000726900000003
0.0304713101
0.03235465319999999
0.0314949019
0.0346288836
0.0349122359
0.0326524302
0.038750489099999993
0.039053769800000006
0.029232904899999995
0.022220565200000004
0.0251527443
0.025602188400000003
0.0299978198
0.0335094674
0.031191730900000002
0.029021154
0.024994499599999994
0.022852060399999995
0.023616944999999997
0.022901727999999996
0.0222242018
0.0244111976
0.020892668700000002
0.0187796566
0.0213792166
0.021574409100000004
0.021095995900000004
0.020888739400000002
0.020416531999999998
0.0217596438
0.018732079699999998
0.0162719058
0.0181082777
0.0195630249
0.019523534500000002
0.0229797366
0.0263472451
0.0266918214
0.026408120099999998
0.0276389031
0.0269203795
0.027257603000000002
0.0281859952
0.028024751899999995
0.0274216939
0.025917665200000002
0.021391545300000002
0.0193834327
0.0208170684
0.0180945521
0.0188759628
0.018513463600000002
0.0167432442
0.01703068
0.018740357399999998
0.0168045372
0.015979943899999998
0.016210045099999997
0.013745344099999997
0.0124928239
0.011900437
0.0118456087
