0.39610436576000013
0.35147076808000016
0.31917383428
0.32485772812
0.31359757324
0.28739370187999996
0.254259293
0.21856663979999993
0.18179611183999994
0.1460897634
0.12950917844
0.13227042039999998
0.12251251247999999
0.11401339040000001
0.11388845700000001
0.12111850588
0.12093297948000004
0.12316813364000001
0.11927435640000002
0.10639447835999999
0.08733721407999999
0.07542123136
0.07410324624
0.07076960712
0.06681956768
0.0669354854
0.07390810436
0.0703606324
0.063992428
0.0608558464
0.057363832520000005
0.055248491
0.05379450648
0.05392685028
0.05445177832
0.05103049676
0.052373023160000004
0.054426367999999996
0.0577777728
0.057505267480000004
0.057093092479999996
0.05240006104
0.04346756636
0.037339325
0.03644947584
0.0389238428
0.03896525508
0.04202543548
0.04447585872
0.047610156679999995
0.04785434548
0.04735760559999999
0.04913668715999999
0.049774611119999985
0.049105386799999984
0.04801844803999998
0.047824649679999984
0.050680082719999985
0.04948088339999998
0.04859681311999998
0.048562253759999986
0.04939305003999998
0.04968202227999999
0.048260560560000006
0.046441302000000004
0.041773830520000006
0.04114227628
0.041184671879999996
0.04234058807999999
0.042596467199999995
0.043080770799999994
0.04404489376
0.043309917319999995
0.04306848548
0.04334014028
0.042707206000000004
0.042279821120000005
0.03929991052
0.036315191399999995
0.0344388222
0.035342705999999995
0.0359846878
0.034460625439999996
0.03661047584
0.039231366399999995
0.042034465800000004
0.039434404640000004
0.036438728600000005
0.03515035268000001
0.03504126
0.034437714720000005
0.033511380640000005
0.03432385944
0.03569408276
0.03500552976
0.035354231240000006
0.036210257919999995
0.03536815888
0.033753557760000004
0.03143922036
0.029172237280000003
0.02750579872
0.026383759399999998
0.02696339176
0.02842594496
0.027980203800000002
0.02771244372
0.0280292116
0.02670877172
0.023036262159999998
0.02036151227999999
0.020642345159999995
0.021789795079999993
0.020900300799999997
0.019871280319999997
0.01943226788
0.019429318319999996
0.017946162119999998
0.016254702799999996
0.0160403348
0.01488092724
0.013544167039999997
0.012475256759999998
0.011291014319999999
0.01188922032
0.01252911228
0.013154823040000001
0.013724055560000002
0.013347848520000004
0.012224147680000002
0.011340493080000003
0.010548235280000002
0.009057949400000001
0.009498638240000001
0.010280327960000002
0.01054069408
0.010100854319999998
0.009199116120000001
0.0095429412
0.01131014364
0.01142026956
0.01095131468
0.010811012799999999
0.01071426556
0.01048462684
0.009246232799999999
0.008172791119999998
0.008823747199999997
