0.3728698584399999
0.3274367306399999
0.29519225272000005
0.30389487644
0.29167128492000005
0.26461990484000003
0.23130398664000004
0.19711143020000005
0.16003439856
0.12354320608000002
0.10854489724000002
0.11439332816000002
0.10410967784000003
0.09392065528000001
0.09492879272000002
0.10211780324000003
0.10401867068000001
0.10800010215999999
0.10653450591999998
0.09311173168
0.07563282632000001
0.06570502344
0.06672439468000001
0.06344154788
0.05971740984
0.06101052632
0.06781824336
0.06361658328
0.0596871024
0.059104123999999994
0.05680816463999999
0.053873367
0.051408606479999994
0.05120397307999999
0.05187936931999999
0.04728065895999999
0.04922383283999999
0.05230053951999999
0.05663471907999999
0.05727398484
0.0588417984
0.055074416599999995
0.04567155908
0.03859402776
0.037902566279999994
0.03683236483999999
0.035255423599999995
0.03876138016
0.044752740400000005
0.04990556328
0.049550128199999995
0.051422559439999994
0.052898146959999996
0.05288662668
0.049874597879999996
0.04768615523999999
0.04752123608
0.04954798684
0.047819226
0.048274487920000005
0.05069784683999999
0.05454227867999999
0.05606027847999999
0.05494613095999999
0.051286835759999996
0.04646808236
0.043445959400000005
0.04336441112000001
0.043676974920000014
0.045627132160000014
0.04638914576
0.04858897936000002
0.0493697684
0.047342359720000005
0.04557352888
0.04533054807999999
0.042728236159999995
0.039548225879999996
0.037947213359999996
0.0365942408
0.03798818331999999
0.040030538879999994
0.037646309999999995
0.04055416436
0.04325749412
0.04613062396
0.0415982304
0.03780735792
0.03573328940000001
0.034618569800000006
0.03409116372
0.034688009080000005
0.03605126704000001
0.03756790152
0.03583974320000001
0.03545299812
0.03610084288000001
0.03325837056000001
0.03172500912000001
0.029465623800000004
0.02678149876
0.025757458800000004
0.026411474400000003
0.027078902320000004
0.029119482000000002
0.029309296000000002
0.030051277360000003
0.03203373676
0.03063758592
0.026787660999999994
0.02373289464
0.022198698399999998
0.02190801148
0.02283643732
0.023434541360000002
0.024048259160000005
0.024483137160000005
0.023042303440000002
0.022259389079999997
0.022919709
0.022654082359999994
0.02132949532
0.02220603416
0.021514037960000003
0.02059400244
0.02262712804
0.023642827360000004
0.0239475448
0.024392963
0.02468283176
0.024462068719999994
0.02280688068
0.02099817324
0.020910343560000003
0.02140896716
0.02131326224
0.022563448839999996
0.02291453187999999
0.022734764919999994
0.023328490959999993
0.023254354159999994
0.02203586368
0.02088138848
0.02015105052
0.01908189484
0.018500978
0.018131729
0.017113877320000005
