0.31636337519999996
0.28512468436666666
0.2550449519666666
0.2580854785
0.24509909556666665
0.22188393026666667
0.19064050836666666
0.15974036679999998
0.12756533006666668
0.09926083876666668
0.08921030466666671
0.09883440740000003
0.09854365790000003
0.09697252236666669
0.09692984620000003
0.09999267536666669
0.09560021256666669
0.09021316363333336
0.08164818953333336
0.06892538206666668
0.05591387373333332
0.04862591756666666
0.05170400216666666
0.04930635939999999
0.04839777229999998
0.047337435666666663
0.05368798866666665
0.04879002273333332
0.041592678866666656
0.03831309506666666
0.03615363803333332
0.035004964599999994
0.03468169389999999
0.037882944966666665
0.04088273383333333
0.0423840129
0.045018116366666666
0.04620471243333333
0.047085889199999995
0.0452019047
0.040773604166666665
0.0361641317
0.0315138604
0.028543714333333327
0.028376449833333327
0.03094830136666666
0.030628612199999995
0.03400801873333333
0.036747629933333324
0.03740594519999999
0.03539701689999999
0.034091027366666665
0.034009323599999995
0.033956015866666654
0.03297120236666666
0.033024923666666664
0.035219677899999996
0.040007014133333324
0.03911015939999999
0.04053881493333333
0.04143999253333333
0.039839409566666664
0.03937834766666667
0.03614871923333333
0.03457944853333333
0.03426799936666666
0.03371043196666666
0.03521748256666666
0.03830468649999999
0.039322134099999996
0.03918943883333333
0.04020052593333333
0.036255932066666656
0.03385854623333332
0.031871209166666664
0.028974249266666665
0.029895341833333332
0.0276781607
0.026883799033333336
0.030070484900000003
0.03380562276666667
0.03379673913333334
0.03181510490000001
0.032575831666666666
0.03186310403333333
0.030912546133333333
0.0281456372
0.025793481999999993
0.029204770399999993
0.02778857699999999
0.027322619899999994
0.029833491099999995
0.030332442133333328
0.03217732646666666
0.030358831133333326
0.026840903166666666
0.025532509899999997
0.023274183233333336
0.021077586733333334
0.019315113633333336
0.019543597966666666
0.01969389626666667
0.020156844700000006
0.02009371026666667
0.02189622606666667
0.021761339100000002
0.020403231300000005
0.01967078353333334
0.018296500566666672
0.015801830400000005
0.01382256076666667
0.014060198233333336
0.014511662100000001
0.01472957166666667
0.015325280166666672
0.016839400966666675
0.018926983100000006
0.016901340266666672
0.014695481633333337
0.014183711866666669
0.013596232533333336
0.012475551400000002
0.011486750533333335
0.009517513833333333
0.0099556694
0.010426572966666665
0.0107249335
0.011003856266666667
0.011730315533333334
0.012207590633333333
0.0120014848
0.010604669200000002
0.010763977300000001
0.012580644333333335
0.012311878566666667
0.012702168366666667
0.013345963966666667
0.012912752233333333
0.013939730700000002
0.014040108033333335
0.013020164466666668
0.013158687633333332
0.013152279133333333
