0.6305980966
0.609421564
0.6026089788
0.7867800968
0.8921465508
0.8363980961999999
0.6400948724
0.5062989217999999
0.36198917
0.1969339418
0.0945573632
0.14137851660000003
0.1283803726
0.137133617
0.1963283626
0.29484656340000004
0.32571396220000004
0.2909787268
0.25502195959999996
0.19670703720000002
0.1168171124
0.0318686396
0.05646910679999999
0.07926856060000001
0.0778683742
0.0884394256
0.12605964279999998
0.10881600200000001
0.0657578476
0.05247500980000001
0.0467513706
0.0377496516
0.029280750199999993
0.023814480200000005
0.030633924199999996
0.031992433
0.055230261999999995
0.10756318679999999
0.1436844976
0.13150529919999998
0.11587732279999999
0.09645111180000002
0.04138915380000001
0.0142096266
0.014926335200000002
0.013992544799999998
0.012527485599999999
0.017770972399999998
0.019381938999999997
0.027113246399999996
0.033411578
0.0355595844
0.032935358600000006
0.0352974484
0.025582937000000007
0.014945303200000001
0.012312777
0.018602801000000002
0.0292285292
0.0488090716
0.06658717700000001
0.06941911419999999
0.0664316778
0.052637708599999986
0.0361694308
0.018929359399999998
0.013264568
0.023858652
0.035665645
0.04637008460000001
0.06404233779999999
0.0736876716
0.07489508520000002
0.0764971624
0.064706598
0.04738031460000001
0.035387136199999995
0.0269529692
0.0102024152
0.0119180754
0.013409093399999999
0.031328353200000006
0.0439138936
0.050757902
0.0527617224
0.0590012754
0.034078363
0.0185482682
0.015387021800000001
0.0219956816
0.0247076172
0.035977340200000006
0.042939543000000004
0.0554150432
0.0601739612
0.0542110336
0.05466070740000001
0.047738209999999996
0.030409187399999992
0.014019989400000002
0.0119441686
0.006670165784
0.0067485155839999995
0.013284270983999999
0.029383830383999998
0.042964812184
0.04951450980000001
0.04369190372
0.04136453572
0.02586378352
0.007677908320000001
0.00698659452
0.010264266999999999
0.0128790078
0.012545567399999999
0.0161138148
0.020974062
0.0228529758
0.0276725538
0.033491734
0.030155719799999998
0.012585127399999998
0.009978293000000001
0.0081994016
0.0016735135999999997
0.0021549572000000004
0.0088889506
0.0072411186000000015
0.0063431054
0.0067117062000000005
0.0114848298
0.0124704716
0.0116632422
-0.0008190708000000005
0.0009764403999999998
-0.0002792598
-0.0022392258000000003
-0.0046432059999999995
0.0014542448000000002
0.0028003344
0.0050542902
0.0139728632
0.024952303999999998
0.025488466199999997
0.019686474199999998
0.017053553200000002
0.013622680199999997
0.004500518
0.0020372812000000002
0.0009439909999999988
-0.0016341978000000003
-0.0053659576
-0.0039855824000000015
0.0033929605999999993
0.0113418274
0.011769765800000002
0.008974406200000002
0.008595008000000001
0.007315479400000001
0.0006997244
-0.0010954577999999996
-0.0004998695999999997
-0.0009371261999999998
-0.0033351690000000002
-0.0002432948
0.0045902916
0.007207648
0.0096796866
