0.35090734193333334
0.27666730793333333
0.20438637526666667
0.14049359193333333
0.1296402692
0.13260355453333336
0.1068592802
0.06649682100000001
0.019329198800000003
0.018914366200000008
0.048208502933333335
0.05460665493333334
0.04814961366666667
0.028987996000000002
0.014997815933333332
0.014966276599999998
0.017398124866666666
0.032732823599999995
0.035037359000000004
0.03173795046666667
0.02487822366666666
0.028513236199999997
0.029591250533333332
0.023068787799999997
0.013505680999999997
0.000769830000000001
-0.0006714985333333331
0.007376277533333333
0.014390700533333333
0.014789513333333334
0.018356829
0.029359718400000002
0.018718017266666664
0.012397478666666668
0.014759513066666665
0.018152478733333328
0.01743410766666666
0.007993675133333331
0.016054259599999995
0.02116075826666666
0.019392375333333326
0.02764357359999999
0.02300468946666666
0.01855040826666666
0.0098070624
-0.0016684269333333327
-0.01018427633333333
-0.009115076333333333
-0.005299789666666666
-0.007391079466666667
-0.000888158533333334
0.01849133866666667
0.029863776800000002
0.0245549908
0.019051137266666667
0.016166596
0.0114850962
0.010091544000000001
0.010348272599999998
0.0092248314
0.0088507794
0.00823276566666666
0.003829362666666658
-0.005070151533333341
-0.001608009266666675
-0.004882659400000001
-0.026033714733333334
-0.030614641733333333
-0.03707714906666667
-0.018755108933333327
-0.0017537889999999926
0.013187583400000006
0.032902926466666677
0.05787698033333334
0.08585299040000001
0.07981896613333334
0.0821806576
0.08790634900000001
0.099943193
0.1039853542
0.10490924993333334
0.10669967779999999
0.10897335266666666
0.11556939019999998
0.10447311999999999
0.09677674359999999
0.0838365831333333
0.07258725326666668
0.0508744198
0.030091731466666667
0.06046443873333333
0.0718719416
0.06477585133333333
0.062262528600000006
0.056881926533333335
0.058623079666666675
0.06411635113333333
0.06892770466666667
0.06771032213333332
0.0624834496
0.05406423693333333
0.0638809514
0.07614283166666666
0.11706203206666667
0.11613448733333333
0.09603550540000001
0.08271882113333336
0.09880046193333335
0.10764232413333334
0.10915093433333337
0.10999591433333335
0.10605687926666668
0.1050749188
0.12397241046666668
0.1437546422666667
0.15723029573333333
0.15329480539999998
0.13711895406666666
0.09034985079999999
0.0882128235333333
0.0976881033333333
0.10678771799999996
0.1064314134
0.08679140326666664
0.09143035673333332
0.09693229926666665
0.10181509473333333
0.10246659386666665
0.09150573993333336
0.07483482146666667
0.06286302660000001
0.0555116842
0.05198932466666668
0.05481830413333334
0.052954793400000005
0.043000604933333346
0.04274594873333334
0.052755735066666656
0.07273736260000001
0.0748038896
0.06409881999999999
0.060057809799999994
0.05602097859999999
0.05030313926666666
0.05798518626666666
0.06563287793333332
0.07144523713333333
0.07254901559999997
0.07413239119999998
0.07406816893333332
0.07390460699999998
0.07114083833333333
0.06821333313333335
0.06629366366666667
0.06147726453333334
0.06456721273333334
0.06333617546666666
0.060366830733333335
0.06970996013333333
0.059416818733333335
0.0504728196
0.04459201193333333
0.04328688299999999
0.03847071206666665
0.03561624166666665
0.031705878999999985
0.028357316399999992
0.017893617533333333
0.012001583
0.013537584999999998
0.007682589466666666
0.010481429999999998
0.027744141066666665
0.0429063534
0.06290794633333334
0.08599738459999999
0.11069216626666666
0.1210480476
0.12035715326666667
0.1339732072
0.14711362599999997
0.15862772146666665
0.16404806493333338
0.1577462003333334
0.15422327580000003
0.16676677453333338
0.1923462666666667
