0.49123011125
0.45635200900000006
0.42423503000000007
0.39591207045
0.40446506114999997
0.42152505525000006
0.40343013110000003
0.381845009
0.35400224835000005
0.3630363553
0.37949198110000004
0.38159216794999995
0.3860743613
0.3824342802
0.37432185870000007
0.36375680745000005
0.37271083465
0.3766416945
0.3708157669
0.3713269515
0.37322876335
0.3695104378
0.37469605464999994
0.3762187470999999
0.38009707809999993
0.37534764719999997
0.38621440565
0.387807016
0.39079600584999996
0.3898436461
0.383053271
0.3914291507499999
0.36875651294999995
0.3624722428499999
0.36683193829999994
0.38105480919999984
0.3830543369999999
0.3864583977999999
0.38938145095
0.3903286628
0.3852626613
0.3943509095
0.3906321804
0.3887285117
0.37708678295000003
0.3693352678
0.3756845672
0.3719468629
0.37615439945
0.36805615005000003
0.37115020975
0.36965833505
0.38989461425
0.38996816619999997
0.38542289095000004
0.3783356606
0.3699352863
0.3650517766
0.35939762275
0.35401828674999997
0.3575678317499999
0.3520021489
0.35015207539999993
0.34250519365
0.35673634345
0.36742071055000003
0.36378476515
0.37590379805
0.38370744005
0.3993147671
0.378419551
0.37534331015
0.37580725635
0.37986636875
0.38354157915000003
0.38365532430000004
0.38061767620000003
0.3810550411500001
0.3861254401500001
0.39515734575000006
0.3884425155500001
0.38621781195000005
0.38465751960000005
0.38890603460000006
0.37832669510000005
0.37771733370000005
0.3772236383
0.3633031608
0.34866077835
0.33816790789999995
0.36096845835
0.365122536
0.3618420335
0.35501311485000003
0.35175764315
0.35111252589999997
0.368489672
0.37894071589999995
0.40196429005
0.3930339135
0.39715218795
0.39811873630000005
0.40763006505000005
0.4157694752
0.4151145669
0.4074063485500001
0.40002258505000005
0.4075225398000001
0.4201072379000001
0.4317717282000001
0.43696677815000007
0.44005083425
0.44130986105
0.44205185495
0.43929445195000005
0.4513400754999998
0.44312000985
0.43459755794999994
0.40057446845
0.40842222175
0.41562793984999996
0.4255614806
0.42270943260000005
0.4170360126
0.4154260364000001
0.4136050846
0.41414516105
0.41410612264999996
0.406843266
0.39537067109999996
0.3858795222
0.38479133875000004
0.3896695718
0.3925293256
0.39547323845
0.3784297037
0.3816878612
0.38123755685
0.39365830585
0.39232395055
0.3860549486
0.38055828394999996
0.37835674865
0.3805525968
0.38329323745000005
0.382121853
0.3836444698
0.376816433
0.3789202007
0.3823045548
0.38623159104999993
0.38587998685
0.37499873689999996
0.3811590411
0.38109888465
0.38842417695
0.38062123415000004
0.38455299919999997
0.3823003089
0.37940226395
0.37437314439999997
0.36784511755
0.36189405215000003
0.36397356309999995
0.36773491664999997
0.36442479995
0.35898179404999997
0.36808405359999996
0.3729286822
0.38076485369999996
0.39176008869999995
0.40078063854999996
0.40902386895000004
0.3881927076999999
0.39404883234999993
0.40161888149999997
0.4137373790499999
0.4180185517999998
0.41764847294999985
0.41761122775
0.42924341660000004
0.45014805830000004
