0.5563466020000001
0.48128389699999996
0.4108226655
0.3623550309
0.3941173996999999
0.41473014169999994
0.3421154602
0.27174682060000005
0.2133037948
0.232727054
0.2667701844
0.22972413639999995
0.2103878435
0.18852850049999997
0.16549431179999996
0.15854145649999998
0.19705621459999997
0.2009901991
0.1723695289
0.14404837590000003
0.12441838009999999
0.1444930444
0.13551754700000002
0.1083068706
0.1181205953
0.12281126549999999
0.10327806000000002
0.0959936948
0.10472268180000002
0.0917049076
0.0940135652
0.1049949997
0.11417400539999997
0.11822011259999998
0.08884142210000001
0.054826843199999996
0.0498128476
0.052587671700000005
0.0312934892
0.029752176800000002
0.020607303400000006
0.001299105999999999
-0.009374249300000002
-0.0112890429
0.007217274699999998
0.0374784659
0.059034798
0.07221401489999998
0.10514432739999999
0.1009500709
0.09663026429999998
0.11681129729999999
0.1478561441
0.18249731399999997
0.1957420896
0.1552258918
0.17516002039999998
0.2061500026
0.2301755385
0.274478696
0.31426510710000005
0.2900350165
0.2551264502
0.26135530290000003
0.2722231243
0.32833281859999996
0.32159791530000004
0.25629617579999997
0.26180698189999996
0.2660549697
0.2821333813
0.3403401385
0.3877831361
0.35425850279999993
0.30401791619999996
0.26707072899999995
0.23659062059999997
0.2870016153999999
0.2554082102
0.21336883040000001
0.18488384100000002
0.13892218220000002
0.1078521072
0.1266153576
0.1455026093
0.13368673150000002
0.1362540285
0.10643736609999999
0.1055139934
0.1532287738
0.1375735879
0.14296693459999998
0.1543730558
0.1554387807
0.1807704162
0.2313048717
0.2591016633
0.2594594994
0.24568560230000003
0.19794004950000002
0.2010739718
0.2239616011
0.2124339107
0.1873660958
0.15122717479999997
0.10192650449999999
0.0741329267
0.0822476911
0.09759117980000001
0.10755635700000002
0.1077379836
0.0889080893
0.07761545410000001
0.09021785060000001
0.0948831183
0.1024919764
0.0960359584
0.0737523273
0.050837936699999996
0.04290123860000001
0.03621406290000001
0.0223707471
0.039656437499999996
0.05783345529999999
0.061459835399999996
0.0591893505
0.0561143171
0.0641759345
0.0778198404
0.03840173510000001
0.03642406960000001
0.03353345940000001
0.015834109299999993
-0.015689882999999998
-0.0239253216
-0.026366682499999995
-0.0299316948
-0.03181782749999999
-0.036117155699999993
0.0017929687999999999
-0.0015002999
-0.037944088699999996
-0.0361295647
-0.0359559159
-0.0360204172
-0.036037765900000004
-0.032829275000000005
-0.0244731583
-0.0240218506
-0.0231942177
-0.0113122241
0.039143635899999994
0.0301297123
0.023607858399999994
0.023784099799999996
0.023853571799999994
0.021117789199999994
0.026396304199999998
0.0252157134
0.028740689200000002
0.0186587264
0.012271913700000001
0.0414197345
0.0778230745
0.0845413151
0.0849349715
0.0846780839
0.07386038419999999
0.10300749039999998
0.1606838874
0.1880338701
0.18411425360000003
0.15667354900000002
0.1501987331
0.2105722965
0.2773299811
0.3344659299
0.3809857317
0.4022565659
0.34395666159999994
0.3378696032
0.37894765929999996
0.41238087959999997
0.41684701240000005
0.3574979893
0.2847912782
0.2569629235
0.2330347916
0.20267180540000002
0.22071583589999996
0.23573407939999996
0.18299243069999999
