0.5040768022666667
0.43564654760000004
0.37404787413333335
0.3270746518
0.3418743203333333
0.34975675906666664
0.30190803206666667
0.25635536859999997
0.2178116501333333
0.21308836406666665
0.23386593626666663
0.23823302486666662
0.2291108689333333
0.19729688753333335
0.17709817553333335
0.1571883224666667
0.16446968920000002
0.16153014546666666
0.14568702979999998
0.13717681946666668
0.139643664
0.15139046893333333
0.14863221373333335
0.13542166020000004
0.1234018748666667
0.11069124140000001
0.10344462780000001
0.10064013620000001
0.10335878153333335
0.0952181902
0.09018190626666667
0.08773296466666666
0.08973666933333332
0.07809100706666668
0.060008894066666665
0.03854834993333333
0.0315941794
0.027076009533333334
0.02504502773333333
0.0379592502
0.05142511226666667
0.056201658333333335
0.06250509626666666
0.0712646692
0.06593047540000001
0.06444698793333332
0.07504751393333332
0.09156770666666665
0.12539796746666665
0.14603754160000001
0.14229440499999998
0.17419750586666666
0.20924948899999998
0.23461597553333333
0.2461621962
0.2496157648
0.2289554646
0.21409691539999998
0.23029251679999999
0.26356963726666666
0.2952649866
0.30863824026666664
0.2836552707333333
0.29095798526666666
0.2982632285333333
0.3360055400666667
0.33994092746666665
0.333892212
0.3132813632
0.2835261332
0.2654231887333333
0.274170027
0.2998078161999999
0.2840100828666667
0.2571591129333333
0.2426958128
0.22112328873333328
0.2336219498
0.22062816119999995
0.20067480626666662
0.16562597420000003
0.13784553786666667
0.11460097899999999
0.11696684646666666
0.15340007666666666
0.155597088
0.15738864606666664
0.14865141666666667
0.1552691802
0.1780645696
0.19371846466666665
0.21546412453333333
0.21346471013333337
0.19580271400000002
0.1880561598
0.19596930960000003
0.21212308606666672
0.2152376848666667
0.207885228
0.17660512153333335
0.16690008720000002
0.16669053226666666
0.16164036613333332
0.1536932597333333
0.13611684099999996
0.11283656319999999
0.09687939033333333
0.091761774
0.10224142206666667
0.10483534913333334
0.10111591560000001
0.08044648886666668
0.06705801106666667
0.05936429539999999
0.06050667613333333
0.065529027
0.05982242299999998
0.06189630699999998
0.07383497759999998
0.07319966133333335
0.06717044486666666
0.05778609113333334
0.05796613893333334
0.050117684466666666
0.02200749753333334
0.01822750540000001
0.01498277173333334
0.019917827533333342
0.027340120466666673
0.026017347666666676
0.02370264086666668
0.021375569666666674
0.008188907133333336
-0.012886467333333334
-0.01853682526666666
-0.02289973346666666
-0.04937780166666665
-0.05011704126666665
-0.05154281899999999
-0.026403314266666665
-0.02581411433333333
-0.0244149714
-0.019034243200000002
-0.017765081600000003
-0.017211723800000002
-0.0101517626
-0.00016730080000000128
-0.0049876324000000015
-0.010222429266666668
-0.010251367933333333
-0.007593204266666668
0.017405749466666665
0.026202555133333336
0.025793329200000003
0.029401999533333334
0.029215026933333336
0.033447822733333334
0.0431169968
0.0622068336
0.06607927673333333
0.05860539206666667
0.04865383329333333
0.05570775996
0.08102395116
0.12250419542666666
0.14073178469333333
0.14469882269333334
0.13106405862666667
0.14892764689333332
0.19022114229333334
0.23523283469333336
0.26696875822666666
0.28452332456
0.29728946949333335
0.29750321875999997
0.3134148150933333
0.3436905428
0.36022060653333327
0.3586549404
0.3230921346
0.3039277775333334
0.31879972946666674
0.3400754098
0.33541235419999993
0.30528360233333335
0.2847677922
0.24570763740000004
