0.35135480148
0.32306674356000004
0.28740292832
0.24736048407999994
0.24853263463999994
0.24490154839999995
0.22238905799999995
0.19073757983999992
0.15647473519999996
0.16083801988000002
0.177682624
0.1719146286
0.16183982307999997
0.14455097011999998
0.12700634859999999
0.11711181912
0.12827673548000001
0.12806223952
0.11915663180000001
0.10262414592
0.09217311380000001
0.10004742368000001
0.099170952
0.08231874959999999
0.07324278696000001
0.061801108759999994
0.049907655119999984
0.04537975855999999
0.046462238960000006
0.04845555628
0.057915488999999994
0.06587595468000002
0.07444575948000003
0.08208210128000001
0.06752287188
0.051982906200000005
0.05556125004
0.06628071836
0.07857940272000001
0.0917996918
0.08269960596
0.09462354288000001
0.11197758099999998
0.1277179164
0.14307523332
0.15769901832
0.15342604615999997
0.14848504499999998
0.17173395507999994
0.18990544995999994
0.20802118839999995
0.22408477639999996
0.21849324415999993
0.23774301635999998
0.24755598623999997
0.25640323908
0.2670409534
0.2757026824
0.2718421876
0.27153749324
0.27664039096
0.27231181392
0.27499586175999996
0.266471699
0.25435908684
0.2684079782
0.2522786744
0.23635637368
0.23077169232
0.21990764955999997
0.20422435015999998
0.21098817016
0.21457297216000001
0.20358983819999998
0.20600801144000003
0.19086202248000003
0.18076534148000004
0.19507958664
0.18748726976
0.18568747676000005
0.18382167476000003
0.17830929
0.16455588888
0.16086960919999999
0.16254583520000002
0.16418813023999998
0.17504915816
0.16502325231999998
0.16040886675999996
0.15915509763999997
0.14996585784
0.15227585756
0.15379598324
0.1492359886
0.14897421076000003
0.15348203088
0.15524285540000002
0.15381368996
0.15440230740000005
0.13713939964000002
0.13611308844000003
0.13253850752000002
0.12172294068000003
0.10777233536000003
0.09414695784
0.07701142127999999
0.06220946163999999
0.06517688255999998
0.07938690791999997
0.08378407747999997
0.08036061115999997
0.06694798651999999
0.06251624940000002
0.06447389968
0.050408537960000006
0.05190900136
0.047131517719999995
0.040786321479999985
0.035151651
0.031098286120000013
0.028090186120000006
0.020518155
0.019775562960000003
0.014298306639999996
0.012597519519999994
0.010445266439999996
-0.005892337000000003
-0.002540907480000002
0.0008725823599999968
0.00011831923999999795
-0.0013065322000000025
-0.0014774945600000077
-0.004871927719999997
-0.0185509744
-0.021196023000000005
-0.017978805840000004
-0.013169824320000008
-0.016422077280000006
-0.020938377200000007
-0.0063348008399999964
-0.007259537439999999
-0.007323013679999999
-0.002052862279999996
-0.0018252582799999978
-0.0009424595199999989
-0.0013822183199999982
0.0028756380000000015
0.011986158720000004
0.023918725680000003
0.026766334080000002
0.027234371999999996
0.040311513160000007
0.04064863528
0.05212983236
0.07688691392000001
0.08813700012000002
0.08697845228000001
0.08240161375999999
0.09275587112
0.11902175760000003
0.14173962060000003
0.15856007544
0.1805607698
0.20235150276000002
0.20479595936
0.21301447335999998
0.23116757831999998
0.23687131868000003
0.24750933196
0.25021611156
0.24816556231999992
0.2562814769199999
0.25762908263999995
0.25324047907999997
0.25877733228
0.2733968313599999
0.27107211791999997
