0.6739372779
0.6735575178
0.6671451450999999
0.6661698954
0.6631870355
0.6686266364
0.7253057281000002
0.8411551402
0.8481111447000002
0.7779020225
0.7618445584000001
0.7512778262
0.7160560444
0.6995401612000001
0.6765306202000001
0.6563939401000001
0.6451173223000001
0.6681208451
0.7140775473
0.7383137767999999
0.7037376836999999
0.6604804894999999
0.6764044494
0.6649302313000001
0.6669490068
0.6652910250999999
0.6630398154
0.656337033
0.6505989703999999
0.6508315044
0.6772048358999999
0.691895603
0.6612654128
0.6412637053
0.6361685654
0.6117857721
0.5937868085
0.5932177499000001
0.5967087595
0.6202888214000001
0.6267057760000001
0.6153870118
0.6187447314000001
0.6200759067000001
0.6024589982000002
0.6069520788
0.6106451495
0.5945904259
0.571656104
0.5585104002000001
0.5573112652000001
0.5693881597
0.5654611169000001
0.5555884062
0.5553105346
0.5514819079
0.5467027584
0.5525641254
0.5528788764
0.5458690438
0.5524561822
0.5594179364999999
0.5835247211
0.5919449175
0.5734466609
0.5511979617
0.538361313
0.530701296
0.533415891
0.5330260894000001
0.5135267258
0.4953911451
0.4891491429
0.5059184542
0.5363840282000001
0.5548215974
0.5497898719000001
0.5405385523
0.539227519
0.5404294411
0.5421702738999999
0.5411682326999999
0.5252544942999999
0.5098277079
0.5017624131
0.5106316252
0.5127309079000001
0.5079601449
0.49839488989999997
0.4945507074
0.5061013781000001
0.5151230832
0.5214281227
0.5166831524
0.5080448752
0.49767195299999994
0.5095076303000001
0.5156364097
0.5105356857000001
0.49678724370000005
0.4793608299999999
0.47194409029999995
0.47035625059999997
0.466455776
0.46645861199999994
0.47088926979999995
0.46698172069999994
0.47332560619999997
0.48596280499999994
0.4881823333
0.4808238941
0.47498889859999993
0.4755981875
0.4838469364000001
0.47992002359999997
0.4658424236
0.45883461710000006
0.44930086560000004
0.440353143
0.449779278
0.4584487279
0.4558426943000001
0.4478222479999999
0.4428037571
0.44915623140000005
0.4595571765
0.4578634655999999
0.4589831445
0.4606487018
0.4521683114
0.4474585674
0.44413253680000003
0.4383653371999999
0.4321101529
0.4269809801
0.42727592449999996
0.43496535080000004
0.4329058762
0.4284024881
0.4293968143
0.43528013039999996
0.4372495387
0.44183874319999994
0.4405933522999999
0.4348387026999999
0.4269767595999999
0.42254656620000003
0.42424248130000003
0.42886226819999995
0.42451973480000005
0.4185871676
0.422915552
0.42865420410000005
0.43022164799999996
0.4273860771
0.42402463170000004
0.4205863567
0.42339878219999993
0.42465211680000003
0.4291366296
0.4255676718
0.4186845838
0.40990134599999994
