0.7751213814000001
0.7708631575999999
0.7447203586666666
0.7010567546666666
0.6516382748666666
0.6302445656666666
0.6651681445333332
0.7471199481999999
0.7844356103333332
0.7707942889333332
0.7722454631333334
0.7601425853333335
0.7540430162666667
0.7429571065333332
0.7140990263999999
0.6628947143333332
0.6282423775999999
0.6367827548666667
0.6636918567333333
0.6995357178666666
0.7102181134666665
0.7051685822666666
0.7111227041333331
0.7029708342
0.6895927231333333
0.6748689030666667
0.6616511150000001
0.6291244027333334
0.6056084989333335
0.6169643766
0.6394510216
0.6565894150000001
0.6569434908666667
0.6616456855333334
0.6609160897333335
0.6488697709333333
0.6288745549333332
0.6110121118666665
0.5959453690000001
0.5904413908
0.5904396070666666
0.5941303810666667
0.6090750897999999
0.6160852672000001
0.6130742323333334
0.6193670578
0.6166001567333333
0.5937755369999999
0.5679576613333333
0.5485787846666667
0.5408118658000001
0.5486052280666666
0.5631559378666666
0.5731021014666666
0.5813153636
0.5878203897333332
0.5900033197333332
0.5967410933333334
0.5918398349333333
0.5659541358
0.5410388194000001
0.5304147636666667
0.5395110870666666
0.5540536944666667
0.5608372703333334
0.5656315472666668
0.5620754189999999
0.5600277417333334
0.5666802656666668
0.5706451097333335
0.5533001648666667
0.5283756170666668
0.5114563031333332
0.5146321068
0.5359571108666666
0.5568492204666666
0.5607643133333333
0.5562097074666666
0.54900666
0.5469220607333333
0.5515857637333333
0.542157173
0.5206068494
0.5000354434
0.49214222059999996
0.5033869018
0.5237303012
0.5356324601333333
0.5332079106000001
0.5278227249333334
0.5211668354
0.5198326123999999
0.5222924808666666
0.5142741615333333
0.4956825924666666
0.48531988313333335
0.49253859726666666
0.5072351431333333
0.5143846841333334
0.5160413189999999
0.5125449394
0.5020343239333334
0.49573058473333337
0.4957142985333334
0.4960041107999999
0.490581189
0.4864781983333334
0.4895255504666667
0.49728952406666665
0.5099182266666668
0.5100662859333334
0.5082373394666667
0.5057402692666667
0.4993075562666667
0.49105803653333335
0.48287242753333337
0.4815927768666667
0.4742042314
0.4731747466
0.476220517
0.4810232348666667
0.48234756619999997
0.4789613966
0.4780460351333334
0.4772480356666667
0.4752720697333333
0.4676674322666667
0.46007427286666674
0.4626621706666667
0.46307449613333335
0.4688264453999999
0.47638351673333335
0.47560925360000006
0.47163941859999986
0.4660977948666666
0.46640462466666666
0.4642641574666666
0.45636710799999997
0.44723215786666665
0.44332493973333337
0.44378989046666667
0.45024557793333336
0.4587274541333334
0.4629955413333334
0.45989946886666677
0.45387065813333344
0.446198975
0.45310150680000005
0.45485286160000005
0.4453541042
0.43852199586666657
0.4384322678666666
0.4420590614666667
0.44876001153333334
0.4538405414666667
0.45274264546666665
0.4473269468666667
0.4426137398
