0.7193503693500001
0.7133872555499999
0.6953999562
0.68608865585
0.6751276011499999
0.669481653
0.6923702411999999
0.76424688795
0.7927391384499998
0.7703643508499999
0.7415475710499999
0.71255470205
0.70235271435
0.6902782018999999
0.6815585290499999
0.6706729183999999
0.6641163240499999
0.6702017152999998
0.6875242154999999
0.7035934373499998
0.7029499060499999
0.6897324690499999
0.6757502288499999
0.6586188048999999
0.6549919166
0.6419517399
0.6348898243000001
0.6295280703
0.6292946361500001
0.6416713265500001
0.6601542108500001
0.6645904570500001
0.6508737330500001
0.6367143497
0.6217726920500001
0.61311602625
0.60645381815
0.5992145180999999
0.5934546296500001
0.5976030485
0.60032535595
0.6011016056
0.603016421
0.60105650795
0.5903821325999999
0.586174844
0.5836023168499999
0.5805330682999998
0.57030666165
0.56207214745
0.56732899035
0.5773003917499999
0.5885112542
0.5903754790999998
0.57923760725
0.5632747651999999
0.55331489255
0.55084341895
0.5545328284
0.5512044111
0.5458732111000001
0.5427087635500001
0.55522222185
0.5693486149
0.57862189125
0.57669521465
0.5621281834999998
0.5497365281499998
0.5465229831
0.5452189177
0.54004638825
0.53138563775
0.52044487955
0.5224079472
0.5369303548
0.55378341935
0.55151557055
0.5410440435999999
0.5288349266
0.5271006039499999
0.5300117305500001
0.5333693451500001
0.5314400669500001
0.5214187168
0.5131021291
0.51594639115
0.52497838425
0.52857201285
0.52213948825
0.506724466
0.50013641635
0.5003462835
0.50431312035
0.5028684447
0.5039400476500001
0.5007311123
0.50327720835
0.51278286845
0.51817785815
0.5159985467499999
0.50634210655
0.4970393071
0.49399183060000007
0.49520069835
0.49329609229999993
0.49181100424999985
0.49164982879999997
0.4918989616499999
0.49164349075
0.5004716307000001
0.4988955205999999
0.49506784305000007
0.48800968465000005
0.48727040500000013
0.48613294525000006
0.4827008281499999
0.4822742387999999
0.4814149394999999
0.4819495007999999
0.47922903595
0.4803291648
0.47754175425000006
0.4698105034499999
0.4656729757
0.4653388328
0.4679656401999999
0.471177476
0.46541142290000004
0.46651930175
0.467412764
0.47034997599999995
0.46927777425000006
0.4680370969500001
0.46249255924999993
0.4545573529999999
0.45240415649999993
0.4534652630499999
0.4546350466
0.45438510535
0.4523274077000001
0.4519145815000001
0.4550761330500001
0.4601818483500001
0.4606623199500001
0.45412247005000017
0.4476216388500001
0.4408143376
0.44287445285000004
0.44533300395
0.44536441294999995
0.4421576721
0.44076235509999995
0.44432002045
