0.7124655044999999
0.7068005702
0.6868146436000001
0.6747246095
0.6619297613
0.6560146573500001
0.6796182109
0.7499302065
0.7752127529999999
0.75102222575
0.7263051126
0.7020217509
0.6901388264999999
0.6749403694499999
0.6649291719999999
0.652629371
0.6457269945
0.6591312066499999
0.67932704625
0.6916587695499999
0.68647412545
0.6730592377999999
0.6669869234
0.65596595955
0.65190497885
0.6384002178999999
0.62845632555
0.6243827934
0.6263287469500001
0.6388510921500001
0.6551822490499999
0.6561616898000001
0.64729438245
0.6389126236
0.6318144131000001
0.6241468211500001
0.614900414
0.60632118095
0.5999243385499999
0.6050264758
0.61109928725
0.61086231015
0.6079070437
0.6045617985499999
0.5989058393
0.60020123675
0.6024463076
0.59842344015
0.5853637541500001
0.5765458624500001
0.5785206752500001
0.58707387005
0.59286692465
0.5909353078999999
0.5769356610499998
0.5667899306499998
0.5625259592499999
0.562647194
0.5669603352499999
0.5623159019499998
0.5541640540999999
0.5526883673999999
0.5631377395499999
0.57386966205
0.57669004745
0.5711128479500001
0.55819416705
0.548402439
0.5487753896500001
0.5513386148
0.54391605975
0.5329270526000001
0.5235355008999999
0.5262052623
0.5369557844
0.5444824248
0.5412870390499999
0.5306553223999999
0.5209751861499999
0.5181896478
0.52254742345
0.5224320464
0.51895053635
0.5097143946
0.5046144553499999
0.5075467494499999
0.5140586880499999
0.515006888
0.5104223317500001
0.49838549420000006
0.4933657066500001
0.49249392710000006
0.49520864220000005
0.49009614045000005
0.4868605467499999
0.48627762764999993
0.49168661714999995
0.49905240575
0.502630866
0.49958278840000003
0.4923694607
0.48702461914999995
0.48321255545
0.48235183745
0.47851252145
0.4748809259
0.47104268740000005
0.47049764805
0.47191815574999996
0.4757510087
0.4771155337
0.47728743200000007
0.47390064345000005
0.47773086775000007
0.47807799825
0.4728752300000001
0.46524094255000004
0.46157223255
0.46029185880000006
0.4604095076
0.45935812155000005
0.4538824765
0.4484143091
0.44559518654999997
0.44678741915
0.4499912200000001
0.4532558968
0.45084405160000013
0.44674343144999995
0.44616576745
0.4458134554999999
0.4422105111
0.43938808269999985
0.43305525635000003
0.42804454220000004
0.4290585761
0.43213507865
0.43228981915000003
0.4313276667
0.42833687950000005
0.42863061215
0.4329830861
0.43584589134999996
0.4346278429
0.42902212519999994
0.4227151837
0.4168166106499999
0.4167764364499999
0.41957534579999994
0.41928358335000004
0.41684124489999996
0.41723439265000006
0.4181640273
