0.73291887848
0.72550511068
0.7194455063999999
0.71240086924
0.6939169882399999
0.6654761013599999
0.6678544033999998
0.7208538720799998
0.7406396083599998
0.7330788880799999
0.7320395629600001
0.7243913943199999
0.7159738907999998
0.7040268198799998
0.6884001423999999
0.6727673914799998
0.6599778851199999
0.6500879328399999
0.6551319157999999
0.6731126492799998
0.6709999749199999
0.6627071656799999
0.6667479976799998
0.6669656534799999
0.66715196856
0.6580141476400001
0.6456305760800001
0.6301553481600001
0.61581977736
0.61420556104
0.6292943271200001
0.6395106872
0.6334633338000001
0.62656796208
0.6212357579600001
0.61648934152
0.60956611036
0.5963396973999999
0.58595774976
0.58254360548
0.5775799252799999
0.57780304392
0.5905742692399999
0.59631593888
0.59281615324
0.598315948
0.5995590300399999
0.5973418952799999
0.5846844517199999
0.5642585856
0.5517907705999999
0.5504902355999999
0.55343908252
0.5608227450399998
0.5647811332
0.5626950893999999
0.55857006668
0.5611458604
0.56667293796
0.56735867968
0.55867581224
0.5466243062399999
0.5479503549599999
0.552689119
0.5566855813199999
0.5614131833999999
0.5577856867599998
0.5492713442799999
0.54636548016
0.54414515148
0.5409543137999999
0.5298623786400001
0.51546531404
0.51159030304
0.52307153056
0.53608466168
0.5426136287600001
0.5456231788
0.5401816486800001
0.53687685408
0.53473435628
0.5324400028
0.52663018776
0.5149218176799999
0.49916764111999995
0.50016614476
0.50836016676
0.51293261804
0.51144184944
0.51112205544
0.5095020930399999
0.5073756351200001
0.5093357051599999
0.5082062318
0.50632608412
0.49813161144
0.49903261800000004
0.5079814084000001
0.5132742660799999
0.5098332447599999
0.5041737752400001
0.4990643897199999
0.49499730352
0.4911016368399999
0.4890632423999999
0.48652544831999983
0.4844317338
0.48048275547999997
0.48354658284000007
0.4946488388400001
0.49555362247999996
0.49291799936
0.49101716048
0.49147107668000006
0.48655727476000005
0.48181005344
0.4784442547199999
0.4736035163999999
0.4712703601199999
0.46930547359999997
0.47347260216
0.47837492484
0.47213297735999993
0.46815651956
0.46835657976
0.46935662572
0.46653409016
0.46139326372000006
0.46022583764
0.45791741668
0.4583605312
0.45963593535999997
0.4643174500400001
0.46516283695999994
0.4595128447199999
0.4571810561199999
0.45668577011999995
0.45661704348
0.45424061544000005
0.44922022088000013
0.4473065814000001
0.4489929915200001
0.4505841368800001
0.4518845421600001
0.4523770438800001
0.4487102512400001
0.44220199343999994
0.44452014175999993
