0.7261299619200001
0.7191712667200001
0.7122460747599999
0.7044963068800001
0.68558013496
0.65821576092
0.66437179556
0.71726127528
0.7367129934000001
0.72861925968
0.72825977572
0.7201863381999999
0.7126633939199999
0.7020157781999999
0.6865177952399999
0.6716380984399999
0.6599442987599998
0.6541842378399998
0.6649721994
0.6838282568799999
0.6816382800799999
0.67186166636
0.6776083207199997
0.6752120967599998
0.6751535833999999
0.66823376728
0.65704337244
0.64549503644
0.63585182592
0.6387935102
0.6538232799599999
0.66129211544
0.6545130585599999
0.6476280394
0.6421985445199999
0.63757961444
0.6302589625599999
0.6166785172799999
0.6063823170399999
0.6062245378
0.6045323698799999
0.60646252664
0.6179002755599999
0.62034159308
0.6146289389199999
0.61798558992
0.6218541327999999
0.6191838739199998
0.6088735732799999
0.59133645356
0.5816983573999999
0.5805864045999999
0.5829941096799999
0.5858764305599999
0.5855782961999999
0.5815563845199999
0.5758934366399999
0.57943660016
0.585280159
0.585517792
0.57951921308
0.57313071432
0.5755755408800001
0.58042808036
0.58140750088
0.57995458152
0.5732118586
0.56407758444
0.5605054325600001
0.5611771939600001
0.55826559512
0.54680003504
0.5366578143199999
0.5357049067199999
0.5452166629599999
0.55510355008
0.5586682089999999
0.5566801205999999
0.55189245524
0.5491298484399999
0.5482144222000002
0.54772344512
0.5421292402
0.5317378545200001
0.5226276809600001
0.5203825178
0.52540987372
0.5287601465200001
0.5252801328800001
0.52273565976
0.5218175794000001
0.52221257376
0.52578371912
0.5265104433200001
0.5216415522
0.5169545036800001
0.51917482088
0.5233372427199999
0.5264190519199999
0.52256108052
0.51518830868
0.5118488045599999
0.51004544688
0.5076454620799999
0.50626672836
0.5052638215599999
0.5027613473199999
0.5014684303599999
0.5049683253999998
0.5104812076399999
0.5135008571999999
0.5093115235999999
0.50695481208
0.50864594488
0.50705620632
0.50363561048
0.49776753891999986
0.49234439775999994
0.48967656019999994
0.4912323959199999
0.4948617233199999
0.49688961219999994
0.49381541375999993
0.48865346468000004
0.48954773732000006
0.4923361096800001
0.49077312872
0.48784408663999995
0.4870198832
0.48482307220000004
0.48450660824
0.48552515176000005
0.48854697752
0.48726989812
0.48113060468
0.4755132286000001
0.47648186212000015
0.47734545688000013
0.47425753540000004
0.46973117195999997
0.47029257472
0.47500213284
0.47800636420000003
0.47972306264000003
0.47861187652
0.47460089359999996
0.46852459407999997
0.46676038140000004
