0.7088470880333334
0.6925315331333334
0.6824646709666666
0.6719970455333333
0.6641860414333334
0.6577722152666666
0.6715186042666665
0.7167854702333333
0.7309940983666666
0.716591526
0.7079827403333333
0.6953895061333333
0.6801622580333333
0.6650902468
0.6549899
0.6402572822333333
0.6310157497
0.6388440008
0.6562515990999997
0.6710965322999998
0.6706582510666664
0.6587722795333331
0.6561178301999998
0.6481223882666665
0.6441091426333332
0.6365269911333332
0.6283734063333332
0.6210461198666665
0.6141351554
0.6192610260333334
0.6311788567666666
0.6346165456333336
0.6253410695
0.6181711995333334
0.6109743448666668
0.6053051927333334
0.6021619584333332
0.5983721564666665
0.5936094043666666
0.5943545942333334
0.5986892842666667
0.6014487010333335
0.6067044977000001
0.6047686205
0.5941295974333334
0.5887867996333334
0.5844198287999999
0.5798890536
0.5745562142666665
0.5682375659000001
0.5638333934666666
0.5656343306999999
0.5692366409
0.5748092251666665
0.5742247677666665
0.5699492105999998
0.5643577937999998
0.5597596618333331
0.5595101050999999
0.5585626868999999
0.5539004659333333
0.5494918626666667
0.5504568025
0.5525309296666667
0.5528295608333332
0.5516409250000002
0.5436469831
0.5347103084333333
0.5316305022666667
0.5293334228000001
0.5265178922666667
0.5225397816
0.5199590487
0.5206619496333332
0.5260106306333333
0.5304537564666666
0.5320462796666665
0.5279994578333332
0.5218181027666666
0.5159424150666666
0.5133682343
0.5093622358000001
0.5051707376000001
0.4966819152666667
0.4929432270333333
0.49508411146666664
0.49930861649999997
0.5018102862666667
0.5008674865000001
0.49482953853333345
0.4921534929000001
0.49193815930000007
0.4930770850666667
0.49142633306666667
0.48704845533333335
0.48405275719999996
0.4852167119
0.48789434159999995
0.4891134158333333
0.48764998900000006
0.48308030779999994
0.47926582619999997
0.4751374756666667
0.4753595640333333
0.47525225563333334
0.47196976516666667
0.4667634528333334
0.4661871826333333
0.46744717120000007
0.4695122141333334
0.4694817695
0.4661971922333334
0.46188086300000003
0.46175903046666666
0.4603330369333334
0.45986181876666676
0.45959623166666674
0.4557554388333334
0.4518551261333334
0.45203864170000013
0.45204297100000007
0.44938975416666677
0.4459211605
0.4424951766333333
0.4416069361333334
0.4414215319666667
0.440825047
0.44071529670000015
0.44038684516666665
0.4379027946666667
0.4371584884666666
0.43666096163333334
0.4365110282666666
0.4330236805666667
0.4276291215666666
0.42642178789999996
0.42731334373333324
0.42589157476666656
0.4247107841333333
0.42462135886666663
0.42369838656666664
0.4249576982666667
0.42575430596666664
