0.7131731733333333
0.6951052778333333
0.6865352129666668
0.6768800959666667
0.6688888875
0.6634372005333334
0.6778209552666667
0.7218710061000001
0.7375958874666667
0.7223491012333334
0.7142623593333333
0.7012179729
0.6845753022000001
0.6685780325999999
0.6598827307999999
0.6444902457666666
0.6339813153999999
0.6392252093333332
0.6537950923999999
0.6698113675333333
0.6692160985333333
0.6559210347666667
0.6521381978666667
0.6420899477666666
0.6351921901333332
0.628009625333333
0.6224905911333332
0.6147150695999997
0.6063212779666665
0.6098769086666667
0.6204072923666665
0.6255569248333331
0.6151570870333333
0.6056426727333333
0.5979793660666668
0.5900732529333332
0.5837115721333334
0.5801241004000001
0.5737479133000001
0.5748894218000001
0.5788244078000001
0.5813977026666667
0.5892435231333334
0.5892030768000002
0.5770720645666668
0.5698773161333333
0.5652364069666667
0.5592852824333332
0.5526502904666667
0.5458018444666667
0.5410980577333333
0.5413990804333333
0.5460449936333334
0.5511505926333334
0.5550470745666666
0.5525004889999999
0.5449513144333333
0.5412679912333334
0.5418407621333333
0.5397748581
0.5360510606333333
0.5319924381000001
0.5326427861
0.5358970265333334
0.5371977007333334
0.5388837281000001
0.5336273642666668
0.5263999977333335
0.5236794333
0.5226687459666668
0.5205994592666667
0.5172274870000001
0.5119439199666668
0.5108097715000002
0.5153971055000001
0.5210417252000001
0.5240094700333334
0.5213783689666667
0.5160526981999999
0.5105891307333333
0.5092108273333333
0.5094118020666667
0.5056796225333334
0.49765554543333335
0.4920886334333333
0.4930642826666667
0.49640675296666664
0.49897405359999997
0.49829779353333337
0.4931734281333334
0.4887620340666667
0.48735202403333333
0.48912752026666667
0.4889952882666666
0.4848078369333333
0.47813454879999984
0.4784413226999999
0.4794209604999999
0.4789505445666666
0.47824961833333324
0.4728778173333331
0.4675918943999999
0.4645922286999999
0.46436882316666656
0.4651782889999999
0.4654296232999999
0.46122660113333325
0.4605365387666666
0.46232154993333335
0.46337664089999997
0.4622437298
0.45832137656666666
0.4539285909000001
0.4529202821333334
0.4520190783666667
0.45089184153333334
0.45055447783333336
0.4470632954333334
0.44313477763333337
0.4437814679
0.44706247523333337
0.44574158993333335
0.4426754428
0.4385024207666666
0.4369919714
0.43793662019999996
0.4384584608666666
0.43871050066666667
0.43930448603333333
0.43536162016666663
0.43377528846666663
0.4347658758333333
0.4362860948333333
0.4343083844
0.4297352533000001
0.42609243860000007
0.42603275790000006
0.4268490465666667
0.42730562436666675
0.4276843929000001
0.4264783232666668
0.4262832248333334
0.4267980977666667
