0.9866677804
0.8580445886
0.5402399802
0.39105063619999997
0.38812984879999995
0.3611942974
0.4890576066
0.7939927395999999
0.9411701592
0.9372697118
0.9749215102
0.957146041
0.8701952551999999
0.727486246
0.5956443659999999
0.52707843
0.5229540446
0.5428305994
0.6391913966
0.7266751186
0.7608643918
0.7493151514
0.7927022318000001
0.7930032102000001
0.7444997066000001
0.6423561184
0.5786717666
0.5548272196
0.540080625
0.5928974968
0.6802185438
0.7319670154000001
0.7461647758000001
0.7450329532
0.7025627562000001
0.6624574478
0.6322830178000001
0.5742534664
0.5457470498
0.5676599558
0.5685687615999999
0.5709035024
0.6222857118
0.6744543598
0.6922841598
0.709484243
0.6894932236000001
0.6464735758
0.5904161316000001
0.5647507806000001
0.5560768322
0.5669219122
0.5822719698000001
0.589079813
0.5954110069999999
0.6102673121999999
0.6161306024
0.5805969174000001
0.5642968898
0.5431774098
0.5249765596
0.5372394922
0.5843512975999999
0.5976621822
0.6028442524
0.622761997
0.6280034734000001
0.6242475138
0.6127023466000001
0.566309975
0.5091538538
0.46873026900000003
0.46139304719999996
0.4931799224000001
0.5369319706000001
0.5597638060000001
0.576780235
0.5825590996
0.5919341969999999
0.6006739917999999
0.592771735
0.5592626908
0.5254100954
0.4972850926
0.5014385218
0.5139748442000001
0.5269350156
0.5247797613999999
0.5224218372
0.5087786534000001
0.5114193140000001
0.5021702148
0.4898723332
0.4722596178
0.4618674242
0.4720238006
0.5013602644
0.5357399554
0.5468910308
0.546373222
0.532769039
0.5257692574
0.509635502
0.5001168412
0.4765226772
0.457250673
0.4406759718
0.44558677820000003
0.44111707200000005
0.46267886360000005
0.48306699799999997
0.498940975
0.5052473874000001
0.5223985200000001
0.5127563908
0.4963911328
0.4827122724
0.4723805542
0.4657749165999999
0.46209215419999994
0.4628148998
0.4618415304
0.45877587240000006
0.4583821144
0.46547662619999997
0.46618910420000004
0.4656549502
0.4591987598
0.46436792000000005
0.4719868218
0.4661057832
0.4507550172
0.4559337438
0.4526424842
0.4420824282
0.442322699
0.4372784082000001
0.41974886040000003
0.40698822760000003
0.4076038004
0.42534729360000006
0.4593352116
0.4684948424
0.46297509400000003
0.4629900194
0.44947804620000004
0.4214734074
0.4133748841999999
0.4096152195999999
0.3995019208
0.3990862656
0.41045328740000003
0.42754068959999997
0.44573212560000003
0.4432517774
0.4406108432
0.440670438
0.4339731492
0.4201889324
0.41034478319999995
0.40168557979999997
0.3946693098
0.3922170228
0.4027651056
0.424035852
0.42598229100000007
0.42314453539999997
0.4189252476
