0.523904285
0.45460102839999994
0.39511464209999997
0.3572922737
0.3476889708
0.41148882889999994
0.3939175734
0.3395404758
0.3014343882
0.30040825540000005
0.28443776530000003
0.260441656
0.23711914750000002
0.1983311815
0.15642689450000002
0.14096160929999998
0.142203859
0.16317003630000002
0.1650618621
0.166242424
0.17659537100000003
0.1734130929
0.16232294070000003
0.1544684684
0.16021581219999997
0.1522053343
0.15310660989999997
0.1511612277
0.15303343190000002
0.1635705644
0.1603449562
0.1599980192
0.1512077666
0.1417759891
0.12036061599999999
0.1005753806
0.0742777198
0.06914275169999999
0.09369373410000001
0.09769500759999998
0.1037956297
0.10278934400000002
0.10775727410000002
0.10657501729999999
0.1106925624
0.1181722097
0.1185641784
0.11052698000000001
0.0840229908
0.0765172902
0.0795005974
0.0834848408
0.0830387076
0.08122593649999998
0.07412578040000001
0.0625087416
0.063028451
0.0669851853
0.0671901474
0.06757090800000001
0.07355805769999998
0.0894243149
0.08967361979999999
0.0930707926
0.09424940909999999
0.09560489069999999
0.08611122559999998
0.0733286464
0.07509018619999999
0.0704394078
0.0603885177
0.046399396
0.054079610300000004
0.0695355931
0.0827836823
0.0838373889
0.0872077263
0.0894521613
0.08146288110000001
0.08315921000000001
0.0835955785
0.075166786
0.06953380470000001
0.0530695538
0.0461616343
0.04850415079999999
0.0478781051
0.04587896199999999
0.048008885700000004
0.0389188695
0.041124471800000006
0.052247810699999994
0.05282264510000001
0.049398893400000005
0.0430876229
0.0407656994
0.044212844200000004
0.0486892295
0.04876550810000001
0.053292085899999994
0.047694793400000005
0.0382808885
0.0365693488
0.037768224
0.038729217
0.039560574800000005
0.038355805900000005
0.033052551400000005
0.0315274393
0.032712901
0.0350317864
0.038363638799999995
0.0351907151
0.0332882797
0.0301460186
0.026115142800000008
0.021849761600000003
0.025980715600000003
0.026694329200000005
0.022852661899999998
0.0216595652
0.0198689801
0.0245538577
0.028837887
0.032062515
0.0314754134
0.0317206872
0.032766903
0.0340985751
0.037559601
0.0351895575
0.0320963824
0.029974304599999994
0.0266360267
0.027346393000000004
0.0301601589
0.0293938814
0.022464477500000003
0.017049848200000002
0.014590545600000001
0.0185271994
0.024974193800000002
0.0232085482
0.024329705200000003
0.023444256000000004
0.023802874499999998
0.025261971799999998
0.028832765800000004
0.0308183832
0.031660343699999996
0.0297732149
0.0254335689
0.028956747699999997
0.028693209000000004
0.026764496600000003
0.0269879528
0.029484587200000002
0.028210759600000003
0.028757818100000006
0.025852281300000002
0.024213562799999998
0.024285470400000002
0.0218364973
