0.5116828898666667
0.46748910066666666
0.40393031246666666
0.34246716986666664
0.29686052366666665
0.3015376962666666
0.2718177378666667
0.24391919780000001
0.22890472573333337
0.23948889013333335
0.25638777273333335
0.2592243210666667
0.24930057526666669
0.2143135621333333
0.17589615913333334
0.14494205766666665
0.12481475086666667
0.12577417440000002
0.1309274458666667
0.14602726133333335
0.16823281873333334
0.18766762366666667
0.1919952954
0.1841150624
0.1806586057333333
0.15786428893333332
0.13667752433333336
0.11779932793333334
0.11540353053333335
0.11543938933333335
0.11755282513333334
0.12157737493333336
0.12987516940000002
0.1435985728666667
0.13897806933333337
0.12559115253333333
0.10313268040000002
0.08886335886666667
0.08443125413333336
0.080187388
0.08943766080000001
0.0939548144
0.10275464500000002
0.105096574
0.10974918546666666
0.11154129706666667
0.10927076106666665
0.09812732946666668
0.07611938906666667
0.06447456986666668
0.06191306873333333
0.0674475524
0.07557325246666666
0.07883999406666665
0.08100141586666668
0.08179852906666667
0.08984418540000001
0.08422508933333334
0.08215125693333333
0.07629598246666668
0.07264926426666668
0.06919847559999999
0.06909987833333332
0.07474949386666666
0.07854383413333332
0.08038504646666665
0.07875814873333331
0.07562137266666667
0.08371488740000001
0.08643783200000002
0.07950215173333333
0.06772074986666668
0.06895223933333333
0.06701088620000001
0.07115036806666666
0.07237883833333333
0.07146185566666667
0.0730914782
0.0690344658
0.07025264966666667
0.07157924046666667
0.06870655593333333
0.06348514046666667
0.05265974793333334
0.041907159533333335
0.04390356026666667
0.04815524526666667
0.048671800733333326
0.047658474000000006
0.043538258266666664
0.04302598773333334
0.048070594733333326
0.049588757000000004
0.049790384133333344
0.04666079393333333
0.04336398866666667
0.04175710086666667
0.04246539193333333
0.040831366200000004
0.04341182326666666
0.04198338973333334
0.0388092582
0.036408694533333334
0.037876081400000004
0.03974431266666667
0.03954138
0.037857630600000004
0.033466382333333336
0.03051321393333333
0.02798111173333333
0.027596956
0.027855173599999998
0.029349605733333332
0.030493484866666667
0.029159942600000002
0.027607373600000006
0.025533080066666672
0.027800586533333338
0.02872017906666667
0.027547521066666667
0.025226040666666668
0.023426539200000002
0.027733731
0.0310336818
0.03410233086666667
0.0336569834
0.032364160600000004
0.030462979200000004
0.028681310733333333
0.0305433418
0.030893103133333332
0.0297764734
0.026340810866666665
0.023174989266666664
0.02245435126666667
0.025024840733333335
0.027866498333333333
0.024090742666666668
0.0221687308
0.021133111800000003
0.023301981133333333
0.025220199666666672
0.025579785000000004
0.025963226933333337
0.025330318400000003
0.024766878066666668
0.02522629
0.028418922800000003
0.029930971333333334
0.029249079133333335
0.0289424834
0.028227128599999998
0.0289145926
0.028915302200000003
0.026935668600000004
0.025040670266666665
0.02457528906666667
0.0237547438
