0.39028917144999997
0.34312061485
0.3018428409
0.26310970024999997
0.2387310291
0.2687947155
0.26135541225000003
0.24193098365000001
0.22291316419999996
0.22701007019999997
0.22527462434999998
0.21145283305
0.19130119060000003
0.1696934296
0.15430402475000002
0.14571952625
0.15259612225
0.16253135365
0.163601351
0.16389129245
0.16984758395
0.17050085025
0.1613267398
0.15121046490000004
0.14213784445000005
0.12919981935000005
0.11699415585000003
0.11616129814999998
0.13276506544999997
0.13927909049999998
0.13736345275
0.13734054024999998
0.13851388434999998
0.13283783845
0.12124977029999999
0.11190080999999999
0.09848751019999999
0.094561567
0.0939802466
0.09579434955
0.10054983370000001
0.10105158195000001
0.09996485625000001
0.10103114900000001
0.09971388716299999
0.09578775626299998
0.09368903341299999
0.09029672041299999
0.07707674271299998
0.07523727801299998
0.086254401013
0.09670015301299999
0.09631176246299998
0.09441594771299999
0.090300648613
0.08635031621300002
0.07960996576299999
0.074424442113
0.074058772413
0.071399466013
0.06979440351300001
0.06922031001299998
0.07743146191300002
0.08612169941299999
0.0917358475
0.09175278975
0.08957434795000001
0.08334924120000001
0.07870270460000003
0.07506697640000003
0.06901116555000002
0.05914537909999999
0.06146264259999999
0.06253519984999999
0.06734008354999999
0.06753276494999999
0.06768399419999999
0.06527140919999999
0.061374430049999984
0.0557721126
0.05661115715
0.06007779944999998
0.059090269449999996
0.05001581345
0.0462152265
0.04867644605
0.049886519950000006
0.05281058220000001
0.052687045200000004
0.048881598050000016
0.044523379800000006
0.0435116997
0.04318722980000001
0.042604455050000004
0.0404528385
0.041373276800000004
0.043526119200000005
0.04396187445
0.04435455680000001
0.047633701900000006
0.046211313950000006
0.04150130765
0.036040991800000005
0.0363499173
0.0358081919
0.033624262349999996
0.03061500275
0.029619001849999993
0.03019121465
0.030042074699999997
0.031024568499999995
0.0317423563
0.03095933535
0.0326967605
0.032771447100000003
0.03171988165
0.031183128249999997
0.03437589415
0.0356554144
0.03527175165
0.032847572549999995
0.030818565349999993
0.031085184149999993
0.03089368615
0.031696999499999996
0.0316489222
0.03280409375
0.031966195399999994
0.031707029899999996
0.033214983249999996
0.035063018249999994
0.0361155798
0.0345648406
0.031357153299999996
0.0292061844
0.03025875845
0.0297623548
0.028624262749999997
0.027316562300000003
0.026413397050000002
0.028748986500000007
0.03051206905
0.03219536225
0.03199885665
0.030426731549999995
0.031061052649999997
0.031025489649999998
0.03149898695
0.0304821392
0.029520764900000003
0.027351288399999996
0.0255789488
0.025962968200000002
