0.40417102514999986
0.3575213422
0.3161168948
0.27781172759999995
0.25205793265
0.2762252191
0.2680607162
0.25135525605000003
0.23324812514999999
0.2333253397
0.23051656815000002
0.21692737445000004
0.19972104410000002
0.17639982494999998
0.15832135335000003
0.1465834718
0.14765523444999998
0.15716563199999997
0.15904764700000001
0.1649064942
0.1684701636
0.16670555605
0.15676535365
0.14812222874999997
0.14028821409999997
0.12639035745
0.11369216485
0.1101519897
0.12336358300000003
0.13063278600000003
0.13207029295000003
0.13139368160000003
0.12948252035000002
0.12417550320000001
0.1155265892
0.10937379514999998
0.09642094910000001
0.08983486584999999
0.08885836245
0.08710614889999999
0.09164811355000001
0.0931370924
0.09539799085000002
0.0939004769
0.0924091714
0.09034047565
0.09079631469999999
0.08875608265
0.07560656909999999
0.07204409910000001
0.07652932755
0.08645457785
0.0863561637
0.08714836455
0.08418759475000001
0.07905681615000001
0.07456983830000001
0.07015691585
0.0711401668
0.0690051579
0.0669732877
0.06791185544999997
0.07187661504999998
0.08130319284999998
0.08851654569999998
0.08972113979999999
0.08665947595
0.08139040385000001
0.07827653365000001
0.0767993089
0.0719920481
0.060783091
0.0618067075
0.06130257345000001
0.06447265830000001
0.06617076985
0.06754291570000001
0.06766556165000001
0.0647358834
0.06103903975
0.06236002515000001
0.06370729835
0.06117822489999999
0.0512342236
0.04462462860000001
0.04463492510000001
0.04604547465
0.04728409574999999
0.048387196900000005
0.0461054777
0.04440963260000001
0.045264349599999996
0.044695996950000004
0.04358355870000001
0.04090841995
0.0401631371
0.04128432505
0.04087089045
0.040146473700000004
0.04300249345
0.0413632899
0.03832226365
0.03588003195
0.035528251850000005
0.0344376178
0.0328378588
0.03010278375
0.0295166335
0.029110884249999996
0.02778278145
0.028345675799999998
0.029116309449999996
0.029872286400000003
0.031063083350000003
0.031104266800000002
0.0287952781
0.0267852244
0.029373809300000005
0.030396452150000003
0.03020613145
0.02842456135
0.02598268125
0.02726408115
0.02773695685
0.029704454
0.030817786150000005
0.030557284300000005
0.02761569025
0.025574211649999994
0.026075073299999994
0.026858378449999998
0.028535288099999993
0.0265914264
0.02548286595
0.025395324500000004
0.026981516700000003
0.027327926599999997
0.02564862165
0.0239341157
0.023125444650000004
0.024150207150000002
0.025203881350000006
0.026082647950000003
0.026511457100000003
0.0251043763
0.025395413649999997
0.027373279500000004
0.0285217627
0.02978810065
0.0287563125
0.02699338885
0.024859519650000002
0.0253966225
