0.4067452223000001
0.3604418938500001
0.3205771686
0.28163309850000007
0.25561518375000003
0.2773204156
0.27277403590000004
0.25518295344999997
0.23536667925
0.23478279064999996
0.23248340484999996
0.22002670914999997
0.20256070994999997
0.17980248905
0.16329358015
0.15360191485000002
0.15928879815000002
0.1685380757
0.17092624419999997
0.17427322794999997
0.1783078399
0.17734108439999996
0.16808306984999996
0.16013035934999997
0.15185732929999995
0.13954940509999997
0.12417255459999998
0.1235012298
0.1374986427
0.14616262070000002
0.14503553160000002
0.14309874360000002
0.14251754225000002
0.1368134959
0.12766822005000003
0.12012536380000001
0.10444995894999998
0.0981578518
0.09632118034999998
0.09627573375
0.10176169494999998
0.10205548509999998
0.10177613629999997
0.10142962534999997
0.10175904109999998
0.0970290054
0.09697621585
0.09372318705000002
0.08057873655
0.0746020785
0.08242839285
0.09469288685
0.09440990085
0.0933785793
0.09087929955
0.08813054000000001
0.08556743850000001
0.08218403730000001
0.08255238500000002
0.0776766796
0.07383429075
0.07398060245000002
0.08069692115
0.0908672251
0.0967630171
0.09926845825
0.09628887635
0.089892689
0.08689675874999998
0.08706216825
0.08359066694999999
0.07148976384999998
0.07111097675
0.07248476279999999
0.07405825475
0.072294865
0.0719823822
0.07185072969999999
0.06931177399999999
0.06857774365
0.0698313072
0.07277675374999999
0.06893124665
0.057968583350000005
0.052833151099999996
0.05392868495000001
0.056309811099999996
0.057514132649999994
0.057273565849999986
0.05375221069999999
0.0487849171
0.0489691419
0.04962713999999999
0.049303196849999995
0.046439283
0.04679313145
0.04991909855
0.049396611949999995
0.04868663484999999
0.04900395174999999
0.04804276705
0.0459680751
0.04443189855
0.04381668815
0.04234898095
0.039549510499999996
0.034403511149999996
0.0340364153
0.03497972749999999
0.0352390054
0.03548751445
0.0353645898
0.03454032135
0.035309062200000005
0.037448566
0.0364284688
0.03378220985000001
0.0347638866
0.03734180275
0.03687978365
0.0347234937
0.03176169215000001
0.030866799150000006
0.03216180055
0.033100215249999995
0.03429332065
0.0352067909
0.0343519012
0.032474080599999997
0.0322811292
0.0351046816
0.0356456621
0.035030351499999994
0.03299829380000001
0.0315446854
0.03227666855
0.033466283599999994
0.03370678579999999
0.0314673604
0.03115433635
0.0324464452
0.033084349299999996
0.03422819325
0.03268370385
0.0312909725
0.03214735365
0.03386397635
0.03409757715
0.03546657729999999
0.03379496159999999
0.03093227684999999
0.029683234999999992
0.03060011984999999
