0.3526359622
0.32772349052000005
0.29602712600000003
0.25829635539999996
0.23293606067999995
0.24404997455999997
0.22409223668
0.20040182712
0.19057269967999996
0.20356589595999997
0.21242218339999996
0.21667466016000003
0.20932798332000005
0.18941459844
0.16959189039999997
0.15083237704
0.14273027876
0.14138955044
0.13813883444000002
0.13476556172
0.14376448052000002
0.14682232332000003
0.14748189180000001
0.15402064756000003
0.15337450980000003
0.13890496436000002
0.12488033908000001
0.11766814767999997
0.11851243907999998
0.11895765603999997
0.12172313191999999
0.12630240187999997
0.13193628443999997
0.12884405204
0.12278415023999999
0.11469662299999998
0.10149464652
0.09133635251999998
0.08808267283999997
0.0834236374904
0.08451661837040002
0.08537286985040002
0.09065787629040001
0.0947136698104
0.09985405665039998
0.10454862969039996
0.10864513681039996
0.10178851913039999
0.08783314489039999
0.0797749025304
0.08091262269039999
0.0801179422904
0.08066473065039999
0.0818207992104
0.0829039068104
0.08101149781040001
0.07808088637039999
0.0776322684504
0.0817958350904
0.0801768358504
0.07747898321040002
0.07619108265039999
0.07736538425040002
0.0768509142904
0.08013652804000002
0.08312735712000001
0.08101021336
0.07872125688000002
0.07619991060000002
0.07345714696000001
0.06593531384000001
0.056905015239999995
0.055832448039999996
0.05538758507999999
0.05528107799999999
0.05722017055999999
0.062455153319999984
0.06536493031999999
0.06256146791999999
0.06002944424
0.06058461723999999
0.060724050599999975
0.05766868047999999
0.05010319092
0.04585312848
0.045343829159999995
0.044160094760000004
0.04659164776
0.04732131096
0.04576583664000001
0.04382500284000001
0.04440960732000001
0.041831833520000014
0.04084307064
0.039515972680000004
0.04016300976
0.04150900408
0.041980596400000014
0.042541857720000006
0.044058307680000006
0.042195101400000004
0.03715381323999999
0.034091666400000005
0.03424351188
0.03291460704
0.031222327119999997
0.029644763839999998
0.029110650279999994
0.031329083199999996
0.03287771588
0.03358220431999999
0.03454675016
0.034782765
0.03528383812
0.035371103200000004
0.03334244636
0.031342960999999996
0.03167924416
0.0317731612
0.03130894576
0.030545187999999997
0.030196042119999995
0.030831829279999994
0.030529201959999995
0.030840040119999995
0.03237333183999999
0.03404522547999999
0.03306732127999999
0.03226183411999999
0.03220900363999999
0.03296955627999999
0.032962748959999996
0.03291470692
0.030979679559999994
0.03028466316
0.03096573024
0.03080611364
0.029934818639999996
0.028847915
0.02743292968
0.02911597208
0.030361581559999996
0.031162871519999996
0.030199964399999998
0.029099052439999995
0.028935224799999996
0.02826510952
0.028264739520000002
