0.36339437763999993
0.3373750039999999
0.30762620199999996
0.27150504676
0.24461328379999997
0.25156076615999995
0.23245587988
0.21128069496000004
0.19913022280000003
0.20777965896000006
0.21471479736000007
0.2167772366000001
0.21004483624000006
0.18980151004
0.17096592124
0.15110321708
0.13888805819999997
0.13594761128
0.13526686316
0.1357606032
0.14116984348
0.14231166212
0.14285427792
0.14794653108
0.14747316647999997
0.13623682524
0.1231222522
0.11378250640000001
0.11187212524000004
0.11354065856000002
0.11780057896000001
0.12037209632
0.12213589364
0.11976834004
0.11399375768
0.10715493048
0.09527354456
0.08653349835999999
0.08314912708000001
0.07776274495999999
0.07866609312
0.08158426903999999
0.08844686112
0.08993400336
0.09287787448
0.09634800131999999
0.10133218259999997
0.0947458456
0.08289995048
0.07638450556000001
0.07538979752000001
0.07491302168000001
0.07467541004
0.07734007092
0.07677661264
0.07323452452
0.07246626964
0.07216689772
0.07710499139999999
0.0788910624
0.07712451411999999
0.07640217587999999
0.07724079151999999
0.07743484876
0.08038998448
0.08166925927999999
0.07732160364
0.07318634548000001
0.07145675396000001
0.07032735292000002
0.06710295136
0.05978369196000001
0.05972292840000001
0.05941008600000001
0.058257768640000006
0.05987709172000002
0.06377623768000001
0.06498394496
0.06118023684000001
0.05938663896
0.05925382404000001
0.05890907124
0.05756677607999999
0.051102052
0.04646113008
0.04542005352
0.044205502560000005
0.043830819959999996
0.04370237400000001
0.04161464176
0.041639822560000005
0.04418467919999999
0.04297427476
0.04248520620000001
0.041081636760000005
0.04003110776
0.040399716040000005
0.0395555212
0.0378141316
0.0381055014
0.035636090960000005
0.03202545956
0.03223750296
0.03340338052
0.03298765236
0.032388654079999996
0.030662170399999997
0.02990137248
0.02984308316
0.029613673040000003
0.029148338960000002
0.029401379039999998
0.03071652464
0.03193552096
0.03251980596
0.030640247160000002
0.028158401000000003
0.028670073760000005
0.027886518120000002
0.027467069840000004
0.027199687960000003
0.02581347608
0.0256260296
0.02544014836
0.026297616760000003
0.027605069800000003
0.029408173880000003
0.027561206800000005
0.02694066852
0.02770370748
0.02805701168
0.02797067276
0.027337592840000004
0.026232346839999997
0.026136748240000004
0.026924190399999996
0.02689332655999999
0.02603714468
0.024778522079999997
0.023385665720000004
0.024776369799999996
0.026925954680000003
0.02663217484
0.027081063399999997
0.025539103559999998
0.02454555196
0.02484996216
0.025785952600000002
