0.688000949
0.5931958036
0.5124116954
0.39982912019999994
0.25664002259999996
0.3191513754
0.2746498512
0.23680437320000003
0.27408978
0.4006133808
0.47923281199999995
0.47298881179999996
0.39651450199999994
0.29266758819999994
0.19239428220000002
0.07477154940000001
0.031647992800000004
0.061640793000000006
0.08585231260000001
0.1052764308
0.20202312520000004
0.2661349932
0.27276426639999996
0.239042976
0.20975618700000004
0.1450710108
0.07503953440000001
0.034285201
0.061210841599999996
0.10978919899999999
0.1610124196
0.23756196859999998
0.2814351542
0.26829927379999996
0.23074335299999998
0.1712837802
0.1032669048
0.056822337599999995
0.0362887682
0.0182626388
0.0394320668
0.05210821560000001
0.0921024998
0.1652613782
0.19832117119999998
0.17772554439999996
0.156425072
0.12369554579999997
0.06150193359999999
0.0376719182
0.0591618486
0.08214984839999999
0.10562588479999999
0.1128689064
0.12892167
0.12587987500000003
0.11352319179999999
0.0784354946
0.0644923778
0.033940789251999996
0.020383757051999997
0.022658021452
0.053429956451999994
0.069443753052
0.10041473459999999
0.1395921234
0.1684695504
0.14775571399999998
0.1308587536
0.0979254006
0.05954550940000001
0.0137890994
0.018076603399999995
0.0314402052
0.0533169396
0.059656224199999996
0.07196456879999999
0.0904635738
0.11274408579999999
0.11528631520000002
0.10821730199999999
0.10407417319999998
0.07710107360000001
0.0397677738
0.0337392502
0.0486256266
0.046753674999999995
0.0602093196
0.0661887346
0.0670178292
0.053631907
0.0479435598
0.0333116698
0.026797125999999998
0.0070450558
0.015969793
0.0415397898
0.0657390148
0.06730961939999999
0.07705877080000001
0.0764784576
0.06330905519999999
0.0519823246
0.05045270079999999
0.0444047364
0.0320133616
0.021254394
0.021715909999999998
0.025858374
0.033302791
0.041031494999999994
0.0480012378
0.036410248400000005
0.033797533000000005
0.035768509399999995
0.035321941600000004
0.0334405436
0.0340554842
0.0352910614
0.0297567308
0.0261302512
0.019763835599999998
0.026294364800000004
0.0258178902
0.0213402676
0.0216145862
0.0257638082
0.027077244
0.0358805574
0.04422028060000001
0.0438127476
0.0457643256
0.05007648360000001
0.0456321486
0.045769727600000004
0.0398327052
0.03198229200000001
0.020892644199999998
0.0162441484
0.0154577222
0.021335649800000002
0.027705949199999996
0.029818409799999994
0.029071265199999995
0.0274122026
0.035270970400000004
0.0390097524
0.0374718248
0.034481051
0.028185085199999998
0.024595708400000003
0.0203514256
0.026314172199999996
0.0294697846
0.0345985782
0.0337936174
0.034981149
0.035177042199999994
0.0349733258
0.031511060199999996
0.030583914400000002
0.029759631600000003
0.0270329086
0.0230043954
0.023788336
0.020431913399999998
0.017223589
0.015327749800000002
