0.7239886748
0.6261971858
0.5437267513999999
0.43644969580000004
0.3040860404
0.34191640459999995
0.300974631
0.2647806164
0.2968616424
0.4061935566
0.482181364
0.4752709148
0.40238720059999994
0.29521063859999996
0.1898110622
0.0788944458
0.039324843799999995
0.071414106
0.0980104172
0.1223700758
0.20628944800000001
0.27552575399999996
0.2821498908
0.2513840188
0.22075646799999998
0.16256836160000002
0.089985324
0.05429164239999999
0.0746048816
0.12023671459999999
0.16665540399999998
0.23231927079999998
0.26629666360000004
0.2597056592
0.23372965340000001
0.17771814600000002
0.11153398879999998
0.06959408260000001
0.05482687779999999
0.032706481200000005
0.0512557088
0.0628516348
0.10382253059999999
0.16085715220000002
0.1979776336
0.18451286760000002
0.16569008000000002
0.13035689220000002
0.07186429440000001
0.046259112000000005
0.0670147328
0.07772413219999999
0.0888579018
0.097736397
0.10815970820000001
0.1042634706
0.1019560934
0.08406722060000002
0.0752606578
0.05463971059999999
0.0323249506
0.0425345578
0.0716107336
0.07745359700000001
0.08934978319999999
0.1261104174
0.15655676400000001
0.13310374740000003
0.12306366539999998
0.1113679962
0.08982332140000002
0.041222338799999994
0.0399544476
0.0544316198
0.055349228400000006
0.047078473600000004
0.055608749199999995
0.078118756
0.10852001819999998
0.13098506059999998
0.1340616206
0.13176765340000002
0.10839380499999998
0.0615717316
0.0505463878
0.0633992522
0.057360314
0.0579768984
0.0654156816
0.059352342200000005
0.044640113599999996
0.0431928122
0.0429134594
0.041739664600000004
0.033427184
0.0372242424
0.0587862354
0.06644082379999999
0.0631472556
0.06800669039999999
0.07045113160000001
0.0658998828
0.062725349
0.05879166160000001
0.0542226262
0.04282418079999999
0.027997637199999998
0.0264289278
0.0335342056
0.030100631400000005
0.036672971
0.0469926388
0.041991347199999994
0.039273416600000007
0.043685859
0.0422227848
0.0429821416
0.0465819702
0.043667468800000005
0.0413868072
0.0364781054
0.019641627000000002
0.021143416
0.023443818999999998
0.025782723999999996
0.0265761966
0.031841951800000004
0.028444552
0.034851544400000004
0.038938873799999996
0.0404367884
0.040663119
0.042885608199999994
0.047404378799999994
0.041410729599999994
0.0354028844
0.034900070799999995
0.030993620399999998
0.02294746
0.026268533599999998
0.0347574132
0.033422022
0.035083824199999995
0.0246929392
0.0225063798
0.0298216404
0.033597436599999995
0.0311583532
0.0369483972
0.0359930986
0.0291247362
0.031945605
0.0375913454
0.0412806452
0.0398493334
0.036081990999999994
0.0333723336
0.0330792502
0.027812833800000002
0.0268150782
0.033561047
0.0365405302
0.034561359800000004
0.035824433
0.0325223362
0.024961333199999998
0.016874471199999998
0.017168523999999998
