0.17527459163333337
0.1444868108666667
0.10821216203333334
0.08088935536666665
0.09396009366666665
0.08374792323333331
0.06465827533333333
0.03975115376666667
0.012674947466666668
-0.011312685733333336
-0.0021844120666666667
0.003032590566666667
0.0050638649666666655
0.004496371833333331
-0.0006754202000000003
0.003138178699999998
0.0026744252999999986
0.0003410057333333325
-0.00029251720000000013
-0.0030708834
-0.007217601833333334
-0.0004024860666666681
0.0042439914
0.004441189466666666
0.0060152588
0.009244388599999999
0.009660295999999997
0.011185064500000001
0.010802964299999999
0.0083312072
0.007352254233333335
0.0029726324666666647
0.005898174933333333
0.005035047866666666
0.005774708633333331
0.007834958199999999
0.0121328229
0.012437218499999998
0.012556447199999998
0.012528891833333331
0.010058737099999996
0.008324383199999999
0.016074669466666667
0.017155444199999998
0.017651467933333328
0.017169678499999997
0.01686940483333333
0.015140274933333328
0.019151979099999994
0.028595612033333325
0.03234129443333333
0.031828656266666665
0.028549209699999998
0.031878491300000006
0.029251445133333335
0.03537164906666666
0.0401261244
0.043779503299999994
0.05025286256666666
0.05332427026666666
0.04931331736666666
0.05265278819999998
0.05553634196666666
0.0651008499
0.07246892933333333
0.07641707993333333
0.0741122297
0.076763613
0.07714319343333333
0.0793201862
0.077122519
0.07578430453333333
0.06870701963333332
0.06978514699999999
0.07187863246666668
0.07669498633333333
0.07595370023333332
0.0797899354
0.07698969556666667
0.06847843416666667
0.06680532836666668
0.0795830279
0.08964451693333333
0.0883949045
0.09011310369999999
0.08272522546666665
0.08117087033333334
0.08275987863333333
0.07710570236666667
0.0713394358
0.07234501840000002
0.07245796003333335
0.07762843780000002
0.07621396506666668
0.07528531363333334
0.07628333296666669
0.07859263376666668
0.07282705136666667
0.07854942283333334
0.08298477220000001
0.08502860296666666
0.0887896923
0.08829217743333334
0.08720485516666666
0.09395956406666667
0.09911918626666666
0.10778897103333332
0.11617979603333331
0.1171422430333333
0.11554917509999998
0.11416381693333331
0.10075008153333329
0.09197810996666664
0.09384889376666662
0.09257376069999997
0.08995689766666665
0.0928978997
0.08860143513333332
0.08921851249999999
0.08963777086666666
0.09023202883333331
0.0861425614
0.08171617716666664
0.07696617216666665
0.07034368299999999
0.06539575426666668
0.06124262716666667
0.06600642193333334
0.06592664590000001
0.06458303046666668
0.07135518626666668
0.07777408900000002
0.08317776713333336
0.08435034146666669
0.07793059389999998
0.0700589355
0.06260708136666666
0.053195454100000004
0.05354440856666667
0.05351211413333334
0.05275167000000001
0.05080543496666667
0.04844575123333333
0.04438678946666666
0.04479989793333334
0.047639229500000005
0.041966578100000006
0.040761243733333334
0.039612527566666667
0.039246565500000004
0.04050936803333334
0.046482405666666664
0.050695012000000005
0.05395519533333334
0.059666892400000004
0.06511753093333333
0.06483180250000001
0.06594262276666667
0.06892949786666666
0.06682785316666666
0.06723383863333333
0.06426927866666667
0.05419231163333334
0.06739091393333334
0.0788841776
0.0856773627
0.0925391872
0.10007571043333334
0.10078565003333333
0.09738151043333333
0.09784952373333335
0.1006989279
