0.6280165448
0.5743315609999999
0.5418073832
0.553013136
0.7524468046
0.6430631216
0.548879653
0.4454294132
0.3337414458
0.2823387006
0.298761887
0.3144593282
0.33551928840000006
0.36214623160000003
0.35031510379999997
0.4336410592
0.39608811120000004
0.383255579
0.364296458
0.34214237020000005
0.282201044
0.3343980418
0.3259839222
0.32466917659999994
0.343940715
0.39828084499999994
0.41303438439999995
0.38941605320000006
0.3898571736
0.37523428400000003
0.3517461388
0.3230572936
0.36020524859999997
0.373536545
0.383159116
0.4128348592
0.4287600516
0.40931967720000006
0.39348648500000005
0.33363848760000003
0.308633492
0.2817222138
0.2878134468
0.2999612304
0.360278958
0.378338359
0.4095572488
0.43592656220000003
0.41821740180000005
0.41540756700000003
0.41932652060000003
0.41098382079999995
0.40658434860000003
0.3961421376
0.37438105099999996
0.3620435274
0.3419999646
0.3439754668
0.34495168779999996
0.361555636
0.358560188
0.4047540531999999
0.3983500964
0.42762664920000004
0.4307049858
0.4312568218
0.38598481279999997
0.39092667059999997
0.3696283442
0.3619987274
0.3442647404
0.3486582176
0.3275448172
0.35270051599999996
0.38696001879999997
0.4159708956
0.4472598931999999
0.4544482702
0.436758314
0.3648741586
0.381930973
0.3852501778
0.4045653617999999
0.4371344958000001
0.4618804632000001
0.417295327
0.4126957806
0.4017061494
0.414715245
0.45652300120000006
0.4524927054
0.396911357
0.38317447279999994
0.34162297859999996
0.302258599
0.30864783040000004
0.3041318116
0.30737857180000006
0.30405837080000003
0.3045185876
0.3372502816
0.33544634259999995
0.3110531688
0.3246545378
0.3349927146
0.3128975142
0.41399440099999996
0.4873832448
0.4675823308
0.4699462231999999
0.47042525560000004
0.42171505100000006
0.40276470900000005
0.38735722100000003
0.3799261378
0.3843950538
0.37252684659999996
0.3867011604
0.4518272876
0.4850665372000001
0.5022978212000001
0.5224195076
0.4331694005999999
0.413333055
0.4179201892
0.37531858919999994
0.36317988459999995
0.40985578280000007
0.3891476822
0.3883751220000001
0.4372569438
0.4595905162
0.4887332932
0.48475403139999995
0.4371424492
0.41818430919999994
0.40499031360000004
0.389939605
0.40361508399999996
0.3799574252
0.33814272200000006
0.3419935302
0.336166089
0.33227119
0.37308790059999997
0.3976091704
0.3513314778
0.3566490724
0.3644667242
0.35675820719999995
0.37638644479999994
0.3874665578
0.3920679538
0.38636401179999996
0.39847761039999996
0.3970952732
0.39694161499999997
0.3851302198
0.392828928
0.4015812694
0.39168645500000004
0.4027412186
0.4064914098
0.41382088440000003
0.38929851800000004
0.400266404
0.40579276000000003
0.4096142572
0.34738533460000004
0.33935494039999997
0.31645255819999996
0.318781833
0.314874443
0.35742986420000006
0.3737877340000001
0.3844502416
0.37648504120000004
0.38569128340000003
0.4133181309999999
0.4374135731999999
0.46182241479999997
0.44434791139999996
0.4066252618
0.39438015179999997
0.3925219122
0.3902864958
0.4241362464000001
0.38728567720000007
0.42564078419999996
0.44417836260000004
0.4620875334
0.4860359678
0.5775233669999998
0.5339139144
0.4480008896
0.42042893719999996
0.39217277419999996
