0.6158975769999999
0.5868129302
0.5629737456666668
0.5515100362
0.6006816523333334
0.5974480238666667
0.5627181410666667
0.5442891125333333
0.5232676615333333
0.5094655842666667
0.5243305958666666
0.5327518326
0.5306108812666667
0.5378582261999999
0.5330431814
0.5630885033999999
0.5711670788000001
0.5503110238666665
0.5447199430666667
0.5451347522
0.5382169531333332
0.5551395340666667
0.5539383846666667
0.5580609103333334
0.5612996132666667
0.5873228134666667
0.5846087046000001
0.5788348534000001
0.5793746547333333
0.5540944950666665
0.5579641116
0.5408966227333333
0.5509137748666666
0.5535571878666665
0.5558825804000002
0.5660410090666667
0.5722483164
0.5752562659333333
0.5628545380000001
0.5622581266666666
0.5624972900666666
0.562912758
0.5796931123333332
0.5671020243333333
0.5825904770666667
0.5807352466
0.5844277014
0.5982604626000001
0.585784741
0.5807842658000001
0.5762069921999999
0.5831048054
0.5819408905333333
0.5935994455333334
0.5915376518666665
0.5848491345333332
0.5801006416666666
0.5710469412000001
0.5739977786666667
0.5827264233333335
0.5728744591333332
0.5784261101333336
0.5695516769333334
0.5798944908000002
0.5886230614666668
0.5916813976
0.5919251650666666
0.5888589035333334
0.5829446684
0.5630369342666666
0.5721880082666667
0.5863909093333334
0.5942007342666666
0.6123664596666668
0.5968728579333333
0.5973413347333334
0.6070572624
0.6107063214666667
0.6247239404666668
0.6205679737333334
0.6027707675333335
0.5738422276
0.5728078350666668
0.5788973188666666
0.5880665160666666
0.5751048787999999
0.5452541810666667
0.5375268872666668
0.5281134948
0.5395558119333335
0.5542107502
0.5255463732000001
0.5085197843333333
0.4993429700666666
0.4954727178
0.5076151468666666
0.5408862878666667
0.5538343070666668
0.5413625428000001
0.5554096789333334
0.5609446282666667
0.5821381394666667
0.5900794120666667
0.5742576188
0.5775774904666666
0.5738224092666666
0.5906467895333333
0.6162459489333334
0.6216080230000001
0.6239502501333334
0.6311419428
0.6270214159333333
0.5938381643999999
0.6040376061333332
0.606266583
0.5943245046666666
0.5967295048000001
0.5871813666666666
0.5998445034666667
0.6042387102000001
0.6037865777333333
0.6150492731333334
0.6104676417333333
0.5914123721333334
0.5777673196666666
0.5721604022
0.5692223952000001
0.5956037559333333
0.5952534501333333
0.5678607981333333
0.5646798988666667
0.5619499301333334
0.5669716338
0.5724679599333332
0.5650178511333334
0.5531327958666667
0.5342672303333333
0.5284928862666668
0.5429599423333334
0.5478872968666667
0.5523332357333334
0.5349225843333334
0.5393148111333333
0.5342298194
0.5511206984
0.5641663772666666
0.5436850302666667
0.5396668929999999
0.5433623944
0.5525941052000001
0.5597740940666667
0.5687549382666666
0.5682935234
0.5704939633999999
0.5721312284
0.5720955501333334
0.5826874400666667
0.5814981068666666
0.5627513712666666
0.563985571
0.5585294164666667
0.5769302333333334
0.5828007273333334
0.5766893556666667
0.5695378074
0.5686148554
0.5620447673333334
0.5611540467333334
0.5607918131999999
0.5681993807333332
0.5700161437333333
0.5632029949333333
0.5401942192666667
0.5595797602
0.5712058309333333
0.5794254542666667
0.5822610553333333
0.5518866906
0.5638036802
0.5683605312666666
0.5803279082666667
0.5994509834666667
0.6107422804
0.6051980928666667
0.5782540622000002
0.5806043425333333
0.588490505
