0.6258876145333333
0.5994104295333333
0.5773904491999999
0.5670928907999999
0.6166022701333332
0.6129258432666667
0.5782841622666666
0.5627042741333333
0.5435038177333333
0.5308252642666668
0.5452966383333333
0.5528367746666666
0.5505842174666667
0.5596990660666668
0.5549177321333334
0.5849845549333335
0.5916549143333333
0.5699840157333333
0.5653353188000001
0.5672032455333333
0.5604315448666667
0.5776634516666667
0.5748230179333333
0.5800028477333332
0.5837506486000001
0.6108572844
0.6067323666
0.5995281208000001
0.6006993918666667
0.57526076
0.5814690909333334
0.5638245856000001
0.5734360238666666
0.5756477774000001
0.5779282847333334
0.5892152660666666
0.5957923642
0.5979965174666667
0.5834636653333334
0.5833213274666667
0.5840906233333333
0.5850182856
0.6031278398000001
0.5878248285333335
0.6039421848000001
0.6018499944
0.6058647799333332
0.6206973211333332
0.6068736893333334
0.6009308509333333
0.5967212368666668
0.6043312514
0.6036027383333333
0.6157387673999999
0.6126799463333333
0.6053576622666667
0.6021316006
0.5922262724666666
0.5948987347333332
0.6038803323333333
0.5920588764666667
0.5995331194000001
0.5912887184666666
0.6024838754000001
0.6115345716666668
0.6127796748666667
0.6134405729333333
0.6110314292000001
0.6056007485333333
0.5849098155333333
0.5939231630666666
0.6070062933333332
0.6150219708666668
0.6344771922666667
0.6183961594666667
0.6201405502
0.628416568
0.6311610929333331
0.6458575534666665
0.6412653791333334
0.6233797371333332
0.5927694813999999
0.59273081
0.5992095378
0.6088132899333334
0.5976584751333334
0.5670405870666667
0.5603629303333334
0.5519364314666666
0.5645613082666667
0.5793756569333333
0.5499645726666667
0.5322328408666667
0.5237445213333334
0.5209776853333333
0.5339627514666667
0.5677471328
0.5796280889333334
0.5657329022
0.5814034446666666
0.5861803298666666
0.607751191
0.6149541587333334
0.5970722764
0.6003871824666668
0.5968857835333333
0.6143964198
0.6404949339333333
0.6446220278666667
0.6455185422666666
0.6528214386
0.6503388300666665
0.6157751009333334
0.6261615206666667
0.6263906038000001
0.6133281756666668
0.6170837029333335
0.6069991814666668
0.6207943939333334
0.6241282944666666
0.6219730630666668
0.6335892582666668
0.6302192012
0.6100008761999999
0.5966992436666665
0.5904373523333334
0.5867853991333334
0.6144836820666666
0.6154021729333333
0.5878209298666667
0.5855669845333334
0.5812396372
0.5865299281333333
0.592858266
0.5851409588
0.5729025814666665
0.5535903420666667
0.5472815666
0.5645173753333333
0.5687607898
0.5744944918666666
0.5561591004
0.5613048361333334
0.5555174806
0.5730261826666666
0.5861361478666666
0.5642717379333334
0.5605849944
0.5641396661333332
0.5748959705333333
0.5827898706666667
0.5920088330666667
0.591066517
0.5925409205333333
0.5957519898666667
0.5947912832000001
0.6051882986
0.6030476539333333
0.5829891658666667
0.5861732086
0.5805978686000001
0.6005828984666668
0.6060336268000001
0.5989685973333334
0.5917988215333333
0.5929184804666667
0.5854135592666668
0.5837085924666668
0.5823727464666668
0.5885414472
0.5904629066666666
0.5861868721333334
0.5619418019333333
0.5819848803333333
0.5927830314666667
0.6003077066
0.6047360860666667
0.5731669371333333
0.5847253268666667
0.5876627761333334
0.5981285570666668
0.618471879
0.6311243777333334
0.6252057316
0.5976301511333334
0.6009730679333334
0.6076698996666667
