0.63051174025
0.5943636462499999
0.5767030819500001
0.56607415675
0.6018011823
0.58258526165
0.5761822084499999
0.5598267109
0.54582913275
0.53731240785
0.5637239864
0.5710938559
0.55896742455
0.5648200305500001
0.5630477939
0.5814196880000001
0.57805341285
0.5747775085000001
0.5757566244500001
0.5771624661500001
0.5810338425
0.5975183617
0.5874445959
0.58872581335
0.5706390296500001
0.59085332585
0.5793347141
0.57610627935
0.57678156405
0.58030570835
0.5845927213500001
0.5811565002500001
0.5957868848
0.58935288435
0.5892510275999999
0.59877815135
0.60303448715
0.6086732123
0.5945922989500001
0.5857826818
0.58409785835
0.5786840241
0.5919831795999999
0.58141228715
0.59955827655
0.5960318308
0.6115364995999999
0.6184119206499998
0.61942112685
0.6153147738
0.6108849485000001
0.60778891445
0.60434552855
0.6031686009999999
0.60120193545
0.5900740482
0.5895701494500001
0.5831038386
0.5924065723
0.6052525667
0.60422909115
0.6172183443500001
0.6111625017
0.6184664212500001
0.60329899725
0.6087863931499999
0.6097951958999999
0.61290995295
0.6172224196499998
0.6054890953
0.6011612141499999
0.6092838749999999
0.6123049539500001
0.6306256863499999
0.6332913518
0.6277197366499999
0.6121456158499999
0.6122440703499998
0.6160106680499998
0.6012580359499999
0.5974454933499997
0.5749952064999999
0.5749085788
0.57697418185
0.59022771485
0.5902505845500001
0.5665025845000001
0.5502131064500001
0.5475761831500001
0.5602274962000001
0.5630863876
0.56664353945
0.57359431735
0.5559171796
0.5563615851
0.5695459379
0.5862314887
0.59157609035
0.5753712358
0.58390813425
0.58967106585
0.60201945905
0.61031210915
0.61709038045
0.6209454217
0.6181707238499999
0.6419242324999999
0.6362510124
0.6327299290999999
0.6354212739499999
0.62907000605
0.6232339163
0.61210440975
0.6166673546
0.6159517716
0.61651561575
0.6213980095
0.621760891
0.6267868303
0.6181794675999999
0.6133344004500001
0.621215967
0.6167425735
0.6108150378999999
0.5921480646499998
0.5786291655
0.5714095216499999
0.5901705301499999
0.5916899136
0.58501453785
0.5861964201000001
0.57377798885
0.5769726798499999
0.5845790663499999
0.5766538390999999
0.5777254720499998
0.5631433485999999
0.5650567997
0.5699524912
0.5743932689
0.5754032621499998
0.55452427575
0.5497465144
0.5532430334999998
0.5753208183499999
0.5841135847
0.5818548857500001
0.5803751215000001
0.58434105725
0.5846121124
0.59414199835
0.6018418160000001
0.6068813651999999
0.5838063340999999
0.5874525829999999
0.5799807947000001
0.5878421243
0.5832931074000001
0.58583137105
0.5894002975
0.5892003341500001
0.5977112517500001
0.5977178200500001
0.5980158675000001
0.5948462199000001
0.5998967753500002
0.5974753453000001
0.5850378289000002
0.5758893039500002
0.5852258642000001
0.58411811225
0.5875029649
0.5608825698
0.5871334918000001
0.59051747315
0.6023483505
0.61112798715
0.6165358832500001
0.6176937182000001
0.5992197171000001
0.6059377159500001
0.6141676006000001
