0.5791496399
0.5499418617
0.5342307057
0.5222412934
0.5151603406
0.5417316269000001
0.6122342593000001
0.5955945244
0.6108733786000001
0.5870754517000001
0.5495122739
0.5171553463999999
0.4735960732000001
0.43497839360000007
0.41413059680000003
0.3824780175
0.3780484027
0.4210526777
0.4944872897
0.5138280968
0.4924218570000001
0.45297820380000003
0.4519296464000001
0.45758263169999996
0.45422314090000004
0.4774200308
0.5039124415
0.5299152252
0.4923259448
0.47587454490000003
0.4917113199000001
0.5573086997000001
0.5438029577
0.5105847452
0.44758771529999997
0.3704611013
0.30963365480000005
0.30044932550000003
0.3439833028
0.4108620298
0.4254448246000001
0.36760009280000006
0.3541682172000001
0.38338004569999995
0.46361497890000003
0.5431153704
0.587671477
0.5489486602
0.5107568328000001
0.4951091829
0.5292060849
0.5107013211
0.5070237804
0.45369492539999995
0.42848100349999996
0.41997477420000007
0.43170156309999996
0.46546351569999994
0.4868509374
0.5071015984
0.5284566071
0.6315973255000001
0.7182989719000001
0.728716718
0.6952526904
0.6177834569999999
0.5572910809
0.5676471686
0.5944273899999999
0.6102207316999999
0.5868058428
0.5534987348
0.5395764047
0.6297611777000001
0.6615162083
0.6609953347
0.6353461021
0.5636125194
0.514733775
0.4559715497
0.426308845
0.4488172821
0.4557667943
0.4113057271000001
0.41042269550000005
0.5008621542
0.5361626352
0.5243047042
0.4803673217
0.4792913233
0.5061467661
0.4628626941
0.4189280313
0.44514988229999997
0.4878263458
0.4669412239
0.4879005524
0.5526199234
0.6236102832
0.6121186942
0.5625207769
0.5221411935000001
0.47412741160000005
0.3935110076
0.34247703869999996
0.36425041020000004
0.3911294864
0.40037537520000005
0.39722052960000004
0.41464634040000004
0.4414222132000001
0.5126550038000001
0.6016556568
0.6631932249
0.6111225627
0.5127595651
0.43886187190000003
0.444500244
0.42677031540000004
0.4108163952
0.39787746290000003
0.39101732349999996
0.3785666252
0.396473811
0.47229032460000003
0.5018089007
0.5028510873
0.4519264142
0.47609025139999994
0.5467597960000001
0.5996890737000001
0.5425365616000001
0.4692751629
0.4013957023
0.4169552500999999
0.48063897389999993
0.5536097824999999
0.5296453732999999
0.45683970469999996
0.39345670720000003
0.41103281950000004
0.4992073873000001
0.5675526477
0.5788156022
0.4998863056999999
0.43410168709999997
0.3975364456
0.43344203550000004
0.5007702268
0.5264088701999999
0.4570280888
0.4038825246
0.41205202729999996
0.4699200395
0.4707155253
0.4432120889999999
0.40649119149999996
0.4268093422
0.4080475762
0.3848740333
0.3912835862
0.41392940029999997
0.4226479878
0.41851593219999994
0.490708828
0.589936463
0.6091572266999999
0.5493936342999999
0.4827208231999999
0.44171049449999994
0.4097716491999999
0.37394757610000007
0.3623531861000001
0.3634797617
0.3643210823
0.35768484739999995
0.42253950279999997
0.503859992
0.5862978137999999
0.6573199449999999
0.7193169492999999
0.6900367696
0.6344527490999999
0.5485568907
0.5328764718999999
0.5264594673
0.48970960220000004
0.46609890639999996
0.49750141589999997
0.5120722759999999
0.5067281638999999
0.566472026
