0.5464246875000001
0.5173268461999999
0.5017822956
0.4898590166
0.4827772885
0.512566611
0.5951715020000001
0.5723918087000001
0.6051157151
0.5705753777
0.5249145459
0.49467497409999994
0.45032736410000007
0.41162814290000005
0.39099309990000003
0.3599483378
0.3569838513
0.4057796167
0.47902967499999993
0.5007658265000001
0.4876043977999999
0.433653928
0.43370272489999995
0.43776399120000004
0.4343871621
0.4569478923
0.48447993249999993
0.5114684077
0.46945292280000006
0.45383390100000004
0.469665975
0.5472926387
0.5324490098000001
0.49659263940000004
0.4349153256999999
0.35598824570000004
0.2951812122
0.2863057383
0.3353302022
0.4043257251
0.41365398849999996
0.3551518009
0.3401634305
0.3694950868
0.4470653952
0.5282821161
0.5719144510999999
0.5322995134
0.4943133511
0.4812906613
0.5227907803
0.4949418656
0.4883264517
0.4348702383
0.40579028599999994
0.39644225639999997
0.40891431759999997
0.4424530141
0.4627276032
0.48179131349999993
0.5015093984
0.6148813569999999
0.7070956248
0.7090517817999998
0.6813424630999999
0.5942462095
0.5273439269
0.5373005363
0.5644799827000001
0.5800600908000001
0.5563734459
0.5231445700999999
0.5088200636
0.6117490522
0.6395871417999999
0.6452013049
0.6248760369999999
0.5412313591
0.4914633298
0.4314539184000001
0.40278631200000004
0.42493653189999997
0.4319821867
0.3875760284
0.3899983896
0.4848824724
0.5156078175
0.5180177389
0.46568610879999994
0.46053268219999993
0.484678656
0.43960848970000005
0.3958837425
0.42157726050000005
0.46415992989999993
0.44266731649999996
0.46903746790000006
0.5322312188
0.6123302569000001
0.6066587463000002
0.5496471091
0.5121435772
0.460067129
0.38285468419999996
0.32903070289999997
0.35141060069999996
0.37842068019999997
0.3873497898
0.38397810190000004
0.4010909431
0.43607212980000004
0.5043430349
0.5961589613
0.6531691492
0.5986230125999998
0.5022373007999998
0.423653719
0.42965968209999994
0.4113831789999999
0.39377270319999996
0.38197739070000003
0.37596543020000006
0.3636699906
0.38194761709999997
0.46250746119999997
0.4842924445
0.4897564656999999
0.4366412919999999
0.46066396540000004
0.5331216116
0.5860783446
0.5267269944
0.45325424969999994
0.37892270029999997
0.39538648629999995
0.4647875355
0.5370893864999999
0.510788402
0.43943248369999993
0.3707773863
0.38858941329999996
0.4802993808
0.5484972285
0.5668670393000002
0.48320763320000004
0.4144822054
0.378362232
0.4163515489
0.48332715190000003
0.5134655299
0.4437461948
0.38874657339999996
0.39896003859999996
0.45833364749999994
0.46083448579999986
0.4353630774999999
0.3933080786
0.4161600648
0.3926129808
0.36868169180000004
0.3751826493
0.39868500369999993
0.4066880962
0.4014678827
0.47609035439999997
0.5762753987
0.5994716193
0.5360158885
0.4784893055
0.4342156622000001
0.39785343800000006
0.3610949019
0.3490403184
0.3501223219
0.3509963383
0.3443056713
0.4112598624
0.49610347069999994
0.5740800438999999
0.6476939338999999
0.7148957034000001
0.6702276909999998
0.6134758708
0.5198872066
0.5037923442999999
0.4975279638
0.4610917215
0.4375233692
0.4689912195
0.48560318259999996
0.4781939801
0.5561769089999999
