0.6718974598
0.6507618902666666
0.5960708886
0.5308663867333333
0.46643976173333335
0.43216758866666666
0.4624180248666666
0.46588931653333326
0.5090732223999999
0.5380820332666666
0.543860536
0.5395620657333333
0.5245986842666666
0.5163919567999999
0.46844098459999994
0.40214022986666664
0.3551869628666667
0.3697465859333333
0.4049875295333333
0.44848080799999995
0.4951907601333333
0.5298037374666666
0.5613043405333332
0.5531622162666667
0.5093650436666667
0.47405357
0.4741433996666667
0.45018698133333335
0.414795595
0.40481647886666666
0.41406646853333334
0.4351109548
0.46123105540000003
0.47906667719999996
0.4821921939999999
0.44132050300000003
0.38518043173333333
0.3346936522
0.34363175826666664
0.39657868180000005
0.4488563524666667
0.4553700286
0.4647273647333333
0.47879613053333336
0.5135565391333333
0.5476811855333333
0.5184365306000001
0.4716520037333334
0.41381226880000005
0.40479656760000005
0.44158245033333343
0.4947194683999999
0.5357113585333334
0.5453308962666666
0.5400992020666667
0.5351203777333333
0.5464666342
0.5836605779999999
0.5570634158
0.5360359862666666
0.4962809563333333
0.5218975104666667
0.5721243929333333
0.6365407943333333
0.6592451994
0.64429992
0.6254446047333333
0.6307574454
0.6530269124
0.6398331576
0.5863366503333333
0.5255146125333334
0.4690806094666667
0.49500029266666673
0.5008614684666667
0.5191974766
0.5567856414000001
0.559842877
0.5347050400666667
0.5109381289333333
0.5341910204666667
0.5176076393333334
0.4631077272133333
0.39614817707999994
0.37916458181333323
0.4151768374133332
0.43991825794666656
0.4622749077466665
0.4870339122799999
0.53062957328
0.5595315235466667
0.54355233348
0.5278660088133333
0.5383760807466668
0.5141921863466667
0.4560127313466667
0.43214359621333337
0.4307097588666667
0.4317934990000001
0.44224489513333337
0.46792589660000006
0.4986063116000001
0.5184757244666668
0.5096367412666666
0.4689901193333333
0.4426559190666667
0.4503665997333333
0.4641155571333332
0.4579975285333333
0.4410355544
0.43438649513333333
0.44114420300000007
0.4960217674666667
0.5288433966666667
0.5124794513333334
0.4628372566000001
0.44804829260000006
0.44731611866666665
0.4554976182666666
0.4778816314
0.47247089853333335
0.43411944246666667
0.3959313682
0.40416102333333337
0.4696618127333333
0.5208429919333334
0.517330082
0.46397942326666664
0.43735303733333336
0.4809168082666666
0.5271109932
0.5418069214
0.49544244173333335
0.44306591666666667
0.41375340866666666
0.4576296702666666
0.5122107915333334
0.5385980546666665
0.5044101594
0.4479757169333333
0.414744265
0.44479809146666666
0.47215462466666663
0.5113471408666667
0.4895864708
0.4442776822
0.41484395513333333
0.4635115684666667
0.5169480226
0.5035677817333333
0.44041336379999996
0.3847386643333333
0.3805216028
0.3985994888666667
0.4143705006666666
0.41729227919999995
0.42673943359999994
0.456207423
0.4618310783333333
0.47950549859999997
0.5287812825333333
0.5210906408
0.47107887446666663
0.4069053192666666
0.3969095010666666
0.39679152246666666
0.40719736700000003
0.4151338691333333
0.4340758178
0.4675889902666667
0.5082265243333333
0.5300218848666667
0.5284335472
0.5208476280666666
0.5079286279333333
0.4830825448
0.46016559960000003
0.4710522860666667
0.47358287766666674
0.5227386288000001
0.5803581316
0.6024994250666668
0.5929990382666667
0.6056038824000001
0.6017140622666666
0.5776144134666665
0.5526066112666667
