0.6760279821999998
0.6552177338
0.6011585678666667
0.5360516238
0.4718499536000001
0.4375677116
0.46433657780000004
0.46778896766666667
0.5093437532666667
0.5390609724666667
0.5449135672666666
0.5406220944666666
0.5257065492
0.5175489546666667
0.4709617910666667
0.4046945316666667
0.3581658741333334
0.3720123823333334
0.40714992200000005
0.4504927652666667
0.49685207186666674
0.5317934912
0.5632526505333334
0.5557806554666667
0.5121244231333334
0.4775167332666667
0.47767273880000005
0.4538459023333334
0.41788155900000007
0.4063325109333334
0.41554490140000006
0.43623045853333337
0.46226576993333335
0.48004776953333334
0.48321701573333337
0.44286659580000004
0.3867978396666667
0.33668123033333336
0.3452509596
0.3981594669333333
0.4498142684
0.45647231006666666
0.4656962382666667
0.4801624946
0.5148979941333334
0.5486965848666667
0.5208429505333333
0.47439753360000003
0.4183920413333333
0.40990544939999995
0.44616756813333325
0.49920662359999995
0.5398931039333333
0.5491430890666666
0.5438890738000001
0.538924076
0.5501268495333334
0.5872977414
0.5636986314666667
0.5433344544
0.5052191495333332
0.5302664634666667
0.5803086960666667
0.6429647321333334
0.6650488926
0.6501447883999999
0.6313249639999998
0.6367063340666665
0.658972125
0.6462775276666668
0.5935783012666669
0.5327656478666667
0.4771843944
0.5003094368
0.5055281321333334
0.5224950470666667
0.5590090981333333
0.5621194178666666
0.5368910163999999
0.5130788368666667
0.5362825088666666
0.5212082481333333
0.46700326073333337
0.40071353280000005
0.3840448754666667
0.419262668
0.4440201594666667
0.46566309246666665
0.4905017546
0.5343153676
0.5633707614666668
0.5472637616666667
0.5315720134666667
0.5422499035333334
0.5185088746000001
0.46036841646666665
0.43467253166666675
0.4322115640666667
0.43259754520000004
0.4431058445333333
0.4687731908666667
0.4994416232000001
0.5192035760666668
0.5102970017333334
0.46972220433333334
0.44335574266666666
0.4511754992666667
0.4649020530000001
0.45898617300000005
0.4424417568666667
0.43559904966666674
0.4439220754666667
0.49945213099999997
0.5324698736
0.5152817753333333
0.4657737778
0.451100724
0.45036288633333327
0.4584883606
0.48087107966666665
0.4758568413333333
0.43738613113333336
0.39963263593333326
0.40773455793333324
0.4723732641999999
0.5237267835333334
0.5202171838
0.4668794989333333
0.4415719518666667
0.48496364960000005
0.531031182
0.5457811038
0.5003518013333332
0.4479784870666666
0.41981751926666655
0.4632093960666666
0.5177880504666666
0.5439636546000001
0.5100555190666667
0.45371465606666667
0.4206395909333333
0.4491143598000001
0.47646304973333337
0.5142281700666665
0.49278659933333324
0.447468806
0.4179698785333334
0.4655680906
0.5187757422666668
0.5052205348
0.4420924372666667
0.38730356259999993
0.38263417939999994
0.4003828193999999
0.4161117510666666
0.41892340539999995
0.428898515
0.4583720588
0.46393954586666664
0.48142050666666664
0.5306980200666666
0.5241533639999999
0.4741952507333333
0.4089166751999999
0.3967750638666666
0.39662977886666667
0.40720277139999994
0.4154012880666666
0.4342276695333333
0.4677185393333333
0.5082988608666666
0.5298934323333334
0.5283365868666667
0.5207712629333333
0.5078491418666666
0.4828834364
0.4611224666666666
0.47210736459999997
0.4781183811999999
0.5284958575999998
0.5860907395999999
0.6070681164
0.5975004003999999
0.6101190324
0.6063499376666666
0.5822456474000001
0.5570774821333333
