0.5643309568999999
0.5335486040499999
0.5039133894499999
0.47860984349999997
0.4646454687
0.4621048222
0.49514133099999996
0.50832360105
0.55268033415
0.55045177425
0.5209670654499999
0.48506677509999996
0.46276285980000004
0.4462805126500001
0.43417686885
0.4299490241500001
0.4409804221000001
0.47548395145000005
0.49340661725000007
0.49485132085000005
0.49206658845
0.5051434517499999
0.49786630204999993
0.48408368845000005
0.4509054281000001
0.42394056605
0.4067730481500001
0.41518227535
0.4181546238
0.44336828734999995
0.45857807225
0.46245439625000007
0.44898558745
0.44698239544999996
0.4556013471
0.45678823585000006
0.4486525659000001
0.42469899284999996
0.4273700678
0.45298560634999996
0.47732545475
0.43915070695
0.43059599880000005
0.41853748555000003
0.44604799120000005
0.48154507230000004
0.5096865200499999
0.50720608795
0.49880388509999996
0.50110539065
0.5288313459999999
0.5711493232999999
0.6126613761499999
0.5912058216999999
0.5618668469499999
0.5188791156
0.494496322
0.5165553421500001
0.5406391637000001
0.5586611650500001
0.55763122495
0.59254803015
0.6289376883
0.67923894785
0.67838444935
0.63938939585
0.5963185915
0.565629844
0.5545805825000001
0.5330961407000001
0.5065573439000002
0.50115800845
0.4976715995
0.5205334523999999
0.5359694519
0.5809287444499999
0.5857543686499999
0.5439586117999999
0.4975505483499999
0.46763143649999994
0.46622780555
0.4558399881
0.4373474128
0.4282278047
0.44912452065
0.48390168905
0.5120315938
0.5384623138
0.5519888024499999
0.5457050087499999
0.5343337715
0.49250194380000006
0.44652772145000014
0.4193304449500001
0.41515169225
0.41559581705
0.43951501940000004
0.4764976493
0.5104154063999999
0.5133825173
0.50197149505
0.51739809865
0.5378915342
0.52835211625
0.4767998007
0.4385049876500001
0.41499567915
0.42243780960000005
0.4119954225000001
0.4127313678
0.41964983805000006
0.45183616365
0.490111141
0.52983351795
0.5417064436499999
0.5072842328999999
0.47085647959999993
0.44821332909999995
0.45143028339999997
0.47878809559999996
0.49878326829999997
0.46677694255
0.42392089404999994
0.39893475665
0.44462278735
0.4912239373
0.5282304349
0.4907858937499999
0.46646497805
0.47010825159999997
0.5053609466
0.52087197445
0.5184139053
0.4901056522499999
0.45842077789999996
0.4573703305
0.47557311405
0.48154370440000005
0.47880496575000003
0.45993278870000004
0.43403045415
0.45154495595000005
0.4898023375
0.52436782085
0.4853009155
0.43865688805
0.40201381855000007
0.4301256888499999
0.4544089015
0.4556414517499999
0.42415583749999997
0.40890596245
0.4173500075499999
0.44421798584999994
0.4807121766499999
0.5165742759999998
0.5078242091
0.48810148825
0.4453841997
0.41329226389999996
0.4005276176999999
0.3939384882
0.39250058694999995
0.39099784694999995
0.42751495514999993
0.4738106552
0.5158483647499998
0.5266268131499999
0.5345093184999999
0.5495152197500001
0.5645442992499999
0.5319921728500001
0.4984029676
0.4560183262
0.44859877709999996
0.44207215735
0.45612455249999995
0.4849794491999999
0.5418996148499999
0.5846961105
0.6130225566
0.6282543978000001
