0.55540594404
0.54118601352
0.5259495402000001
0.51624881484
0.48465118492000003
0.4557204596799999
0.45744266059999994
0.45914106079999994
0.48735697131999983
0.50333758608
0.5160275409599999
0.5240109345999999
0.5254752885199998
0.50508300088
0.47049640775999996
0.43669961016000003
0.43521491916000005
0.43841919583999994
0.4466063398
0.4476772151999999
0.4448597876
0.44105841856000005
0.45634610411999993
0.46935304420000007
0.4698036825200001
0.45450352116000003
0.43138195420000003
0.41153226928000003
0.40142688176
0.42737902608
0.46472928372
0.49532475859999997
0.49540766311999995
0.4908915003999999
0.4867226538799999
0.47635404284000005
0.43423809444000006
0.40255470204000005
0.38574307571999994
0.40706259688
0.43502084936
0.44372759543999996
0.46284689560000003
0.4797480625200001
0.50854866
0.5373616292400001
0.56213816624
0.56886537668
0.53768954356
0.5190289292400001
0.50933031484
0.5162683416799999
0.54501314648
0.56148849736
0.56466250744
0.5522869898799999
0.54577234112
0.5624649439999999
0.5842865316399999
0.5843146310799999
0.56055490812
0.5663850154
0.5673225401199999
0.58640235788
0.57666786976
0.5558993306
0.5535080454799999
0.55949205756
0.55511298364
0.54716586356
0.55172937552
0.5284569442000001
0.490133233528
0.48773738840800007
0.4901917884080001
0.5118924367680001
0.5171974638880001
0.501412849008
0.49669822864800006
0.499498494088
0.5050382927279999
0.504372682728
0.4977571956079999
0.48632248464799993
0.471781280808
0.473535024128
0.47243433440800003
0.467110723168
0.449813312208
0.4550218444080001
0.48112948876800005
0.48228986600800006
0.47659255748800006
0.48165724936800003
0.474329688328
0.45011723188799996
0.4640280589680001
0.49836189356
0.52343209552
0.50890386436
0.48506081876
0.47316990144000004
0.487358839
0.47489900283999986
0.44413177123999986
0.4231129285999999
0.42498744147999984
0.4282626233999999
0.43193017187999994
0.45254335536
0.4599921322
0.46521356672
0.47749485916000006
0.50685261012
0.5253540149200001
0.5168110759600001
0.48440416368000005
0.45466105828000003
0.43152878047999993
0.4512877845999999
0.47378597308
0.47985163447999996
0.44705875415999996
0.42297120476000005
0.4361740679199999
0.47393803727999995
0.5078535198399998
0.5030406314799999
0.4921926677599999
0.48665177427999984
0.48795528099999996
0.48245404299999994
0.46956416188
0.4650384940399999
0.45831068824
0.4568700432799999
0.4682863420799999
0.4876068743199999
0.4906434043199999
0.45651764931999994
0.4256802603999999
0.4282986692399999
0.45296593919999995
0.4689405386799999
0.44672398972000005
0.42206405259999996
0.41341355032000004
0.44602315064000003
0.47629759104
0.49776194220000003
0.49956101063999997
0.47361425164
0.44709536619999996
0.43214050023999995
0.4258779197999999
0.4149086148799999
0.40573823455999986
0.41875348587999994
0.4225777448399999
0.4335255013999999
0.46043335787999995
0.48252030815999997
0.48497633787999994
0.47863735432
0.50037844992
0.52516251924
0.5188704128
0.50141377616
0.47713053351999996
0.49089879668
0.5127481263200001
0.51119422944
0.5008284550400001
0.50884142728
0.5068506396
0.48973323644000005
0.5014298904400001
