0.9396778136
0.7097931949999999
0.5811144496
0.3290246096
0.191010691
0.1685327542
0.3403081748
0.437842129
0.6661000267999999
0.7900004002
0.8705236606
0.8624225683999999
0.7215942316
0.5490286756
0.363101422
0.1961922504
0.1432173306
0.1966376326
0.2915773704
0.4362615704
0.5408659306
0.5880466696
0.6301255016
0.6824531146
0.574480553
0.4382927502
0.29367419780000004
0.250300273
0.20848044300000002
0.30925766779999997
0.490760254
0.689173014
0.7855187328000001
0.7451436013999999
0.61704749
0.46496780280000005
0.41218427779999994
0.28816557779999996
0.2613974256
0.2660809366
0.263125217
0.19294411839999998
0.2993227424
0.4216277467999999
0.5524825226
0.578270543
0.5316539418
0.3949097462000001
0.3275194174
0.35336760759999997
0.487373207
0.623092154
0.6812170864
0.6720934802
0.6193579858
0.5648093869999999
0.3756269715999999
0.30577847439999994
0.20497488339999995
0.20103996300000002
0.23786325720000004
0.45173983819999997
0.5885905134
0.7313159584000001
0.7732824584
0.7759958742
0.7860818646000001
0.8306517264
0.6934341824
0.5903741824
0.41982839619999995
0.27779263340000004
0.253729893
0.4447167806
0.5792403158
0.7028760225999999
0.7782642972
0.7736468052000001
0.7869305848
0.7118523362
0.5915621781999999
0.4751910687999999
0.32152197540000005
0.2091899754
0.167509191
0.230163458
0.3908093892
0.5586876566
0.582420054
0.628038435
0.7555525564000001
0.6544055552
0.47749787260000004
0.358023198
0.30140136240000004
0.22457276540000004
0.23868089480000002
0.3273043782
0.4977803998
0.6397227094
0.6738075794
0.7128776479999999
0.7543155683999999
0.7342342782
0.5774017168000001
0.4378977962
0.32121495120000004
0.1849628284
0.0488987932
0.0973255004
0.2813350868
0.45186042220000006
0.6061888298
0.7358823864000001
0.722185455
0.5985770734000001
0.5665218809999999
0.5886227136
0.5754256114
0.48578223000000004
0.41396797459999995
0.28851872720000005
0.2782208774
0.2549793536
0.31009359119999996
0.35687612900000004
0.46920032339999995
0.454934275
0.5156634604
0.6169335271999999
0.6211106299999999
0.5208143558
0.4283003276
0.4156011171999999
0.45884089800000005
0.5605125774
0.5391165104
0.4852803048
0.3510525108
0.34057563679999997
0.3730573424
0.5387591508
0.5429467966000001
0.5334535596000001
0.4069319996
0.41003015640000007
0.429640547
0.5597885934
0.6012439204
0.5655624485999999
0.42746654780000004
0.337413987
0.284361016
0.37772594260000003
0.47363852679999996
0.47248724819999993
0.45333563899999996
0.5267609338
0.5536766506
0.45529676859999996
0.4047270237999999
0.34190293800000005
0.31137181100000005
0.24248131480000001
0.2947019014
0.35771964040000004
0.4668060918
0.5135547976
0.5721517435999999
0.6715457068
0.8071410716
0.7376964254
0.5692664696
0.3920302192
0.21090127580000004
0.009816030399999995
0.0035605587999999965
0.147918961
0.3273459438
0.5102755876
0.6980267948
0.8404098273999999
0.859643167
0.8348949971999999
0.7930900931999999
0.7327259306
0.5128085663999999
0.3825620672
0.21759666140000006
0.22714828660000003
0.27500701660000004
0.42194332
0.5054030187999999
0.7330485596
0.7537441522
0.6932879934
0.6925358944
