0.7727894822
0.6785713740999999
0.6162093517
0.6448830197000001
0.5542561779999999
0.4710594265
0.4156074049
0.35448204879999995
0.3127273502
0.2723502272
0.2605189209
0.3267132746
0.3298459464
0.3206839374
0.33237871500000005
0.31721340929999997
0.3089656772999999
0.337187319
0.3392522119
0.32559990780000003
0.3016925283
0.253916361
0.2687261487
0.2924837238
0.27864504489999997
0.2776668241
0.2409063704
0.17482728019999996
0.12551491969999998
0.11877799780000001
0.1135390682
0.1545468934
0.2231415802
0.2683731754
0.29784742389999996
0.3094133054
0.31615290819999997
0.3224222846
0.35293379700000005
0.3888147099
0.365403039
0.3082749033
0.2266823195
0.166979287
0.1587484122
0.1621728544
0.15820494829999998
0.14227467829999998
0.10725369550000001
0.0735886781
0.12777872220000003
0.21367191500000002
0.2733365138
0.31901833659999995
0.35387916850000006
0.3996787723
0.4312297643
0.43361154150000003
0.4533608105000001
0.4375720909
0.34963218639999993
0.33098775059999996
0.36017280510000005
0.3634852626000001
0.36275332610000005
0.36063588879999997
0.39591075679999993
0.4939486498
0.538653297
0.5068865674999999
0.5357824903999999
0.4635169972999999
0.3693725536
0.333669165
0.32178309940000005
0.30916937289999996
0.2949970897
0.2561159691
0.2407226126
0.3047820706
0.3061542108
0.3021918253
0.30127513770000003
0.2813962365
0.27952609500000003
0.2782178859
0.26243191379999997
0.2673700108
0.2845716941
0.2918793743
0.33980382839999995
0.39429264989999996
0.37789776779999995
0.37863467669999995
0.34826616499999996
0.3222555053999999
0.2940235926
0.24529484299999998
0.210232311
0.23753292039999999
0.26900606050000003
0.27352814430000005
0.333801681
0.36773302770000005
0.3791114384
0.3914403519
0.4160654957
0.4079048718
0.37295541629999995
0.2850016076
0.19596428390000004
0.18739997540000003
0.1940300213
0.19881922740000002
0.21323692600000005
0.21280540120000002
0.2204363785
0.2725794435
0.33089153179999997
0.3692096924
0.3692647522
0.327045072
0.28976178890000004
0.27158928060000004
0.23946251960000006
0.2203707992
0.18138728619999994
0.12022447979999999
0.1338601609
0.17541390259999998
0.2005960788
0.1997732997
0.19475291739999998
0.19381142699999995
0.26272225109999997
0.3450241138
0.37885194289999996
0.3934083229
0.32098879880000003
0.24641146810000003
0.2606425588
0.3189661086
0.3440564857
0.32533408750000004
0.2642146973
0.18438398770000003
0.16584722410000002
0.18572405460000002
0.19684040930000002
0.200233799
0.17084690610000003
0.16034431929999998
0.1542542952
0.1676123934
0.1783801009
0.1847034669
0.2103287382
0.22590112509999996
0.25820797399999995
0.2720749535
0.2630625429
0.20752238739999998
0.1845225352
0.17954091860000002
0.1685869193
0.16332037330000002
0.14796677740000003
0.16516107889999998
0.1915259901
0.25124465269999996
0.3389339882
0.420919053
0.45906893229999995
0.4776505069999999
0.46976008769999994
0.4944845655
0.4943774932
0.45296648230000003
0.3707250380999999
0.35668959359999997
0.33589595099999997
0.32334557960000004
0.3574272104
0.3961131836
0.46217851190000003
0.5061204854
0.5048406165999999
0.48128356310000003
0.5060690929
0.4367813037
0.3789082185
0.36928602149999995
