0.5200697488
0.48018361786666663
0.4648161538666667
0.5171916518666666
0.4971168158
0.4828421376
0.46707775119999995
0.4022087440666667
0.335004553
0.275539931
0.21635236686666667
0.23377981999999997
0.2788014654
0.31343778
0.3446793023333334
0.36993087213333337
0.3592837219333333
0.345038144
0.32150880206666665
0.27973647613333336
0.22778430233333333
0.17657521719999997
0.17545568793333333
0.1833251015333333
0.20227882419999998
0.23414797806666668
0.256337866
0.26900765146666666
0.27425611106666664
0.2612348202
0.23293148706666664
0.21806624866666663
0.21125311186666665
0.22362515033333336
0.2757252675333334
0.29263878800000004
0.3012502212666667
0.3035776776666667
0.3018990226
0.28788176313333336
0.2653540112
0.22050495193333336
0.15734184393333334
0.11621216373333333
0.126219437
0.17154906586666666
0.23292955913333332
0.27085383046666667
0.27928871566666663
0.2645914022
0.28820450006666665
0.3024748592666667
0.2952946586
0.3071331794
0.3121018894666667
0.2965219538666667
0.34811809400000004
0.41611924833333336
0.45010976040000006
0.45736783420000005
0.44344261113333333
0.42396742046666674
0.4423694159333334
0.4535564863333334
0.4141068221333334
0.3872577659333333
0.36964291599999993
0.3732932564
0.37031533006666667
0.38017517319999994
0.4164674021333334
0.39997364653333334
0.37299819193333333
0.3717147196666667
0.3754593184666667
0.3509366472666667
0.3071636283333333
0.24484424833333338
0.19881062306666666
0.22860152486666668
0.24475766580000002
0.2659169242
0.30499649673333334
0.3389830723999999
0.3555235017333333
0.3713596175999999
0.37336066846666666
0.32603211413333333
0.2907519991333333
0.2575909211333333
0.2554918622
0.2604714357333333
0.26767630026666667
0.29154045539999995
0.32752805199999996
0.3652184006666666
0.38075815546666664
0.37031989426666656
0.34619288819999994
0.3157456305333333
0.28991621120000005
0.2749866662666667
0.28768103626666675
0.28775428180000007
0.2853516804
0.281024253
0.30967574400000003
0.3361433464666667
0.3385841658
0.29954830093333323
0.25244910500000006
0.23959215573333337
0.2468662112666667
0.26319328453333335
0.27875051640000004
0.2662405198666667
0.25032879486666665
0.25738129120000003
0.271006742
0.26918890893333336
0.2687201152
0.23558369626666667
0.19766251693333334
0.2198872402
0.2535351674666667
0.2581009716
0.23655340899999996
0.20549694046666664
0.17962000546666665
0.1981972814
0.2525596896
0.27012161020000003
0.2667602062666667
0.25282025233333333
0.2581677998
0.28494881133333333
0.32827262393333334
0.35471827773333336
0.30726928986666663
0.2573978112
0.24175162886666665
0.24750422646666664
0.2607409644
0.25483957386666667
0.21650883173333332
0.16883067286666667
0.18260087486666665
0.19528225926666667
0.20501835293333331
0.21204356639999997
0.1911255676
0.17507931286666667
0.18197072400000003
0.21008883153333333
0.22174900253333332
0.22128304299999998
0.21038431706666663
0.1944812463333333
0.19348535913333328
0.1909456466
0.18610787906666668
0.16682761826666667
0.18924191313333333
0.22603122933333336
0.2703253704
0.32410339053333337
0.35077786026666663
0.34992645113333326
0.33978038113333325
0.32273573606666667
0.34038922746666667
0.35806435546666665
0.36820454453333334
0.35348730899999997
0.39572715326666663
0.43915377566666663
0.46769706173333336
0.4781038721333333
0.4761718434666667
0.4633583088666666
0.4518468922666666
0.4140120645333333
0.38301429839999995
0.3724330329333333
0.37374129726666666
0.36210287766666666
0.38430274726666663
