0.5536402264
0.5135710290000001
0.4953952665333333
0.5375304658000001
0.5177672297333333
0.5034658673333334
0.4878915731333332
0.4274028736666667
0.3609781438666666
0.3016734204666667
0.2470353008666666
0.26217487199999995
0.3063437270666666
0.33758996859999996
0.3639131088666666
0.38553977799999994
0.37608841326666664
0.3622812271333332
0.3410050370666667
0.29849914800000005
0.24447752653333332
0.19684057673333336
0.19333683286666667
0.20168183946666668
0.22069124140000002
0.24701485613333332
0.26480733466666667
0.27740572773333333
0.28348378380000006
0.27422944320000003
0.2476909101333334
0.23186445533333339
0.2271196920666667
0.24066542186666673
0.2932926814666667
0.31279766140000004
0.3176149928666667
0.31805233766666674
0.3147839297333334
0.30170014113333343
0.28045268980000004
0.23967482086666667
0.17633988733333333
0.13828469706666668
0.14742277806666668
0.1923388514
0.253766408
0.28992177673333336
0.2949321885333333
0.28031256219999995
0.3036681404666667
0.31967987366666667
0.3180542832666667
0.33058500513333333
0.334918542
0.3272266487333333
0.37458882540000005
0.4426783370666667
0.47319958433333337
0.4776585258666667
0.4626719083333333
0.4431225138
0.4608514926
0.47360608860000003
0.43993267459999996
0.4132434923333334
0.3972792708000001
0.3990754992000001
0.39488724593333335
0.40551745540000006
0.43246389286666675
0.41581824733333334
0.38891842239999996
0.38672866319999993
0.39084003333333334
0.3690288644
0.3254489848666667
0.2659191456
0.223744516
0.2478730210666667
0.2649015348666667
0.2830892744666667
0.3182613558666667
0.35312923620000003
0.36836672519999997
0.3842742544
0.3855840246
0.3398110653333334
0.3062782591333333
0.27425718653333325
0.2705252058666667
0.2749692895333334
0.28223960233333334
0.3010996448666667
0.3370781758666667
0.3735106723333334
0.38926552720000007
0.37918179700000004
0.35511890693333326
0.3246667641333333
0.3013986958666667
0.2878500406
0.3005365228
0.29995108853333335
0.29706915459999994
0.2925705075333333
0.32163624526666657
0.3458231017333332
0.3482194438666666
0.30921663633333335
0.2624884423333334
0.25099235613333337
0.25906927440000005
0.27531601433333336
0.2943542824666667
0.28065026353333333
0.2644934319333333
0.2709241629333334
0.2834574679333333
0.28213702133333335
0.2807345305333334
0.24761800933333333
0.212409177
0.23516859326666667
0.2681422322666666
0.2745965229333333
0.252898883
0.22091453379999998
0.19646308573333335
0.21241164493333334
0.2653360216
0.2843332902666667
0.2799642816
0.2676138878666666
0.27331112259999996
0.3003949463333333
0.3451435081333333
0.36987808646666664
0.32104495986666665
0.2721030854
0.2547749696666667
0.25964104513333336
0.27315020053333333
0.265988883
0.2267255
0.1830896356
0.19523648753333334
0.20970096380000006
0.22013618826666673
0.22483181880000006
0.20367606073333336
0.18649922846666664
0.19189768973333335
0.22044737866666667
0.23239228353333333
0.23102587613333334
0.2204062808
0.2044859336
0.20337328886666667
0.2062789066
0.19754290886666667
0.178632252
0.19983032873333334
0.2350324127333333
0.27982952906666664
0.33353691206666664
0.3598335469333333
0.35860524080000006
0.35207054720000003
0.33697402833333334
0.35716419793333326
0.37647624426666665
0.38321650833333337
0.37204366593333327
0.4086332477333333
0.45194542006666666
0.47985929619999995
0.48961724946666674
0.4874654486666667
0.47510184826666674
0.4638249152666667
0.43106925553333336
0.40601205686666664
0.39190341986666666
0.39264226620000003
0.38320143360000003
0.4018526896666667
