0.5417319826999999
0.52786241845
0.49941239704999996
0.5020697225
0.4629293314
0.41807275825
0.38968384429999986
0.37330008709999996
0.35350953374999994
0.32639854054999995
0.3074561385
0.31224815279999996
0.32085483665000003
0.32724845525
0.3220618083499999
0.3098599578
0.29031457925000004
0.27286857179999996
0.25018325275
0.24012234015000003
0.22573449985
0.22237066545
0.26080222765
0.2953887637
0.3058155576
0.3079478454499999
0.2895153403
0.26143681039999994
0.25455504519999994
0.26909648779999995
0.25530337035
0.24645951395000004
0.23969690470000007
0.23051742225000008
0.24252308500000005
0.25271587230000003
0.25449634855000003
0.24805451850000004
0.24784090690000005
0.25086421010000004
0.26694084190000006
0.2812346453
0.27082384715
0.26314134875
0.27365882705
0.2972862931
0.3123210777
0.30789784810000004
0.2979571097
0.2737424804
0.2635376128
0.29722672294999997
0.34152401805
0.36665264785
0.38283299865000003
0.40360525579999995
0.433820415
0.4842075511
0.5146323924
0.49304124945000005
0.4629647738
0.41995572480000004
0.38976313995000006
0.37292340275
0.36764615030000003
0.3601344271000001
0.36933050320000005
0.39467212240000005
0.4087603914000001
0.42477411715
0.43495691754999993
0.3969655346
0.35163815749999994
0.32754109114999996
0.32070212084999994
0.3146369936999999
0.29993079529999994
0.2828205374
0.28256576344999995
0.31397168825000005
0.33840749865
0.3605590685500001
0.35022379700000006
0.34230365130000007
0.3263289155
0.3135029023
0.29132881625
0.27162904245
0.26331932739999997
0.28038072774999995
0.31799834964999996
0.34779320204999997
0.36776752595
0.38109655665000003
0.37156699555
0.3657803694
0.36412964315000007
0.33693017220000004
0.30242004054999994
0.2728557375499999
0.24472509215
0.24336798174999993
0.27613806974999994
0.29477521595
0.30660031509999996
0.311970777
0.3298105019999999
0.3503897799999999
0.36175883374999995
0.3395240755
0.2961350628
0.2705505717
0.25573694665
0.24867396129999997
0.24095843045
0.22922696815000002
0.21319395830000004
0.21004256040000008
0.24618834450000002
0.28490512335000007
0.29849028855000004
0.27825748029999997
0.25670835405
0.24794156514999996
0.2669203319499999
0.29827074724999997
0.29555627230000003
0.27140820205
0.24289736644999999
0.22517606055
0.24403548025
0.27368151544999997
0.28425800304999993
0.2743789634499999
0.2773796713999999
0.27902061789999993
0.28727475714999995
0.30226412169999994
0.27105678245
0.23585778274999997
0.22964058175000002
0.2523094757
0.26299802455
0.26065219335
0.23449119094999998
0.1977905096
0.20030596910000004
0.21820805915000005
0.23900408155000002
0.24669054210000002
0.22699381525
0.19372183664999998
0.17822000705000002
0.1828030292
0.18648964865
0.18671653615
0.19155288085000002
0.20800812070000002
0.23743484065000003
0.27431921275000004
0.31062596695000005
0.32375376365
0.32988626690000006
0.33795485075
0.33079719924999995
0.34210991814999997
0.33620459849999995
0.321709121
0.29650024464999997
0.3186703718
0.35240619409999996
0.3861426424
0.4218566076
0.45050396049999997
0.47593641900000005
0.51033747175
0.5130815163
0.4845225630000001
0.4556081061
0.4154067521
0.37935830930000003
0.36771895555000006
