0.4596360842800001
0.4345752610800001
0.43543542436000005
0.4639667707600001
0.4465021124400001
0.4283219719600001
0.4002750534
0.36754948372
0.33806897555999993
0.29685855116
0.25950009152
0.254262661
0.2558090722
0.25537264468
0.26892425319999996
0.28060360087999997
0.29074820852
0.30963592508
0.314090934
0.30264651044
0.27699024668
0.24878056264
0.2500052298
0.26859226876000003
0.29411590464
0.30099273128000004
0.28929450948
0.26427589784
0.24326508728000004
0.23297658976000005
0.21831322824000002
0.20970346928000003
0.19891509736
0.19312878332
0.21247439892000003
0.24568097196
0.28300561220000003
0.30746187952
0.32421538156
0.3295624262
0.33439345723999997
0.32067739652
0.28618550383999997
0.26911610688
0.26719804439999995
0.26251583687999996
0.29181977783999996
0.32484930551999996
0.3295252431599999
0.32050302863999997
0.33375846707999995
0.35637120748
0.39127209716000005
0.41727957452000003
0.40888386080000005
0.41063764731999997
0.4122646225199999
0.41733686132
0.4204996813999999
0.4194272520799999
0.40546169615999994
0.3880335954399999
0.3831488034
0.38352295272
0.38568282276000004
0.3711638149600001
0.35834241380000004
0.3593488878
0.3522997326800001
0.3571989085600001
0.37505984988
0.35912993636
0.34482120424
0.35066657524
0.35585800328000006
0.36033613540000003
0.35569523112
0.31184234588
0.28480502599999996
0.28933146996000003
0.28873697184
0.28776419019999994
0.29173680568
0.29881319984
0.31876869128
0.3408533046
0.34415335532
0.34000229036
0.33265035084000005
0.31721129444
0.32150400487999997
0.33473546664
0.33464673051999994
0.33253506003999994
0.3195697088799999
0.3058209172399999
0.31151112127999986
0.30838312359999986
0.2960251105599999
0.28360601295999993
0.2680912884
0.2635918614399999
0.29253975612
0.3148382462
0.3296904654
0.32736953012000003
0.32820902995999995
0.32779391852000006
0.32206587295999994
0.28646715712000004
0.25058626628
0.22708372359999995
0.20838268147999997
0.22417099191999998
0.24965882519999996
0.251523935
0.24232041436000004
0.244128648
0.25205200308000003
0.27830208392
0.31095922868000003
0.30522823835999996
0.28779235076
0.2726387144
0.26386023244
0.27204525067999996
0.28218223316
0.2739608994799999
0.25089090316
0.23593872647999997
0.23615227439999997
0.23957184924
0.24526644579999998
0.24146601699999998
0.24529762888
0.25169805359999997
0.2735082698
0.28633793611999997
0.26373095028000004
0.23845555972000004
0.23054954843999997
0.24352556207999998
0.25771087076
0.26667032572
0.24889954496000002
0.21642017715999998
0.20255047695999998
0.20132051192000003
0.2044232254
0.20645439744000002
0.19198108304000003
0.17548551644
0.18576365148
0.21339783252
0.24411062228
0.27859948471999996
0.30440327967999997
0.30963835088
0.31851039316
0.31415783559999994
0.32026422952000005
0.31026481088
0.30464928284
0.293957568
0.31486281116000003
0.338790181
0.349480269
0.3624377945600001
0.37175393132
0.38817595184000003
0.41675235124000004
0.4284381220800001
0.42776576680000006
0.42891860228000006
0.42419781724000005
0.42883194716000006
0.4415847138400001
