0.4640302630666667
0.4391989355000001
0.4235743601666667
0.4359771083333334
0.40516089306666675
0.37138790266666677
0.33978140876666674
0.3077760827
0.2785406563333333
0.25839456326666665
0.2442913254333333
0.26143265446666664
0.2901022288666667
0.3087559978333333
0.3172206691666667
0.31515198390000004
0.30247775073333333
0.29308521553333333
0.28918116569999996
0.2942368953
0.2768424637666667
0.2553894639666667
0.25438797356666665
0.2570089726666667
0.2600069139
0.26292788303333336
0.2518057756666667
0.22647408766666663
0.21027878546666667
0.2101377984666667
0.21918706933333335
0.24205687443333337
0.2577030792
0.2669959946666667
0.2856477924666667
0.30670246353333336
0.3167782674000001
0.3154159219
0.3202088830000001
0.31578216183333335
0.3000788472333334
0.3033707251666667
0.3057630325666666
0.30204308999999996
0.3091173271333333
0.3241493141
0.3450483346666667
0.37211036303333334
0.3809150608
0.35564687736666667
0.35429864640000003
0.3542808698666667
0.35402489056666664
0.35797428056666664
0.3655133504
0.3751441259333333
0.3906653128999999
0.4112311675666666
0.42565780249999996
0.42998814566666665
0.4112714993666666
0.3795589353999999
0.3586550954666667
0.34361250893333334
0.3388125638000001
0.3339675077666667
0.3354145083666667
0.3546261162333334
0.37000181363333334
0.3830006262
0.40566622953333337
0.3982778790666667
0.36127123
0.34364821316666666
0.3296705784666667
0.3167807337
0.29710835546666664
0.27107881433333336
0.2592523016666667
0.2904173758
0.316990507
0.3339059235666666
0.3467856917666666
0.3524500270333333
0.3448081809666667
0.3413067566333334
0.3351438280666667
0.31823670140000004
0.30112259836666677
0.28371830223333333
0.27951509299999994
0.2963884312666666
0.3121546460666666
0.3231062951999999
0.32167321319999986
0.3165257616333331
0.3186628166333332
0.31770335656666654
0.3137912722999999
0.3078642969
0.2893085626333333
0.27420318783333325
0.28437179153333336
0.2903030074666667
0.2880304484333333
0.2851982523666667
0.2833388680666666
0.27732392159999997
0.29024818709999994
0.2872166259
0.2668656153
0.2502830439333333
0.23834199943333328
0.23395730856666663
0.2512939601333333
0.27072777949999993
0.2717990743666666
0.27310932959999995
0.2731926738333333
0.2752486495
0.2883793728333333
0.29422207653333327
0.2890181698
0.2761794328
0.2681415581666667
0.2626927176333333
0.254186511
0.24497736626666664
0.22915948313333334
0.21770308466666666
0.22213868859999997
0.23775490126666668
0.24277726959999998
0.24163575153333333
0.2472069614
0.2501683504333333
0.263984576
0.27944882383333336
0.2693734200666667
0.2506612266
0.24147464796666665
0.23865745986666667
0.23743588286666667
0.23350202576666668
0.21537557743333335
0.18923091813333331
0.1861031416
0.20399425373333335
0.22681203123333335
0.2516835497
0.26815457933333336
0.2727040497666667
0.27470857576666663
0.28550905813333327
0.2828856756
0.2922319845333333
0.29666570263333336
0.2922629671333334
0.28537871070000004
0.3051779466333333
0.3227451232666667
0.3272945753333334
0.3428653725333334
0.3593925709333334
0.37542822003333337
0.39664365030000004
0.3927512598666667
0.3791482962333334
0.3687089229
0.3614574710000001
0.3662407264666667
0.3852983390000001
