0.6425717186
0.633818346
0.7036987424
0.9255177721999999
0.9466726026
0.9308269584
0.7673751476
0.5676111352
0.39438071459999996
0.20574611360000006
0.0627299482
0.11485488420000001
0.1924337478
0.282081317
0.39009146280000007
0.50596067
0.5709636912
0.5084851442
0.3921256504
0.29484184859999996
0.1560911262
0.0858642364
0.20494835220000002
0.3257283996
0.3951585346
0.486001157
0.46231730759999995
0.3642690392
0.2960287962
0.1984547962
0.08671755619999999
0.0373131856
0.008909077600000002
-0.0191009398
0.0660746238
0.168247495
0.2972826218
0.4615680122
0.5756727636
0.5587027489999999
0.487893899
0.3611254618
0.21033166779999996
0.1646323242
0.2521888196
0.2761035492
0.2884339706
0.2763016924
0.1990924922
0.0894619602
0.0726036418
0.0643621066
0.0374650368
0.0453472764
0.095943842
0.2235562748
0.40382390020000003
0.5516429884
0.6363320513999999
0.6515147602
0.6118099214
0.48564154340000004
0.35518613379999997
0.3001763902
0.24688084
0.12850579720000002
0.2168373684
0.4036506762
0.46667800560000006
0.5187137408
0.6323167002
0.6111911188
0.6084156505999999
0.637864149
0.531366121
0.45699954299999995
0.3438291818
0.1677888576
0.0614478108
0.1486607984
0.197676519
0.2826687648
0.3807026988
0.45144840799999997
0.4827926135999999
0.44032051539999995
0.3371856352
0.23618655579999998
0.14406028999999998
0.10446126900000001
0.1479859718
0.22077498120000003
0.33101225840000004
0.4585122184
0.5120092144
0.5586981277999999
0.5940175926
0.4435213588
0.3085564028
0.1987334544
0.09900372519999999
0.004173977200000002
0.06726115660000001
0.13148868
0.295846905
0.4582581828
0.5646145904
0.6220301222000001
0.620634163
0.4750056294
0.3435740168
0.2900961918
0.20940875659999997
0.143483836
0.11625334120000001
0.06957053360000001
0.10465325439999999
0.1996942238
0.27596247100000004
0.3321907348
0.3700499836
0.3544212934
0.3643045214
0.40262208099999997
0.42915571660000007
0.39539493380000007
0.3272598198
0.2435319686
0.1676268138
0.0797303636
0.07434186360000002
0.058988058600000004
0.024973937000000005
0.13115975780000003
0.29096396980000006
0.3482623604
0.36627964560000004
0.3881385892
0.2828888918
0.25946963479999996
0.366747002
0.41919237439999996
0.4180127376000001
0.3788960276
0.25998147740000005
0.1754800936
0.2391912674
0.295147265
0.2938830248
0.2895481868
0.2159300524
0.1142079002
0.10005970020000002
0.120502383
0.1265248756
0.1520707596
0.22867016140000002
0.23033138859999996
0.24248442420000002
0.256753624
0.2425198346
0.21636610699999997
0.24500326240000003
0.297585769
0.311689561
0.29610014560000003
0.2143169488
0.13606094340000002
0.067660526
0.047755739799999995
0.053284622999999996
0.10386646480000002
0.2173629628
0.3387560604
0.477829311
0.6490220608
0.7587967164
0.7194331972000001
0.6460651862000001
0.4767609422
0.3603944836
0.2579778173999999
0.2053860484
0.11972029839999998
0.26027850179999995
0.335149592
0.4124433976
0.533945821
0.6865675856
0.6782552644
0.6859109968
0.6091062142
0.46270080459999996
0.3534838807999999
0.22786506679999996
0.1136826026
0.1695994236
