0.6565303288000001
0.6477749544
0.7154409671999999
0.9253444584
0.9466970642
0.9311851304000001
0.7722107612
0.5741691672
0.4012682292
0.21385483560000002
0.07320522
0.12072737139999998
0.1965756652
0.2859787098
0.3927497894
0.5060072516
0.5707365868000001
0.5114637885999999
0.3956874926
0.2984156364
0.16189343100000003
0.09506065779999999
0.2109917274
0.3311037034
0.4005739008
0.4887186514
0.46246799520000004
0.3643881654
0.2962239152
0.19650790680000002
0.08282049719999998
0.032993077200000005
0.004630605799999998
-0.0222821002
0.0649919166
0.1695054198
0.29896093160000003
0.463198412
0.5765095364
0.5611885062
0.4907468134000001
0.3636393572
0.2135300584
0.1677688294
0.25369762160000003
0.278140751
0.2902446898
0.2774285426
0.20007342339999998
0.09021429560000001
0.07247050499999999
0.0651404156
0.038061061
0.04701183839999999
0.098356417
0.2264052982
0.4059141186
0.5542757266
0.6377113038
0.6523669739999999
0.6121286182
0.4879850868
0.36182606219999996
0.30703187319999997
0.254032235
0.14314602980000002
0.22986727079999997
0.41193322239999997
0.47485557600000006
0.5265763686
0.6327410769999999
0.6115151838
0.6087951932
0.6389308166
0.5391894202
0.46384337020000005
0.3504553578
0.176498082
0.07087534520000001
0.1507865774
0.2008072314
0.2854842004
0.381461992
0.45037982779999997
0.4825441024
0.4424359916
0.3404073964
0.23979736280000002
0.14997837499999997
0.1102883834
0.1514613816
0.22337622660000003
0.33352471279999996
0.45902950580000007
0.5122676898
0.55892539
0.5929684508
0.44611112040000006
0.30982689659999996
0.2002154864
0.10118884599999997
0.008563191199999997
0.0670829738
0.13444253220000002
0.2987513514
0.460417781
0.5662649396
0.6243512967999999
0.6210872919999999
0.4750334546
0.34258946060000006
0.28872199099999996
0.21017529780000005
0.1443234414
0.11742265779999998
0.074704281
0.10992180519999999
0.2029427106
0.2792475982
0.3351937966
0.3701715854
0.3543332722
0.36408981479999997
0.4023770034
0.430446393
0.39707492419999996
0.3292252184
0.24573996339999998
0.16874780220000002
0.0807708744
0.07495708200000001
0.05929553740000001
0.027397752799999998
0.1343809742
0.2932094294
0.35175756259999996
0.3701758932
0.38960588520000006
0.28626048080000005
0.263254631
0.3692934202
0.42352844019999997
0.42288920680000003
0.38220020860000004
0.2634693074
0.18013385619999997
0.241726191
0.2971391674
0.2946741902
0.2895853178
0.2148976326
0.11366850419999999
0.0994222274
0.1210922502
0.12712187479999998
0.15423741800000002
0.23031476739999998
0.23254149659999998
0.24464212440000002
0.25778826380000003
0.2418931316
0.21551441379999997
0.2437293452
0.2956077614
0.31226671199999995
0.2969470788
0.2153896612
0.137186959
0.0698699808
0.048781744
0.053788516200000004
0.104992681
0.21857468200000002
0.33961949599999997
0.4784401312
0.6498751412000001
0.7591182986
0.7200540814
0.6467221648
0.4837002098000001
0.3678289364
0.26531775320000006
0.2110207616
0.12978933699999998
0.2637594022
0.3381321826
0.4151418368
0.5377769054
0.6858848442
0.6778459327999999
0.6855136267999999
0.6127481766
0.4692385036
0.3600360784
0.2363214636
0.12595849139999998
0.1776680556
