0.6213914242
0.6126380868
0.6873112428000001
0.9259273118
0.9466220424000001
0.9287671838
0.7532516850000001
0.5518164236
0.3735699678
0.1770774492
0.0292991468
0.09395191039999999
0.1732960524
0.26793975559999994
0.3836853854
0.5064451198000001
0.5709051288
0.500843944
0.38244886079999996
0.28535633639999997
0.13815848079999998
0.0604939346
0.1870669484
0.3098817168
0.37952911879999995
0.4788025858
0.46072996360000007
0.3622602078
0.29099622980000006
0.1943840048
0.0861738302
0.03444045459999999
0.004233946599999995
-0.023021144200000003
0.06102480379999999
0.159568638
0.2923956082
0.45884103400000004
0.5735634938
0.5504009346000001
0.47699600219999994
0.35069115380000004
0.19616829360000002
0.147461252
0.24174516399999998
0.26819832379999997
0.280262459
0.2720869916
0.1995347986
0.0863924076
0.06680381179999999
0.051061573000000006
0.024392811
0.026258994199999997
0.07568120919999999
0.2043568036
0.392252379
0.5388952488000001
0.62951143
0.6488796526
0.6102044130000001
0.48099022800000013
0.3403321986
0.28437511120000003
0.23060293999999998
0.097862247
0.1891793304
0.3870769116
0.4505543392
0.5030501938
0.631667578
0.6105557636000001
0.6075219865999999
0.6344631897999999
0.51694512
0.4430251466
0.32590989459999997
0.1431638048
0.0413037072
0.13832726280000002
0.1869031888
0.27620653100000003
0.3811092572
0.4510659328
0.48276692079999994
0.43414733940000005
0.329725119
0.2257803444
0.12516876420000003
0.08609731200000001
0.1347833732
0.20868301900000003
0.32171327
0.4571402036
0.5109032367999999
0.558487677
0.5951306022
0.4416240462000001
0.3068058426
0.19645108939999997
0.0952844264
0.0006926265999999959
0.0643446778
0.127297091
0.2919246278
0.45588475500000003
0.5596204810000001
0.6190578538
0.6184289326
0.47313895519999993
0.3392192884
0.2869965248
0.20468936619999994
0.1388223448
0.1110811464
0.0641616564
0.0989176018
0.1947601354
0.2704869546
0.3266133192
0.36692827159999997
0.34935023039999996
0.3595818434
0.39872271140000004
0.4207722518
0.386075675
0.31841935680000005
0.2331421702
0.15735963599999997
0.07084898
0.0664800256
0.052023632400000006
0.0166109004
0.12148280380000001
0.2857900014
0.3396362586
0.356197529
0.3821192838
0.2747513198
0.2485892754
0.359466564
0.41026601300000004
0.4088416147999999
0.3721580004
0.2525544314
0.167412584
0.23326348280000003
0.28739724240000003
0.288416685
0.285677833
0.2113621282
0.1094790246
0.0955944904
0.11371707839999998
0.1204835678
0.1425278578
0.22073374499999998
0.22218061380000004
0.2336485502
0.2494587144
0.23976110720000002
0.2129775596
0.24333954440000002
0.29750122079999997
0.308656794
0.29399713800000005
0.21245630799999998
0.1342145654
0.0662711572
0.041637485
0.047362779
0.0970454282
0.20975278079999998
0.33021368879999996
0.475576273
0.6459382891999998
0.7569940162
0.7195321152
0.6425860712
0.4695926248000001
0.3506163433999999
0.2460079668
0.19761521119999997
0.10967950339999999
0.25447477279999997
0.33194235460000004
0.4118787158
0.5284282256
0.687431052
0.6783632348
0.6858668064
0.6004577708000001
0.4460607676
0.33676423460000005
0.20655215239999997
0.08411203399999999
0.1495068612
