β=0,A=1,B=2(t in 0:1:100)
1.0000000000000009
-0.5000978697483147
0.7425207933844902
0.8950265058507039
0.9455091477844382
0.9772322744957197
0.9904466140057877
0.9919593113662377
0.9903836281310826
0.9573124421031454
0.3414031202148558
-0.20158211328255018
0.20978680846557354
0.2997657715448833
0.3134023280155231
0.4100849262955414
0.48742015412372514
0.5355597864102376
0.5667910698867892
0.6645273941505736
0.43743316950062566
0.2498985092855475
-0.07864037349949639
0.33356172665541506
0.28709793225298436
0.6405904062965576
0.7607512129528939
0.5049753816390846
0.3556448666584933
0.4547927779057203
0.5827486034083375
0.5178944703905823
0.2352950509935316
0.29318911696578237
0.2657052619332055
0.341016233524328
0.6918228955219058
0.5212598709663202
0.23242167232755626
0.26839977194461706
0.5616578280614886
0.7548233178640054
0.5344666312759366
0.10527748296285955
0.41526315198442765
0.6989064301758252
0.3780687105255138
0.11196269072718698
0.2026781967862008
0.6518456937283978
0.9340337953995242
0.6471736537095233
0.46763222783407593
0.4631388462041044
0.2002396834368224
0.14213560920564197
0.2503213392890719
0.5356538488353852
0.6112548929339898
0.7411031803723607
0.7755955844890658
0.4719000024218184
0.1345648592760353
0.13284794604502692
0.30014395742301564
0.5488544155426606
0.4833328276762948
0.16452831556766662
0.1850820164189371
0.5418246579554343
0.7716473585680002
0.6612872031700464
0.6103654158521402
0.4248248826742632
0.10237164125303733
0.28797315899538456
0.8437065999452431
0.7560876982267667
0.5686108588506404
0.6569331622240163
0.7840929796598681
0.7004917723684302
0.5353460954657386
0.4142498853232721
0.19156613673025327
0.027552105429777977
0.034119357593749414
0.1790257867363426
0.7653962962719535
0.7134704556216324
0.5332913168790817
0.5377972776233868
0.7263845989276227
0.751656026811921
0.8184467015135283
0.6445235462596145
0.35549391189282503
0.5827409682120387
0.6583125131944221
0.4949901512846773
0.37927557343141355
 
β=0,A=1,B=3(t in 0:1:100)
1.0000000000000009
0.757305743326777
-0.2982123305221254
0.5624338248409573
0.8231516135653969
0.9246939731337628
0.9563902031746357
0.9648585749854395
0.9786395806168048
0.7160680882324829
-0.05265108760366987
-0.10626287673575574
-0.05672268727412953
-0.028228463679337346
0.1915419374446728
0.3175488129158613
0.41818664910717035
0.4912646457885995
0.5115878769682305
0.4940965806306857
0.2914182233286163
-0.06778809132481319
-0.03673761635455709
0.047187598222448834
0.17021619529963555
0.11528963745682554
0.16193460437701868
0.2672807166615597
0.31181483552201045
0.3706215750376245
0.28136962614686206
0.269109796735387
-0.05045689338718859
0.1170982748432372
0.1065257461061751
0.22430375143296521
0.16351803243247723
0.18218045531893118
0.19614222059308997
0.13706923409345437
0.22316871850738887
0.4032546431165753
0.052381398954883744
0.08175113308132045
0.19616754251636526
0.5028873251993812
0.1857789695519071
0.06434349154009425
0.08823813819544307
0.2143466147359792
0.46840168126485804
0.5325445418694789
0.4036261521313676
-0.11661672242731522
0.042343025680496214
0.03196439468624308
0.15661515351393987
0.2931356715613974
0.5838451005657223
0.3686564538667052
0.19701367294629316
0.10389893416491633
0.09635171002115465
0.06027201298716833
0.021254847108229512
0.352236758902519
0.22247697105821945
0.10240561665800532
0.07259078548201842
0.28937504143615755
0.6270911098264366
0.6022405918711602
0.4203866602206706
0.05476710281605073
0.04736082669462006
0.02176412363313842
0.5535722595590142
0.5510564639834801
0.42610777341516315
0.46742306314088783
0.43519844032192556
0.3441472385647882
0.3598551543693751
0.32878532092283896
-0.10173549658929025
0.09185202932863544
0.05173124171564319
-0.14891720612928747
0.3318298066447752
0.2871995689337638
0.3538250682435295
0.3542893441911662
0.3431817940171315
0.6317814098640311
0.6321567954055566
0.36166229012876133
0.24444072131747258
0.34543812255249134
0.3227339103877795
0.33808662114291604
0.1606840464576689
 
β=0,A=1,B=4(t in 0:1:100)
1.0000000000000013
0.9941694129208373
-0.04482993583242156
0.2792258658627328
0.6544230631843156
0.8107661186463707
0.8720600918165634
0.9146796540956152
0.8581692820250579
0.38931561814318494
-0.21797415745181536
-0.14599505052734457
-0.03442609221075968
-0.07136456731837701
0.033570487815791895
0.02680503474850208
0.10459608594412659
0.22185120182375803
0.3971418802283545
0.25438721788483043
0.1386207193329725
-0.11505711664898659
-0.08417229255545308
-0.0694697979589789
0.03809806555939985
0.0777025908169804
0.09867087725125484
0.2242799400688105
0.2708090860047466
0.20617930196906556
0.1370286230756892
-0.050372737665840404
-0.01374147819364823
-0.07414495458185633
0.061683960882009406
0.04817959946396301
0.042011367197142054
0.03175050897067394
0.12304671074054785
0.10086795819106252
0.10813662776058207
0.16375269936292072
-0.08477408783389467
0.07064305706680858
0.05392020255013911
0.0008220354652764855
-0.02019892768514761
0.0531499867058772
0.05763855557806568
0.1508046893736563
0.1682828104073682
0.2111106304162948
0.15953184678756507
-0.011514028178565575
-0.009556780753346034
0.010608211658944636
0.008507471838636108
0.14102371555865956
0.21162258309541224
0.16396859821987775
0.09510144530159272
0.03154323281498534
0.03718658215864032
0.006824994602589771
-0.004390560983825481
0.10188715702742827
0.01045044938103104
0.0024757325916988024
0.051422046730955476
0.0401134377527565
0.14335443301088502
0.3470650302299055
0.1879364417880178
-0.02463049298182371
0.014647094978954073
0.012254957687961969
0.2171475997105928
0.43512524703422417
0.3738492407121283
0.2397451679598266
0.1508078484103854
0.29712576093917714
0.15309887778376766
-0.1677027773127106
0.14827338938622817
0.12672061972884738
0.08174241180291517
0.06165579978793743
-0.13055983379865693
0.11144443697900878
0.10874367087465191
0.17265981635657435
0.2734263073391636
0.39585259064690936
0.27731594809390997
0.21705022152988823
0.14578901272700423
0.04645965465410023
0.2071802147753228
0.26468151653082966
-0.015098139028361374
 
β=0,A=1,B=5(t in 0:1:100)
1.0000000000000007
0.9999638175704662
0.8117582177104714
-0.4189455366846127
0.25288874509648596
0.5651129296095982
0.7323974137064871
0.8084337311181625
0.7459891284704889
-0.19207363609211925
-0.10873018593671248
-0.0776334515199965
-0.01248262735443793
0.11731761297647658
-0.14984014405444684
0.004368652137107675
0.02699798527692292
0.05133077232434155
0.10071111158395482
0.14183330001639133
-0.12152116598323058
-0.02550190790726562
-0.06204410875156256
-0.02559106758999978
-0.07266771166591347
-0.02434576627904514
-0.046663583668900534
-0.013379231695220418
0.14660745846894654
0.10394699983882476
0.07636657688786738
-0.08827564685888874
-0.007925982245541306
-0.026823388277500696
-0.053476368379395865
-0.007576506669734012
-0.01481623291835343
-0.003852457617352546
0.026360131906336938
0.0817745742100864
0.04777989260637718
-0.016695220126442416
-0.029507421354564273
-0.037836147880473785
-0.03543217732604351
-0.009543950473613602
-0.04300460233422582
0.03232508369827035
0.017360126024657058
0.01743174742391545
0.08293230744005901
0.11389241564109744
-0.0561281667731897
0.021631012131858512
0.024206182288252925
-0.011868544305800238
-0.0009205292933839686
-0.024842238319161814
0.07245474494204773
0.07457841108399499
-0.055022075569117604
-0.0005093730002365558
-0.03381979415560622
-0.004633564758554535
0.008331119044735958
0.12135943351150515
-0.005684364800390404
-0.0002755966105833891
0.025533470627893462
0.007669931583551279
-0.004250723987259212
0.21581336847529886
0.0029158205083996734
-0.022955435725471318
-0.04988585954845773
-0.018552160450946042
-0.09487849894447527
0.15267620923569486
0.3006691137335965
0.12980221941591344
0.06755316192093207
0.01550901863641299
0.043750281129345286
-0.057180373435060286
0.2078123002985292
0.1307657159320257
0.10868083803836946
0.1693585404087101
0.16459697567689388
-0.04575017588733105
0.04516204937728775
0.08599723990354075
0.2531154435950004
0.2164088182303733
0.12677563675849993
0.05221392743555837
0.07385713355700597
0.011111816089340771
0.09084325373292963
-0.05826008423313152
-0.04439715774159451
 
β=0,A=1,B=6(t in 0:1:100)
1.0000000000000009
0.999999918363837
0.989452446528465
0.1847630160623752
-0.040027871332663875
0.3339527353378254
0.5884705619603223
0.7622986649955121
0.11417737472457251
-0.1867173339428615
-0.1506402789856083
0.04519499887475402
0.24053819431701462
0.3160821184259484
0.06606558438603889
-0.11360051048834693
-0.08421407221936857
0.03106069728726293
0.02196317505909912
0.004421408827843603
-0.0522113798201116
-0.016966325533734943
0.05478433163430702
0.10795488622650076
0.2526947166645477
-0.0546679987363523
-0.0516606202023484
-0.04688607057506809
0.1062294172682743
0.06559249398045415
-0.07712278553837847
0.1458064089622574
0.06562872815249517
-0.027527953159477772
-0.09847449284122557
0.0023138075904870015
-0.0007961111627012748
-0.0430526088237588
-0.0354917162482728
0.061656951909208016
-0.07628792660044062
0.06905602133180168
0.05833027411689104
0.11221160949020176
0.11910222926244464
0.08792055513417542
-0.0138191084844926
-0.029179350648162003
0.007902562881636849
-0.047580007930379906
-0.00846175788653329
-0.14240259861249613
0.07785615844271246
0.041105764267225904
0.03513120796538198
0.04748004700818729
-0.0005272406999142892
-0.008483944415804667
-0.018938578738996358
-0.05303011057615993
-0.03981718562564605
0.0022188916044311394
0.028049948537622552
-0.023466783935393386
0.04996380593643316
0.28223070019333235
0.0281839729221868
-0.0017756319234718133
-0.04145203899188638
-0.00813691054469395
-0.022742450289831444
-0.02143052393883036
-0.004633014659585155
-0.03579019696468826
-0.05864089123937768
-0.04908739205610155
-0.0638321526782359
-0.10544276413707583
0.028465350119141985
0.000844054025835462
-0.03503512961701577
-0.04052993172196663
-0.09871324245473319
0.23337856316231995
0.24688288818782583
0.20137813556773407
0.27429962206653447
0.3699777926392855
0.383849954354458
-0.14915125549071337
-0.01366201997037208
0.02205321781921238
0.07510989551109933
0.08909776826227803
0.01470248985509963
-0.008178712345844052
-0.006424808581396272
0.00022732104838417454
0.06693451049527274
0.1314372418938292
0.007275728527133018
 
β=0,A=1,B=7(t in 0:1:100)
1.000000000000001
0.9999999999175265
0.9997662478361928
0.8359384515378898
-0.34358197689696884
0.09988413250723321
0.40653229932641194
0.33890712415468704
-0.14423958337278858
-0.0055652891647041515
0.18582735724620464
0.31638225605262454
0.4055207482910561
0.45044174501412954
0.3437390102164713
-0.10679140186913261
-0.0602962177390601
-0.08593196452433849
-0.046551079928048356
0.008183661470748591
0.09562880687989109
0.022313359125169095
0.07646486202249025
0.22039972840963634
0.34183356820008387
0.08759350909509327
-0.04739286017537998
-0.06931519784327299
-0.02786376107137606
-0.05470636053057501
0.0934255601692079
0.1768646789557033
0.20681537008827938
0.24159369258831778
0.27929751241803324
0.13749034748777503
0.028729599377604855
-0.043761491306255534
-0.013839406851121993
0.007005509716414737
0.013413662536614388
0.10257295564204046
0.15353601661398894
0.3207060846387581
0.24452061295999983
0.16111976916171258
0.06846442252206705
-0.02425573182952242
-0.05158452767539208
0.01118106249651722
0.006661616355003998
0.2328384037232074
0.1984554621612198
0.09547793971998689
0.09940736948135483
0.08756133366610806
0.006640203057251187
0.11183054250756062
0.08663594631148955
0.028003393871050036
-0.008111175081621276
0.04845230347991669
0.07407410888271644
0.08312589606358409
0.14471438179981946
0.33653147637811404
0.3791181833085805
0.0024650656840304735
0.03280261828925553
-0.018968041054064442
-0.0210700189341235
0.17039704641921616
-0.019185490451336763
-0.04482059540788746
-0.014757243366459994
-0.004946414599779355
-0.06710812619343207
-0.23458699077343448
0.004597551107183753
-0.02025356795130869
-0.012400077147547293
-0.011093938249335187
0.32743945375833167
0.4330074185157163
0.3146371973727815
0.26689418773195706
0.36619855649177063
0.5183412573346626
0.5533616200303021
0.35885578652430716
0.001642891229867075
-0.006689916474600435
-0.02864185269637281
-0.022864085635456825
-0.09336183494277335
-0.05750133185224962
-0.06365020008643568
-0.023661367619117395
0.20224928920747645
0.29068699913918755
0.09000769882120095
 
β=0,A=1,B=8(t in 0:1:100)
1.0000000000000007
0.9999999999999718
0.9999975485001042
0.9863333314536703
0.3192172295179953
-0.20596583312774325
0.12501654765331088
-0.09532190189894085
0.049019212415648994
0.130113285773614
0.23335578172107235
0.3404874796321793
0.4397535392764901
0.5159577884105434
0.5023247988640928
0.18031953290559335
-0.17767061490452207
-0.05823011368363686
-0.01793848010783037
0.21786914157796217
0.23047098396268112
0.37036167267817566
0.5097090750626981
0.5289470271676779
0.41242604025270085
0.3567824106072108
0.0361932226379214
-0.03978472178915493
0.06866736595919605
0.26914007626677366
0.27126375036024136
0.2142235690802099
0.26741193416927944
0.31377474623165136
0.3642955126772005
0.4616351187612641
0.07587111666382489
0.012733762131307272
-0.016448609691055854
0.15521817265278764
0.1857356737076659
0.12136076456686794
0.4539271498723593
0.7239335955958794
0.5699013418929443
0.25881276832564215
0.2240666344820408
-0.001257143481151778
-0.05434037289770786
0.026756303259025258
0.16434933084857412
0.7466015831997659
0.41284808764376696
0.18275298406904983
0.10819106444737804
0.11812609921834849
0.29166994147403275
0.3893476298334938
0.31188508226777906
0.07885110050733665
0.14418016958593444
0.0654018783146338
0.12922093876771643
0.5104664208306829
0.7430943946462867
0.4353020017983931
0.40295638658189015
0.2331360723034962
0.04843444118432015
0.036150049875134704
0.11773145971705659
0.3330875397822477
0.1819075722324881
-0.018887184744897863
-0.02532020346626634
0.004189618826237239
0.08842765084721847
0.3944398173824218
0.23194157268755938
-0.03548865699037347
-0.0014772821468699657
0.09316085519626363
0.6384192439610981
0.4701760642967942
0.38124216881180306
0.43908708659604895
0.5011286414972476
0.6376673944158755
0.666576099360331
0.6135118277796393
0.2296024725261936
0.060781113170711984
0.008443709480095537
-0.12368237221403523
-0.037615194273926504
-0.003496552096890069
-0.008423454135001002
0.09801264549771686
0.4109916627258011
0.48695333985449507
0.27210384901163415
 
β=0,A=1,B=9(t in 0:1:100)
1.0000000000000007
1.0000000000000007
0.9999999862180274
0.9994518420319085
0.8494162972831575
-0.2726182756013437
-0.07117687406666866
-0.04173442889063913
0.1134643481254272
0.28145133683910384
0.46847947284103003
0.6278475006394753
0.7266256161761089
0.7748278286223302
0.7840471574388892
0.5085503560467695
0.014869919962214503
0.0966167835633312
0.5183735246098037
0.3218948254418059
0.4312648572525052
0.6456792282664421
0.6646529949932732
0.555774810896425
0.4557581046072172
0.5002737286652965
0.2073462722262618
0.051592118243411464
0.24204881912110446
0.7479913152514726
0.5388358444276625
0.30316587240091614
0.3712099515254977
0.7069849677698282
0.9086108566007821
0.7522828417208441
0.2818620419298395
0.061589145538568785
-0.011424415340044411
0.4487583735243589
0.3350346654775053
0.5072073186605515
0.7291773262642032
0.854248422088812
0.8822729738358205
0.5842523496859489
0.23649208713882583
0.10863494429646191
0.09048789946057975
0.12885217168403532
0.7948705365749662
0.7832211909077998
0.7604505136176927
0.407088683050406
0.16209469893378783
0.2617639309833156
0.6275866090773063
0.621243265877263
0.4389713017834389
0.34632975543038363
0.26870574747463144
0.1594852763323602
0.3666852182309811
0.828148325113697
0.8774507797001218
0.6573667740605622
0.4777407371890998
0.527337189010296
0.41153992967843783
0.24974622404502747
0.3920711485835013
0.4566010174192694
0.48375411968582244
0.42375389408559017
0.09308057298410229
0.039675789699195434
0.2767668104697124
0.500278534098195
0.510624268744818
0.18010374073931185
0.007603602379513678
0.47924256771877155
0.8525955440312767
0.6763721441070157
0.6093531201086568
0.6485925135238589
0.742651302951293
0.774258067303196
0.8427964786862638
0.7873272663900069
0.5443151065408663
0.1643753746516099
0.18577232696689489
0.030149680362159675
0.013340415958319566
0.023145817517333647
0.2913143583767363
0.6434557759015199
0.5293594152698006
0.5829441450931403
0.8431615421507556
 
β=0,A=1,B=10(t in 0:1:100)
1.0000000000000009
1.0000000000000009
0.999999999952741
0.9999869835900846
0.9815773669771443
0.3270963878916266
-0.18375988634418355
0.6441622625791806
0.7506445374810247
0.8496410122677125
0.9223090050250056
0.9654477424876149
0.9826026893408688
0.9823137870400149
0.9636029680830651
0.9175801203283787
0.2918455791637547
0.4525811463130857
0.7069280434652594
0.6259487843168683
0.7874019113518168
0.9033101443814543
0.9047417146606545
0.8728759984681979
0.894856978844017
0.7707826118166357
0.8712538960647739
0.2382885453747784
0.5973223159101299
0.8910632668730489
0.812360230968569
0.7504829130924273
0.8012320502821411
0.8942630222848398
0.958740565028277
0.8909232877852039
0.9907500314559705
0.20856321578769443
0.6540361563715369
0.8681095752314669
0.6110946640057394
0.7290374112316778
0.8449092831923956
0.9509305170471068
0.9582908680825148
0.9162641817723224
0.5761350027761094
0.7709065078873418
0.36449464416746546
0.43940433801105044
0.9282090468290196
0.865375878068571
0.979329789195292
0.7541631797533834
0.5540189600033664
0.649626203397788
0.8848495235966107
0.8858820937658765
0.6193985565649321
0.8710063612224146
0.6386172108470077
0.4584007208648024
0.6296533383840143
0.9742296967199313
0.9579126962341812
0.8583062239791887
0.7551077805814113
0.9410244330967871
0.6445849049195382
0.4530437595997904
0.9559778893308277
0.7911666729135636
0.8213544300739123
0.8581124884629736
0.5254166882633633
0.5290439345927567
0.8805540636638439
0.8425599966515221
0.8874946688363267
0.5388092258624966
0.14218296845996733
0.9553794040817835
0.9813292681725614
0.8018981971788828
0.7635169059570117
0.7956700636792083
0.8629008681962258
0.8495397642192984
0.9307732637172559
0.9426512652152802
0.7372274737051226
0.582471111636682
0.476481788042718
0.6543380877148043
0.787293β=1,A=1,B=2
0.9999999999999999
-0.37309201158778366
0.8423725620934255
0.9281178150269455
0.9598244615395803
0.984656734493311
0.994774158862636
0.9947225654680065
0.9918684092307173
0.9599725242571069
0.37211452181580684
-0.0821888961480059
95803
0.984656734493311
0.994774158862636
0.9947225654680065
0.9918684092307173
0.9599725242571069
0.37211452181580684
-0.0821888961480059
0.43881065722606805
0.6192835641271184
0.6342603362821841
0.6880060306156905
0.7227044665647888
0.7388662628383423
0.7433484917155985
0.8266725868444749
0.5415952911456254
0.46118285202327036
-0.08496993164865696
0.6149871494836576
0.5925143252852143
0.7301725614847903
0.8324659005616828
0.736699117880795
0.64899366300108
0.7052494462083415
0.7523952476391053
0.6443341170010076
0.24981049551368067
0.3414656841431621
0.6254733529896847
0.5978288655188236
0.6767956502800814
0.6533531861901914
0.5689670989805169
0.5973658532832429
0.7730703476997581
0.7916398517231643
0.5751233497003697
0.23897676205245733
0.58607735528571
0.6987974222881337
0.5458358767395584
0.523693414001808
0.5638350309769258
0.7505952534200753
0.9361835269951139
0.7723797748566236
0.6278445404045959
0.5258045516491452
0.34643061308184653
 
β=1,A=1,B=3(t in 0:1:54)
1.0000000000000004
0.7646488534709794
-0.08051554399014067
0.6964459754652309
0.8861861201508558
0.9583289338148568
0.9762085772693595
0.9771599242620845
0.9890285563898936
0.7318898143206616
0.06599169539092282
0.17155864562264556
0.41972729240520945
0.2517925888555939
0.4783917818015978
0.5810928222283547
0.6598070225393287
0.7261845375296648
0.745973141367702
0.7262170591857077
0.5307349518613471
0.1326458229884212
0.3240974282468153
0.40300119834176606
0.5438039554309587
0.4389939415219861
0.4176514796460452
0.5337825568100769
0.620779150744244
0.6626861425485817
0.43694341669681236
0.5296723858440181
-0.026510690646564267
0.3242905271942039
0.4928716681883814
0.5794826408592257
0.5313907045021603
0.5223397672289523
0.5560388828659596
0.47070577752475723
0.5415287640748165
0.46837964563330226
0.19310336498582242
0.3417347450116868
0.38398397830106185
0.6536716202107653
0.5247561920542643
0.46482111474183063
0.47780589523357897
0.5335801116755667
0.6803532039262934
0.7107231137165493
0.6206521457145665
-0.053383070610447884
0.2731617578841241
 
β=1,A=1,B=4(t in 0:1:54)
0.999999999999995
0.9942288340392849
0.04316799473837088
0.5422269331803313
0.8088665710637584
0.8975983150080572
0.9241800529801732
0.949468021728717
0.878396883665334
0.45146375279827977
0.018802669421851777
0.25194759241481535
0.3426639577803697
0.22503470975780115
0.4358649121081727
0.4293666995409079
0.4605266897843673
0.531140535118689
0.6729853468640105
0.47721418447373126
0.4333606928838969
0.13231188461592414
0.300360260488092
0.3262997855224178
0.36134352679386655
0.42201688574688817
0.44374450430948387
0.564121966969541
0.6147065381147555
0.5592205995896202
0.5362163813535379
0.1601970027604817
0.3320835209016952
0.35167913612784885
0.4635927044736892
0.36273196146994635
0.3375077695474631
0.33195154570205987
0.4542686201792576
0.5098457704975715
0.47562547720096127
0.5109705928539253
0.08303843804059785
0.3336324995055799
0.2999165056963466
0.4019054512478956
0.3323316065425912
0.47577983451448236
0.4288262752508422
0.47958161685834483
0.37350016687715654
0.4789941749570611
0.30439384544398707
0.34403718370352515
0.4162101638942761
 
β=1,A=1,B=5(t in 0:1:54)
0.9999999999999963
0.9999639789837194
0.8183985065572215
-0.19696780438769707
0.5186880424607148
0.7315750810556781
0.8373430900907177
0.874427271075951
0.8002005386289621
-0.02823037314910261
0.2606577381043528
0.32009189081391554
0.3159874344999034
0.5431868134652126
0.053885559031939534
0.3391449441254777
0.42539169221069273
0.4491221499248362
0.48403117429265596
0.4705153359780666
0.1513802036528606
0.36122903137381035
0.3543265452155528
0.3732607345046839
0.17080870454739983
0.41236519259871185
0.3191584326856704
0.34775281704479977
0.46961842703133594
0.4425093553092418
0.4861328895259228
0.2010667766415125
0.3499584186215435
0.3965039785330844
0.3250686289092216
0.34268866413445787
0.38680655247475737
0.416614900962956
0.44461683407845953
0.4734473454284247
0.42231462607654546
0.2896046804596737
0.3374489398774899
0.14537684698283893
0.34842236729843
0.2877582345360129
0.3200608445867712
0.39818785788322597
0.4469654852246457
0.438719372066555
0.4438526838558465
0.4519074123344373
0.3096420559788568
0.4329163108854892
0.45831414036784146
 
β=1,A=1,B=6(t in 0:1:54)
0.9999999999999964
0.9999999185551673
0.9896167311180478
0.24898136615802136
0.27019921361133037
0.5930305619502825
0.7630621126379031
0.8727920711967501
0.263392879294132
0.1216233033913904
0.20601422925765922
0.3861656205926211
0.5551512746101134
0.5329298857874094
0.3738642038200666
0.20342469999818932
0.2788565097411878
0.40083827478257855
0.34636921649397046
0.41829015124777824
0.30243795516091476
0.35766033932841396
0.4231575397138233
0.42004118012765523
0.6113990963751906
0.2311320790666171
0.3313596708677689
0.3159368584008496
0.44407501797135873
0.4507358187035686
0.24801796564064116
0.47580948755991237
0.4823496528272352
0.37068145599680935
0.16256317861205719
0.3825052439691916
0.3574737068476044
0.2843197226315628
0.35659290838638413
0.45632638799859326
0.22807144398302096
0.46137267628852296
0.45361138920311384
0.4976078004369379
0.5164104776753666
0.4484672479959039
0.36321187840411934
0.3757166551485991
0.4250278226807493
0.31492831651436165
0.41553556105490685
0.022356732068740164
0.35666425091889237
0.45787536483577107
0.44702059719533893
 
β=1,A=1,B=7(t in 0:1:54)
0.9999999999999953
0.9999999999176337
0.9997681336883246
0.8420178215583277
-0.15280957602887313
0.4341715110045821
0.6496466133768031
0.5805984833245752
0.03038646614108449
0.31156358195846107
0.5133462735220249
0.6205456740751245
0.6827876866264877
0.6912973532865732
0.6029270361839115
0.0930727906472691
0.3024221497720436
0.3406302791823793
0.3127362840154783
0.25880294254833225
0.4511075680826533
0.43176443812574006
0.454237502370598
0.5602847578855534
0.653172702396033
0.30744066965884237
0.3360173552544849
0.2892738820723
0.27588409065321184
0.19066831463381803
0.3737098225886726
0.5413437410859137
0.5334085961818331
0.5328399817159822
0.6095520897323862
0.4989567158898253
0.37920497784708657
0.2858095702573757
0.345735540764325
0.4480262238795583
0.38776277923150915
0.49837561680921827
0.429651796610892
0.4983235994728647
0.44602665515916506
0.5298096376795994
0.44238377516204364
0.3850210163258255
0.2953102451728704
0.3743943772830482
0.41138989134645537
0.5496972788533647
0.5259363188366356
0.4302021913874681
0.48854090542277395
 
β=1,A=1,B=8(t in 0:1:54)
1.0000000000000029
0.9999999999999594
0.9999975600739259
0.9865857920192461
0.36884939867139616
0.0866443822933636
0.5107677916008968
0.034978807329157556
0.3726414470637448
0.49673499457884207
0.5755212298507985
0.6379522448468582
0.6880906247848346
0.7337340998280406
0.6166470783574172
0.45820968079048097
-0.04710607143182432
0.32970984314333757
0.3467613200370415
0.5485272134352506
0.5163304044800712
0.5865599997431222
0.6942640000641569
0.7443253072404024
0.6701480569207638
0.6242089335076006
0.25902197404922395
0.17856894527919487
0.42533867227952493
0.5884389888835828
0.593451577441257
0.5469278594345817
0.5863129606157507
0.5579146828035397
0.5779074431163673
0.6004558538359221
0.36976983719253853
0.36727988200330564
0.32659193502270445
0.3548649683610164
0.5384359495138685
0.4759439027005754
0.6593260150677298
0.8442718620370757
0.7495834691189908
0.5417662698829289
0.574295538608586
0.2869596364940341
0.21630992190044107
0.432772306636905
0.3810279847865997
0.8006603087037913
0.6752533563155015
0.537347787184939
0.49645948925389793
 
β=1,A=1,B=9(t in 0:1:54)
1.0000000000000029
1.0000000000000022
0.9999999862575748
0.9994571029550836
0.8541618694002824
-0.1626409219420918
0.20560526722647815
0.37590983769229575
0.46551282361409024
0.5657775068283347
0.6868675934042946
0.7900507842868127
0.8457860692741257
0.8575954002091353
0.8741050064033369
0.49626530127179336
0.18775709608740593
0.16832446486810249
0.7116502769417048
0.6564672922207644
0.6976768438277013
0.8185179583553795
0.8346316692118435
0.7641080118785211
0.6620458318955158
0.7545599189437685
0.26470603309888224
0.29747417351813876
0.42415740579423256
0.7433966413508057
0.6939074525629872
0.6257486172255466
0.6639540606724765
0.8345051531853126
0.9285677363048982
0.8597028831480937
0.4507783956763026
0.4627758572119123
0.12422904243386454
0.57245367330862
0.6297319473965055
0.6934371779641754
0.8358273219445906
0.8894367151838941
0.8917652419890374
0.7422840792761278
0.599727681251139
0.33790253759297034
0.4423938720982289
0.30379123328857405
0.7981594506154508
0.837043115763689
0.7430530754570227
0.6216147093604855
0.5627148229197512
 
β=1,A=1,B=10(t in 0:1:54)
1.0000000000000044
1.0000000000000069
0.9999999999527616
0.9999869835900864
0.9815773669771436
0.3270963878916115
-0.18375988634418589
0.6441622625791871
0.7506445374810393
0.849641012267708
0.9223090050250383
0.9654477424875917
0.9826026893408824
0.9823137870400367
0.9636029680830713
0.9175801203283946
0.29184557916376974
0.4525811463130727
0.706928043465241
0.6259487843168724
0.787401911351799
0.9033101443814335
0.9047417146607049
0.8728759984682656
0.8948569788440408
0.7707826118166008
0.8712538960647568
0.23828854537482586
0.5973223159101527
0.8910632668730336
0.8123602309685549
0.7504829130924356
0.8012320502820606
0.8942630222848232
0.9587405650282989
0.8909232877852737
0.9907500314560057
0.20856321578771483
0.6540361563716349
0.8681095752314552
0.6110946640057029
0.7290374112317032
0.8449092831924415
0.9509305170470497
0.9582908680824738
0.9162641817722534
0.5761350027761083
0.7709065078873834
0.36449464416748384
0.43940433801115947
0.928209046829093
0.8653758780686218
0.9793297891952856
0.754163179753463
0.5540189600033272
 
β=3,A=1,B=2(t in 0:1:54)
1.0000000000000009
-0.33345201375937267
0.8855112926790775
0.9393141557894938
0.9648112882450386
0.9871972754168522
0.9962537712438055
0.99566545362168
0.9923113349334293
0.9620283274971257
0.3844693054125172
-0.0003023213646577011
0.5325232150979591
0.7727024921602363
0.7945604017427557
0.8189047905779974
0.8290296120412761
0.8301548719784074
0.8148844393739936
0.9031938711249387
0.5579553461385109
0.592352056343173
-0.09417410699727317
0.7376666198879953
0.7332214782108617
0.7884222678365356
0.8798392044306911
0.851767735812979
0.7873456972506028
0.8302884704840982
0.8071836138750723
0.7256438184366729
0.25049730859011177
0.38088394279749693
0.7752864748715783
0.7140129639454661
0.6751097528541026
0.7239282836947959
0.747060721792608
0.7553035733012102
0.8795336194709644
0.8034801553290742
0.583095315020271
0.33431631294311503
0.6563016363694515
0.6967810097456381
0.6355445438827272
0.726300386034137
0.7400563768912387
0.7949219147434956
0.9384342540430008
0.8196243533571039
0.7348409530533788
0.5179192610704246
0.4281445910694701
 
β=3,A=1,B=3(t in 0:1:54)
0.9999999999999967
0.767596567699003
0.015590136275034347
0.7546909705830656
0.9087144147464328
0.9701499530055924
0.9830467506614564
0.9813375595523268
0.9929911001664198
0.7361934288318434
0.1427289135018089
0.3690778526694352
0.6387098115232972
0.3776908545923747
0.6612667191873294
0.7294431376998907
0.7754346370291292
0.8291270504478175
0.8395903127557947
0.808387162041366
0.627018889886512
0.2028690929916727
0.5352240850005335
0.5642283664489494
0.7328116593086544
0.6256897925953645
0.5853483999648995
0.6759515008128054
0.7716470138031536
0.8058697717788664
0.501175427686883
0.682057545631018
-0.0036615828476604245
0.4565996672428972
0.6900369913499171
0.7506799624459337
0.7127684344894812
0.7028998717733173
0.7399426441808539
0.6368966004828991
0.7291481559445414
0.5130533720228069
0.2361165460875615
0.5491725269624946
0.49956088788273245
0.7186440807369222
0.7108360583922568
0.6808551387751475
0.6877053159662079
0.7109683651345973
0.7682775906541814
0.8021234588270536
0.7724139913615614
-0.05124060028604864
0.4155342540338497
 
β=3,A=1,B=4(t in 0:1:54)
0.9999999999999938
0.9942540963755925
0.08298524643968387
0.6793213505617095
0.8689835791777445
0.9291941032484922
0.9422216987298095
0.9616720061545969
0.8838739937371622
0.489045067120511
0.1809216750968071
0.5155866168413858
0.5205678525823052
0.3437115612303809
0.6325116929548071
0.6534924892811739
0.6634269746223445
0.6849983006378089
0.8120425898998848
0.5589017170627362
0.566692533573812
0.2651048257235165
0.5586351381080102
0.5216816866067504
0.5226810502112416
0.6083052993099144
0.6436452177182677
0.7331540012243307
0.7841955591495937
0.7071911709226764
0.7273466570307787
0.2319213095751549
0.5534684322828294
0.5597185087957686
0.6863811945235762
0.527594999920728
0.5220374923011153
0.5285777876648678
0.6296332108493129
0.7182672642242078
0.6554002514787216
0.6625440992441395
0.17747686910181007
0.5395558488589492
0.4791465974488587
0.591240106731725
0.5105616830312687
0.6964778730755208
0.6469188897208706
0.678384666793188
0.48251604644459617
0.6506994228370391
0.3699240602994174
0.5174038635064131
0.604359222979514
 
β=3,A=1,B=5(t in 0:1:54)
0.9999999999999897
0.9999640472832932
0.8215606165895989
-0.08840939496153283
0.6560924876068046
0.7934566357130517
0.8762974146684032
0.8959299962654419
0.8218228236949914
0.06555191828591578
0.5107068831806357
0.5571626024858227
0.4711456225091261
0.7132992873133136
0.14388271449162804
0.5637302976379446
0.6423762787595205
0.6496049754151574
0.6491648469858771
0.6075880609344156
0.2725083935276347
0.5998619871929193
0.5806082311203288
0.6147916650997618
0.2885270924435972
0.637025433553766
0.5250483317520505
0.579855796814689
0.6410736150883534
0.5945625438922222
0.6849089292799704
0.32953545457375044
0.5657387629828294
0.6553869838070345
0.5038210745929526
0.5263471084176142
0.5818447461874042
0.6424461164339138
0.6633722086594043
0.6788750947132223
0.5963138008476692
0.4384405641409933
0.5879528173395874
0.2618712200598687
0.652606792469112
0.4288965956395653
0.4797927369094623
0.6053899578043036
0.690267871676687
0.6561975051321172
0.6194567181368543
0.6269639885151952
0.456420196635417
0.6544260389135518
0.6824625459796254
 
β=3,A=1,B=6(t in 0:1:54)
0.9999999999999896
0.9999999186346427
0.9896926649029144
0.2803473859796334
0.44175495082517763
0.7131344658225984
0.8264244185640952
0.9110465001538137
0.3202312309529536
0.3127800067220351
0.4575781404652952
0.5608474796305893
0.6989947254666264
0.6093108801294433
0.4900039402163685
0.37708250618803757
0.5261388442751733
0.6168804557980612
0.49972467998202635
0.5796724323123348
0.48537068229131053
0.5898829795992326
0.6426885424385095
0.5794193614605123
0.7720429205799014
0.34592984616612366
0.5313149789337173
0.5584440159917701
0.613504464896394
0.6468592798346993
0.3760914176167545
0.6661218041105479
0.6926140326844114
0.6289472702271701
0.3181773745669924
0.5682378139093274
0.5431355114289704
0.4505425076347894
0.5915278422421226
0.6778889698584325
0.35763007872412933
0.6694911227760336
0.6688259144466188
0.7021692727497453
0.7094773159631083
0.644221116273128
0.5202153540678809
0.5731946535916478
0.6583529594561024
0.49342185334296773
0.7304742658555607
0.11716300400181125
0.5332564355336239
0.6963195732590917
0.6721281393873408
 
β=3,A=1,B=7(t in 0:1:54)
0.9999999999999916
0.9999999999176756
0.9997689438684705
0.8449422402210428
-0.05909683852352546
0.6250175179448842
0.7485757446643546
0.6590678360230695
0.12181580032404271
0.5483330471754004
0.6828179351125674
0.7531120382498697
0.7934362419847198
0.7804789547655765
0.6911778030383713
0.17880426522931947
0.5442588536083728
0.5689097288315166
0.48625667336380474
0.39936798818034674
0.6527340816801179
0.6520001710054462
0.6599475545097209
0.7164776940583202
0.7989010509210126
0.37908344096999264
0.5323432515201502
0.4885802107060044
0.5001085448725762
0.31838044425360706
0.5407825522823935
0.737339935801059
0.7194866394080752
0.6817396041552936
0.7849239640925582
0.6326182258095533
0.5482518002429855
0.4300885311977206
0.5629032631358242
0.6534254004966766
0.5636478078369738
0.7062963263037036
0.6121099425628076
0.6525934705047117
0.5567021656938178
0.7372718521610597
0.6015334294671753
0.5679711008899105
0.4525715221700064
0.5956552276300195
0.6406686347297164
0.7000378939451651
0.6976895464133006
0.6352126047252185
0.7080198210075788
 
β=3,A=1,B=8(t in 0:1:54)
1.0000000000000007
0.9999999999999565
0.9999975643901919
0.9866913742621983
0.3907320240995792
0.23930814379009274
0.6900717322190906
0.07850907923642556
0.5509157660340832
0.6795502249351139
0.7229558307667867
0.7612225604451426
0.7868422788102263
0.8174938876513315
0.6525648059697801
0.5734920614327186
0.03054259134236545
0.5696500044656126
0.4958951022802486
0.7185943858119251
0.6950290492252611
0.7289112588187941
0.7988705286459186
0.8485774580096008
0.7729786765563401
0.7262214936954746
0.3527264703999089
0.29315919245648364
0.6402993365283199
0.7398402128509066
0.7643461405054092
0.7336958282805843
0.760061914923533
0.6918259098771958
0.7028751474405737
0.6803426363222513
0.47512586057390727
0.5354156233637004
0.5043564760924394
0.4273925046906495
0.7455250164004725
0.6709045858589647
0.7883610592037686
0.9203650037931679
0.8534067694668674
0.6773019352411837
0.7805485619896411
0.39634382440600013
0.31715046898370575
0.7041797681854922
0.48935631705510113
0.8277339423927331
0.8138424487081442
0.7264804182949332
0.7190816505335058
 
β=3,A=1,B=9(t in 0:1:54)
1.0000000000000033
1.0000000000000004
0.999999986268088
0.999458700171892
0.8558950859583603
-0.11491559471224672
0.31646639524403486
0.5349467980774859
0.6596504948660583
0.7066655937395312
0.7843827348767032
0.8581168683627445
0.8927053453322286
0.8894612991859485
0.9072821387660944
0.4876547971215517
0.28180659467708224
0.21573707193492048
0.7965816786835794
0.8187578230922311
0.8299824434718952
0.9015206207996433
0.9115322156068562
0.8601005053945991
0.7438875549828465
0.8822585692387674
0.25752979688533023
0.4323654777212396
0.49726112875192385
0.7487452291873697
0.7842308757852019
0.7894463986792748
0.8080041504838457
0.8970552435506425
0.9437505454726208
0.9197117899748777
0.489040910584479
0.6830694535875368
0.14309198351707775
0.632982765493349
0.7684300535893943
0.7936674999085109
0.8953886993437845
0.9130004919932191
0.9036716011139266
0.8086834053594525
0.7951506573957182
0.41562844024139084
0.6014541770992492
0.3807265163068345
0.8117434570331657
0.8691382516543795
0.7426278996426695
0.7274933077018563
0.7631203995245432
 
β=3,A=1,B=10(t in 0:1:54)
1.0000000000000009
1.0000000000000009
0.9999999999527558
0.9999869835900803
0.9815773669771376
0.3270963878916042
-0.18375988634419477
0.6441622625792003
0.750644537481046
0.8496410122677085
0.9223090050250393
0.96544774248758
0.9826026893408721
0.9823137870400362
0.9636029680830662
0.9175801203284079
0.2918455791637584
0.4525811463130102
0.7069280434652419
0.6259487843168976
0.787401911351791
0.9033101443814378
0.90474171466072
0.8728759984683123
0.8948569788440361
0.770782611816584
0.8712538960647827
0.23828854537478134
0.5973223159100869
0.8910632668730427
0.8123602309685585
0.7504829130924208
0.8012320502820527
0.8942630222848097
0.9587405650283074
0.890923287785344
0.9907500314560183
0.20856321578775494
0.6540361563717021
0.8681095752313428
0.6110946640056812
0.7290374112316949
0.8449092831924112
0.9509305170470457
0.9582908680824579
0.9162641817722039
0.5761350027761818
0.7709065078874793
0.36449464416737115
0.4394043380111713
0.9282090468291544
0.8653758780686772
0.9793297891952527
0.7541631797534217
0.5540189600033426
 
β=5,A=1,B=2(t in 0:1:54)
1.0000000000000009
-0.334933212212516
0.8885173651793721
0.9396103579843178
0.9651198907788741
0.9873081284122772
0.9963267256760082
0.9957137881010223
0.992318018789424
0.9623477296618776
0.38547560471909226
0.010975330562201333
0.5390313782024908
0.7983486388593675
0.8165273033073615
0.8307602851560585
0.8377969385746675
0.8387346494376072
0.8188591369750258
0.9096170008118085
0.5547810127127425
0.6079911799446125
-0.09528541153448843
0.7442828851076151
0.752749261406439
0.8002873539227423
0.8853345046683755
0.8665065942137695
0.8000176986411476
0.8408188234083189
0.8095727625173732
0.7352404168585843
0.2495305305480322
0.3867958194046971
0.7844525197787671
0.7295633788552571
0.675519875701655
0.7296158307619698
0.7711783735759905
0.7739777984527731
0.8880238353735981
0.803992814889682
0.5824778830427801
0.3466943403702219
0.6599691769939897
0.6966677748567733
0.6490207240231862
0.7558904100522834
0.7589454601296106
0.7995220594540542
0.9389465974069482
0.822017816886232
0.747272761697813
0.5124577631069169
0.4390529118008639
 
β=5,A=1,B=3(t in 0:1:54)
0.9999999999999961
0.7676104419029672
0.02001965155115848
0.7603788949163603
0.9099476453158
0.971001725429611
0.9835350543251524
0.9815957850392021
0.9933533207880959
0.7355607351517544
0.15392266396448
0.40057145535710115
0.6577247020207355
0.3873218056474813
0.6833961729289311
0.7436874898554374
0.7817865566286604
0.8404830575925928
0.84670006520201
0.8143067184942008
0.6360746382511515
0.20564219722969182
0.5666223630044338
0.5789794084001256
0.7573299687802006
0.6470212875930959
0.6078442070685837
0.6839332236852427
0.7854885765227793
0.8197229169743876
0.5011528418499775
0.6941534688301492
0.0009466481511152813
0.47611919270297876
0.7058557671941073
0.774723000513807
0.7412110089270476
0.7278767841367526
0.7601638964604487
0.6471632855393479
0.7457852378168841
0.5168144526676068
0.23046620799073553
0.5806274537957868
0.5093670402130166
0.7289079749504792
0.7463226611024283
0.7065241758367367
0.7175603557605414
0.7318426250344042
0.7755829592823058
0.8105976108887427
0.7913660782693888
-0.06418764336310415
0.42533565720712807
 
β=5,A=1,B=4(t in 0:1:54)
0.9999999999999951
0.9942548072695395
0.08486302259111271
0.6943432565451759
0.873253011665948
0.9320874109491851
0.9434527616925137
0.9627584911929203
0.8836461105527246
0.4947220656565583
0.20244161293362786
0.5577213120911835
0.5309676706154753
0.34508580178829784
0.6631283530088283
0.6863631289496295
0.6850395987669553
0.6956885266621505
0.8250808138967947
0.5594211710845838
0.58315713821085
0.2842963264546739
0.5983334392997965
0.5382338701196048
0.5336067943833627
0.6250994569152384
0.6805213852774432
0.7460404906005798
0.8017642194448524
0.7184620377927187
0.7445105581092101
0.2264514057494486
0.5912436075026635
0.5817227494453051
0.7070910974617389
0.5438918978210477
0.5401338749671313
0.5636601523435665
0.6430868050620544
0.7366216423140597
0.6682848923869202
0.6816580170797989
0.1846610300070182
0.571539384512598
0.5116946734270161
0.6157642980219935
0.5277541255281633
0.7226580532248479
0.6798588423189922
0.7028940186450832
0.48721437458567374
0.6597265967410897
0.37683102403009816
0.5402076961363231
0.6174978228676083
 
β=5,A=1,B=5(t in 0:1:54)
0.9999999999999947
0.9999640497169036
0.821739986890487
-0.07968077730852462
0.6743238964367166
0.7966633346762733
0.8804510857314012
0.8971683285606773
0.82503803570782
0.07293487189581344
0.5555002264859116
0.5871294925553909
0.4804940366317433
0.7264235469498346
0.15016410135273114
0.6028422254417753
0.6696643445884736
0.6672766107357277
0.6629599125420327
0.6191774925439011
0.27703812021977037
0.6467527637059114
0.6091614825287002
0.6348597341565179
0.2900054831291331
0.6686022710398893
0.5533411354279448
0.6172167657934264
0.6547035384114221
0.6011664429236723
0.7028976155147459
0.344600866139256
0.5975461566303185
0.690978814317268
0.5176019828857521
0.5355167215601361
0.6041462579297714
0.6868589295954228
0.6910767474050596
0.6966050195721043
0.6067285039867703
0.44527744752839016
0.6347858319977255
0.2731240596367958
0.6942914073324629
0.43823003621732176
0.48877244030845335
0.6307224598893106
0.7251864238470942
0.6869067032673082
0.6341731936423405
0.6372085565822458
0.46886614823316475
0.6889416791580768
0.7081444581383809
 
β=5,A=1,B=6(t in 0:1:54)
0.9999999999999926
0.9999999186369294
0.9896961894714411
0.28229079249658723
0.461438028184352
0.7266013902119359
0.8309743417509745
0.9145790382571986
0.3213152415416968
0.3441037388425577
0.5005091826323567
0.5710576166640471
0.7144109974980211
0.6135400306082561
0.4955705916817545
0.40662783370321953
0.5690609037019754
0.6364389839114832
0.5067131452406233
0.5941917166640767
0.5107813849596756
0.6283673599086724
0.6680359082721508
0.5886883723628352
0.7853991889764989
0.35455800983854824
0.5558889375555842
0.6053027733677094
0.627625605668076
0.6587470166335666
0.37980898425436266
0.696948565612087
0.7138994759303365
0.6644073515584664
0.3277137535370094
0.5760530017919535
0.5705916058352275
0.4714782518796447
0.6285904492962031
0.6998001449301019
0.3624654006420715
0.6863164979237959
0.6954903191730336
0.7390501880014434
0.7265127276649153
0.6603377505188552
0.5254242341723224
0.5974115082349203
0.6959774500737838
0.5077181604005767
0.7665366066455654
0.1193082817940018
0.5474434860397058
0.7322981003352838
0.7038114831558396
 
β=5,A=1,B=7(t in 0:1:54)
0.9999999999999931
0.9999999999176774
0.9997689613768073
0.8450746229569268
-0.05265821610261699
0.6515061011313061
0.7542417051422894
0.6613907336212381
0.13578854228241452
0.5861296966097735
0.697078177408579
0.7658818768524338
0.8039469393244593
0.7871699233644527
0.6989522743974786
0.18317269583430806
0.5894645816299154
0.595644097136739
0.4961749677040685
0.40515009283447023
0.6879629285599851
0.6807530902752572
0.6804885355380477
0.7310241630610669
0.8116132532279448
0.37752618962192175
0.5548906840451249
0.5178804203653498
0.532967499272986
0.32766486749463053
0.5533176124634734
0.7629553745064797
0.7458912411463177
0.6894545252017772
0.8038601050929345
0.6425869266448465
0.5634060028155843
0.4405719727439755
0.596546469950443
0.6746365464174542
0.5794462782594116
0.7274156235825613
0.6347337503524437
0.6712079417891703
0.5607082093824822
0.7547457454622863
0.6110672216727066
0.5880614060753644
0.467703234217116
0.6196609313701229
0.6638829508707067
0.7248391347768495
0.7166376945401444
0.6642227269894563
0.7354371302237859
 
β=5,A=1,B=8(t in 0:1:54)
1.0000000000000009
0.9999999999999563
0.9999975643697884
0.9866937565175407
0.3917676572884432
0.2570337071167927
0.7080268610170739
0.0784922559061161
0.571251601936621
0.7041102718111445
0.7351476579386966
0.7745429365380034
0.7950381796861266
0.8252306034295188
0.6534520718453734
0.5843947181539628
0.04177837224874295
0.5985894508603992
0.5099860770920249
0.738951204652777
0.7188920569796571
0.7372981852169682
0.8031686962981919
0.858279929072387
0.778975160996094
0.7312208828149664
0.3658591009308695
0.3059480337656897
0.6632892107632351
0.7594953256596586
0.7890556628135708
0.7580173045431634
0.7801850984854406
0.7006218110748578
0.7115142744031996
0.685192862291511
0.475338336701961
0.5496275790889823
0.5264669478434887
0.43626240359505264
0.7705934710835227
0.6895682434167048
0.8072879555047914
0.9301835700230466
0.8652109770868048
0.6836405554141365
0.7999529935999851
0.401116860976511
0.31806472471106767
0.7364862743475221
0.496685504122978
0.8315100011766694
0.837162171204265
0.7493422442248162
0.7481435538168247
 
β=5,A=1,B=9(t in 0:1:54)
1.0000000000000022
1.0000000000000004
0.9999999862680594
0.9994587441432368
0.8560102670977425
-0.1098476340530237
0.3249602731274479
0.5558100455317077
0.6842918619360097
0.7183387717011384
0.7907937727011399
0.8628372573625571
0.8957188315977783
0.8908741340050783
0.9091658677558525
0.4861469389144603
0.2923150800093738
0.22086316602690628
0.8045040703395803
0.8455767515028941
0.8467873628206581
0.9099233336330005
0.9189909506224564
0.8694352462969835
0.7484755436234485
0.8931727277919598
0.2514915999196483
0.44631808511277804
0.4997071384800161
0.7510468503962571
0.8018572651498441
0.8106293444668546
0.8222417622823279
0.9054121836551571
0.9458316140436552
0.9267099200214728
0.4864948204123732
0.7028300560915925
0.13542611519923725
0.6354299584613136
0.7826712265351585
0.8138603502057915
0.9033198384291765
0.9160255211074017
0.9061529666017991
0.8138595791694746
0.8129839313843534
0.4167590891065478
0.6139029596850667
0.38308444580422374
0.814745879980188
0.8734693250257801
0.7436024753972003
0.7389130627278258
0.7858474890332334
 
β=5,A=1,B=10(t in 0:1:54)
1.0
1.0000000000000007
0.9999999999527553
0.9999869835900796
0.9815773669771376
0.3270963878916049
-0.18375988634420945
0.6441622625792087
0.7506445374810524
0.8496410122677107
0.9223090050250415
0.9654477424875774
0.9826026893408699
0.982313787040038
0.9636029680830667
0.9175801203284184
0.2918455791637602
0.45258114631297436
0.7069280434652414
0.6259487843169033
0.7874019113517903
0.9033101443814414
0.9047417146607284
0.8728759984683295
0.894856978844033
0.7707826118165826
0.8712538960648055
0.23828854537475647
0.5973223159100618
0.8910632668730527
0.8123602309685467
0.7504829130924158
0.8012320502820567
0.8942630222848087
0.9587405650283112
0.8909232877853728
0.9907500314560241
0.20856321578777604
0.6540361563717334
0.8681095752312791
0.6110946640056745
0.7290374112316984
0.844909283192411
0.9509305170470492
0.9582908680824462
0.9162641817721778
0.5761350027762169
0.7709065078875273
0.3644946441673272
0.43940433801117257
0.9282090468291792
0.8653758780686982
0.9793297891952351
0.7541631797533903
0.5540189600033487
 
β=7,A=1,B=2(t in 0:1:54)
1.0000000000000004
-0.3365177218062618
0.8891114827094522
0.9396061438139535
0.9652195489230964
0.9873230328827736
0.9963416780658034
0.9957261003518025
0.9923151350372911
0.962461212905553
0.38577064421035456
0.014727887589403132
0.5404431801451604
0.8093231809959285
0.8233704716850434
0.8336988209714155
0.8402816929460959
0.8413721201870431
0.8196691324315482
0.9112754277435215
0.553249895199764
0.6131586286026082
-0.09561114212350132
0.7450133643363528
0.7611254558148031
0.8053884708287302
0.8860139404501053
0.8721249115724602
0.8042869415436649
0.8425269407100198
0.8100733864510863
0.7383446562797119
0.2491176099778608
0.38863964908990667
0.7861976406879319
0.73641320371074
0.6754024241043273
0.7294120274023586
0.7790832725352115
0.7813973129297294
0.8895688461384863
0.8040190418105254
0.5821646165222061
0.3506861225709337
0.6604875326442473
0.6967704915798689
0.655391812905898
0.7682093491788835
0.7624385983447843
0.8010546391784561
0.9391639897958082
0.8225165969488627
0.7509191810534255
0.5103901086878164
0.4425123754051098
 
β=7,A=1,B=3(t in 0:1:54)
0.9999999999999961
0.7675033622388212
0.018377234582709595
0.7621473777374348
0.9100222583684516
0.9712025015441376
0.9836609518715391
0.9816293535792049
0.9934550048495167
0.7351170358604175
0.15781601623610983
0.41149123856986536
0.6632969054101938
0.38895469464027066
0.6881279459780307
0.7480493094077435
0.7818805555553194
0.8450252248699688
0.848177064055615
0.8159165503101782
0.6391389619714221
0.2057140934332946
0.5772504385078479
0.5833952430669139
0.7679498807291696
0.6506490528518845
0.6145348000742323
0.683112584715492
0.7899767233609825
0.8235669622523114
0.4996664505630194
0.6968816790717318
0.0027968898558489164
0.4822821516329816
0.7106765931111131
0.7853743682246124
0.7514417804448881
0.7347915666774723
0.7654363020466879
0.6478568809436451
0.7500978873677754
0.5172997827736285
0.22690732966151284
0.5912827114782058
0.5116278795977744
0.7327577002109377
0.7646090853572298
0.7147116430719261
0.7274979997718536
0.7341460743762971
0.7775650572550612
0.812965005452859
0.7970917428957678
-0.07083908913094376
0.42557635161757335
 
β=7,A=1,B=4(t in 0:1:54)
0.9999999999999962
0.9942539023675694
0.08371027577074612
0.6965977301388059
0.8742488088857835
0.9328835211857986
0.9435877368089743
0.9630553061980462
0.8833021779813381
0.49684291888266524
0.2083600596625399
0.5719996258946548
0.5319490582147282
0.341332971919958
0.6765466093374797
0.6966718895945202
0.6895586573577308
0.698539411488807
0.8275968330900441
0.5576094180153472
0.5893143685745361
0.2912191874893662
0.6114336896222211
0.5421554284915676
0.5349496729145444
0.6264629702274375
0.6966749867153568
0.7469035465791698
0.8071857412679683
0.721687345639442
0.7498815684588364
0.22155296301127292
0.6048423236580599
0.5884195875825173
0.7130944561510235
0.5500683789522929
0.5396745748401057
0.5764045160354533
0.6434800330387619
0.7408343462968091
0.6710506301586994
0.6890680697471612
0.18663976730837378
0.5827029703975057
0.5238199716182375
0.6262434477753216
0.5313309349261752
0.7318918318931701
0.6917990349235199
0.7065415352816402
0.484650900628231
0.6587517983041586
0.3796792405349862
0.5489937722695183
0.6205568774825397
 
β=7,A=1,B=5(t in 0:1:54)
0.9999999999999983
0.9999640472435841
0.8216539173575381
-0.08075384285924214
0.6796351840468897
0.7967224785458684
0.8817402054368414
0.8972191807888192
0.8266654123800601
0.07191905138162555
0.5718877929508001
0.5954115850644939
0.48129892461269985
0.7301909817943235
0.1500510849792795
0.6157612324654111
0.6778395912265303
0.6706284779640583
0.6674526517460293
0.6236855057699655
0.27367726259709746
0.6661222976493548
0.6184363043975084
0.6369523630549784
0.2855222419153849
0.6830790905971567
0.5628093357579862
0.6287181504391632
0.6551345339212893
0.6008431197590535
0.7086687676877667
0.3506930403138514
0.6079363230776527
0.7013874756841082
0.5190135018997738
0.5342911553434543
0.610855077068529
0.7074372580156969
0.6994729627320934
0.6997816619228705
0.6074060797434213
0.4433271757899709
0.6570440289742703
0.2767017736259773
0.7023637212435756
0.4392661125938694
0.4883978086621951
0.6372832100176166
0.7387997023680232
0.6984579246030851
0.6362548294008448
0.6373715220031575
0.4715935262353378
0.7032885288947189
0.7172226501282863
 
β=7,A=1,B=6(t in 0:1:54)
0.999999999999995
0.9999999186340123
0.9896940478241578
0.28169252081276586
0.4649607661306509
0.7303887408532597
0.832058696762564
0.91585776290857
0.31828577994129503
0.35523327556830814
0.5149598741201113
0.570421692509481
0.7201751031667469
0.6139822979977483
0.4946202031914908
0.41846826099935375
0.5840537986392235
0.6383748426982168
0.5063244234279062
0.5995578994661752
0.5194767185382965
0.6416200226732174
0.6727013794035948
0.589253979499545
0.7890767922740856
0.35701381113928066
0.5638197767020505
0.6231620552803357
0.6291579705996727
0.6602090533071303
0.3774942678761641
0.7097009537828146
0.7210742034292084
0.6740839261598137
0.32468914876684724
0.5749751347235954
0.5837118695451058
0.47889999067037536
0.6412213245841264
0.7041526341719441
0.36058292544314335
0.689295703065628
0.7048626831289129
0.7549932192135484
0.7296930792233962
0.6630685522240443
0.5234164833400508
0.6064765106647015
0.7120983552417998
0.512010042369438
0.7737279593954322
0.1164213460573644
0.5449155714844003
0.7469506036919968
0.7157005138555204
 
β=7,A=1,B=7(t in 0:1:54)
0.9999999999999939
0.9999999999176779
0.999768937569259
0.8450216914123512
-0.0526776488398379
0.6596547002783727
0.7546481611493091
0.660242696449558
0.1410112315232712
0.5959992107453274
0.6998738859075202
0.7701215535952828
0.8068553148969153
0.7887990415676376
0.7015490640004125
0.18287117716250584
0.6065229984944276
0.6036313683441472
0.4979724773050599
0.4007855647743589
0.7045245362399004
0.6897177250470881
0.6835677325364982
0.7365905846243027
0.8148941502629796
0.37492795388665856
0.5618870770860483
0.5290761385573223
0.5437700554409711
0.33180569211736627
0.5513963736104142
0.7721473728418349
0.7555160599689141
0.6877547706992331
0.8101997577216887
0.6453667702652299
0.5688047197004895
0.44299912723805046
0.6080327263739858
0.681062415020717
0.5846103198943768
0.7349595214448554
0.6392126339653855
0.6723560241718489
0.5580175089810788
0.7590904728180842
0.612699948551573
0.5958655782242019
0.4728565497795603
0.6261492277007719
0.6700368589081886
0.7349725911913134
0.7212991878834013
0.6733706478409827
0.7427848490076209
 
β=7,A=1,B=8(t in 0:1:54)
1.0000000000000013
0.9999999999999556
0.9999975642584907
0.9866922765786514
0.39174451082391115
0.2623957998605881
0.7131646735144124
0.07737162085840173
0.5759647023877914
0.7129758000344897
0.7378903085001931
0.7795895114730251
0.7965219178154856
0.8279301170997109
0.6530801506250057
0.5876963162291016
0.04576148158713868
0.6069598583200873
0.5154793560252303
0.7451519642049573
0.7253277932304051
0.7369598731425435
0.8033349398305158
0.8610035641258188
0.7798824344690009
0.732031887791015
0.3710999589987747
0.30994796283841597
0.6697322107184902
0.766887625137798
0.7987183735544104
0.7654113424511546
0.7854635335634463
0.7002200779211514
0.7137336230507234
0.6848096778375543
0.47397950879048767
0.5538362791231201
0.5338625967011599
0.438958783555277
0.7811602657825432
0.6948540194443605
0.8141144031712593
0.93246482421667
0.8676045135358768
0.6846512635046311
0.8044894900528261
0.40153124207513674
0.3164587565261659
0.7454015078910396
0.4978946006763256
0.8329412986160134
0.8480991851087956
0.755374955238865
0.7561576636532763
 
β=7,A=1,B=9(t in 0:1:54)
1.0000000000000022
0.9999999999999999
0.9999999862679502
0.9994587460087822
0.8560385316833671
-0.1082303592403979
0.32693993551196693
0.5639316512871968
0.6908092186583674
0.7221651274067764
0.7920773861133673
0.8639555035878419
0.8967916313346861
0.8908523004659809
0.9096612023777917
0.48558958373132927
0.2957213862070686
0.22229356736678185
0.807090823796452
0.8572066778033958
0.8515690451963618
0.9120837922976828
0.9214886134273982
0.8721192501833053
0.7492825571189197
0.8961669425828958
0.24897664700441519
0.4505744859825885
0.4996035392421231
0.7521692201195354
0.8104616862926195
0.8165836015777973
0.8243123654858784
0.9090125944129516
0.9464863418342944
0.9288001028970343
0.4849065467735226
0.708721265213123
0.13189154597047176
0.6349087989048049
0.787776599124856
0.8239787076755147
0.9056007141961069
0.9166735095350231
0.9070721749432546
0.8152987553084305
0.8173465685292581
0.41579377931117933
0.6172763569181013
0.38271163968574584
0.8159634355868952
0.8751338408085937
0.74396675576081
0.7423343091435236
0.7904777635301217
 
β=7,A=1,B=10(t in 0:1:54)
0.9999999999999994
1.0000000000000007
0.9999999999527558
0.999986983590079
0.9815773669771376
0.3270963878916048
-0.18375988634421853
0.6441622625792134
0.7506445374810566
0.8496410122677126
0.9223090050250431
0.9654477424875748
0.9826026893408699
0.9823137870400387
0.9636029680830658
0.9175801203284245
0.29184557916376186
0.4525811463129541
0.7069280434652405
0.6259487843169051
0.78740191135179
0.9033101443814404
0.904741714660734
0.8728759984683395
0.8948569788440321
0.7707826118165828
0.8712538960648194
0.23828854537474264
0.5973223159100502
0.8910632668730569
0.81236β=9,A=1,B=2
1.0000000000000016
-0.337511963979284
0.8893287610760843
0.9395880268362865
0.9652716800018403
0.9873265297261975
0.9963476332095798
0.9957319561089674
0.9923127391303614
0.9625192567287406
290374112317032
0.8449092831924188
0.9509305170470498
0.9582908680824357
0.9162641817721624
0.5761350027762367
0.7709065078875563
0.36449464416730315
0.4394043380111756
0.9282090468291921
0.8653758780687073
0.9793297891952235
0.7541631797533788
0.554018960003352
 
