β=0,A=1,B=2(t in 0:1:100)
1.0000000000000009
0.5000978697483147
0.7425207933844902
0.8950265058507039
0.9455091477844382
0.9772322744957197
0.9904466140057877
0.9919593113662377
0.9903836281310826
0.9573124421031454
0.3414031202148558
0.20158211328255018
0.20978680846557354
0.2997657715448833
0.3134023280155231
0.4100849262955414
0.48742015412372514
0.5355597864102376
0.5667910698867892
0.6645273941505736
0.43743316950062566
0.2498985092855475
0.07864037349949639
0.33356172665541506
0.28709793225298436
0.6405904062965576
0.7607512129528939
0.5049753816390846
0.3556448666584933
0.4547927779057203
0.5827486034083375
0.5178944703905823
0.2352950509935316
0.29318911696578237
0.2657052619332055
0.341016233524328
0.6918228955219058
0.5212598709663202
0.23242167232755626
0.26839977194461706
0.5616578280614886
0.7548233178640054
0.5344666312759366
0.10527748296285955
0.41526315198442765
0.6989064301758252
0.3780687105255138
0.11196269072718698
0.2026781967862008
0.6518456937283978
0.9340337953995242
0.6471736537095233
0.46763222783407593
0.4631388462041044
0.2002396834368224
0.14213560920564197
0.2503213392890719
0.5356538488353852
0.6112548929339898
0.7411031803723607
0.7755955844890658
0.4719000024218184
0.1345648592760353
0.13284794604502692
0.30014395742301564
0.5488544155426606
0.4833328276762948
0.16452831556766662
0.1850820164189371
0.5418246579554343
0.7716473585680002
0.6612872031700464
0.6103654158521402
0.4248248826742632
0.10237164125303733
0.28797315899538456
0.8437065999452431
0.7560876982267667
0.5686108588506404
0.6569331622240163
0.7840929796598681
0.7004917723684302
0.5353460954657386
0.4142498853232721
0.19156613673025327
0.027552105429777977
0.034119357593749414
0.1790257867363426
0.7653962962719535
0.7134704556216324
0.5332913168790817
0.5377972776233868
0.7263845989276227
0.751656026811921
0.8184467015135283
0.6445235462596145
0.35549391189282503
0.5827409682120387
0.6583125131944221
0.4949901512846773
0.37927557343141355
 
β=0,A=1,B=3(t in 0:1:100)
1.0000000000000009
0.757305743326777
0.2982123305221254
0.5624338248409573
0.8231516135653969
0.9246939731337628
0.9563902031746357
0.9648585749854395
0.9786395806168048
0.7160680882324829
0.05265108760366987
0.10626287673575574
0.05672268727412953
0.028228463679337346
0.1915419374446728
0.3175488129158613
0.41818664910717035
0.4912646457885995
0.5115878769682305
0.4940965806306857
0.2914182233286163
0.06778809132481319
0.03673761635455709
0.047187598222448834
0.17021619529963555
0.11528963745682554
0.16193460437701868
0.2672807166615597
0.31181483552201045
0.3706215750376245
0.28136962614686206
0.269109796735387
0.05045689338718859
0.1170982748432372
0.1065257461061751
0.22430375143296521
0.16351803243247723
0.18218045531893118
0.19614222059308997
0.13706923409345437
0.22316871850738887
0.4032546431165753
0.052381398954883744
0.08175113308132045
0.19616754251636526
0.5028873251993812
0.1857789695519071
0.06434349154009425
0.08823813819544307
0.2143466147359792
0.46840168126485804
0.5325445418694789
0.4036261521313676
0.11661672242731522
0.042343025680496214
0.03196439468624308
0.15661515351393987
0.2931356715613974
0.5838451005657223
0.3686564538667052
0.19701367294629316
0.10389893416491633
0.09635171002115465
0.06027201298716833
0.021254847108229512
0.352236758902519
0.22247697105821945
0.10240561665800532
0.07259078548201842
0.28937504143615755
0.6270911098264366
0.6022405918711602
0.4203866602206706
0.05476710281605073
0.04736082669462006
0.02176412363313842
0.5535722595590142
0.5510564639834801
0.42610777341516315
0.46742306314088783
0.43519844032192556
0.3441472385647882
0.3598551543693751
0.32878532092283896
0.10173549658929025
0.09185202932863544
0.05173124171564319
0.14891720612928747
0.3318298066447752
0.2871995689337638
0.3538250682435295
0.3542893441911662
0.3431817940171315
0.6317814098640311
0.6321567954055566
0.36166229012876133
0.24444072131747258
0.34543812255249134
0.3227339103877795
0.33808662114291604
0.1606840464576689
 
β=0,A=1,B=4(t in 0:1:100)
1.0000000000000013
0.9941694129208373
0.04482993583242156
0.2792258658627328
0.6544230631843156
0.8107661186463707
0.8720600918165634
0.9146796540956152
0.8581692820250579
0.38931561814318494
0.21797415745181536
0.14599505052734457
0.03442609221075968
0.07136456731837701
0.033570487815791895
0.02680503474850208
0.10459608594412659
0.22185120182375803
0.3971418802283545
0.25438721788483043
0.1386207193329725
0.11505711664898659
0.08417229255545308
0.0694697979589789
0.03809806555939985
0.0777025908169804
0.09867087725125484
0.2242799400688105
0.2708090860047466
0.20617930196906556
0.1370286230756892
0.050372737665840404
0.01374147819364823
0.07414495458185633
0.061683960882009406
0.04817959946396301
0.042011367197142054
0.03175050897067394
0.12304671074054785
0.10086795819106252
0.10813662776058207
0.16375269936292072
0.08477408783389467
0.07064305706680858
0.05392020255013911
0.0008220354652764855
0.02019892768514761
0.0531499867058772
0.05763855557806568
0.1508046893736563
0.1682828104073682
0.2111106304162948
0.15953184678756507
0.011514028178565575
0.009556780753346034
0.010608211658944636
0.008507471838636108
0.14102371555865956
0.21162258309541224
0.16396859821987775
0.09510144530159272
0.03154323281498534
0.03718658215864032
0.006824994602589771
0.004390560983825481
0.10188715702742827
0.01045044938103104
0.0024757325916988024
0.051422046730955476
0.0401134377527565
0.14335443301088502
0.3470650302299055
0.1879364417880178
0.02463049298182371
0.014647094978954073
0.012254957687961969
0.2171475997105928
0.43512524703422417
0.3738492407121283
0.2397451679598266
0.1508078484103854
0.29712576093917714
0.15309887778376766
0.1677027773127106
0.14827338938622817
0.12672061972884738
0.08174241180291517
0.06165579978793743
0.13055983379865693
0.11144443697900878
0.10874367087465191
0.17265981635657435
0.2734263073391636
0.39585259064690936
0.27731594809390997
0.21705022152988823
0.14578901272700423
0.04645965465410023
0.2071802147753228
0.26468151653082966
0.015098139028361374
 
β=0,A=1,B=5(t in 0:1:100)
1.0000000000000007
0.9999638175704662
0.8117582177104714
0.4189455366846127
0.25288874509648596
0.5651129296095982
0.7323974137064871
0.8084337311181625
0.7459891284704889
0.19207363609211925
0.10873018593671248
0.0776334515199965
0.01248262735443793
0.11731761297647658
0.14984014405444684
0.004368652137107675
0.02699798527692292
0.05133077232434155
0.10071111158395482
0.14183330001639133
0.12152116598323058
0.02550190790726562
0.06204410875156256
0.02559106758999978
0.07266771166591347
0.02434576627904514
0.046663583668900534
0.013379231695220418
0.14660745846894654
0.10394699983882476
0.07636657688786738
0.08827564685888874
0.007925982245541306
0.026823388277500696
0.053476368379395865
0.007576506669734012
0.01481623291835343
0.003852457617352546
0.026360131906336938
0.0817745742100864
0.04777989260637718
0.016695220126442416
0.029507421354564273
0.037836147880473785
0.03543217732604351
0.009543950473613602
0.04300460233422582
0.03232508369827035
0.017360126024657058
0.01743174742391545
0.08293230744005901
0.11389241564109744
0.0561281667731897
0.021631012131858512
0.024206182288252925
0.011868544305800238
0.0009205292933839686
0.024842238319161814
0.07245474494204773
0.07457841108399499
0.055022075569117604
0.0005093730002365558
0.03381979415560622
0.004633564758554535
0.008331119044735958
0.12135943351150515
0.005684364800390404
0.0002755966105833891
0.025533470627893462
0.007669931583551279
0.004250723987259212
0.21581336847529886
0.0029158205083996734
0.022955435725471318
0.04988585954845773
0.018552160450946042
0.09487849894447527
0.15267620923569486
0.3006691137335965
0.12980221941591344
0.06755316192093207
0.01550901863641299
0.043750281129345286
0.057180373435060286
0.2078123002985292
0.1307657159320257
0.10868083803836946
0.1693585404087101
0.16459697567689388
0.04575017588733105
0.04516204937728775
0.08599723990354075
0.2531154435950004
0.2164088182303733
0.12677563675849993
0.05221392743555837
0.07385713355700597
0.011111816089340771
0.09084325373292963
0.05826008423313152
0.04439715774159451
 
β=0,A=1,B=6(t in 0:1:100)
1.0000000000000009
0.999999918363837
0.989452446528465
0.1847630160623752
0.040027871332663875
0.3339527353378254
0.5884705619603223
0.7622986649955121
0.11417737472457251
0.1867173339428615
0.1506402789856083
0.04519499887475402
0.24053819431701462
0.3160821184259484
0.06606558438603889
0.11360051048834693
0.08421407221936857
0.03106069728726293
0.02196317505909912
0.004421408827843603
0.0522113798201116
0.016966325533734943
0.05478433163430702
0.10795488622650076
0.2526947166645477
0.0546679987363523
0.0516606202023484
0.04688607057506809
0.1062294172682743
0.06559249398045415
0.07712278553837847
0.1458064089622574
0.06562872815249517
0.027527953159477772
0.09847449284122557
0.0023138075904870015
0.0007961111627012748
0.0430526088237588
0.0354917162482728
0.061656951909208016
0.07628792660044062
0.06905602133180168
0.05833027411689104
0.11221160949020176
0.11910222926244464
0.08792055513417542
0.0138191084844926
0.029179350648162003
0.007902562881636849
0.047580007930379906
0.00846175788653329
0.14240259861249613
0.07785615844271246
0.041105764267225904
0.03513120796538198
0.04748004700818729
0.0005272406999142892
0.008483944415804667
0.018938578738996358
0.05303011057615993
0.03981718562564605
0.0022188916044311394
0.028049948537622552
0.023466783935393386
0.04996380593643316
0.28223070019333235
0.0281839729221868
0.0017756319234718133
0.04145203899188638
0.00813691054469395
0.022742450289831444
0.02143052393883036
0.004633014659585155
0.03579019696468826
0.05864089123937768
0.04908739205610155
0.0638321526782359
0.10544276413707583
0.028465350119141985
0.000844054025835462
0.03503512961701577
0.04052993172196663
0.09871324245473319
0.23337856316231995
0.24688288818782583
0.20137813556773407
0.27429962206653447
0.3699777926392855
0.383849954354458
0.14915125549071337
0.01366201997037208
0.02205321781921238
0.07510989551109933
0.08909776826227803
0.01470248985509963
0.008178712345844052
0.006424808581396272
0.00022732104838417454
0.06693451049527274
0.1314372418938292
0.007275728527133018
 
β=0,A=1,B=7(t in 0:1:100)
1.000000000000001
0.9999999999175265
0.9997662478361928
0.8359384515378898
0.34358197689696884
0.09988413250723321
0.40653229932641194
0.33890712415468704
0.14423958337278858
0.0055652891647041515
0.18582735724620464
0.31638225605262454
0.4055207482910561
0.45044174501412954
0.3437390102164713
0.10679140186913261
0.0602962177390601
0.08593196452433849
0.046551079928048356
0.008183661470748591
0.09562880687989109
0.022313359125169095
0.07646486202249025
0.22039972840963634
0.34183356820008387
0.08759350909509327
0.04739286017537998
0.06931519784327299
0.02786376107137606
0.05470636053057501
0.0934255601692079
0.1768646789557033
0.20681537008827938
0.24159369258831778
0.27929751241803324
0.13749034748777503
0.028729599377604855
0.043761491306255534
0.013839406851121993
0.007005509716414737
0.013413662536614388
0.10257295564204046
0.15353601661398894
0.3207060846387581
0.24452061295999983
0.16111976916171258
0.06846442252206705
0.02425573182952242
0.05158452767539208
0.01118106249651722
0.006661616355003998
0.2328384037232074
0.1984554621612198
0.09547793971998689
0.09940736948135483
0.08756133366610806
0.006640203057251187
0.11183054250756062
0.08663594631148955
0.028003393871050036
0.008111175081621276
0.04845230347991669
0.07407410888271644
0.08312589606358409
0.14471438179981946
0.33653147637811404
0.3791181833085805
0.0024650656840304735
0.03280261828925553
0.018968041054064442
0.0210700189341235
0.17039704641921616
0.019185490451336763
0.04482059540788746
0.014757243366459994
0.004946414599779355
0.06710812619343207
0.23458699077343448
0.004597551107183753
0.02025356795130869
0.012400077147547293
0.011093938249335187
0.32743945375833167
0.4330074185157163
0.3146371973727815
0.26689418773195706
0.36619855649177063
0.5183412573346626
0.5533616200303021
0.35885578652430716
0.001642891229867075
0.006689916474600435
0.02864185269637281
0.022864085635456825
0.09336183494277335
0.05750133185224962
0.06365020008643568
0.023661367619117395
0.20224928920747645
0.29068699913918755
0.09000769882120095
 
β=0,A=1,B=8(t in 0:1:100)
1.0000000000000007
0.9999999999999718
0.9999975485001042
0.9863333314536703
0.3192172295179953
0.20596583312774325
0.12501654765331088
0.09532190189894085
0.049019212415648994
0.130113285773614
0.23335578172107235
0.3404874796321793
0.4397535392764901
0.5159577884105434
0.5023247988640928
0.18031953290559335
0.17767061490452207
0.05823011368363686
0.01793848010783037
0.21786914157796217
0.23047098396268112
0.37036167267817566
0.5097090750626981
0.5289470271676779
0.41242604025270085
0.3567824106072108
0.0361932226379214
0.03978472178915493
0.06866736595919605
0.26914007626677366
0.27126375036024136
0.2142235690802099
0.26741193416927944
0.31377474623165136
0.3642955126772005
0.4616351187612641
0.07587111666382489
0.012733762131307272
0.016448609691055854
0.15521817265278764
0.1857356737076659
0.12136076456686794
0.4539271498723593
0.7239335955958794
0.5699013418929443
0.25881276832564215
0.2240666344820408
0.001257143481151778
0.05434037289770786
0.026756303259025258
0.16434933084857412
0.7466015831997659
0.41284808764376696
0.18275298406904983
0.10819106444737804
0.11812609921834849
0.29166994147403275
0.3893476298334938
0.31188508226777906
0.07885110050733665
0.14418016958593444
0.0654018783146338
0.12922093876771643
0.5104664208306829
0.7430943946462867
0.4353020017983931
0.40295638658189015
0.2331360723034962
0.04843444118432015
0.036150049875134704
0.11773145971705659
0.3330875397822477
0.1819075722324881
0.018887184744897863
0.02532020346626634
0.004189618826237239
0.08842765084721847
0.3944398173824218
0.23194157268755938
0.03548865699037347
0.0014772821468699657
0.09316085519626363
0.6384192439610981
0.4701760642967942
0.38124216881180306
0.43908708659604895
0.5011286414972476
0.6376673944158755
0.666576099360331
0.6135118277796393
0.2296024725261936
0.060781113170711984
0.008443709480095537
0.12368237221403523
0.037615194273926504
0.003496552096890069
0.008423454135001002
0.09801264549771686
0.4109916627258011
0.48695333985449507
0.27210384901163415
 
β=0,A=1,B=9(t in 0:1:100)
1.0000000000000007
1.0000000000000007
0.9999999862180274
0.9994518420319085
0.8494162972831575
0.2726182756013437
0.07117687406666866
0.04173442889063913
0.1134643481254272
0.28145133683910384
0.46847947284103003
0.6278475006394753
0.7266256161761089
0.7748278286223302
0.7840471574388892
0.5085503560467695
0.014869919962214503
0.0966167835633312
0.5183735246098037
0.3218948254418059
0.4312648572525052
0.6456792282664421
0.6646529949932732
0.555774810896425
0.4557581046072172
0.5002737286652965
0.2073462722262618
0.051592118243411464
0.24204881912110446
0.7479913152514726
0.5388358444276625
0.30316587240091614
0.3712099515254977
0.7069849677698282
0.9086108566007821
0.7522828417208441
0.2818620419298395
0.061589145538568785
0.011424415340044411
0.4487583735243589
0.3350346654775053
0.5072073186605515
0.7291773262642032
0.854248422088812
0.8822729738358205
0.5842523496859489
0.23649208713882583
0.10863494429646191
0.09048789946057975
0.12885217168403532
0.7948705365749662
0.7832211909077998
0.7604505136176927
0.407088683050406
0.16209469893378783
0.2617639309833156
0.6275866090773063
0.621243265877263
0.4389713017834389
0.34632975543038363
0.26870574747463144
0.1594852763323602
0.3666852182309811
0.828148325113697
0.8774507797001218
0.6573667740605622
0.4777407371890998
0.527337189010296
0.41153992967843783
0.24974622404502747
0.3920711485835013
0.4566010174192694
0.48375411968582244
0.42375389408559017
0.09308057298410229
0.039675789699195434
0.2767668104697124
0.500278534098195
0.510624268744818
0.18010374073931185
0.007603602379513678
0.47924256771877155
0.8525955440312767
0.6763721441070157
0.6093531201086568
0.6485925135238589
0.742651302951293
0.774258067303196
0.8427964786862638
0.7873272663900069
0.5443151065408663
0.1643753746516099
0.18577232696689489
0.030149680362159675
0.013340415958319566
0.023145817517333647
0.2913143583767363
0.6434557759015199
0.5293594152698006
0.5829441450931403
0.8431615421507556
 
β=0,A=1,B=10(t in 0:1:100)
1.0000000000000009
1.0000000000000009
0.999999999952741
0.9999869835900846
0.9815773669771443
0.3270963878916266
0.18375988634418355
0.6441622625791806
0.7506445374810247
0.8496410122677125
0.9223090050250056
0.9654477424876149
0.9826026893408688
0.9823137870400149
0.9636029680830651
0.9175801203283787
0.2918455791637547
0.4525811463130857
0.7069280434652594
0.6259487843168683
0.7874019113518168
0.9033101443814543
0.9047417146606545
0.8728759984681979
0.894856978844017
0.7707826118166357
0.8712538960647739
0.2382885453747784
0.5973223159101299
0.8910632668730489
0.812360230968569
0.7504829130924273
0.8012320502821411
0.8942630222848398
0.958740565028277
0.8909232877852039
0.9907500314559705
0.20856321578769443
0.6540361563715369
0.8681095752314669
0.6110946640057394
0.7290374112316778
0.8449092831923956
0.9509305170471068
0.9582908680825148
0.9162641817723224
0.5761350027761094
0.7709065078873418
0.36449464416746546
0.43940433801105044
0.9282090468290196
0.865375878068571
0.979329789195292
0.7541631797533834
0.5540189600033664
0.649626203397788
0.8848495235966107
0.8858820937658765
0.6193985565649321
0.8710063612224146
0.6386172108470077
0.4584007208648024
0.6296533383840143
0.9742296967199313
0.9579126962341812
0.8583062239791887
0.7551077805814113
0.9410244330967871
0.6445849049195382
0.4530437595997904
0.9559778893308277
0.7911666729135636
0.8213544300739123
0.8581124884629736
0.5254166882633633
0.5290439345927567
0.8805540636638439
0.8425599966515221
0.8874946688363267
0.5388092258624966
0.14218296845996733
0.9553794040817835
0.9813292681725614
0.8018981971788828
0.7635169059570117
0.7956700636792083
0.8629008681962258
0.8495397642192984
0.9307732637172559
0.9426512652152802
0.7372274737051226
0.582471111636682
0.476481788042718
0.6543380877148043
0.787293β=1,A=1,B=2
0.9999999999999999
0.4020854769810068
0.8448605458936013
0.9284106701303798
0.959824473401089
0.9846735906585575
0.9947742182661198
0.9947243352715793
0.9918732617102729
0.9606950902439328
0.416355316572804
0.09856893084802759
01089
0.9846735906585575
0.9947742182661198
0.9947243352715793
0.9918732617102729
0.9606950902439328
0.416355316572804
0.09856893084802759
0.4484429626741506
0.6196768182998368
0.6343123291230239
0.6880290884410604
0.7228925793075679
0.7393510825740089
0.7438515006567052
0.8281099688363506
0.5446085599871512
0.467762143345918
0.13015725732922123
0.6151505504796992
0.5928904569479522
0.7313353275366891
0.832549763830399
0.7368097745924779
0.6490027074067214
0.7052547041134831
0.7530582544678576
0.6494978649690135
0.25481966861438904
0.3522610762418902
0.6255018629393742
0.5994678682885637
0.6814095297348732
0.653685426144384
0.5691176276757034
0.5973672678341403
0.7730766086922033
0.7918790547131774
0.5883733183606491
0.23987390127098415
0.5950369669288184
0.6987977468565065
0.5472299512534042
0.5239854304002309
0.5652131120915276
0.7544332230911167
0.937318992983582
0.7737155022214746
0.6288752561446219
0.5265213169609712
0.3472720402215102
 
β=1,A=1,B=3(t in 0:1:54)
1.0000000000000004
0.7904847779013915
0.22922824703753442
0.6966130941066019
0.8865805635899987
0.9583827973631722
0.9762195519762169
0.9771710221188845
0.9890287087988251
0.7424084025534697
0.13775603189194502
0.17486643301491245
0.420467503108512
0.2527763215847246
0.4783937534332709
0.5834458738108049
0.6611681700663886
0.7264117230606207
0.7459735235960332
0.7268237774306078
0.5355255318429468
0.13596805380053065
0.32419542241660665
0.4060092004490485
0.5439428890358865
0.4399193607948877
0.41976432625666815
0.5338061609524863
0.6207961943311449
0.663167212219392
0.43860996957683585
0.529747210735126
0.0659063443729172
0.3258692565882022
0.49357128269367867
0.579519588506137
0.5313924036166644
0.5223941941256421
0.5560390832299377
0.47074571657621533
0.5423379202106864
0.477063870028181
0.19551645154312192
0.3419163904257543
0.390590455994127
0.6545000711915038
0.5247563727161613
0.4648639510744697
0.47785250368957405
0.5335909938596608
0.6804154480874606
0.7120355451610112
0.6206901125989107
0.09649351964155078
0.2747095412829706
 
β=1,A=1,B=4(t in 0:1:54)
0.999999999999995
0.9943288581505079
0.2689829681847468
0.5490969966103824
0.8091454701813023
0.8976713598006689
0.9242718144085508
0.9494779253245065
0.8798087951436452
0.4865267136529053
0.06462873685936622
0.25197495937579406
0.3438112231073047
0.22568327341310515
0.436171550007432
0.4293803315431086
0.46123011509272793
0.5327445361046452
0.6742697575523252
0.4781935868235527
0.4377026274974622
0.13515925473049897
0.30053091215019934
0.32631272298023206
0.3627880462949111
0.4223874542044788
0.4439708249534688
0.5641220121625521
0.6147384208789552
0.5596725989901358
0.5363925078697303
0.1677503422513803
0.3321119211286968
0.3521283636252553
0.4643716179524948
0.3628102766213416
0.33951032189367525
0.3328334083959595
0.4549219181423707
0.509861889507441
0.4756390670765768
0.5126412448614295
0.0840511360418361
0.3337972741884738
0.2999985900896687
0.40191075820858374
0.3335102416995316
0.47578087817874415
0.42889527783921255
0.4799991733468134
0.3735013512980873
0.47908953050582465
0.32197226387644956
0.34496289403806485
0.41638947012739363
 
β=1,A=1,B=5(t in 0:1:54)
0.9999999999999963
0.9999640207529562
0.8321209629504485
0.2002957119922364
0.5216164577585893
0.7318583055082175
0.8373772285602795
0.874445923511199
0.8069982462456758
0.0721153258852422
0.26068190558404997
0.3221294436174803
0.3162949949811288
0.5432056207240303
0.06745391150774775
0.3402960410251922
0.425543733014649
0.44912965923758363
0.48425661116250324
0.47261944514493187
0.1520217290028043
0.36126764762915387
0.3543628644162077
0.3734436273636951
0.17623538849351947
0.4124403249253848
0.31960034953771027
0.34960073773825995
0.4697963963373206
0.44278236010966715
0.4864425802879506
0.20108964814428726
0.35021239603702614
0.3965349278892651
0.3251047009238154
0.34270253652107036
0.38680657607185237
0.4166321085947641
0.4449296759963886
0.4734488979732008
0.4235829592701984
0.2927334054638528
0.3382245173585975
0.15376426451525127
0.3545111957812401
0.2879889071616755
0.32007974189608823
0.39819406730089013
0.44696576534689697
0.43872302825981413
0.44393520044892776
0.45222714604528663
0.3096420645920802
0.432916420584041
0.4583397697439039
 
β=1,A=1,B=6(t in 0:1:54)
0.9999999999999964
0.9999999185600088
0.9897839613881892
0.35950140595718477
0.3026929270002455
0.5966368500098927
0.7635660521160641
0.8730115941232491
0.29980821868859786
0.12556738315130264
0.2085899313145928
0.38906959512829664
0.5556682993799392
0.5376773181636362
0.37954140610375586
0.20402851041040757
0.28004481832108824
0.401106804417573
0.3465120618590898
0.4193163589466493
0.3032736713635971
0.3579314837920218
0.4233630011804418
0.4214785164347664
0.6114195939230304
0.2333649280746035
0.3314370517075781
0.3166351438230845
0.4450399941215479
0.4509697266356633
0.24820773729783657
0.4760417784231733
0.4828944360403947
0.37083717805614197
0.16688531079206492
0.38253452236069935
0.3576255956726791
0.2850026468045746
0.35659309587498067
0.4563393282453278
0.22810710437494575
0.461389248479794
0.4536118431367476
0.49762396731211356
0.5164278718776433
0.4486848385267334
0.36332505905622586
0.375784090026405
0.42502782742434847
0.31511740625579615
0.41570131464334303
0.03467720426452421
0.3577481669603339
0.4579135734028945
0.44702073132730696
 
β=1,A=1,B=7(t in 0:1:54)
0.9999999999999953
0.9999999999176339
0.9997685123953952
0.8514234454099643
0.16516115464378794
0.43696434399374856
0.6508040927010299
0.5864819527689145
0.09477102053113415
0.3129424419546079
0.5134002895036719
0.6206030787523836
0.6828306831430666
0.6913522009129245
0.606536983649741
0.10570810484893879
0.3024590336999552
0.34085881567754495
0.31300959501122594
0.2717649465055978
0.45118519448566863
0.43184286319173115
0.4543075350760092
0.5603971533261252
0.653192587492002
0.31769498332976825
0.3360501316144689
0.2894494750800595
0.27589213310372385
0.19196844143754507
0.3798425002972407
0.5414002768428877
0.5336493023533014
0.5328482610405317
0.6096457400353132
0.4999179576942915
0.3799167916100473
0.28582068229346835
0.3458620543159654
0.44806643012816844
0.389051127522902
0.4983837144790483
0.43052778344956866
0.5049275193937816
0.44603006722175115
0.5298151019818879
0.443454830120095
0.3850850092425137
0.29534295578628544
0.3743962395879238
0.4115664846805219
0.5514608733193997
0.5262613593940896
0.43040150276260236
0.48854471339315286
 
β=1,A=1,B=8(t in 0:1:54)
1.0000000000000029
0.9999999999999594
0.9999975603347786
0.9867837070320772
0.44042900684106445
0.14407880274652962
0.5127354532171955
0.12558792897906645
0.37739935689096904
0.4971220943386775
0.5755218186035458
0.6379914233386149
0.6882614085826828
0.7338030575195299
0.6212456579802671
0.4649341833625174
0.04835345893457151
0.3297125083910588
0.34788872340800486
0.5486302816484667
0.5163627108495443
0.5866262623618327
0.6946519210984952
0.7444888389099886
0.6702361920614449
0.6255447131541152
0.27067367413017823
0.18629796505695542
0.4257230412651433
0.590461465516613
0.5935496102651073
0.5469305577542151
0.5864709445549752
0.5579976122255106
0.5791660907671059
0.6083563071075597
0.3717712686626353
0.36750223925877473
0.3267927580736698
0.3599528716587203
0.5390710765954507
0.47609258806939947
0.6614854570362052
0.844277728270384
0.7498485056702764
0.5421339856014491
0.5742964354701131
0.28959446318669974
0.2180042008663391
0.43278433301924035
0.3872352691031992
0.8010241195658339
0.6756189672097612
0.5373481222223386
0.49650402973275587
 
β=1,A=1,B=9(t in 0:1:54)
1.0000000000000029
1.0000000000000022
0.9999999862576571
0.9994581590762804
0.8616738305447731
0.2088331325297507
0.2098295269936802
0.37637413098341826
0.46607989696509916
0.5688909938453298
0.6889299262678477
0.7902922599952742
0.846036435992193
0.8585791164545484
0.8742095142727857
0.5214746748766935
0.1911469832889239
0.2142527218264443
0.711651799132442
0.6564889133824262
0.6982588884210879
0.8186162116045177
0.8346558112381838
0.764128042349975
0.6620462418247656
0.7550854443128128
0.28407553703741645
0.29835515160911913
0.43475510513129256
0.7438621594561479
0.694000261719475
0.6257581564862155
0.6639661455279472
0.8345052319802365
0.9288834436997858
0.859717829647802
0.4588636277920522
0.4629266291107819
0.12683764470445874
0.5741613395494976
0.6298235119734694
0.6937191045502968
0.8359378166767065
0.889491603606877
0.8918606035564276
0.7451407677457078
0.5997630910818985
0.33877762743811335
0.442405969983556
0.3090399269594338
0.8002465953283835
0.8370437732505709
0.7433353671982461
0.6241082744654983
0.562813390622156
 
β=1,A=1,B=10(t in 0:1:54)
1.0000000000000044
1.0000000000000069
0.9999999999527616
0.9999869860726193
0.9818782362325038
0.3982907168355076
0.23050158445016034
0.6519666539823676
0.757944412408962
0.852263760442776
0.9232277788698067
0.9656241880050348
0.9826032844779284
0.9823605772711834
0.9639043639106695
0.9182413139186285
0.3104129418494925
0.47589068495258413
0.7069303322847472
0.6259876857596338
0.7882974663785055
0.9033102432725522
0.9051510421043705
0.8734147107447959
0.8959442475130512
0.7711463635340033
0.8712880543147143
0.2427465649033917
0.6157605403704217
0.8915076177139866
0.8123741609102375
0.7505252812508199
0.8027504315048903
0.8948073023686417
0.9587434338694597
0.89092334142972
0.9912459242422998
0.22173717231167908
0.6755234602385678
0.8684234089255704
0.6111131905267847
0.7304643861981694
0.8449154359433413
0.9509318892201896
0.9583094535175259
0.9166802169058221
0.5764267602279602
0.7802855242837082
0.3885941749995577
0.46062280700656144
0.9282391420739285
0.8653898838211589
0.979358348357013
0.7543976757349626
0.5548179048888038
 
β=3,A=1,B=2(t in 0:1:54)
1.0000000000000009
0.3637837408442798
0.8938366507564248
0.9394349410632251
0.9648133112954954
0.987211393728238
0.9962543903120592
0.995669266684312
0.9923321596671091
0.9647567268355255
0.4663992250966286
0.14185548698210368
0.5570810562962613
0.7727372904325566
0.7946154173793846
0.8189050332575791
0.8291010639579424
0.8306221059888413
0.8151329935696239
0.9042673353309818
0.5684223416145417
0.604538856715487
0.2467739455289615
0.7403385644982682
0.7332225812470119
0.788530947260949
0.8799959745331376
0.8521744603668054
0.7873477201559579
0.8304011745063831
0.809729782332537
0.741560061570724
0.2565157069698486
0.4387879906905568
0.7754087959893546
0.714063982839824
0.679007675298921
0.7251904147828879
0.7474423061227009
0.7553700717632291
0.8802465357113964
0.8083590270193168
0.6048643160788126
0.34516540187038064
0.6809588902913666
0.6968774856842148
0.6359003365392073
0.7264232829997357
0.7403686302524272
0.796015857319603
0.9408044635800268
0.8224751380481656
0.7416485406470282
0.5201950721282276
0.4489661746158008
 
β=3,A=1,B=3(t in 0:1:54)
0.9999999999999967
0.7990534290905302
0.21635566182064042
0.7547408380714699
0.9090306899262892
0.9702197909856767
0.9830727997333533
0.9813465538224855
0.9930369747751531
0.7603114528015761
0.2026841553019281
0.375680998116704
0.6397420655409848
0.3797673774113573
0.6622083166812015
0.7311366196816454
0.7762524404554083
0.8293486834686848
0.8396456472962494
0.8098209438477103
0.6402839621531887
0.20353504077738105
0.5365034790567969
0.5704387291706776
0.7332147561058717
0.6260346584353481
0.5863708747480443
0.6760802100971404
0.7717877658603505
0.8061768573232645
0.5076199451660496
0.6846420782273908
0.01814837425828388
0.466805393048098
0.6920837687735413
0.7506845892847106
0.7128461115260647
0.7029085601910495
0.739960286849927
0.6368971808793081
0.7292016818346517
0.5345987469436506
0.24058199950222578
0.5525423061155864
0.5195882318215266
0.7211531330961701
0.711026755889572
0.6808838850786263
0.6877056468668671
0.7110819848685568
0.7692037298818438
0.8067341817317337
0.7747408968824486
0.07342996580587241
0.4193768085196616
 
β=3,A=1,B=4(t in 0:1:54)
0.9999999999999938
0.9944462364573771
0.29564634581736127
0.6811091373547992
0.8694545829246987
0.929403416336668
0.9423009229270514
0.9616727113150495
0.8875582295575668
0.5500077481311625
0.2087683927929973
0.5158282630745085
0.5217124827938256
0.34495058266718864
0.632684331635598
0.6535575803102743
0.6638126994553182
0.6855907650353756
0.8129755576033061
0.5629564851355153
0.5758039676177029
0.2722267963284556
0.5587009574567837
0.5217553342252302
0.5253027330890094
0.6084346592341306
0.6436453238786485
0.7332142968149112
0.7841975862158923
0.7079892736898435
0.7289128092828897
0.237285857809704
0.5534713125187967
0.5598093533788404
0.6889780387963376
0.5282057619926139
0.5231286291829608
0.5288369017241841
0.6303757718993449
0.7183323010181831
0.6557016489837677
0.6680483009975892
0.17787166639481974
0.5419144053219814
0.4804479140150937
0.591260966851127
0.5114967792471455
0.6964795305174314
0.647061907764199
0.6785532485580976
0.4831853825185319
0.6514724823020271
0.39011321250614456
0.5181005135517138
0.604456183063497
 
β=3,A=1,B=5(t in 0:1:54)
0.9999999999999897
0.9999642582254232
0.8419101000155491
0.1001774495030062
0.6643600936005826
0.7937457276803006
0.8763081109540309
0.8961063925620543
0.8385789019325518
0.09053276312308497
0.5107086173554329
0.5581678007875949
0.4711801636448268
0.7139856408996083
0.14545624146732075
0.5658135156932864
0.6424364255434419
0.6496144993290754
0.649770439330444
0.6124194450623461
0.274121881181933
0.599970177520795
0.5806185661413942
0.6150906172148609
0.29353483216485876
0.6370323304720273
0.525641236750135
0.5806236040124144
0.6415499948661849
0.5957882287790711
0.6863396235943121
0.32980935347809276
0.5661677885612842
0.6554472432045596
0.5039418098132789
0.5264153522152082
0.581868644088771
0.6425199717775888
0.6634796486050807
0.6789237026773078
0.5977831857840391
0.4407958072589548
0.5889497349092707
0.2691889211090205
0.6567887339561853
0.42928961120716896
0.4797928036463799
0.605402189274318
0.6902797430699339
0.6562006117711124
0.6201868064860658
0.6289915632002858
0.4565515290229739
0.6544565729763057
0.6824956746453457
 
β=3,A=1,B=6(t in 0:1:54)
0.9999999999999896
0.9999999187405663
0.9900881925960389
0.40814863536031665
0.46128492801310367
0.7159124013535455
0.8265508023663589
0.9120376277336343
0.3701934915492859
0.31900166844142835
0.4610705863823605
0.5640200476624471
0.700178704471312
0.6163110945464526
0.4993130530437074
0.37926528227726575
0.5276694296180207
0.6172981137608886
0.4997267298138486
0.5810819199411524
0.4865347985481948
0.5904720528348676
0.6427809306986574
0.5797018431847343
0.7730881377984627
0.34821434178788974
0.5316912267702691
0.5594006413669863
0.615126431081995
0.6479737599662834
0.37612798099663264
0.6673944591360698
0.6928605841706951
0.6291540319465844
0.32108136441095214
0.5683355122238845
0.5434961582420921
0.45189363212593153
0.5915607589144724
0.6780767295466907
0.35763351466651555
0.6695155162852436
0.6688306451247462
0.7021765164962612
0.7097085793351522
0.6447884945983577
0.5203923612100818
0.5733449921490523
0.6583561977641271
0.4935903870161054
0.7309883696029618
0.11725577777892643
0.5334439108741363
0.6963686506084104
0.6721372091462908
 
β=3,A=1,B=7(t in 0:1:54)
0.9999999999999916
0.9999999999177059
0.9997710483837988
0.8612320402594696
0.08477780915661211
0.6323959412646526
0.7495366630084922
0.671641983532911
0.1478340838728282
0.5512553670474225
0.6828260983789181
0.7531122996350383
0.7934598854856609
0.780871115006502
0.700493841684037
0.1847597261431938
0.5442588744576716
0.5691104668615931
0.4862797282968076
0.409465804255963
0.6527341004872826
0.6520174061092792
0.6601604551584
0.7170227623021037
0.7996229278434785
0.39357705597146
0.5325227704239072
0.48859167827459143
0.5021343737853476
0.31846411793015056
0.5440150726002926
0.737344231693275
0.7196356800947403
0.6818037619477406
0.7849330328242237
0.6345940667409968
0.5501602896252908
0.43046977039152745
0.5629552628765384
0.6534989682844182
0.5648168788937901
0.7063088724448466
0.6121764292952676
0.658197130032013
0.5567959203266539
0.7375881413738867
0.6029719218902765
0.5680458216157558
0.452857135732971
0.5959204077933645
0.6417888957960086
0.7021564753568839
0.6979404639238462
0.6354916769975577
0.7080202036183323
 
β=3,A=1,B=8(t in 0:1:54)
1.0000000000000007
0.9999999999999565
0.9999975699508828
0.9872438455897297
0.4920892369357572
0.2722203450437833
0.6903028182794351
0.14143540437222907
0.5534062075919639
0.6795846242758141
0.7229823624313463
0.7613653493021619
0.7870388457857899
0.8178163019575097
0.6611185880556437
0.5881303023471852
0.06864072020426903
0.5701764613498094
0.498548797309751
0.7186097816660971
0.6955527625488169
0.7289112676107894
0.798911412169166
0.8489574989242124
0.7736808217911854
0.7307572383725796
0.3678747342539107
0.31107140853218873
0.6441394666654545
0.7433834141723361
0.7646084015721889
0.7337283760249124
0.7601183968478202
0.6920523064477755
0.7060934780998045
0.6906037296578545
0.48068016881037046
0.5355567743288021
0.5061243490286005
0.43823311502692275
0.7455400697618626
0.6709119646540795
0.7886295140784944
0.9204057035431239
0.8534083358638648
0.6785068803110315
0.7808802724227434
0.4001125429983965
0.32041601073703574
0.7045399249047258
0.49882867005421705
0.8294005236140054
0.8138512235958633
0.7265057077695167
0.7191450774070808
 
β=3,A=1,B=9(t in 0:1:54)
1.0000000000000033
1.0000000000000004
0.9999999862781669
0.9994655351949974
0.8717803221606785
0.18722616720773336
0.32465112100860344
0.5355662266855397
0.6596507269439464
0.7090098049297967
0.7858063681829018
0.858334503840211
0.8932141730195552
0.8903529748125798
0.9082148648269418
0.5385533022624105
0.2826547519293394
0.34742543475013915
0.7966190610587508
0.8187801608296451
0.8301356985882727
0.9015290459718583
0.9115606324821213
0.8601347688200387
0.7439220070251261
0.8822873122498762
0.2978597108575933
0.43952026931452337
0.5316421356463018
0.7487590167542918
0.7846693213489284
0.7894694516395773
0.808103017492145
0.8973032923374528
0.9442226852155935
0.9197947716707833
0.5004731098792531
0.6834758752742612
0.16925267217108925
0.6400930971904787
0.7685418937187622
0.7936815970200387
0.8953898909134927
0.9130092401845599
0.9037350041179372
0.8102955876597795
0.7956125027772462
0.41764672546534654
0.6015730748786924
0.4087861465317596
0.8135379406012946
0.8694810429350667
0.7427096511101416
0.728325683204752
0.7631997793583246
 
β=3,A=1,B=10(t in 0:1:54)
1.0000000000000009
1.0000000000000009
0.9999999999527711
0.9999870382156122
0.9825208339542566
0.42484342030094036
0.3275803839346857
0.6459970988628236
0.7580619311458898
0.8523621560676702
0.9233290702566489
0.9656000730473696
0.9826040807102008
0.9824153532954639
0.9641430075067583
0.9212419204009188
0.30949863233541786
0.5204623263188101
0.7070373917082031
0.6269097377439509
0.7889401589939775
0.9033359369688457
0.9054036147611887
0.8731667785042516
0.8970033146008093
0.7736639520027361
0.871982393907218
0.23899536586594838
0.6353735590585079
0.8930520659663912
0.8123770646987573
0.7505201288318745
0.8023941961253981
0.8948630717797794
0.9587417236151092
0.8914871223156731
0.9912858113267893
0.23195482676702328
0.6860732892498252
0.8741554479294854
0.6113076154164974
0.7300862867499867
0.845047116674792
0.95095131262687
0.9582965695664306
0.9180393255326484
0.5800921108805004
0.7770032057333822
0.3826535498498132
0.48848548640826944
0.9283929438251395
0.8655348046687159
0.9794504393110581
0.7554541451148072
0.5545322522284707
 
β=5,A=1,B=2(t in 0:1:54)
1.0000000000000009
0.3664060229890803
0.8979155618763173
0.9396702212954795
0.9651234576254116
0.9873162651627726
0.9963304416630466
0.9957209355827615
0.9923453123334586
0.9656512077470673
0.4715531496537709
0.16676900017827181
0.5661295874548374
0.7983655776439424
0.8165963832078164
0.830764057541762
0.8378372589027769
0.8392724398938501
0.8190376904988974
0.9105949622171148
0.5673546304806206
0.6195682397528949
0.28542620195495166
0.746985446606353
0.7528686193304132
0.8003660333576726
0.8855285415242362
0.8669166257218531
0.8000220424034263
0.8409618203831173
0.8128071126599749
0.752785703674269
0.25300920761993695
0.4634398587631131
0.7845254164519521
0.7296511913738304
0.6799819914309803
0.7308494600176845
0.7715153649367443
0.7740417652209901
0.888811747898848
0.8117111875022167
0.6035734555075606
0.36596044650905896
0.6914343318120537
0.6972514588730344
0.6498566914575495
0.7559996933186877
0.7593185913527349
0.7999856295041899
0.9417022056777139
0.8253766712817022
0.7562789200104837
0.5145142806039043
0.4729903924612113
 
β=5,A=1,B=3(t in 0:1:54)
0.9999999999999961
0.7995587205152745
0.21394156276717188
0.7604165681297593
0.9101928565005102
0.9711192184272446
0.983584288364578
0.9816008555707784
0.9934314910096185
0.7626654103807268
0.21056917605626638
0.40900593098254406
0.6588744525595712
0.3894817573634241
0.6850057057231549
0.7459025302362899
0.7823948665246896
0.8407750599725081
0.8468043551621875
0.8159794841932472
0.6511406400542409
0.2057418611418364
0.5686354330854465
0.5859024339035492
0.7575785300486325
0.647177109028564
0.6088460686719054
0.6840083929656392
0.7857385627992572
0.8200266540642758
0.509305623578442
0.6970254648208406
0.007540211907972636
0.4897714261500478
0.7080687992182039
0.7747555299525559
0.7413836718614211
0.7278822207355062
0.7601951179359527
0.6471655288732107
0.7457978600155809
0.5414779322067588
0.23394544623666255
0.5870219553448106
0.537558288233451
0.7303987145049545
0.7464231893249381
0.7065363471838096
0.7175605482710762
0.7319609830241827
0.7768370439074611
0.8162922503192337
0.7947182435514132
0.07163841367711296
0.43026600641364643
 
β=5,A=1,B=4(t in 0:1:54)
0.9999999999999951
0.9944546443070582
0.298537144258201
0.6957120834364802
0.8740010118244967
0.9324316793662346
0.9434978240858154
0.9627585708804061
0.8879206623432861
0.5593582631275401
0.2323209622088375
0.557977384020048
0.5318793065834246
0.34672221799007674
0.6632372599646497
0.6864557443709367
0.6855192676608954
0.696120692502617
0.8259870188790924
0.5643315304997376
0.592511096558506
0.29352148220155105
0.5983706348824168
0.5383727134841718
0.5364034820453079
0.6251194469385315
0.6805285444818494
0.7460650834626192
0.801767183618196
0.7193204542727155
0.7464640597274438
0.23111574448238237
0.5912436159021609
0.5817558179446805
0.7099795976767281
0.5445578707064977
0.5407626607470414
0.5638172924524094
0.6436636551436989
0.7367298807776971
0.668699875818342
0.6875010737634234
0.18471667617394963
0.5761458858370939
0.5140188311374713
0.6157849559759713
0.5286553508925054
0.7226708613646278
0.6800780167699996
0.7031211791878458
0.488226954993204
0.6610652170055453
0.3971772166857995
0.5409227381955505
0.6175821642928748
 
β=5,A=1,B=5(t in 0:1:54)
0.9999999999999947
0.9999642886924791
0.8426864254029524
0.09208441788137767
0.6828545982388446
0.7968751955054307
0.8804576145158758
0.8973958750072552
0.8435441921355322
0.09425614961411215
0.5555060038256752
0.5880074573470429
0.4805554616308256
0.727184866226047
0.15108617296744745
0.6050682673561203
0.6697281392131942
0.6672850701625964
0.6635760803876408
0.6244707136510206
0.2792210151352739
0.6468637957330756
0.6091692053991494
0.6351119198038512
0.29591704532919766
0.6686051122273436
0.5540456681219574
0.6178506712936532
0.6551272575383633
0.6026734950160633
0.7044763588005483
0.3451227409260117
0.5979996767745529
0.691026871775447
0.5178023043804745
0.5355986715536304
0.6041801168337825
0.6869551566589582
0.6911700346180889
0.6966829330036772
0.6082979310411739
0.44755100520977925
0.6358658254719188
0.2820528687789731
0.6981247385879022
0.43855980287040375
0.4887739900638466
0.6307774560418865
0.7251942528444243
0.6869115059995086
0.6350835853899504
0.6400151354328882
0.46921557850100554
0.6890067072576342
0.7081876305620439
 
β=5,A=1,B=6(t in 0:1:54)
0.9999999999999926
0.9999999187801325
0.9901247070678382
0.41253728756177427
0.4795876020535277
0.7297479010274579
0.8310373866362086
0.9156899253732242
0.3730421543784536
0.3511068110874762
0.5039890811661378
0.5738255266674879
0.7158049072927002
0.6207456602188359
0.5051501287824224
0.40937833399863627
0.5705503209372705
0.6367943832309256
0.506715291421098
0.5955324737592393
0.5120242553905168
0.6290193752899864
0.6681538781541824
0.588880084143171
0.7867245409526
0.3567252185449954
0.5564317352999543
0.6063457079870854
0.6290629733673102
0.6601481550619543
0.3799640813489558
0.6989704843036415
0.7141466050631463
0.6645833718220733
0.3299475326397244
0.5761634146623651
0.5709226532642763
0.47326118427001473
0.6286369538655819
0.7000204825822185
0.3625053643409006
0.6863209325325551
0.6955361088314502
0.739066916040003
0.7268046024430651
0.6610950754524352
0.5255730965505188
0.5976112340656288
0.6959860431986
0.5079290887672012
0.7671102941146157
0.12059919672105451
0.5474440597398637
0.73232202159893
0.7038283274209773
 
β=5,A=1,B=7(t in 0:1:54)
0.9999999999999931
0.9999999999177307
0.9997715542187828
0.8623431832350188
0.08182415881123467
0.6591787156848435
0.7549638541471652
0.6750333999818803
0.15872261777520302
0.5890888667178877
0.6971304103204141
0.7658889634538538
0.8039862748523526
0.7877024480080971
0.7092450402200191
0.1881611646980031
0.589478919668999
0.5958652724372541
0.49617501553557203
0.4145447805666045
0.6879738797844865
0.6807632729963726
0.680669200745185
0.7316421577043116
0.8126082434476245
0.3929851108891609
0.5551978049540158
0.5179950293817298
0.5354242040294536
0.3276669242387139
0.55568431185676
0.7630243133613651
0.7460836785971197
0.6895162083886279
0.803943564677995
0.6446594741242438
0.5655638011165088
0.44134814771722297
0.596574007566157
0.674706347942819
0.5805720088118995
0.727416997377712
0.6347547140234538
0.6775442483596342
0.5608175512520154
0.7553430140401474
0.6125500150847476
0.5881141240709938
0.46821062065304697
0.6201730266019944
0.6653543821156451
0.7264662791007865
0.7170964321576863
0.6647067227589898
0.7354371302945618
 
β=5,A=1,B=8(t in 0:1:54)
1.0000000000000009
0.9999999999999563
0.9999975730289907
0.9873236744253477
0.49797505377227747
0.28914042836974396
0.708230201171092
0.14020014766869984
0.5733558951327012
0.7041481926616928
0.7351662277619154
0.7747152093229006
0.7952013010649754
0.8256231611546488
0.6631107100761462
0.5997018551802321
0.08960968540887378
0.59937352678894
0.5127627455556462
0.7390642402902735
0.7197601445053506
0.7373944559124657
0.803173990839352
0.8588166582393463
0.7799894805654631
0.7366405145448579
0.3802829832800861
0.3297861606121261
0.6687207753177118
0.7623813319853703
0.789585933834751
0.7581140508237815
0.7802790110371928
0.7008268383610042
0.7154725781865008
0.6960254997200275
0.48179413603808036
0.5496684218578679
0.5294015810656719
0.44889994412843875
0.7706429604489384
0.6895739717165804
0.8074547341203127
0.9302465662231013
0.8652112027158834
0.6853091964878991
0.8004967802076821
0.40479662629893626
0.3227125892119669
0.7372714684889207
0.508379032493877
0.8357692612162513
0.8371680861723106
0.7493524833742145
0.7481961479251408
 
β=5,A=1,B=9(t in 0:1:54)
1.0000000000000022
1.0000000000000004
0.9999999862892249
0.9994677296214438
0.8732649634113737
0.1828521655859779
0.3350374669958725
0.5563203430972212
0.6843004314040774
0.7210370582058984
0.7918973346825348
0.8632057260814886
0.8964420610250258
0.8916077402272662
0.9104714115771273
0.5413240115669224
0.29245593883466686
0.37952940042022987
0.8045671713893449
0.8457061880357768
0.8470241158888375
0.9099251597056438
0.9190121284533562
0.8694614767863135
0.7485420212600943
0.8932836547792392
0.29431811794376095
0.45747596113017175
0.54427817790164
0.7518561214018882
0.802069599580578
0.8106707188202879
0.822337276823812
0.9057803765375486
0.9461642526480751
0.9271003642368292
0.4986681328278307
0.7031202096254239
0.17974345379943663
0.643450173286853
0.7831265673950146
0.8140990546888573
0.90336443571596
0.9160621566249475
0.9063427662874204
0.815194060396552
0.8137418871287369
0.41899219951845235
0.6143965880931371
0.42615699796920253
0.8158803644147469
0.8748888896514568
0.7438055664856396
0.739392522493968
0.7859701719352964
 
β=5,A=1,B=10(t in 0:1:54)
1.0
1.0000000000000007
0.9999999999527964
0.9999870686628547
0.9826388974716536
0.4242932672289786
0.34759480886240657
0.644448006308001
0.7595822142322647
0.8519588770511269
0.9235755494999176
0.9655186413310308
0.9826289622052459
0.9824992829221258
0.9641269726066997
0.9221658173141952
0.3058709584734752
0.5331915917746299
0.7075951154216971
0.6279484675586527
0.7881395538277165
0.9034797016780307
0.9057745806417389
0.8729933305326819
0.8973317727826654
0.7744503309623513
0.872393274431616
0.24253233653876477
0.640642337927865
0.8944152429211432
0.812646907817891
0.7508861907766446
0.8018594500647025
0.8949698367054018
0.9587486118101309
0.8921891724596513
0.9912258326584353
0.2286636465302961
0.6900851019048386
0.8770695977947984
0.6127112985004551
0.729743825889847
0.8449170303201546
0.9510099757094866
0.9583005483286382
0.9189296284657898
0.5821040320897961
0.775473449115473
0.37653056663838763
0.5009208121855476
0.928567419890763
0.8661299161826911
0.9793978013348252
0.7564502991757024
0.5541814224007408
 
β=7,A=1,B=2(t in 0:1:54)
1.0000000000000004
0.3688004420690839
0.8990022915823701
0.9396448123551061
0.9652235417791856
0.987327271602566
0.9963498480642203
0.9957364734927769
0.992344924162256
0.9659710706475322
0.4729075403985726
0.1767033198205803
0.5682246279837319
0.8093881033595864
0.8234237208243207
0.8337072354030729
0.840305451376443
0.8419773221798464
0.8198056598536081
0.9122589478601312
0.5666418746913381
0.6242614343995312
0.30157245234685043
0.7475088997815001
0.761422080272001
0.805515478282014
0.8862497261961918
0.8724918452193943
0.8042910435495325
0.8426685573015618
0.8137051408538015
0.7561273856268493
0.25146460933540254
0.4735085750979079
0.7862274472745242
0.7367586607702656
0.6807758727250676
0.7307054502229137
0.7793687214686584
0.7814693371781627
0.8902980160993438
0.8130821230382036
0.6024978745881886
0.37452344679558097
0.6951055865447439
0.6979151671531253
0.6567386126376914
0.7682913174619359
0.7629427940224363
0.8012233128685954
0.9420628807791633
0.8260238157610154
0.7605597108806924
0.5121569468905021
0.48306787766328885
 
β=7,A=1,B=3(t in 0:1:54)
0.9999999999999961
0.7999191891328382
0.2122350061707876
0.7621796167257904
0.9102276258630673
0.9713602451703477
0.9837303382904965
0.9816327069692775
0.9935460105867567
0.7634814354142974
0.2131974580061805
0.4207959192137306
0.6644783667917026
0.3911435770871225
0.6901016590767128
0.7507065480502096
0.782345159579897
0.845374367463104
0.8483100013647494
0.8177011009974146
0.6547693964661023
0.20572013217783006
0.5796305165628098
0.5904536599389929
0.7681395296540485
0.6507591587691314
0.6155905659395703
0.6831603499381186
0.790315209682368
0.8239003422994016
0.5086535632315884
0.6997381076424352
0.02020440000244022
0.49731879020314823
0.7128241693458979
0.7854764554532995
0.7516294910609916
0.734800155892663
0.7654754324523136
0.6478649973884912
0.7501046212904126
0.5430048451670552
0.22974233109671652
0.5993796955718126
0.5439623780068976
0.7335640303187172
0.7646766503344422
0.7147216180900946
0.72749800738563
0.7342513628629498
0.7791424823661662
0.8189457200113086
0.8006780484611181
0.07374504498593515
0.4309774034160825
 
β=7,A=1,B=4(t in 0:1:54)
0.9999999999999962
0.994459122024179
0.3018294783390679
0.6978357721292983
0.8751453115503038
0.9333133968875615
0.9436192728136152
0.9630555684292493
0.8879123652368499
0.5631574170002805
0.23939631582741372
0.5722520586248288
0.5327934382403423
0.3432245803582326
0.676635492189574
0.696761356096646
0.6900784883115195
0.6988928518084164
0.8285641657166258
0.5630255448184198
0.5986011061316084
0.301482889309922
0.6114614196425717
0.5423116597494199
0.5378929088043741
0.6264641915838342
0.6966867676153509
0.7469095293636332
0.8072023482236683
0.7225659848973567
0.7519327918291454
0.22594002556855372
0.6048436249559617
0.5884368210339971
0.7159437750406161
0.5507637360665915
0.5401299017708746
0.5765353753094539
0.6439501447862322
0.7409682858248652
0.6715287475412554
0.694813965575657
0.18663997975034627
0.5886292795086786
0.5264878627104734
0.6262626728789416
0.5322227340969399
0.7319119630685994
0.6920508422428132
0.7068537914775136
0.4859106004537978
0.6603378110049303
0.39967570208364545
0.549734212976124
0.6206315261539163
 
β=7,A=1,B=5(t in 0:1:54)
0.9999999999999983
0.9999643011247725
0.8431082516996133
0.09217889105909288
0.6882444731181027
0.7969125482057802
0.8817474643591595
0.8974950593985971
0.8458490935019883
0.09361800124612552
0.5719074098432548
0.5962334552339075
0.4813737573442045
0.7309464972923231
0.15095278236465123
0.6180063604699583
0.6779090188872618
0.6706376331372658
0.6680633913690837
0.6291415948822403
0.2761619117895654
0.6662282337075386
0.618444187454655
0.637176905563058
0.2922146704405037
0.6830804489795665
0.5635793037003652
0.6293193830536429
0.6555395279764564
0.6025014097405142
0.7102335365369695
0.35132446397613754
0.608380789549691
0.7014309261622874
0.5192470568285201
0.5343833638475569
0.6108958055326801
0.707539712329818
0.6995732337375786
0.6998710898259621
0.6090410995453273
0.4456399951157836
0.6581631944772143
0.28673668608814445
0.7060457981286106
0.4395833539560101
0.4884011144179993
0.6373673856392098
0.7388056942968696
0.6984616214288065
0.637220988986073
0.6406178928214392
0.47210647306722486
0.7033724237335435
0.7172680132903126
 
β=7,A=1,B=6(t in 0:1:54)
0.999999999999995
0.9999999187952187
0.9901406396905081
0.41512212578860996
0.4828959042846322
0.7336923943274316
0.8320962529068707
0.9169801841178692
0.37192229940919513
0.3625059931461456
0.5183599434925025
0.5730740620532424
0.7216585123341742
0.6213268454843056
0.5043634748870869
0.42144010577603414
0.585492989707634
0.6387080724056812
0.506326451961231
0.6008463124507212
0.5207523305428012
0.6422731271287255
0.6728357393535277
0.5894007823327618
0.7904402710644803
0.3592031090977002
0.5644552831765829
0.6242362348902097
0.6304736279053994
0.6617729496714058
0.3777343312202194
0.7121393995018085
0.7213067061280873
0.6742469909523893
0.3265943070465576
0.5750906857689193
0.5840121161689253
0.48093430924913216
0.641272554312474
0.7043655978657349
0.36064832844096334
0.6892963924912635
0.7049490836231556
0.7550083430417491
0.7299770641194503
0.6639288322013288
0.5235461929734617
0.606707087498142
0.7121094702061022
0.5122586294088198
0.7742783825028091
0.11870851759527046
0.544947249503461
0.7469651076403603
0.7157179483869853
 
β=7,A=1,B=7(t in 0:1:54)
0.9999999999999939
0.9999999999177426
0.9997717572179519
0.862820302730521
0.08317729930578005
0.6673179406336074
0.7553144797213082
0.6743418567924502
0.164077527424853
0.5989002461270283
0.6999612352286444
0.7701436777813502
0.8069124968079414
0.7894269691066236
0.7121450698762413
0.18761107236713204
0.6065547946500366
0.6038609931315633
0.4979747916059564
0.41009341207644656
0.7045460151869268
0.6897300528917373
0.6837410696380338
0.7372600193019963
0.8159462231965985
0.3909619866949628
0.5622732649952634
0.5292787376611792
0.546181839983022
0.3318087815963504
0.5534825826204426
0.7722743004715366
0.7557704783276741
0.6878067074880178
0.8103639793905851
0.6474146348707787
0.5710377362135599
0.44402965235945063
0.6080518901711739
0.6811252534182074
0.5857047296509621
0.7349595686455855
0.6393291703139518
0.6795985410285618
0.5581365608006842
0.7598538604975977
0.6141688836780727
0.5959058216669585
0.47351556253257454
0.6267770648091199
0.6715526144748232
0.7363026857061896
0.7218358632831076
0.673964950744093
0.7427858502408902
 
β=7,A=1,B=8(t in 0:1:54)
1.0000000000000013
0.9999999999999556
0.9999975743398062
0.9873540478012859
0.5002196183618272
0.29457868662653236
0.7133806239148742
0.140844574947976
0.5779296793264624
0.7130252607569256
0.7379102261619178
0.7797708219207975
0.79667252846732
0.8283488309318299
0.6632330000154086
0.6031096167095018
0.09839300053170093
0.6078353165162732
0.5182030900075746
0.7453057598384218
0.7263798822715843
0.7372463329549562
0.8034105867624277
0.8616713234015472
0.7810599085058213
0.7377873688871806
0.3849639935559929
0.3367616242943899
0.6757689504920755
0.7692886350164789
0.7993297059436868
0.7655347852570973
0.7856054609790196
0.7004328168891342
0.7180859073578066
0.6956927984376629
0.48074377448408884
0.5538476941252304
0.5374387515324119
0.4521441674274124
0.7812674912795874
0.6948737856446342
0.8143068839598309
0.9325168973745742
0.8676045377296209
0.686557753818662
0.805082381411499
0.40508046611322296
0.32196470927014237
0.7464027764183742
0.5104670387256592
0.839635675776815
0.8481094991924654
0.7553882010989182
0.7562129646232751
 
β=7,A=1,B=9(t in 0:1:54)
1.0000000000000022
0.9999999999999999
0.9999999862944973
0.9994685331886429
0.873743745062277
0.1810827404218287
0.33786929218125694
0.5644009950447881
0.6908207008722894
0.7250821248476889
0.7929763598705886
0.8644724622614999
0.897697672263682
0.8914844201730706
0.9111472413970035
0.5419845462458216
0.2957402549469531
0.3919114643863863
0.8073605194802246
0.8573858407169374
0.8519223456624286
0.9120846418625469
0.9215037489828238
0.8721458788763046
0.7493759036744683
0.8963033766895748
0.29212566614843666
0.4636709727134476
0.5486267154096598
0.7540559475916213
0.8106067880937213
0.8166735213164391
0.8244031892291753
0.9095468336596443
0.9467036068085503
0.9293977623948874
0.49727932238103534
0.708947588502141
0.1857275578600578
0.6429235663818617
0.7886352953527473
0.8244325322441441
0.9058526107477931
0.9167324814575062
0.9074413738414712
0.8164851741776883
0.818202444399313
0.418051074841166
0.6180279836665324
0.43339062658208993
0.8167169451437531
0.8776743693878999
0.7442748853393941
0.7425567773105916
0.7906201669951193
 
β=7,A=1,B=10(t in 0:1:54)
0.9999999999999994
1.0000000000000007
0.99999999995281
0.9999870797763246
0.9826723394206226
0.4237894940765284
0.35460327077984666
0.6441875749423118
0.7609115073026245
0.8515455689845755
0.9238703260374597
0.9654700525325884
0.9826718420401397
0.9825711055919951
0.9640979820159561
0.9224896361480288
0.3044030123758099
0.5380821689884683
0.7081244072722844
0.6284955491575108
0.7876913283268253
0.903751819796774
0.9061430562406954
0.8729332765216318
0.8974157202968771
0.7746721621615886
0.8725273465670998
0.24481972482281283
0.6425621605487497
0.895334224833572
0.8129β=9,A=1,B=2
1.0000000000000016
0.37028279218359783
0.8995035716256299
0.9396166492374816
0.9652758223913677
0.9873288806252657
0.9963596540098061
0.9957447372908008
0.9923437627241836
0.9661332721981941
7296211855087595
0.844958295818464
0.9510846167914963
0.958345569302018
0.9194486677954723
0.5828282221719936
0.7749761236990129
0.3741598190089722
0.5065434211194761
0.9287024357881686
0.8667531468188354
0.9793620873688108
0.7576976140977133
0.5540707598483284
 
