0.7404756886
0.6347093667000001
0.564443753
0.5790093569
0.5462461191
0.4676052772
0.39491890579999994
0.3208423456999999
0.24992806179999993
0.19509648110000002
0.19068004500000002
0.2279486538
0.20560016770000003
0.19329266240000004
0.1927252673
0.20141669920000002
0.1731252963
0.169901692
0.1679660048
0.14288607279999999
0.10856745910000001
0.08362293009999999
0.0835632268
0.07643851399999999
0.07226440129999999
0.0739877203
0.08670849750000001
0.0727904485
0.0518985126
0.0469733285
0.05191728720000001
0.061603121999999996
0.0823460803
0.09362367320000001
0.0958582685
0.0852501341
0.0858256812
0.08457700209999999
0.0851832042
0.075053044
0.065959148
0.0555631085
0.037882938899999996
0.0297611838
0.0290394929
0.033634005200000004
0.0331910792
0.0327913774
0.034331621900000005
0.04134492790000001
0.0342252487
0.0328707945
0.032954787500000006
0.036361874599999996
0.0385968812
0.051240437099999994
0.05448204710000001
0.056528730000000006
0.052154860000000004
0.0508525123
0.054983499199999994
0.052306261
0.0535746708
0.051928419
0.050315267
0.042862280499999995
0.042956969899999996
0.0520557409
0.0608493991
0.06067927030000001
0.056370518300000005
0.05533956570000002
0.054427995500000007
0.046844183600000006
0.043811569
0.03599501940000001
0.0379594056
0.0343181253
0.0325767482
0.031936669200000004
0.0356288933
0.037776113599999994
0.032790202899999996
0.03430412169999999
0.035851647499999986
0.04127979179999999
0.03893587030000001
0.0376444084
0.03894823130000001
0.0425623627
0.0451957192
0.045800832
0.0473438375
0.04578590739999999
0.04028515779999999
0.0370253563
0.035189050799999996
0.03230476579999999
0.0306991595
0.033539634299999996
0.0343131689
0.0308458644
0.027165170499999995
0.0296646514
0.0334427637
0.0333664151
0.0315928457
0.0324482879
0.032013139
0.025287055900000004
0.024579205399999998
0.030875503500000002
0.0349679841
0.035456244
0.033557263600000005
0.0320320256
0.0307868772
0.027493587400000002
0.0239591799
0.0238361958
0.018590287700000003
0.013944515299999998
0.0139573976
0.013087194399999998
0.012532238800000001
0.0122863564
0.0136872305
0.015680259699999997
0.014506924
0.012056102099999999
0.011996575300000001
0.010885032200000002
0.007240664199999999
0.0058779667
0.007797237500000001
0.0108777428
0.0131300582
0.011681638300000002
0.011433027799999999
0.013602113599999998
0.014774136600000001
0.015100638999999999
0.016938321
0.0166920442
0.014295727999999999
0.009739202299999998
0.006454685899999998
0.005414129199999999
0.0086062542
0.008510007900000002
0.007315310900000001
0.0060523087
0.0043679111
0.0049946557
0.009771092
0.0121960165
0.0118927307
0.011623322699999999
0.008917035
0.008307984699999998
0.007641589600000001
0.008309900200000001
0.010743216
