0.7147859717
0.5990997132
0.5295544234
0.5595690813
0.5240965892
0.43941194659999994
0.36554419930000004
0.28890064520000003
0.2167365663
0.1593995631
0.1588602262
0.20065502070000002
0.16993895200000003
0.1572309879
0.1598872155
0.17309144569999999
0.1393063671
0.1363826129
0.1356376748
0.11123172129999999
0.0754439277
0.0556193192
0.06564148049999999
0.05745636629999999
0.05131348199999999
0.053148398500000006
0.06707095869999999
0.05393784229999998
0.030321749100000007
0.027151231900000006
0.033326760100000005
0.040228882300000005
0.060050541199999995
0.07623021290000001
0.0795888411
0.07373818189999999
0.0804233119
0.08031903569999999
0.07898514469999998
0.06839319299999999
0.0589709334
0.0500295512
0.029419984800000003
0.014232499
0.014290993799999999
0.0151257266
0.013569695399999998
0.012113190199999997
0.015471142799999999
0.0193948603
0.016163220599999997
0.014756460300000001
0.0145745557
0.023186122999999996
0.0287683666
0.038288130200000006
0.0410613418
0.0461819114
0.0468013801
0.0478176608
0.0471866585
0.043706383599999996
0.050547040700000004
0.048212520999999994
0.0420699891
0.0394310473
0.0372547994
0.043728954599999995
0.0479703669
0.0450053145
0.0428411716
0.043810238200000004
0.0369063744
0.030469403599999993
0.0280752514
0.021355593500000002
0.027342892500000004
0.0301101764
0.022558731200000005
0.028793469500000002
0.034292147499999995
0.03200160689999999
0.030681627899999998
0.0297642331
0.033593105100000006
0.0420173573
0.036533604000000004
0.0318133167
0.0443849614
0.0441676183
0.0404349974
0.044789732699999994
0.0411797939
0.041342001999999996
0.033945271
0.023549797000000004
0.025809528999999998
0.021110989
0.0137077045
0.0172503669
0.026689723399999997
0.0245988778
0.023583892900000004
0.0266212599
0.028050936
0.027170484099999996
0.022093778600000002
0.024456140300000002
0.0295216453
0.021947745799999998
0.0148431389
0.020111862799999998
0.026233639599999997
0.028568717499999997
0.0290802864
0.029802428400000004
0.028694222099999993
0.024255420399999998
0.0200034104
0.0187472282
0.017097931599999998
0.0143709482
0.0106530016
0.0050911533999999994
0.008557455799999999
0.0083111048
0.0104216932
0.0103007899
0.005364446
0.006710517200000002
0.009526611799999998
0.0076977837
0.0066483450999999995
0.0105288441
0.0083380983
0.0124046697
0.017665034
0.016147810500000002
0.0187185885
0.017093390200000003
0.014164154200000001
0.015357922299999998
0.0171589049
0.012932544
0.012971454099999998
0.0105639444
0.0040880733
0.006562968399999999
0.0111079121
0.012818864499999999
0.0123136884
0.0087583016
0.0084846819
0.0142805449
0.0156260833
0.015137891
0.018284784600000003
0.016027477800000002
0.0119926915
0.012208069399999999
0.012582650800000001
0.015359838999999997
0.013813250599999998
