0.5025783662
0.4438795184
0.39096924000000005
0.40996747819999996
0.40739296379999995
0.38823946299999995
0.3470674266
0.28311612906666667
0.22438437220000002
0.16928038333333334
0.14193755606666666
0.14266684513333333
0.1354550606
0.13019315253333333
0.131139445
0.14178575026666665
0.13790156953333332
0.1316404007333333
0.11862423126666664
0.09562776666666668
0.06884996533333335
0.05037471606666666
0.052841437533333334
0.04658064959999999
0.0467982474
0.05132494086666666
0.07151608513333334
0.0789823224
0.08103352733333334
0.07646037506666666
0.07326099879999999
0.07106915459999999
0.0658044032
0.06339628773333332
0.06290405626666666
0.06271360453333333
0.0650417038
0.06796656966666666
0.07313723106666667
0.07143166380000002
0.06626968593333334
0.0543260634
0.03732124126666668
0.026406676533333336
0.026907162733333333
0.021596353066666667
0.022906065066666665
0.028801678933333335
0.03523593493333334
0.04272587240000001
0.04771039433333333
0.05027637386666666
0.04907394873333333
0.045878402933333326
0.041124445533333324
0.039967999133333335
0.040039248933333334
0.04472569266666667
0.052644233266666667
0.05961437953333334
0.06649605326666666
0.06870624813333333
0.06896258206666665
0.0668904104
0.05909935219999999
0.047676947333333324
0.0417374292
0.043781954199999994
0.04178200693333334
0.0441936988
0.04470548973333333
0.055050823533333335
0.057633176133333325
0.052224919200000004
0.0450279932
0.042573651266666665
0.036982040466666664
0.033184389
0.03052898333333333
0.034045336
0.03780631666666666
0.041818821066666664
0.04442866193333333
0.05184945613333333
0.05511278113333332
0.05755055533333333
0.04901617726666666
0.041442494399999995
0.03855888106666667
0.034611693933333326
0.03354378226666666
0.03604506166666666
0.03425178566666667
0.03657732266666667
0.04024430206666667
0.04427462006666667
0.04339957526666668
0.038362492
0.032876468666666665
0.02676972806666666
0.023841343999999997
0.023581662
0.027356124266666663
0.029896796933333337
0.03278784
0.033581007999999996
0.035269327733333335
0.037115429533333334
0.037134197400000006
0.032126330599999996
0.025302013333333335
0.022614891266666666
0.022449355200000003
0.0241349026
0.0254465476
0.025574002733333337
0.02831717546666667
0.027555901866666666
0.025026796666666663
0.0251574984
0.02474111426666666
0.02022933446666667
0.019445226866666665
0.018062182333333336
0.016717924
0.01928594466666667
0.021457792600000004
0.021740839333333335
0.021864274866666665
0.022454884999999997
0.02248898526666666
0.020733024333333332
0.0207359252
0.02192828413333333
0.021803566333333333
0.023459069
0.025021772866666667
0.0258485774
0.026729112066666668
0.027527031599999995
0.02626368533333333
0.025523414666666668
0.024149018199999997
0.022778387466666664
0.022639595333333328
0.022506414066666664
0.022285923666666662
0.020626056400000002
0.02009672726666667
0.02127540486666667
0.020331321533333332
0.0187795198
0.0166305788
0.014794420733333332
0.013119990133333334
0.012553834066666665
0.012941104866666666
0.014262098666666665
