0.5205178519999999
0.4636316509999999
0.41242942439999997
0.42863429459999997
0.4284696184
0.4086006742666666
0.3690624504
0.30855267373333334
0.2513815822
0.1966564472
0.1687403463333333
0.1663203728
0.15860940206666665
0.15714137906666664
0.15696792466666665
0.16670103379999998
0.16121408153333333
0.1520879452
0.13334945593333333
0.10901680706666668
0.0840026362
0.065225978
0.06485528633333333
0.056280296133333324
0.053659102733333325
0.055727743066666655
0.07301318546666666
0.08188664633333334
0.07775227513333333
0.07153807773333334
0.0648737088
0.06314367513333333
0.05941103026666666
0.060569534800000005
0.059021852866666655
0.0539541002
0.05473628646666666
0.05557443766666666
0.05909202106666665
0.05784829359999998
0.05442714853333332
0.04817939393333333
0.030698494933333337
0.022963004666666672
0.02254083953333334
0.020783141999999998
0.02013328233333333
0.023103044
0.027969305533333325
0.033835084999999994
0.038314686066666666
0.039097158533333336
0.03932327913333334
0.03905456206666667
0.036853813133333344
0.03348727986666667
0.031665486400000005
0.036297710266666665
0.03917729426666667
0.04378286233333333
0.04985295806666667
0.052123784599999994
0.055061805
0.05493350533333333
0.0490820378
0.04345067059999999
0.04077979193333333
0.04190223546666665
0.04078840753333333
0.04099825266666666
0.04161058193333332
0.046801053666666655
0.048587316000000005
0.04581915986666667
0.0431287986
0.0399302278
0.03359795079999999
0.029805043666666666
0.025449113000000006
0.02889182646666667
0.032372662
0.03379468546666667
0.0351339016
0.040519989000000006
0.04497712173333334
0.045973308733333336
0.04157213686666666
0.036408673733333334
0.03373708413333333
0.03206321073333333
0.03028760646666667
0.032436071128
0.032475422861333335
0.03303616719466667
0.034525926994666674
0.036373338128000005
0.03694846099466667
0.032726209768
0.028352664701333335
0.023089201101333334
0.020862296368000004
0.021057090034666666
0.02023489543466667
0.022509271501333337
0.022597727101333336
0.022252178434666668
0.025825055440000005
0.02560304884
0.027305365773333333
0.02396702830666667
0.017982480973333333
0.013515261306666667
0.0143651786
0.016250321066666667
0.015903605
0.016141497266666666
0.01414938
0.013357462466666666
0.014071686933333332
0.0139589846
0.014598502266666665
0.011314849866666666
0.009627551266666666
0.004574478733333333
0.0031205533999999996
0.004453509066666667
0.006373398799999999
0.004753718266666668
0.002326093133333333
0.0034961603333333335
0.0054199534
0.008068036333333334
0.010657446733333333
0.008707880066666666
0.007821083
0.007276194533333333
0.008452105866666667
0.008269872000000001
0.009659997399999998
0.007810266533333331
0.006824548533333334
0.007409861933333333
0.008489079866666666
0.010306235999999998
0.010657430866666666
0.009063040400000002
0.0057437096
0.0030366478666666668
0.004248573733333333
0.0043285142666666665
0.003013370066666667
0.0010361929999999997
0.0012240997999999994
0.0024577570000000005
0.0039327523333333335
0.005088199866666667
0.005227394866666668
0.0057791894666666685
