0.44367780354999997
0.4075064026
0.3579050396
0.36468906305
0.34979682775
0.31358911675
0.26209008065000006
0.22342237310000007
0.18346781165
0.14175256590000002
0.12363893135
0.13404003650000001
0.12455821010000001
0.11422005095000001
0.11103102545000001
0.11838150290000002
0.11237780085000001
0.10430918775
0.09214894159999999
0.07935079045000001
0.060903225150000004
0.055426574549999996
0.07032201810000001
0.075954678
0.07213755969999999
0.0721315134
0.0803417686
0.07232021705
0.06412240235000001
0.0598544839
0.05907739359999999
0.05773290154999999
0.056553814449999996
0.058033691449999994
0.0612037133
0.0589680156
0.05839008505
0.05868187089999999
0.0608241982
0.057219246200000004
0.04983507255
0.04388425355
0.03468473445000001
0.029774208050000008
0.0345536069
0.039914440249999995
0.042138315999999995
0.04400597359999999
0.04489527785
0.044869005249999996
0.041908811549999994
0.039638243899999995
0.04125121315
0.04545444985
0.048356283
0.050004848049999995
0.05466939209999999
0.05841574005
0.060137008449999994
0.058697749
0.05947488594999999
0.0562618391
0.05524118004999999
0.049804831849999995
0.04596987504999999
0.039655133099999997
0.043219081150000005
0.0476706337
0.05021433705
0.051283943750000005
0.05195908714999999
0.052376485750000014
0.049759762299999996
0.043550570999999996
0.03952096635
0.03795758349999999
0.03609626879999999
0.03684073995
0.038524116149999996
0.04297994675
0.04706033909999999
0.04867814219999999
0.04591603884999999
0.047796992649999995
0.04409744009999999
0.04358780655
0.03812216435
0.03222371945
0.0318148736
0.035933198
0.039233310099999995
0.04090941990000001
0.04072431720000001
0.04028473015
0.03752324080000001
0.0365866096
0.035000272900000004
0.0331116356
0.03133249825
0.02735373425
0.025610646049999998
0.0278120272
0.028978420799999998
0.030746360850000005
0.03406917550000001
0.0330519834
0.030836792100000003
0.03187249435
0.030952915100000006
0.026424924949999994
0.022561146600000005
0.023688473050000002
0.025006693000000003
0.02544524425
0.026144562
0.026285473750000003
0.025297781550000002
0.02304524775
0.021870399899999997
0.0220167385
0.022330685899999998
0.020478140750000002
0.0203415517
0.0195004732
0.019171340749999998
0.02045137555
0.022277072850000003
0.023721620500000002
0.0237902804
0.023412326049999998
0.024699273449999996
0.022826229599999998
0.0217647544
0.02314713645
0.023793888399999998
0.0234726142
0.024448700900000002
0.023869395199999997
0.02303762705
0.023612594249999997
0.022866727599999997
0.022898171149999997
0.022885533299999997
0.0224646197
0.022527715949999996
0.023081025650000003
0.0213611012
0.018685744600000005
0.017796738900000005
0.017281206250000004
0.015293687999999996
0.015388199900000002
0.01517953615
