0.4655778668000001
0.4313290102500001
0.38502196035
0.38615100965
0.3694856932
0.3345109882
0.28402210105000003
0.24537201884999993
0.20894703329999995
0.16899127695
0.14962375205
0.15578579194999997
0.14458169724999997
0.1348655882
0.1324948343
0.13770220975
0.12991689690000002
0.12134607025
0.10993225870000001
0.09492970064999998
0.08024237314999999
0.07261302605
0.08295465355000001
0.0850310936
0.08406133489999999
0.0796189272
0.08626708935
0.0786837253
0.0685408584
0.061013186250000004
0.058938217599999995
0.05858311525
0.06011450959999999
0.06169242849999999
0.0624488807
0.059442069650000005
0.05950838020000001
0.058684189750000004
0.059757413050000006
0.058198985950000004
0.05009219834999999
0.0442169515
0.0354188632
0.0330615292
0.033818187050000004
0.04243722115
0.04383656315
0.044660053699999994
0.04324324095
0.046098720100000004
0.04460437395
0.042588527749999994
0.04326472915
0.04414514679999999
0.04445607409999999
0.047051358799999984
0.048719508499999994
0.05429223544999999
0.05650212954999999
0.05576589129999998
0.05567700874999999
0.05382291334999999
0.05400133315
0.049386301300000005
0.047063418
0.03942864995
0.04045818775
0.043186933100000005
0.046713073650000006
0.046307969750000004
0.0459997058
0.04655783965
0.043609099199999994
0.04057415265000001
0.03983160825
0.03863740560000001
0.03844763795000001
0.03598126685
0.035762489749999994
0.03724951594999999
0.040412306249999995
0.0417884728
0.0400670202
0.040045014549999994
0.03806840265
0.03915257405
0.03706246055
0.0349745871
0.03482369540000001
0.038050998499999995
0.03975444405
0.0383233482
0.037254503999999994
0.0377252794
0.036863960749999994
0.0351958857
0.03339094825
0.03237652685
0.03135614925000001
0.0294133451
0.029446187149999997
0.030860683949999995
0.0310665773
0.0325604477
0.03350001365000001
0.03269922035
0.031189861450000002
0.02997093765
0.027986159450000003
0.024561625849999998
0.021584746549999995
0.022410009399999996
0.024462690849999996
0.024271719199999993
0.023044751199999998
0.022159190999999998
0.022237053849999997
0.021586923549999998
0.019233051949999996
0.01794614895
0.015293431500000001
0.012414773749999998
0.010599030899999997
0.009482580549999998
0.01016473815
0.0115820496
0.013408644349999999
0.013680948999999998
0.0129699759
0.012829107849999999
0.01338535595
0.012992835599999999
0.0120894926
0.01128500545
0.01104648275
0.01030847255
0.00979237205
0.008547883750000002
0.010019641
0.01105606075
0.01104472375
0.01057647385
0.01065311605
0.010843349950000001
0.01203341
0.010967609399999998
0.009173708299999998
0.008518725949999997
0.008761644599999998
0.008408996299999997
0.007478450249999999
0.007181104449999999
0.00755556355
