0.39464344635999987
0.34969551095999973
0.31694722136
0.32403868080000003
0.31199685332
0.28621171215999996
0.25302312672
0.218188626
0.17983423095999998
0.14406254512
0.12828236703999998
0.13255408256
0.12278499168
0.112199293
0.11080254160000001
0.11576938100000002
0.11532443164000002
0.11862155451999999
0.11350946912
0.09783792892
0.07997553288
0.06947186156
0.06870363992
0.06534700251999999
0.06148178851999998
0.059410619359999986
0.06560363075999999
0.060964013039999994
0.0533696782
0.051330762960000005
0.04840504984
0.047503619080000004
0.04578788435999999
0.04727759836
0.04595234839999999
0.04204383635999998
0.04241624416
0.043652294519999996
0.048360408159999986
0.04958737788
0.04896278515999999
0.0452540146
0.03542599272000001
0.03015105036
0.0305202042
0.02957319248
0.02861670584
0.03191989236000001
0.034442254039999995
0.03680895408
0.03958315108000001
0.04084874304
0.04334471492000001
0.04586529872000001
0.044327624400000015
0.04237689840000001
0.04081425340000001
0.04214823704000001
0.04084629208
0.04159465208
0.042069656440000006
0.04461736863999999
0.04721045556
0.04515216664
0.04238518224
0.04055247611999999
0.037549218399999994
0.037633773639999986
0.037702029279999986
0.03955043239999999
0.04170812767999999
0.04209177283999999
0.04144995184
0.04165190892
0.042311207719999994
0.03974186684
0.038286379999999995
0.0360185768
0.03243431392
0.032173886
0.032654637640000005
0.03254298591680001
0.0319776860768
0.03305068507680001
0.0356670369968
0.0385657813968
0.036180217236800004
0.031933288100800004
0.031172011820800004
0.030287449220800004
0.0283011079808
0.0307618635408
0.0302764878608
0.0306704090208
0.028397426380800003
0.0265823475008
0.027761207900800004
0.026259174420800006
0.025121911140799997
0.0230609809408
0.0217712847408
0.0193460919008
0.018707191020800002
0.020679953980799998
0.0205916857808
0.019813442460800003
0.019789848864000002
0.018805711624
0.019291720864000002
0.016057260944
0.013517445984000002
0.012381041224000001
0.012399979320000002
0.010854999560000002
0.011079792320000004
0.01192601236
0.01053587716
0.009418484719999998
0.00857004696
0.009130745719999998
0.009714107439999998
0.009135637399999997
0.009838350359999998
0.00813322944
0.00636969376
0.007093674119999999
0.00934314796
0.008742795359999998
0.006900805359999999
0.0062237892399999994
0.00633584312
0.006492166319999999
0.0064974551599999986
0.006310776399999998
0.007149813479999998
0.006392830319999999
0.005792953239999999
0.00588380832
0.00793768644
0.007094470279999999
0.00622959072
0.0061408244799999985
0.006625024279999999
0.006979803679999999
0.006485744439999999
0.006136791000000002
0.00478778144
0.003570500800000001
