0.36591734179999996
0.31861571139999995
0.2854973405599999
0.29796668571999996
0.28630084431999997
0.25872006536
0.2254741364
0.19066990504
0.15268558492
0.11607058412
0.10126231252000004
0.10580420960000003
0.09525070812000003
0.08626775284000003
0.08752270140000001
0.09628599076000002
0.09534800960000002
0.09912986344000001
0.09648304356000001
0.08414629532
0.0672134948
0.05771152607999999
0.05940274159999999
0.05496941555999999
0.05092509239999998
0.05063778584
0.05963728323999999
0.0563448122
0.047920973240000005
0.04537000431999999
0.04308621435999999
0.04089167656
0.03799142547999999
0.038175326159999995
0.038157643719999995
0.03584371467999999
0.03871148388
0.04059949755999999
0.04506672279999999
0.0460168582
0.0450707624
0.04122466036
0.032443973560000006
0.026403793039999998
0.025449171599999997
0.025223105319999998
0.024024712559999998
0.028690699559999998
0.03275767331999999
0.03548757664
0.03725480796
0.036114759639999994
0.038167561479999994
0.03989894019999999
0.03773489987999999
0.036309283319999996
0.03612092968
0.038607973239999996
0.038756977639999995
0.038959733079999996
0.03933175711999999
0.04114933251999999
0.04438180975999999
0.03964798347999999
0.03774494104
0.03471089023999999
0.03249703571999999
0.03240785983999999
0.03194211883999999
0.0332699108
0.037264036640000005
0.03828022068
0.036888320159999995
0.03811695963999999
0.038583992719999995
0.03511247028
0.03551100904
0.03138819556
0.029290772880000003
0.0288458934
0.029547486799999998
0.031079937
0.030570166000000003
0.03141228
0.03425403892
0.037246122240000006
0.03441340316
0.028777682159999998
0.030915784359999997
0.028548879999999995
0.026698821439999992
0.027116805679999995
0.028079970959999992
0.03131524487999999
0.02959589519999999
0.026376434879999997
0.027844706679999994
0.02654581132
0.024589286800000002
0.022513947240000002
0.022445793840000002
0.020678601440000003
0.021310221560000005
0.02277980824
0.023516678080000002
0.02379568872
0.023269274360000005
0.022362616360000004
0.02114266636000001
0.019036782800000006
0.015094346400000005
0.015007727600000003
0.015996980360000003
0.014277082680000004
0.014980510560000004
0.016738139800000006
0.0175108764
0.015239498280000003
0.013545545880000003
0.013592923800000004
0.014118958720000001
0.014028996080000002
0.01196264872
0.010337031080000001
0.010185752079999999
0.01048283012
0.01217635648
0.012400892080000002
0.010717199319999999
0.011282614160000003
0.01150536384
0.009915846120000002
0.01032663544
0.012743734560000003
0.011890315560000001
0.012083863560000001
0.011510999840000001
0.01167444888
0.01428363888
0.014848840600000001
0.013749875520000001
0.01415064648
0.014078288520000003
0.013329273520000002
0.013438304000000002
0.012155056
0.010588921839999998
0.010740624919999997
