0.3221820582333333
0.2908905439666666
0.2613048203666667
0.26429585473333334
0.25151036523333337
0.22854471416666666
0.19872107133333336
0.16797878330000005
0.1354825109
0.1080393153666667
0.09663124846666668
0.10709146513333336
0.1072186915
0.10561333993333336
0.10379991003333335
0.10752337453333334
0.10448536206666666
0.09872240196666664
0.09101025949999997
0.07926591146666666
0.06578178493333334
0.05770820993333333
0.0604040036
0.059858940333333326
0.0591149556
0.0587973134
0.06292107426666667
0.05815178183333333
0.053720101933333333
0.051683768899999996
0.047428675933333324
0.04698760983333332
0.047303041066666655
0.04931611133333332
0.052814964333333325
0.055211999433333325
0.05765903883333332
0.05852025919999999
0.05950781699999999
0.05627805466666667
0.053118842533333335
0.04718265616666666
0.04102346696666667
0.03952545490000001
0.043260771133333334
0.04404620316666666
0.045806156599999995
0.048882130499999996
0.05106317266666667
0.0509126123
0.047693670833333326
0.04600690153333333
0.046427951466666666
0.04383020493333333
0.042659072166666666
0.04233674443333333
0.047545036233333324
0.051179434399999994
0.05243457623333333
0.05232118636666667
0.054534852266666656
0.05284414429999999
0.05107348553333333
0.048709696866666666
0.046572344099999996
0.04274163200000001
0.041778125133333344
0.04410530806666668
0.046815731533333356
0.049653239966666686
0.051128022533333345
0.052033500400000016
0.04953783526666666
0.045391900133333336
0.03981984356666666
0.03805871676666665
0.03651355106666665
0.033718087333333334
0.033553152999999995
0.03714481903333333
0.04104046836666666
0.04260919816666666
0.04139557696666666
0.042362962399999995
0.04094125459999999
0.04069594966666666
0.03629891963333333
0.034399309333333336
0.034227839
0.03369976696666666
0.03356239513333333
0.0356571947
0.03568360760000001
0.03685576003333334
0.03618531633333334
0.03478831670000001
0.03300723326666668
0.030405923600000006
0.02850568563333334
0.026108137833333336
0.02470767336666667
0.025949418733333337
0.027456013066666667
0.0274617968
0.028972669200000002
0.029161061133333332
0.0277493311
0.028280328199999996
0.027598189866666668
0.024422127299999995
0.022293979000000002
0.02203634193333333
0.022095097266666665
0.022999588733333333
0.0239507163
0.024031494
0.0245250999
0.024145913533333334
0.023477540399999997
0.023480532366666664
0.024100091633333327
0.02262555366666667
0.02264690213333333
0.0223956472
0.0221224778
0.022774815
0.023490603633333336
0.022944928766666668
0.02232133116666667
0.022547240166666666
0.022497699666666662
0.021509473999999997
0.0206809908
0.0210125057
0.021539485599999998
0.021895195266666664
0.02190064633333333
0.021239578099999993
0.020761766399999996
0.02032351086666666
0.019408759699999997
0.019232259766666666
0.019205558433333332
