0.6424778759999998
0.6212654362000001
0.614381096
0.7885005074
0.8920227583999999
0.8384735012
0.6481532971999999
0.5145064099999999
0.3695182064
0.20046947980000002
0.0967370532
0.14168451440000002
0.12717828139999998
0.13033791720000001
0.18972348239999998
0.2846230368
0.3142127932
0.28402205399999997
0.2562474076
0.1957270522
0.11821036160000001
0.032037799400000004
0.055781330000000004
0.07968460200000001
0.0900450934
0.09892455659999999
0.1352080608
0.11134512359999997
0.073192426
0.054483709199999994
0.049050884
0.038208934199999996
0.034235773399999996
0.0306045992
0.0394629478
0.054783690399999994
0.0849973098
0.1304563872
0.1566427472
0.1522535892
0.1157165778
0.0866540526
0.038697617
0.013723661199999997
-0.0021475012
0.0162017182
0.0244721644
0.037068260799999996
0.0457987064
0.06022648700000001
0.05106629220000001
0.041909994
0.028514494
0.022864537400000003
0.0224633688
0.0173842052
0.023831595
0.037395081
0.0498592118
0.0547303936
0.085096669
0.0851324992
0.075662379
0.054450508200000004
0.046974631
0.024870329400000002
0.019480022799999996
0.031486962599999994
0.049406329799999996
0.05365590299999999
0.060854231599999996
0.06643391700000001
0.07262451919999999
0.0722924684
0.06770263759999999
0.051886805
0.044245214399999996
0.036231471800000005
0.0213958988
0.0199205004
0.0201032338
0.031673596799999995
0.0324047788
0.043757597599999996
0.043952837999999994
0.051154552799999996
0.0438786304
0.033175627
0.0248506458
0.027750457
0.0314050308
0.033993110199999996
0.04211318979999999
0.0530458168
0.0573742684
0.0589864076
0.0576085538
0.052574485199999986
0.038525998
0.0231960472
0.015064305
0.0127695478
0.012035046399999999
0.022872321
0.043883221400000005
0.053562032800000006
0.048922181
0.042295294600000005
0.036456981799999996
0.023002306000000004
0.0131707974
0.014263510399999998
0.0226012812
0.027569296200000003
0.027571805800000005
0.03598761340000001
0.0474874966
0.047334687
0.0433431918
0.0395427214
0.028076437800000003
0.014086257799999998
0.007652487799999999
0.004575168
0.0081296702
0.009104137600000001
0.013802772800000002
0.020262307400000002
0.021599220800000003
0.0169348074
0.015468575200000001
0.013571688200000001
0.011098212
0.0074146272
0.007177396800000001
0.0085245754
0.0081983762
0.0033831163999999995
0.0043413062
0.0084170782
0.013230910200000001
0.0180617402
0.0199801602
0.0185247494
0.018787148999999996
0.016317362999999998
0.012139537799999999
0.013896481799999999
0.014859339
0.009804307
0.0031610416
0.0007698339999999997
-0.0030682233999999994
0.0023531693999999997
0.007215708800000001
0.011469580200000001
0.0113347834
0.0118040456
0.007636142
0.012326475200000001
0.012922452800000001
0.012450678
0.0114425998
0.010197928
0.0042894942
0.0023607263999999998
0.0041691224
0.0100438322
