0.2561620414
0.20355147239999996
0.1527031602
0.10596975445000001
0.10212934795000002
0.11676547735000002
0.09733444064999999
0.06532788155
0.024868644750000002
0.024471246850000006
0.03708673825
0.0407626129
0.0457931834
0.0370477101
0.01986720655
0.011640202699999996
0.017435918599999996
0.021606816649999996
0.01790115135
0.0150284068
0.017890183949999992
0.016686356599999997
0.020987473949999995
0.021164771049999996
0.0213776072
0.0146979828
0.0218274105
0.0237194861
0.0246048221
0.019688479399999997
0.014029854299999997
0.017462905699999996
0.003052455299999997
0.003663826800000001
0.007095512649999998
0.013775797699999998
0.016034109649999996
0.016047553149999994
0.017775986399999992
0.01860364324999999
0.012869290099999991
0.01469282714999999
0.011350970699999992
0.009836954449999994
0.0030530348
-0.00040388634999999963
0.009311620900000001
0.01141177495
0.012781960899999997
0.010314230800000001
0.012286385649999999
0.01157235105
0.017620954799999998
0.013496496149999995
0.009651698099999998
0.0049630931499999986
0.0001347212000000004
-0.003030524399999999
-0.007878465400000001
-0.005508268950000001
-0.002814560700000001
-0.002575457900000005
-0.004712899100000006
-0.011051058650000006
0.0017912086999999938
0.0116371628
0.007594534600000003
0.019900317050000005
0.038487988300000005
0.059753087950000006
0.052702370750000005
0.053156392250000004
0.055330579350000006
0.059317724900000014
0.06556212315000001
0.0692292922
0.0712747262
0.0741450934
0.07942859764999997
0.08135205564999999
0.08788171505
0.089997258
0.0973017383
0.10445166495
0.09638821825
0.09936604154999999
0.09716966089999998
0.07923527300000001
0.06260688610000001
0.04383382525
0.053332377349999995
0.05772649635
0.05991111014999999
0.0552539445
0.0502256272
0.0497479553
0.05788321319999999
0.07267884755000001
0.10557114635
0.10513424375
0.09881011290000001
0.09633133940000001
0.09889517950000001
0.10518281435000001
0.10312822740000001
0.09048098405000002
0.08336519960000002
0.09013541075
0.10153635590000001
0.11538016400000002
0.12370336735000001
0.12476705390000001
0.1238222846
0.12255079285
0.12443127420000002
0.1315280127
0.12851141435
0.12161161579999999
0.08247984274999999
0.08460012944999998
0.09115357944999998
0.09768740479999997
0.09288500969999999
0.08943391774999998
0.08964307934999999
0.08835370154999998
0.08685815759999999
0.08400808899999998
0.0706852131
0.05633138755
0.04585574460000001
0.045599771850000005
0.05833920155000001
0.0692704766
0.07454342900000001
0.06596161695000001
0.06263997365
0.0550771836
0.06206771975000001
0.06455920150000001
0.06487913555
0.06408076439999999
0.061569905299999984
0.05765520154999999
0.05575639814999998
0.054136929899999985
0.05732163744999998
0.07050720789999998
0.07787699624999997
0.08093528234999997
0.08213657279999997
0.07808264369999998
0.060785505350000005
0.0597971679
0.05301889835000001
0.054659635250000005
0.052481416
0.05201933360000001
0.048780881150000004
0.03897968969999999
0.028691680699999993
0.025005696899999992
0.02951565934999999
0.03127889009999999
0.03553734439999999
0.03247005964999999
0.03258808744999999
0.030433611300000003
0.0422566852
0.054091909699999996
0.07073226415
0.08799840910000001
0.09753024625000001
0.086766276
0.09489698105000001
0.10117228550000001
0.11053247905000001
0.12008654580000003
0.12073550630000003
0.12449262000000001
0.1337657313
0.15557980015
