0.7423589842
0.6849858774
0.6502707774
0.6345415444
0.6425183134
0.6167233246
0.5656120594
0.5124966716
0.47008631659999994
0.5279022464
0.563347033
0.5472479062
0.5403061790000001
0.5238833252
0.5019660852000001
0.5198997836
0.5415574188
0.554306246
0.5594678632
0.5754067994
0.6138808972
0.5859927300000001
0.5742791298000001
0.5574302246
0.5642472454
0.5392105172000001
0.5452428316000001
0.5722041966
0.5990382
0.602126761
0.5363903799999999
0.5748196591999999
0.5502224006
0.5018080956
0.49432421
0.5662665290000001
0.5241449819999999
0.5494161044
0.5930727856000001
0.6152010717999999
0.621518741
0.6788369484000001
0.6489817945999999
0.6298555425999999
0.6210922797999999
0.5778811872
0.5951318172
0.5145213472
0.5065337035999999
0.5141270264
0.5498682836000001
0.5249727622000001
0.6322984542000001
0.6268647152
0.6041759769999999
0.5815885159999998
0.5919812085999999
0.5788589808
0.6063845475999999
0.5749999243999999
0.5747558886
0.5944315334000001
0.5582800126
0.576901877
0.5747660702
0.5846067672
0.555277756
0.5975111196
0.5602633796
0.5952344780000001
0.5747289538
0.5447590534000001
0.5398586886000001
0.5092409341999999
0.4749821206
0.5134121508
0.5175081872
0.5227405072
0.5281606106
0.5886167032
0.6043254774
0.649474411
0.6722115235999999
0.740126621
0.7353917788
0.579711345
0.5485164279999999
0.5414380574000001
0.516806295
0.5023320974
0.5954465614
0.5504624648
0.5282054514
0.5093620698000001
0.5248926312
0.5068054855999999
0.5165826925999999
0.49112395480000004
0.5039902522
0.4702289761999999
0.5376712006
0.5950674284
0.5840541568
0.5678839754
0.5848276442
0.5725789914
0.554259139
0.5744103638
0.5626291823999999
0.5735000156000001
0.5358911322
0.5719589843999999
0.6067473814
0.6842434194
0.625805969
0.6729482472
0.6127337388
0.6124763262
0.573601124
0.590046017
0.585208504
0.6020948671999999
0.5789483002
0.589134
0.6466360104
0.6413892003999999
0.6767163429999999
0.6802930778
0.6323550609999999
0.572015864
0.5917762834
0.5584112524
0.556323399
0.5093146898
0.5380003002
0.5242701366
0.5484317984
0.5690634714
0.6355603492
0.5927958338
0.5653782372
0.539098504
0.5356447357999999
0.5518183112
0.5868424118
0.5747093678
0.5935953730000001
0.5862574828
0.5534494134
0.5581027146
0.5195628424
0.5213279994
0.5064509121999999
0.5226533095999999
0.515251703
0.5639469189999999
0.5357279819999999
0.5473585124
0.5723669266
0.5742322938
0.5729883456
0.5935290421999999
0.5234370504
0.5215747136
0.5453773102
0.564414134
0.578211251
0.6188476474
0.6241423088
0.6058359596
0.5910980012
0.5436787358
0.591871488
0.5484101963999999
0.5409114324
0.5413371604
0.53082084
0.4653055060000001
0.5112931961999999
0.5195261682000001
0.5110872896
0.5155792617999999
0.5493259236
0.538185565
0.5689067364
0.6251981261999999
0.7022179392
0.7224151088
0.6122633456000001
0.6052813880000001
0.5862443272
0.5738176584
0.5894483338000001
0.6585450946000001
0.6236341560000002
0.6304688778
0.6374751794
