0.61058228135
0.5848508154500001
0.5643449685
0.54699476235
0.5619483611
0.5784627596
0.5601025286000001
0.5453470566
0.5277169324
0.5423805941
0.5590845577499999
0.5550102216499999
0.5602739378499999
0.5599549032499999
0.56093672275
0.5523453944999999
0.5619031599
0.5627529932499999
0.55443609585
0.5590262539499999
0.5639370808499999
0.5575500507
0.56153045785
0.56283732645
0.56897482205
0.5658465417999999
0.5807611052999999
0.5802061240499998
0.5809436559499999
0.5831860806499999
0.5755142092999999
0.5932333516999999
0.5657854117
0.5578175318499999
0.561186147
0.5788836852
0.5807716274500001
0.5863044251
0.5890816867499999
0.58864908875
0.58271418195
0.5977306841000001
0.5936651441999999
0.59240962725
0.5785988019
0.57102346885
0.57662933035
0.5709896986999998
0.5791712108499999
0.5670172494999999
0.5727048638499999
0.5666658150499998
0.5917371417999999
0.5926036298499998
0.5872941123999997
0.5789200313999998
0.5716123878499999
0.5686272003999999
0.5631976845999999
0.5549956483
0.5618759401
0.5529941325000001
0.554597582
0.54364170035
0.558399843
0.5692683373000001
0.5667548519000001
0.5830804597499999
0.5844478863499999
0.5985562701499999
0.56804448175
0.5650645199000001
0.5690621942
0.5735836151999999
0.575330675
0.5732238836500001
0.56649037275
0.5661488848999999
0.5736138990999999
0.5878083026500001
0.5715722173499999
0.5662589990999999
0.5582447467999999
0.5675713095
0.5582113709
0.55490864815
0.55265725345
0.5362054051000001
0.5245106481
0.52057033725
0.55312555975
0.5540929312000001
0.5444484817
0.53596636995
0.5383623168
0.5382367024500001
0.5594670611
0.5640839642000001
0.57968670735
0.5635906512500001
0.57977239285
0.58350482265
0.5944220570500001
0.5970894253000001
0.5935449114500001
0.5916567187000001
0.5852616823500002
0.5931455929
0.60240193145
0.608997003
0.6088592709499999
0.61587598335
0.6196162713999999
0.6198334011
0.6086259651000001
0.62283055875
0.61248905035
0.6070102758000002
0.5761012187000001
0.5866745479000002
0.5856610311000001
0.5964135652500001
0.5961570621
0.5915910249999999
0.5873620021
0.5807034644
0.58066447445
0.585331171
0.5822621028
0.57241360245
0.5640335062499998
0.5598842319499999
0.5618222722499999
0.5625356909
0.5689353151
0.545980146
0.5506134187
0.5493541505499999
0.56587034585
0.5632481657999999
0.5558993416
0.5474374646000001
0.5439279108000001
0.5500719902000002
0.5586072808000002
0.5578018687000001
0.5610450991500001
0.5408759894500001
0.5425110908
0.5482410054
0.5552280602499999
0.55719906865
0.5490235305999999
0.56018431465
0.5601743166500002
0.57311184995
0.5627867527500001
0.57037867455
0.5666235363500001
0.5665892490000001
0.5674594103
0.5615599672500001
0.5498654229500002
0.55135510375
0.5529127176
0.5519841462999999
0.54207252215
0.55633764125
0.5555078166
0.5587950741500001
0.56718014435
0.5730741941999999
0.5822295066
0.5525380758
0.55865643125
0.56596672585
0.5806089248500002
0.5816237180500001
0.58007180035
0.5793371121499999
0.5882496551999999
0.6072725096999999
