0.6264156758799999
0.6005979962799999
0.5828335570400001
0.5674578203999999
0.5812712129600001
0.58916357252
0.57529187628
0.56993084524
0.56190366276
0.57562734716
0.57497174776
0.57799350052
0.5779748600800001
0.5682575502799999
0.5688595670000001
0.57702874912
0.5752622518
0.57995247556
0.5823145289599999
0.59160801068
0.59690085112
0.6028831057599999
0.59876538072
0.59594040472
0.6002319678399999
0.5891247266799999
0.60560387056
0.5881406443200001
0.58582627284
0.5900131726000001
0.5918157512400001
0.6015015732400001
0.6005321436800001
0.5923601707599999
0.5905476792400001
0.60122913664
0.60557113932
0.60685941696
0.61481736528
0.6069241142
0.60265699536
0.61936714788
0.6083729435999998
0.61108086352
0.5981991254800001
0.5947157090799999
0.59416406292
0.59895776812
0.5979874432
0.5945111516399999
0.5951074090799999
0.5842332154799998
0.6048299867599999
0.5995588652799999
0.5872757975599999
0.58823663104
0.58288485516
0.5824785219599999
0.5799139715999999
0.5849016655199999
0.5928987559999999
0.59429322944
0.60054311392
0.60503282288
0.61649923188
0.5922471365199999
0.58423083548
0.59659252696
0.59245320392
0.60166505352
0.595776988
0.58374738904
0.58303214476
0.5829619786000001
0.58815270304
0.5825155062
0.5780038994000001
0.5718306592800001
0.5815999335600001
0.5868989648800002
0.5867822081200001
0.5951674384400001
0.5853255968400002
0.5901983838400001
0.5865436708400001
0.58172926008
0.57666260632
0.5669615094400001
0.5550124299600001
0.5551448612400002
0.5747688191200001
0.5825126861600001
0.5815715613600001
0.58994690408
0.57953811776
0.58967700632
0.5944794400800001
0.59730309208
0.6015619116400001
0.59086827164
0.6039947682000001
0.61083349568
0.6150069217199999
0.61793458012
0.6261905153999999
0.62357721728
0.62553947976
0.63291306936
0.62977342968
0.6221286377599999
0.6257720910800001
0.62431675424
0.6282347845199999
0.6185892694399999
0.61445901056
0.6229750680799999
0.6194040529599999
0.6194976783599998
0.6089215591199999
0.6083353478
0.60101638776
0.6044991020799999
0.6042655273599999
0.6041936645599999
0.60838389644
0.59990282232
0.60376585824
0.6062185581999999
0.59675924096
0.5908482684399999
0.57582521536
0.5721317671999999
0.57066110352
0.57581025424
0.5797264687600001
0.57090191184
0.56953945808
0.57013958896
0.58964467568
0.58797276556
0.58154655376
0.5789098710000001
0.56111291724
0.56558438916
0.57902188012
0.58206884316
0.5873620600799999
0.5785086304
0.58107379072
0.5825708936
0.58572583988
0.577034589
0.57993686712
0.58034249628
0.5781113467600001
0.5908165239600001
0.5801786378
0.5727949681200001
0.5780744900800001
0.5795305784400001
0.5799737426800001
0.5758928922400001
0.5723186436400001
0.57041777128
0.57740139552
0.5884672608400001
0.59598984592
0.61262027904
0.5885178954800001
0.58922996392
0.5923886232400001
0.59491399144
0.60571329644
0.5949385602000001
0.5919962218400001
0.5987448776800001
0.6123366760000001
