0.6510724732666666
0.6115143288666667
0.5827850612000002
0.5592345808666667
0.5741960710666667
0.5830463169999999
0.5686583166666667
0.5551511845333333
0.5387149758666666
0.5565398512
0.5859595478666667
0.5762294696666667
0.5752182244000001
0.5679443428
0.5688833811333333
0.5797618094666667
0.5779738861333333
0.5864997302666666
0.5916637630666666
0.6021767102
0.5844115126666666
0.5887629537999999
0.5849112368666666
0.5718073931333334
0.5744675316
0.5687609286666666
0.5692880880666666
0.5779832587333333
0.5839957617999999
0.5914240672666666
0.5959417813333333
0.6146436991333334
0.6032087436666667
0.5954428791333334
0.5975475523333335
0.6095478460666667
0.6222467530666669
0.5921611981333335
0.5972255470666669
0.6041393904666666
0.604406813
0.6217060885333334
0.6207991771333332
0.6084064993999999
0.6004094911333334
0.5916253218666666
0.5932430097333332
0.5984012972666667
0.6032689940666668
0.5856211088666666
0.5913147098
0.5922268836
0.6117037575333334
0.6260867462666667
0.6050673220666666
0.6007750444000001
0.6024145152666667
0.6005847844000001
0.6048216665333332
0.6041533396666666
0.5993449667999999
0.5866835466666667
0.5887788144666667
0.5717947137333333
0.5713921960666667
0.5803728724666667
0.5609022673333334
0.5776418077333333
0.5564616795333334
0.5782470578666667
0.5885970667333333
0.5934582872666668
0.6010435402666666
0.6150112935333334
0.6222679092666666
0.5865475888666667
0.5922229169333332
0.5979746578666667
0.6142439773333332
0.6290494153333335
0.6133423060000002
0.6038520717333334
0.6015074890666667
0.6099016782
0.6095717355333333
0.5820395504666666
0.5595346632666665
0.5409247234
0.5327398981999999
0.5220584177333334
0.5712646584666667
0.5791299389333333
0.5588635908666667
0.5527036460666666
0.5530447534
0.5651841868666666
0.5816503160666666
0.5742591480666666
0.5684287124666666
0.5672548395999999
0.5736364437333333
0.5997375615333332
0.6142094946666666
0.6281555948666667
0.6167813367999998
0.6181669696666666
0.6027054078
0.6214699811333333
0.6288408912
0.6167794035333334
0.6191487306666666
0.6164861455333334
0.6210004105333334
0.6376101484666666
0.6404678413333333
0.6526119887333334
0.6508412615999999
0.6444327708666665
0.6190811887333332
0.6240289534
0.6253426614666667
0.6313791729999999
0.6258119688
0.5968076421333333
0.6065727378000001
0.6052702768666668
0.6140218236666667
0.6216940890666667
0.6131338932000001
0.5870227241333333
0.5805655871333333
0.5676381116666666
0.5737240778
0.5862079493333334
0.5938715013333334
0.5760332827333333
0.5822346522
0.5843066999999998
0.6012267676666666
0.6011166044666666
0.5740289008666666
0.5720541186666668
0.5630384794666666
0.5638956806
0.5763474883333333
0.5751518682666668
0.5731130996666667
0.5689354047999999
0.5725593273333334
0.5725541863333333
0.5746764959333334
0.5725951782666667
0.5465180208000001
0.5611758068666667
0.5673120769333333
0.5909716334666667
0.5930219331333333
0.5868032892666668
0.5949805101333333
0.5986122094
0.6007398294666667
0.5947265370666667
0.6006354969333334
0.5857231353333334
0.5846809064666666
0.5894788512000001
0.57416873
0.5825085642666666
0.5847125154666667
0.5771953188666668
0.5716600341333334
0.5539978199333333
0.5586187602
0.5547992949333334
0.5639383562
0.5792455308666666
0.6041872731333334
0.600990374
0.5748014722
0.5858431055333333
0.5935917989333334
0.6175808558666667
0.6416671698
0.6230872936666667
0.6193882817333333
0.6320250544666666
0.6554661766666665
