0.62395598415
0.5994950533999999
0.5809134254500001
0.5648304113999999
0.5801502904
0.59634834845
0.57774617945
0.5639919092500001
0.548528096
0.5638436142000001
0.5795757781
0.5735407681500001
0.5798353156000001
0.5798097395499999
0.5823531056
0.5739602636999999
0.5824315220999999
0.5825080571999999
0.5742600205999999
0.5803538858
0.5856343072000001
0.578218508
0.5811159649
0.58248868545
0.5900067762499999
0.5870624532
0.6023514402499999
0.60082820505
0.6004336417999999
0.6038512340000001
0.5962997911500001
0.6156361723000001
0.5867541581000001
0.5784313586000001
0.5818258960000001
0.60063078245
0.6029258590500002
0.6080319201000001
0.60993801515
0.6094632459
0.6042107480999999
0.6203176315
0.6161417339499998
0.614888566
0.5994990152000002
0.5928294875
0.59882356065
0.5931254185
0.60141425895
0.5874657233
0.5940511812
0.5880516806999998
0.6143496097999999
0.6156351047499999
0.6094737077999999
0.60041436345
0.5940507251
0.59212646195
0.5874297267499999
0.5777360439
0.5843901504499999
0.57456800385
0.5775558013500001
0.56630877305
0.58193518505
0.5920129489
0.58897523345
0.60635444685
0.6073285152000001
0.6223741482
0.5897437718
0.5864070263500001
0.5901688670499999
0.59449645985
0.5964081006499999
0.59488815485
0.5874443976499999
0.5871023073000001
0.5948889964000001
0.6105698396500002
0.5932629574000001
0.5879495304000001
0.5788166336000001
0.5895371791999999
0.5802326681000001
0.5767444655999999
0.5756607651
0.5585339050000001
0.5477657242500001
0.5444907337500002
0.5788656033500001
0.5795149470000001
0.5693156749500001
0.5605275477499999
0.56422390785
0.5634835606999999
0.58486364775
0.5883431377999999
0.6032276167000001
0.58563986905
0.60384003
0.6080388234999999
0.6189428482999999
0.619841469
0.6155314730999999
0.6147786574999999
0.6075321019500001
0.6159182897
0.62420742455
0.6297912238000001
0.6290544121000001
0.6367568569000001
0.6409733549000001
0.6412169739
0.6282204544
0.6426196933
0.6317700320999999
0.6276447038999998
0.5963305044499999
0.6078750238499999
0.6051061379
0.6160194138499999
0.6160863706499999
0.61242717605
0.6074737142500001
0.6001170544500001
0.6001208315
0.6055161053499999
0.60266532455
0.5932731993999999
0.5851856638
0.5803150750499999
0.58255015075
0.58293968865
0.59069076215
0.5666208174499999
0.5715256231
0.5690062536499999
0.5877432049
0.58480477715
0.577528248
0.5694392885000001
0.56594709215
0.5722344001499999
0.58242179605
0.5807688454
0.584032875
0.562145608
0.5641655818
0.57077119385
0.5778245805
0.5796160838000001
0.5708786956
0.58305851175
0.5829264808500001
0.5975614444499999
0.5864436023
0.5941448552500002
0.5886049912000001
0.58867185965
0.5915140826
0.5848245977500001
0.5723254776
0.5732804729000001
0.57425204325
0.5755622341500001
0.56566806505
0.57995425015
0.5782761278
0.5803961903000001
0.5887668675000002
0.5948176073000001
0.6047851688000001
0.5734707127500001
0.57909503175
0.5861530597
0.60196533685
0.6030992322500001
0.60130359165
0.6002825747
0.6074718866000001
0.62664115005
