0.6154171413666665
0.5947441075
0.5846423957333334
0.5754491719666668
0.5881863906333336
0.5837289148333334
0.5787106352333333
0.5700312107
0.5552611845000001
0.5655036914
0.5773602382666668
0.5727587788666668
0.5766007415666669
0.5759700523
0.5801537242
0.5878517954
0.5963087926333333
0.5948542369666666
0.5935533210999999
0.5998621312666667
0.5969796793666667
0.6055048534333333
0.5885362174999998
0.5845164701
0.5893034610333332
0.5865838708333333
0.5954970883
0.5993912179333335
0.5962011306000001
0.5959167792000001
0.5937835516000001
0.6039433544333334
0.6008050204666666
0.5993559366
0.5915843306
0.6004312779333334
0.6072368183333334
0.6019324778333334
0.6116561466666667
0.6046033562666667
0.6025909287
0.6120603019
0.6106919807666666
0.6066140829666667
0.6022814154
0.5954851443333334
0.5899632781999998
0.5935900558666666
0.5875318538999998
0.5785066524666665
0.5858437911333333
0.5765645754666665
0.5946727826333332
0.5912742128999999
0.5916571899666665
0.5946860555666666
0.5979364012666666
0.6008141623333333
0.6099164800333331
0.6132106244666667
0.5929462778333332
0.5894532318
0.5933767361666666
0.5930193455333334
0.6002208056999999
0.5968575892333333
0.5823771695333334
0.5895746484
0.5831816788666667
0.5939093967000001
0.5853183085999999
0.5764964752666667
0.5709841318333333
0.5738755958666668
0.5721631635000001
0.5789061236666666
0.5856764279333333
0.5784191243666666
0.5834738117
0.5910470843666668
0.5892632464333335
0.5927511939000001
0.5878833185666668
0.5891651953333333
0.5884132875666668
0.5778379971000001
0.5796361124
0.5775671090333334
0.5804477465333335
0.5694198772666668
0.5947158140666667
0.5909176733666667
0.590166786
0.5907722686333333
0.5849120784666667
0.5921664587666666
0.5990682308
0.5976297792999999
0.6030194304666667
0.6038613404666666
0.6131242162333334
0.6252894115666666
0.6293211327666666
0.6236183918000001
0.6204051451000001
0.6217548155666669
0.6170422904000001
0.6236409749666667
0.6128242666666667
0.6116760706666666
0.6122095037666667
0.6152539846000001
0.6213472498
0.6253720208333334
0.6137452827333334
0.6165887879333334
0.6092396866333333
0.6090784243333331
0.6026445690333333
0.6089502273666666
0.6006879720999999
0.6068069125999999
0.6050593343999999
0.5990172048999999
0.6038446711333333
0.5896495888666667
0.5930379711666666
0.5923662842666666
0.5885147868999999
0.5816851062333332
0.5778587277
0.5703756056666667
0.5713297413
0.5793836383333334
0.5832128438333334
0.5753548893333333
0.5774149152333333
0.5654123604
0.5812012872666668
0.5842143407000002
0.5825002671666667
0.5825380259
0.5749208843666668
0.5794380953666667
0.5874798488666665
0.5879458488666667
0.5839198183666666
0.5847854508666667
0.5791412313333333
0.5786175464
0.5820776735666667
0.5733819541333335
0.5645132925333335
0.5729441611666668
0.5722536979
0.5813158338
0.5735098765333334
0.5727110247333336
0.5748899025333334
0.5812752828000001
0.5899926801666667
0.5994569051
0.6008129354666667
0.5802623037666668
0.585262006
0.5915353250666667
0.5958747929333333
0.6120878670333333
0.6038999045666668
0.5982918003000002
0.6018425443000001
0.6047319983000001
