0.5669703677
0.5159749685000001
0.5420531614
0.5392824222
0.5198413684000001
0.5079988521
0.5040668976999999
0.5098016288999999
0.5011032056
0.4966938112
0.49015533880000006
0.48751005700000005
0.4868626475000001
0.4768968816
0.4669138505000001
0.44567402409999995
0.4351376192000001
0.42761575590000006
0.4146103433
0.3963753345
0.38032845370000007
0.36815589620000005
0.3554647609
0.33484652649999996
0.3212485435
0.31947737319999997
0.31160746539999995
0.31269579319999996
0.30650388809999995
0.30763024569999997
0.31146823729999995
0.30474072429999993
0.3060812114
0.3106340916
0.3153770359
0.31926396240000005
0.317353804
0.31534689850000003
0.31697014710000004
0.3163242893
0.31612957490000004
0.31681284130000004
0.3121076843
0.3103129067
0.3061008812
0.30058243409999996
0.2943960362
0.29042252030000004
0.2843062203000001
0.2760965033
0.2679361945
0.2646946938
0.26272780949999996
0.2545127848
0.24971477889999996
0.24657487369999997
0.24540861669999997
0.2419553032
0.23768048140000003
0.2385222354
0.23973996559999997
0.2394891865
0.2386013958
0.24149111560000006
0.24240921649999997
0.2424465273
0.24494974049999998
0.2469011117
0.2500573952
0.24958702660000004
0.24879822850000002
0.248035395
0.2460174946
0.24453543260000005
0.24341968679999998
0.23994508139999998
0.23537092939999998
0.23173257729999994
0.22954473079999999
0.2261654264
0.22166136500000003
0.2155445433
0.21186911329999997
0.2078545815
0.20385112669999997
0.20310818459999996
0.2028839715
0.20136937449999998
0.19798188049999998
0.19679205179999998
0.1978731022
0.2002511498
0.20040459509999997
0.2015615617
0.20353448169999994
0.20418407110000003
0.20473316139999995
0.20418467999999995
0.2054129188
0.20619820020000001
0.2051263041
0.20598157690000002
0.20610546130000001
0.20536019650000004
0.2026983842
0.20084896600000005
0.198930036
0.1989278419
0.1974444173
0.19566442700000003
0.19429725400000003
0.19185554900000001
0.1908225757
0.1898307653
0.18947199850000002
0.1891025402
0.18884624660000002
0.18742114310000002
0.1874884005
0.18588456080000001
0.18506144800000005
0.1840473344
0.1821090144
0.1807020003
0.1788566291
0.1772729197
0.1762662498
0.17518559190000002
0.17446421720000002
0.17444735910000003
0.1738354574
0.17309703240000002
0.17236269480000002
0.1718253338
0.17195982370000001
0.17197089229999998
0.17122497859999997
0.17113861409999997
0.1698637445
0.16859769060000002
0.1671106642
0.1667293138
0.16671161050000002
0.1663922215
0.1662075325
0.16545259810000001
0.16523753570000002
0.1647760726
0.1641909858
0.16362544139999996
0.163918145
0.16391721639999998
0.16403489599999999
0.163701272
0.1630621155
0.1623364291
0.16130611909999998
0.1600871398
0.15958482400000001
0.1594507268
0.1585402679
0.1577854754
0.156847732
0.1559936696
0.1547375869
0.15363781260000003
0.1529801411
0.1527724061
0.1522043649
