0.3729390554
0.29244274680000004
0.29718360420000006
0.26972144319999997
0.23228243820000002
0.21593854920000002
0.210068075
0.1973775807
0.18780175370000002
0.18037128730000002
0.17373860549999998
0.168830343
0.1645719614
0.15919043670000002
0.1528403779
0.1475788536
0.1442323622
0.14091215389999998
0.136278176
0.1334538198
0.1304721533
0.1277898672
0.1249770606
0.12170706489999998
0.11974507929999997
0.1173550675
0.11561781800000001
0.11375857059999998
0.11217100070000001
0.11059160770000001
0.10932804609999999
0.10757878800000001
0.10595412750000002
0.10533339
0.10397520789999999
0.10327292240000001
0.10171895369999999
0.10061143529999998
0.0997165164
0.0989961118
0.0982337126
0.097520984
0.09640565
0.0954314562
0.09461755159999999
0.0935645032
0.09307108609999999
0.09231245029999999
0.09108950869999999
0.0900103078
0.0888565446
0.0878794316
0.0872982638
0.0859653656
0.0849089567
0.08410978640000001
0.0830374641
0.0822646464
0.08179734520000001
0.08147232940000002
0.0810001518
0.08064597140000002
0.08016415839999999
0.0803345329
0.0804091605
0.0803504651
0.08057869940000001
0.0799847347
0.0796154059
0.07915876210000002
0.07890792370000002
0.07840325150000002
0.07798626380000001
0.0772761376
0.0766258697
0.07594388910000001
0.074927953
0.0745523834
0.07419297640000001
0.0735870072
0.0727986466
0.07192535580000001
0.0711686914
0.0704620471
0.0699165638
0.0695103577
0.0692689551
0.0688926591
0.0683618964
0.0681115688
0.0679323664
0.0678465026
0.06765953920000001
0.06769510479999999
0.06748514739999999
0.0672142849
0.06678164069999999
0.06651760129999999
0.0663001824
0.06599090360000001
0.06585652150000001
0.0657423008
0.0655437583
0.0650984896
0.0646599776
0.06436740330000001
0.06423212200000002
0.06403544190000002
0.0636758537
0.0631434684
0.0625453259
0.0621807565
0.0618364124
0.061597408199999995
0.061379812199999995
0.0611917399
0.060456905400000004
0.05978314520000001
0.0592529837
0.05861166759999999
0.0579914527
0.05712497040000001
0.05641629
0.055698825099999995
0.0548587423
0.05398880939999999
0.053778090099999995
0.0533528401
0.052943959299999996
0.0529125441
0.05289486160000001
0.052780964900000005
0.05251410520000001
0.052360760699999995
0.05239159870000001
0.052368595100000005
0.052067805099999996
0.0519350938
0.05187070579999999
0.0517946963
0.0515740171
0.0515241877
0.051565887899999996
0.051507937000000004
0.05132758719999999
0.05118143700000001
0.0511375794
0.051089090299999994
0.050839007099999986
0.0504258235
0.050178339700000005
0.0500563284
0.049848493900000006
0.04968011630000001
0.0495683024
0.049349131100000006
0.0489631041
0.048715364899999995
0.0485006457
0.048426628
0.0482874649
0.0478422579
0.0474712076
0.0469354088
0.046409085
0.04591019820000001
0.045674273200000004
0.0452605051
0.044940964699999995
