0.5753772982
0.5266927095
0.5554795320999999
0.5555369862999999
0.5370456524
0.5281289227
0.523761623
0.5351705553999999
0.5266911307
0.5222063653
0.5147285143
0.5117359474000001
0.510824312
0.49958908690000003
0.4916270218
0.4681107587000001
0.45889704160000006
0.4530811224
0.4397540747
0.4246125223000001
0.4139190867
0.4006289582
0.387924617
0.36788993630000005
0.3550983948
0.35470919130000006
0.3459666938
0.3457821888
0.3411802764
0.34018640600000005
0.339768583
0.33393693469999997
0.3336306985
0.33832764320000003
0.3403779036
0.34457357980000003
0.34357121570000004
0.3415762527
0.34155453839999994
0.3415919366
0.3413423357
0.3448210858
0.3407112061
0.3389447293
0.3366495648
0.33067456430000003
0.3242924786
0.3211190252
0.3138833648
0.30450245940000004
0.296377671
0.28966236330000006
0.28586764200000003
0.2758540025
0.26797019369999997
0.2635094196
0.2597130835
0.2537432505
0.25208637899999997
0.2516106988
0.2504825146
0.24985392390000002
0.24904557170000002
0.2512314122
0.2521211231
0.2523146676
0.25605321770000006
0.25686514990000003
0.2569517758
0.2558986657999999
0.2573172336
0.2578820567
0.2586533794
0.2585215773
0.25837635180000007
0.25562893760000005
0.2506342402
0.2490248298
0.2472091574
0.2459435676
0.24232929190000002
0.23734840690000003
0.23163259340000003
0.22679652600000005
0.2233982773
0.2215235441
0.2208727508
0.21846511019999998
0.21637184730000003
0.21394654819999998
0.211741785
0.21154357470000001
0.2123519155
0.21384910540000002
0.2129311987
0.21270423849999998
0.21251661700000005
0.21217208260000003
0.21121535280000003
0.21059082460000003
0.21137358799999997
0.2120918752
0.21188930089999997
0.21064850670000004
0.20998749160000002
0.20995477289999998
0.20914472609999998
0.2080709777
0.20836949259999998
0.20788199559999998
0.20657980719999997
0.2054250346
0.2037821792
0.2022865299
0.20117251340000003
0.2001435248
0.19842094570000002
0.1967107322
0.19485100419999998
0.19321415429999997
0.1916641797
0.1902088524
0.188703024
0.1875483248
0.18721168500000002
0.18553140610000002
0.18527620409999998
0.185891568
0.1855717265
0.1854981019
0.1859091491
0.185871744
0.185840306
0.18531495120000002
0.18508420100000003
0.18526976709999998
0.1847338269
0.1837267965
0.18300761
0.1822188766
0.1809708758
0.1792213413
0.17852753110000003
0.17806553179999998
0.1767988847
0.1759140906
0.17503106999999998
0.1739388391
0.1728048192
0.1722897202
0.171654858
0.1714379183
0.1710871861
0.17088014569999999
0.1707717079
0.16949310120000002
0.16941761130000002
0.1691307978
0.16904171910000002
0.1686420184
0.16757436180000002
0.1672528707
0.16664006650000002
0.1653955766
0.1638318772
0.16322399779999996
0.1621149057
0.16077468649999999
0.159626035
