0.4898016954666666
0.4489254524
0.4589404359333333
0.44817817879999994
0.4294252322
0.4132638506666667
0.40738416546666667
0.40561719506666666
0.3962251603333333
0.3859480155333334
0.3746101289333333
0.3676218824666666
0.3607595508
0.3488157434
0.33666548133333335
0.3258774043333333
0.31756538119999994
0.3128564110666667
0.30185321113333335
0.29171699806666673
0.28407284733333327
0.2774151374666667
0.2716020690666667
0.26476345986666666
0.2624268753333333
0.26158005
0.257654309
0.257145622
0.25669846813333336
0.25895027853333336
0.2600127132
0.25901994400000006
0.25846833080000003
0.2599203029333334
0.26093198999999995
0.26155249113333334
0.25982091253333334
0.2575102267333334
0.2566767820666667
0.2540314014
0.25148450846666665
0.24930114739999995
0.24617807993333332
0.24163513879999998
0.2368500579333333
0.2324826934
0.2288929018
0.22536792646666667
0.2197860088
0.21555311913333333
0.2114535636666667
0.20889607166666666
0.20649587766666672
0.20283779960000003
0.2001017538
0.19788660320000004
0.1970275254
0.19534369873333335
0.1949472082
0.19526644933333334
0.19524490753333332
0.1955465872
0.1949272756
0.19596724113333333
0.1957711436666667
0.19562155046666668
0.19582869153333332
0.19516966840000002
0.19488559000000003
0.19430087260000004
0.1934401872666667
0.1916838378
0.19066120553333332
0.1894296714
0.1872379822
0.18539763986666669
0.18322875300000002
0.18133531573333334
0.17951423913333334
0.17767293446666668
0.175904044
0.17408429326666666
0.17247988306666662
0.17108571479999998
0.16953115919999998
0.16923419673333337
0.168953187
0.167495701
0.16650088726666662
0.16588433453333332
0.16504886346666667
0.16447365333333333
0.16369801946666668
0.16326898346666668
0.16288831706666668
0.16234305599999999
0.161662232
0.1609990648
0.1598672200666667
0.15873585393333334
0.15730353546666667
0.15650103680000002
0.15590287753333334
0.1550176622
0.15382505946666666
0.15326561213333328
0.15273654486666663
0.1526200126
0.15213799346666665
0.15167896979999998
0.15145386819999998
0.15062101446666668
0.14969362906666667
0.14919327886666664
0.14874326619999997
0.14814501559999999
0.14731280833333335
0.14635933766666664
0.1455784792
0.14502929159999997
0.14443016906666667
0.14346080059999997
0.14231168460000002
0.14158461286666668
0.14086333413333335
0.13997179973333335
0.1396702046
0.1392931854666667
0.13870240666666664
0.1384830313333333
0.1379366354
0.13755361966666665
0.1373939794
0.13688177693333334
0.13661797633333334
0.13602801733333333
0.13612381053333333
0.1362677326
0.1357357306666667
0.1354927708
0.1349411464666667
0.13464920486666668
0.1344970202
0.13404648353333334
0.13326537260000001
0.13282595260000002
0.13227256940000004
0.13193915293333333
0.13172487626666668
0.13119150100000002
0.13086930666666668
0.13013853606666667
0.12942198593333334
0.12896840440000001
0.12832070313333335
0.12783278333333334
0.1272202128
0.1267133332
0.1263239234
0.12595117160000002
0.1250789234
0.12466339793333335
0.1240180504
0.12318063380000001
