0.5489111350000001
0.5157167056666667
0.5292087835333333
0.5214866754666666
0.5074151938
0.4945052374
0.48931790979999995
0.49660284166666663
0.4900349974666666
0.48155082626666673
0.46804690593333337
0.4618251394666667
0.45291717986666663
0.4383719561999999
0.4251045045333333
0.40939163846666654
0.39871057546666666
0.39371159633333336
0.37919721139999996
0.36458731446666665
0.3542615955333333
0.3445567450666667
0.33680594366666666
0.3247766272
0.31891543466666666
0.3199211139333333
0.3117793122
0.3126885666666667
0.3098797102666666
0.3105884487333333
0.3135519346666666
0.3106886835999999
0.31006070206666664
0.31285904093333333
0.3156325985333333
0.31768924839999996
0.31524956280000005
0.3122964940666667
0.31241905600000003
0.3095688724
0.30629473253333334
0.3037922248666666
0.2996215746666666
0.2953071267333333
0.2894455768
0.28347073646666665
0.2801434893333334
0.2772171014
0.2707808144666667
0.26516253213333335
0.2599249317333333
0.25618940846666666
0.2528533206
0.24688550986666666
0.24439314626666667
0.24290909079999998
0.24353892286666667
0.2426696850666667
0.24223741133333335
0.24270434093333337
0.24293182026666665
0.24302610626666668
0.24230218873333334
0.2439152501333334
0.24430797806666668
0.24439132733333332
0.24529010839999998
0.24537781266666667
0.24680737879999998
0.24596930853333335
0.24306856413333336
0.24028060153333333
0.23772297640000004
0.23595099360000002
0.23347878466666666
0.23053455246666668
0.22568664360000001
0.22202314706666665
0.2186721696666667
0.2154787086
0.2126085348666667
0.21017965253333337
0.20795756299999998
0.2049152922
0.20239369466666665
0.20248656633333334
0.20227345720000003
0.20113782560000001
0.2000167236
0.20039141213333334
0.20095700559999996
0.20297206459999997
0.20283460746666665
0.2032875170666667
0.2039584103333333
0.20383197933333336
0.20433852746666664
0.20429521679999996
0.2049356009333333
0.20432896706666662
0.20294091479999998
0.20209132206666666
0.20185010533333334
0.20054275413333336
0.1987117072
0.19724076793333334
0.19575345253333332
0.19538714726666664
0.1945474986
0.19317816593333337
0.19225840553333334
0.19066776853333334
0.1893938932
0.18862822346666663
0.18750249160000002
0.18671575593333334
0.18583165146666666
0.1841745956
0.18338588726666666
0.18197296733333335
0.18090884933333337
0.18027490240000002
0.17896923733333336
0.17838385806666668
0.1774860653333333
0.1765377007333333
0.1753321753333333
0.17413563006666666
0.17294384280000002
0.17268980926666666
0.17218181219999998
0.17172666520000002
0.17165563713333334
0.17115835420000003
0.17064677300000003
0.16976286373333335
0.16897421800000004
0.16848630913333332
0.16756251233333333
0.1671965915333333
0.16659323933333334
0.16648700073333333
0.16659788900000003
0.1660687888666667
0.16509051813333334
0.16439436553333336
0.16410237653333334
0.1637504970666667
0.16345419733333336
0.1635062081333333
0.16341041593333333
0.1628715376
0.1621815752
0.1615305238666667
0.160585981
0.15978614540000002
0.15913433633333335
0.15846493666666667
0.15798931986666667
0.1575809718
0.156556861
0.15558015406666667
0.1546732486
0.15386591913333333
