0.31242561060000007
0.2564883679333333
0.2576606979333333
0.23753311093333326
0.20930784246666667
0.19598519613333334
0.19107240860000002
0.1817613996
0.17360931146666667
0.16768822646666667
0.16218547606666667
0.1576814448666667
0.15347973106666668
0.14857093280000003
0.14342209686666668
0.1390075988666667
0.13622027006666668
0.1334943862
0.1295461856
0.12727075446666666
0.12459645073333332
0.12220642819999998
0.11960413719999999
0.11722464213333332
0.11525625006666665
0.11350706053333334
0.11178455393333336
0.11018903526666667
0.10891632826666668
0.10761834653333334
0.10646363013333332
0.10482581919999999
0.103360387
0.10256427646666667
0.10142360506666664
0.1007594906
0.09971999793333333
0.09862042153333334
0.09775663193333335
0.09696897580000001
0.09595460153333334
0.09515401793333335
0.09426593553333333
0.09306835560000001
0.09211367166666667
0.09114857206666667
0.09049364986666666
0.08974497386666666
0.08858919806666665
0.08757753906666667
0.08653865073333332
0.085498338
0.08483859979999998
0.08397894826666666
0.0833501902
0.08277233780000001
0.08221024006666668
0.08164611260000001
0.0814192142
0.08117677420000001
0.08086793106666666
0.08063118320000001
0.07996291373333332
0.0797456418
0.07951672713333333
0.07930442933333333
0.07912076500000001
0.07879385753333333
0.07840507580000002
0.07794580106666667
0.0774970892666667
0.07681917093333336
0.0762217304
0.07565127079999999
0.07496862493333332
0.07426988366666668
0.07335186926666667
0.07291649533333336
0.0723028366
0.07178433553333333
0.07123204526666667
0.07072963999999998
0.07015932726666667
0.06970844333333331
0.06929242433333332
0.06892886853333334
0.06863090233333334
0.06832126586666668
0.0679709222
0.067716429
0.06750913746666667
0.0673004966
0.06705860053333333
0.06693386686666665
0.06667531753333332
0.06649297773333333
0.06627979946666666
0.06608866533333334
0.06579531766666667
0.0654153682
0.06513249540000002
0.06489090953333335
0.06464253566666667
0.06425436613333334
0.06378086486666668
0.06338033840000001
0.06321254333333334
0.06296787273333333
0.06266013486666668
0.062341307266666666
0.062022640999999996
0.061367312599999994
0.06080212693333333
0.06035736219999999
0.059748658199999985
0.05912970466666666
0.05847444226666667
0.05788843813333334
0.0573421158
0.05681815653333334
0.05631829666666668
0.05576553500000001
0.05514641206666667
0.05458839626666666
0.05410381279999999
0.053598452466666655
0.053357148599999994
0.05304241146666667
0.05274730046666667
0.05267144393333334
0.05256972493333334
0.05239409146666667
0.05215894793333333
0.05203631673333333
0.05206111546666667
0.05198859093333333
0.051854546999999994
0.05185110999999999
0.051789952266666654
0.051614806
0.05142744186666667
0.05129850113333334
0.05120893800000001
0.05102181433333334
0.05075059866666666
0.050528420666666664
0.05051356253333332
0.05046004339999999
0.05032955926666665
0.0501305434
0.049944184533333345
0.04959111206666668
0.04930858933333334
0.04901695346666667
0.04881662586666667
0.04859910593333334
0.048316681533333336
0.0480481216
0.0477271604
0.04745271773333334
0.04709875686666667
0.04666974193333332
0.04624993013333333
0.04585751906666666
