0.54505290625
0.51921432845
0.53315192205
0.5275630365999999
0.5143363371
0.4981198407000001
0.49132933230000014
0.49412583889999995
0.4832226027
0.4734094437999999
0.4643238004999998
0.45618245279999997
0.44937446450000007
0.43373951160000007
0.4233627083000001
0.41140997500000004
0.4024318677
0.39943165560000005
0.39046717555
0.38239946415000003
0.37684383484999995
0.36728294645
0.36077765775000004
0.35310878975000004
0.3477381492
0.34964138555
0.34476895475
0.34367922075
0.3413674074
0.3408891713
0.34055545935000003
0.33937901024999995
0.3371709523
0.33863618624999997
0.33851373419999997
0.33762407205
0.33393184714999996
0.33134763894999997
0.3277189516
0.3230471979999999
0.31886000335
0.31724172455
0.31328942405000004
0.30739936590000005
0.30230987925
0.29709199195
0.29200278105
0.28743113784999996
0.2829848719
0.2780565791
0.2734300928000001
0.2697581436000001
0.26745660685000006
0.26354270734999996
0.26004565839999993
0.2579120435999999
0.25788315059999994
0.2553042002
0.25451907739999996
0.2537546823
0.2538998741
0.2538679903
0.25384947555
0.25487649475
0.25524873745
0.25397180259999996
0.25334372894999996
0.2529449898499999
0.25208046659999994
0.25092111669999995
0.24982326274999997
0.2476152318
0.2451429864
0.24265905165
0.24088731455000004
0.23857624085000007
0.23575349550000008
0.23374497000000005
0.23179050235000004
0.22994505790000003
0.22703553845000002
0.2244459908
0.22199225444999998
0.22032281569999998
0.21816473799999997
0.2171138913
0.21669468390000005
0.21531859639999995
0.21379360005000003
0.2122686864
0.21155768649999995
0.21181772495
0.21212060819999995
0.21224880605000002
0.21145934514999998
0.21132950570000003
0.21083067155000004
0.21012153014999999
0.2097924227
0.20923641010000002
0.20897669759999998
0.20875845490000003
0.20783574005
0.20646751829999999
0.2055800025
0.20504914885
0.20378283590000001
0.20239085495000003
0.20161024840000003
0.20054807495000002
0.19912199345000003
0.19781694350000006
0.19624260160000007
0.1949174273500001
0.19419209920000008
0.19283746545000005
0.19184857490000004
0.19130115010000004
0.19021136535000002
0.18935612810000002
0.1887866644
0.18804029819999998
0.18727166499999998
0.186431638
0.186147943
0.18540058659999997
0.18500501549999995
0.18480918224999998
0.18428966824999998
0.18385848924999998
0.18344001245
0.18254654264999998
0.18218391855
0.1816902415
0.18094154285000003
0.18059192885
0.17988244845
0.1788328178
0.17790621459999997
0.17725429839999998
0.17631286689999998
0.1753296298
0.17480735860000002
0.17447283875
0.1737852963
0.17270359589999998
0.17222434065
0.17153481845000002
0.17092326915
0.17046586930000002
0.1696146099
0.16934539450000002
0.16886362629999999
0.16813786114999998
0.16730179255
0.1663585495
0.16576625850000004
0.16495274215
0.16433387704999997
