0.5285628532500001
0.50174251275
0.51445790445
0.5080896519
0.49337760945
0.47683643810000004
0.46960225845000003
0.46870869240000007
0.45785677445000006
0.44653457285
0.43524189625
0.42783297659999997
0.42116370419999993
0.40587170404999995
0.394081197
0.3825756986499999
0.37337254229999994
0.37015577455000004
0.3605571157
0.3520027901
0.34589834550000004
0.3364483102500001
0.33077298615000006
0.32274030905
0.31831278970000004
0.3193706678
0.3144806347
0.31402134584999997
0.31173701759999994
0.31197726749999993
0.3137989060999999
0.31077678279999993
0.30909444785
0.31047349914999994
0.31073895855000006
0.30992319825000003
0.30587492010000006
0.3028847094
0.30063818369999995
0.2962103962999999
0.29203288469999994
0.29075376754999993
0.28741774689999994
0.28241284575000003
0.27790783004999997
0.27357865389999997
0.26990232645
0.26618891175000003
0.26099335085
0.25730936935000004
0.25383808005
0.25209194015
0.25066460265
0.24800195020000002
0.24606199769999998
0.24451070049999996
0.2451791786
0.24442820745
0.24386893829999998
0.24405463099999997
0.24426909704999994
0.24376229074999997
0.24230944519999995
0.24301327410000004
0.24291445165
0.24119580435000004
0.24016033495000003
0.23931684450000001
0.23980106300000004
0.2378762265
0.23522979675000005
0.23178996915000005
0.22894330395000004
0.22619500705
0.22363540675
0.221526633
0.21912745045000004
0.21655097590000003
0.21376330565000004
0.2114787391
0.2097672336
0.20789784655000004
0.20613685420000002
0.20470807159999999
0.2036928042
0.20364612785
0.20380856645
0.20277702725000002
0.20169739965
0.20149512600000002
0.20149970315000001
0.20311636335
0.2032550282
0.20346087910000002
0.20311643294999998
0.20251651855000002
0.20183159869999998
0.20155626094999995
0.20142866804999998
0.2009313136
0.19971177904999998
0.19891856295
0.19846401849999998
0.1975954809
0.19608519135
0.1949757531
0.19388814129999998
0.1931744925
0.1924664089
0.1907744939
0.189679351
0.1879514417
0.18646579505
0.18526638279999996
0.1841643138
0.18318772995000002
0.1825562482
0.1813033675
0.18097630885
0.18016595995
0.1794484527
0.1785721834
0.1772358546
0.17626366705
0.17540822639999995
0.17462190599999997
0.17374561419999995
0.17316210299999998
0.17216398085
0.17152252485000002
0.17047306080000002
0.16991317310000004
0.16953715265000002
0.16910877765000004
0.16908367810000002
0.1687117452
0.16823125715
0.16795734334999998
0.16702736515
0.166111566
0.16551440460000003
0.1653232651
0.16537325325000002
0.16504674675000003
0.164634824
0.1638945136
0.16327182740000004
0.16243160620000002
0.16188790490000002
0.16153808409999998
0.16122920645
0.1608513459
0.160441314
0.1598474708
0.1588998512
0.15798712085000002
0.1571431301
0.15642977295
0.15589459445000003
