0.50761629064
0.48348507108000005
0.48857157248000005
0.4787361426
0.46299925008000004
0.44883452392
0.44085310436
0.44014760936
0.42795960908
0.41742991316
0.4086190928400001
0.40173806984000004
0.3968286252
0.38562472895999994
0.37811480099999994
0.3702222779999999
0.36112263499999997
0.35865944235999997
0.35177196347999995
0.3449032030400001
0.3402625422800001
0.3336755686400001
0.32822232560000003
0.32165403515999996
0.31787897651999997
0.31840449831999995
0.31379272383999995
0.31245621372000004
0.31005298883999993
0.30879342171999996
0.30836413443999994
0.3041716246399999
0.30220542936
0.3014379126799999
0.29981816044
0.29778802683999994
0.2950276152
0.29246902024
0.28925654751999996
0.2856272349999999
0.28240678899999994
0.28043878159999996
0.27655506607999997
0.2722564686
0.26907624024
0.26597842812
0.26388176820000003
0.26177081916
0.25906493492000005
0.25606120588000003
0.25293356996
0.25169354128
0.25047243703999994
0.24815426399999996
0.24647069839999994
0.2452647458799999
0.24533751171999993
0.24400880887999993
0.24315661983999995
0.24299047927999998
0.24173712471999995
0.23996403552
0.23807434416
0.23816704240000008
0.23705095740000004
0.23529934240000006
0.23339188236000005
0.23197433292000003
0.23122625988000003
0.2291220358
0.22708441232
0.22532194952
0.22318153564000004
0.22076334836
0.21880409152
0.21746997235999999
0.21551244608
0.21337572628
0.21182792648000004
0.21070101784000003
0.20923874936000003
0.2080010560800001
0.20644840980000004
0.20511434284
0.20391549688
0.20354246144
0.20375670508
0.20312487988
0.20215411276
0.20131420096000002
0.20091378976000002
0.20135525316
0.20127190124
0.20095027716
0.200640817
0.20001808920000003
0.19934533608
0.19890616035999997
0.19889366667999997
0.19838617963999997
0.19740556495999997
0.19679329188
0.19607852044
0.19532101268
0.19358084864
0.19236903996
0.19107100527999996
0.19007589411999998
0.18900929928
0.1874495512
0.1862642112
0.18490716103999996
0.18371057268
0.18296262095999996
0.18228043859999998
0.18156363652
0.18073780384
0.17944983528000003
0.17876166588
0.17796770988
0.17733366652000002
0.17665493288
0.17583698804
0.17497581263999998
0.17393071543999994
0.17276688611999996
0.17189103071999998
0.17116602224000002
0.17032319428
0.17009689856000001
0.16949012656000004
0.16913101340000003
0.16890381132
0.16837140684000002
0.16783824036000003
0.16742497624000002
0.16695141736
0.16670574387999998
0.1660180162
0.16554280112
0.16489051524000004
0.16441464808000003
0.16399358932000002
0.16347520292000006
0.16283460160000005
0.16205272648000002
0.16157561608
0.16098939104000004
0.16046998624000003
0.15999875964
0.1595013746
0.158914979
0.15841790756000002
0.15780006028000002
