0.5256535842000001
0.5029567287600001
0.509649513
0.5004287897599999
0.4863560174
0.47445224803999997
0.46572978312
0.4673425425599999
0.4553556962
0.4458799652399999
0.4373863414399999
0.43066632248
0.42577057568
0.41468610580000004
0.40761231884000004
0.39910811216
0.3897999078
0.38672659980000007
0.3800103012
0.37314858056
0.36932436763999993
0.3634004297999999
0.35807135195999995
0.3514722864
0.3475982847600001
0.3484007429600001
0.34416952548000007
0.34177863328
0.33968656304
0.33796339756000005
0.33602655868
0.33286583795999997
0.33134911523999994
0.3298696578
0.32735991059999997
0.32506813483999997
0.3216477932799999
0.31781281456
0.31355605348
0.30907691264
0.30552289332
0.30317629747999997
0.29939413604
0.29537315212000004
0.29185302868
0.28743170876
0.28416087656
0.28080054216
0.277426803
0.27328858723999994
0.26991182608
0.26766915024000004
0.26585571356000004
0.26257597071999994
0.2595526690799999
0.25808877647999995
0.25759670779999994
0.25581428383999993
0.25528208799999996
0.25483814419999995
0.25361233271999994
0.252057901
0.25111858868
0.25111803267999994
0.2507420186399999
0.2496167253999999
0.24865083715999994
0.24697002099999993
0.24516614679999993
0.24355317559999992
0.24202874452
0.24046543176000001
0.23888640408
0.23717420672000003
0.23547218868000003
0.23338757236000002
0.23084697996000003
0.22916472724000003
0.22792507863999997
0.22636618875999998
0.22418354647999997
0.22231925587999998
0.22029388536
0.21825171692
0.21635797780000002
0.21568543251999997
0.21543003396000004
0.21431051567999992
0.21330081836
0.21198375836
0.21123373888
0.21103778356000003
0.21086923908
0.21088090356000003
0.21015146512000002
0.20970793776000002
0.20925094748000006
0.20843734328
0.20766669140000002
0.20687414444000002
0.20659443479999998
0.20578873195999997
0.20461276575999993
0.20328166307999992
0.20226464735999994
0.20129191423999995
0.20032784163999995
0.19904971983999997
0.19819988019999996
0.1975224886
0.19625756204000003
0.19506246352000006
0.19421367260000003
0.19325095100000006
0.19246889148000004
0.19167366472000003
0.19101864880000005
0.19015745116000005
0.18897806364000005
0.18840337076000002
0.18773354600000006
0.18678598044
0.18619151952000002
0.18553938304000006
0.18488743676000002
0.18400460512
0.1833388070399999
0.18288417071999993
0.18226387467999994
0.18183726291999996
0.18143351036000002
0.18071486747999999
0.18028584556000002
0.1796419808
0.17891865084000003
0.17845398587999997
0.17780349271999998
0.17696241795999998
0.17638724235999995
0.17594670531999998
0.1748670912
0.1741332144
0.17360204228
0.17313268796
0.17234177779999998
0.17137582375999996
0.17081111023999998
0.17012772596
0.16934242900000002
0.16859190556
0.16776834000000002
0.16729064016000003
0.16650090443999999
0.16575688923999998
