0.43560040388
0.4076109524
0.41132080788
0.3999242236
0.38251729828
0.36831386268000005
0.36110681464000005
0.3563491302400001
0.34567549096
0.33664650479999997
0.32866128947999995
0.32262944435999996
0.31819545903999996
0.3103017375599999
0.3045457584
0.29866741659999996
0.29284826635999994
0.29024391952
0.2850363972
0.28023232608
0.27636318019999995
0.27208828176
0.26805981168000004
0.26389257652000003
0.26163688948
0.26082670680000003
0.25794886240000003
0.25624586460000004
0.25501836076000006
0.25496531044000004
0.2540316790800001
0.2518897260800001
0.25023692084000004
0.24890555380000007
0.24731216200000003
0.24540908784000004
0.24297494036
0.24031932612
0.23690610588000002
0.23351263575999998
0.23075081499999997
0.22869391999999997
0.22585601799999996
0.22270195963999995
0.21965619559999996
0.21675601307999998
0.21469427492
0.2123621416
0.20992169696000001
0.2079128376
0.20562453768
0.20441034515999998
0.20276955544
0.20048038132
0.19855648111999996
0.19723304020000001
0.19661044648
0.19525097108
0.19465223036
0.1941266844
0.19333050940000004
0.19236883652000003
0.19153810904000004
0.19170789452000003
0.19092375544000006
0.18999098340000006
0.18900995396000003
0.18767321828
0.18648624504
0.18509918952000004
0.18404350468000005
0.18284450720000003
0.18153268168
0.18033533432
0.17868551032000002
0.17772408291999997
0.17641279640000002
0.17507916427999998
0.17402808220000002
0.17299166996
0.17164737119999998
0.17019693103999997
0.16879022891999998
0.16751628112
0.16625165620000001
0.16538522592
0.16483154372
0.16373539724
0.16259786352000002
0.16158423336000002
0.16086762028
0.16037616668000002
0.15981970136000004
0.15933013604000001
0.15868294496000002
0.15806431208000002
0.15738828200000002
0.15687430664000002
0.15614764832000003
0.15554034256000002
0.15471702880000002
0.15383224020000003
0.15305415408000003
0.15221329848
0.15129959236
0.15072531156
0.15007965967999998
0.14941649227999998
0.14871583347999998
0.14796752967999996
0.14731657991999994
0.14646742315999994
0.14566187851999995
0.14517808399999996
0.14481683067999998
0.14431798735999996
0.14373374087999996
0.14308833884
0.14242414516000002
0.14209437547999998
0.14152792552000001
0.14096990456
0.14028087236
0.13956210355999998
0.1389309336
0.13806106939999999
0.1377691008
0.13760634064000002
0.13710355507999997
0.13686653344
0.13639566588000002
0.1361355788
0.13597094835999998
0.13550494776
0.13503602407999998
0.13456539563999997
0.13425696584
0.13405735336000002
0.1336462616
0.13312783371999998
0.13259957356000002
0.13205009968
0.13168362092000002
0.13126315372000003
0.13076913652000002
0.13033335464
0.12993553468000002
0.12956256064000002
0.12917023564000002
0.12863594124000002
0.12799593928000003
0.12738071828000003
0.12670754404
0.12611320348000002
