0.22571660473333338
0.196354319
0.19557754206666667
0.18353964826666666
0.16828929846666665
0.1602908234333333
0.1566394184
0.15068276840000003
0.14541697680000004
0.1414722382666667
0.13784626830000002
0.13473299940000003
0.13183438316666668
0.12874363053333335
0.12552022170000002
0.1227356145
0.12052304463333334
0.11842738659999999
0.11605523103333333
0.11434717976666665
0.11267797066666664
0.11096321306666664
0.10911227936666663
0.10749063703333331
0.10611261293333332
0.10473083103333332
0.10346928593333332
0.10222748539999998
0.10099234193333333
0.0998660091
0.09880610109999996
0.09765973453333333
0.0965526804333333
0.09557673726666667
0.09450057206666665
0.09364907066666667
0.09260916796666667
0.09172951066666665
0.0908677901
0.090159583
0.08936346966666668
0.088682129
0.08795602406666667
0.08724378490000001
0.08664522293333335
0.08600825156666668
0.08556241653333334
0.08485394380000001
0.08416741993333333
0.08354713310000002
0.08292154003333334
0.08230955150000001
0.08181622866666666
0.08119201203333333
0.08064799563333333
0.08013471353333332
0.07951470549999999
0.07893392149999999
0.0785352425
0.07807269956666668
0.07756890736666668
0.07699152623333334
0.07643970453333333
0.07602423919999998
0.07565053133333333
0.07526823729999998
0.0749252025
0.07447659239999999
0.07405675956666664
0.0736191127
0.07321297890000002
0.07272503663333335
0.07227149813333335
0.0718110965
0.07134252696666667
0.07088951056666667
0.07032618293333333
0.06998754793333334
0.06961835173333332
0.06922982653333332
0.06886251149999999
0.06850471973333332
0.06812399629999999
0.06775188049999997
0.06735389626666666
0.06703068196666666
0.06676090593333332
0.06648190076666666
0.06611264416666666
0.06574864693333334
0.06544473793333334
0.06525651996666668
0.06501323663333333
0.06479700086666666
0.0645083124
0.06425780936666667
0.06382355603333334
0.06344539613333335
0.06307633993333335
0.06258201320000002
0.06213110003333335
0.06168267590000001
0.061265486900000006
0.06079824096666667
0.06029951070000001
0.05984931753333334
0.059489039166666674
0.0590571424
0.05862426556666667
0.058222560033333336
0.057810546733333336
0.0573622306
0.05692226919999999
0.05655233133333333
0.056210051066666655
0.05584971479999999
0.05543426686666666
0.05502369303333333
0.054689216266666674
0.054439636
0.05415344380000001
0.05381004100000001
0.05349876103333335
0.053189174266666674
0.05285930940000001
0.05251294716666667
0.05232782486666668
0.052125674733333335
0.0518845574
0.051711021300000014
0.051549072800000005
0.051453827
0.05130949566666667
0.05118293799999999
0.05109582943333333
0.050966387733333327
0.05072282953333332
0.05057984966666666
0.05040345286666666
0.05021571593333333
0.050013273899999995
0.04980759133333334
0.049628529799999994
0.04937448736666668
0.0491016582
0.048813588766666666
0.04859165223333333
0.04835498676666667
0.04809353916666668
