0.5013416330666667
0.47968587170000004
0.48474282036666666
0.4743386698333333
0.461257023
0.4503162909
0.4428751194666667
0.4446779555333332
0.4358751606
0.4290017645333332
0.42280539466666656
0.4154339467666667
0.41079320916666673
0.4019355554666667
0.39570110673333336
0.3891311766
0.38281165036666664
0.38014652130000004
0.37416296316666664
0.3687969549666666
0.3650100018
0.3597956595666666
0.35408884053333334
0.34838743626666674
0.3440419544000001
0.3433191118000002
0.3379434627000001
0.3361591555666667
0.3322060598666667
0.32876026733333336
0.32582952989999997
0.32280679459999995
0.3200698488666666
0.31770879166666666
0.31499922069999997
0.31291918790000006
0.30919225926666666
0.30547950946666674
0.30250809406666673
0.29923503160000003
0.2960675071
0.2947791243333333
0.2918748066
0.2886767146666667
0.28558029386666667
0.2821662171666666
0.28001959326666664
0.27724247520000006
0.27430717320000003
0.2706706079999999
0.2680591397333333
0.26579944796666666
0.2645221977
0.26186899733333324
0.2594892228666666
0.2571510082666666
0.25546684713333323
0.25321107673333326
0.2520824373999999
0.2511509773999999
0.25004301336666657
0.24836146249999996
0.2464438481666666
0.2455165051666666
0.24463191739999993
0.24315571643333328
0.2425200695666666
0.24145169663333327
0.24017759349999995
0.23859626053333327
0.23712943683333332
0.2355913461
0.23421262943333332
0.2330557362333333
0.23156860926666664
0.22995224006666665
0.22800786933333334
0.22655400753333332
0.22493211916666664
0.2234936468
0.22181488829999996
0.22032795226666663
0.21862460326666663
0.21709804603333333
0.21543898920000001
0.21472751850000002
0.21417803130000004
0.21290272349999997
0.21198556423333337
0.21080645613333335
0.20989839340000002
0.2096868281666667
0.2093411318666667
0.20892804733333337
0.20803040123333333
0.20760084539999998
0.20669409626666668
0.20565126416666663
0.20481194986666662
0.20389565816666663
0.20320585829999993
0.2025752540666666
0.20145816803333322
0.20016112046666656
0.1994572299999999
0.19854323459999992
0.19761395863333328
0.1968910926333333
0.1962640744333333
0.19553141726666662
0.19471771200000002
0.19383521033333337
0.19277516973333336
0.19171660196666673
0.1911561331333334
0.19031489933333337
0.1894769922333334
0.18877636556666674
0.18781011356666674
0.1869770442666667
0.18618140153333337
0.1851006459
0.1843569537
0.18364293593333333
0.18303159023333335
0.18223842126666664
0.18168036699999993
0.1811857345333333
0.18046138523333333
0.1800022329
0.17951162763333336
0.17884366786666664
0.17848500773333334
0.1780868762333333
0.17755159786666666
0.17689231963333332
0.1763941694
0.17559881113333334
0.1749513827666666
0.17438353839999998
0.17340003186666667
0.17263737676666666
0.1720849279
0.1714470847
0.17046748993333333
0.16954372986666666
0.168854529
0.16794810780000002
0.16715752443333334
