0.4078395499
0.38324541680000007
0.3858984235
0.3750156949666667
0.36057111513333334
0.3486683490000001
0.34239965146666673
0.3386096320666668
0.3304943101
0.32418744543333333
0.31809508946666665
0.3126380957333333
0.30895258639999995
0.3027571057666666
0.2978078799333333
0.2929450587666666
0.28829266259999997
0.2856623709333333
0.2808867570333333
0.2763244940333333
0.2728126692333333
0.26861802500000004
0.26455614790000004
0.26072012096666675
0.2582291383666667
0.2565322792333334
0.2534777282000001
0.2516618509666667
0.24916680346666673
0.24790016823333338
0.24624770330000004
0.24395642290000005
0.24191812863333337
0.23985315586666672
0.23824255456666668
0.2365030274
0.2343584921
0.2320030522
0.22975729083333332
0.22706657759999999
0.2246855558333333
0.2231643364
0.22076088933333332
0.21829117349999996
0.2160582536333333
0.21386380046666664
0.2122197445
0.21014760103333333
0.20787662496666667
0.2056621314
0.20353755706666668
0.20236238159999997
0.20083277303333333
0.19886169480000002
0.19720131319999998
0.19566339523333334
0.1943556816
0.19300245213333336
0.19218843980000005
0.1912522157666667
0.19032127370000004
0.18938767010000004
0.1881312956666667
0.1877407401333334
0.18672203906666673
0.18576279723333342
0.18495649240000003
0.18382477573333336
0.18298565240000003
0.18191601590000006
0.18133719200000004
0.18031851240000002
0.17907845326666666
0.17796527933333334
0.17656115836666667
0.1752232516666666
0.17385120316666663
0.17251666759999995
0.17139161129999997
0.17028062576666664
0.16912354999999998
0.16787326263333333
0.16673947393333333
0.16547646743333333
0.16413350656666667
0.16326886610000002
0.16272711190000003
0.16169928926666666
0.16075927473333335
0.15985469700000002
0.15915723780000002
0.1586050991
0.15815901603333338
0.1577034884666667
0.15728364343333334
0.1568984621
0.15614162323333333
0.15534634693333338
0.1545302494666667
0.1537395600666667
0.1527242755333334
0.15190692256666669
0.15113110760000004
0.1502980707
0.14942717553333335
0.14884789059999998
0.1480986727333333
0.14746584859999998
0.14686130316666665
0.1462711519666666
0.1457128339666666
0.1451456095333333
0.14449340726666665
0.1439478427666666
0.14361314876666664
0.1430408255
0.142433214
0.14187665853333334
0.14123012806666668
0.1408236339666666
0.1402290932
0.13979230556666666
0.13928970859999998
0.13866017176666665
0.13817805246666665
0.1374564731
0.13715970473333336
0.13689510283333337
0.13637444509999996
0.13587420196666666
0.13538129399999999
0.1349130945333333
0.13466656616666664
0.1343033266
0.13390473866666666
0.133448662
0.1331311733
0.1328448592666667
0.13235206753333334
0.13190673696666666
0.13138696490000001
0.13093470883333333
0.13060517670000002
0.13018520346666668
0.1296082721
0.12895243800000003
0.1284679836666667
0.1279786016666667
0.12745275503333336
