0.47915138673333335
0.4572136405666667
0.4614601899333334
0.45034194343333334
0.43600125413333335
0.4243834164666668
0.4169373274333334
0.4167043926666667
0.4074058123333334
0.4002331304666667
0.3939840099333333
0.38680222583333335
0.3828028732666666
0.37412583323333326
0.36784647663333325
0.36147178656666656
0.3546996295333333
0.3518861492
0.3460281261666666
0.34010995650000003
0.3359754219666667
0.3299031539333334
0.3245512188666667
0.31859784160000004
0.3142421535333334
0.3131079232333333
0.3077857685333333
0.3061550706666667
0.30259341849999993
0.30001701276666665
0.29851133556666665
0.29541608646666656
0.2936389017333333
0.2918199276999999
0.29039756533333333
0.2888070900666666
0.2857194856333333
0.28257490733333335
0.27965228293333333
0.2769810093333333
0.2746019116666666
0.2736655738666666
0.2711456298666667
0.26877226903333334
0.26607495886666666
0.2632012783666667
0.2615847978
0.25975964506666666
0.2573480323
0.2547352551
0.2521581295333333
0.25073975843333324
0.24911556663333326
0.24684644433333328
0.24518122739999992
0.2429888274666666
0.24190976219999996
0.2401963307333333
0.23909420246666666
0.23809156280000002
0.23673318636666665
0.23435637493333336
0.2321626679
0.23129370990000006
0.22989334333333336
0.22849993110000003
0.22773488046666668
0.22666768783333335
0.2258613355
0.2241815016
0.22277756523333334
0.22127702936666666
0.219430401
0.2179838586
0.2169350984
0.21574577903333336
0.21432935410000006
0.21242887726666668
0.2109798433666667
0.20971855946666668
0.2082202571
0.20725909000000006
0.20612638990000004
0.20492544656666667
0.20336133086666666
0.20271374056666666
0.20218238963333332
0.20149396546666667
0.20027973886666667
0.1995515596666667
0.19909888676666668
0.19936275856666666
0.19911087736666666
0.19891750783333334
0.19856828813333333
0.19804519243333335
0.197503148
0.19684455499999995
0.19678191219999996
0.1959157293333333
0.1948283353666666
0.19396148676666666
0.19301235046666665
0.1919643207
0.19034233726666666
0.18907480863333334
0.18801417746666663
0.18717819229999996
0.1864656783333333
0.18533211563333332
0.1843980531333333
0.1829999719333333
0.1817647616333333
0.1807860331333333
0.18009615043333332
0.17944878406666667
0.17877915833333333
0.17791511636666668
0.17727212073333334
0.17630987016666666
0.17533585653333333
0.1746245602
0.17372777323333335
0.1729731852
0.17234132843333333
0.17156547003333333
0.1709095880333334
0.17036675953333338
0.1695063158333334
0.16889016370000004
0.16828808886666674
0.16791452086666672
0.16770306710000002
0.16730627576666668
0.16707649056666668
0.16658663983333336
0.16592287779999998
0.16533394216666666
0.16454651809999998
0.16389128626666669
0.1631896923666667
0.16281066853333337
0.16253141283333336
0.16202905436666673
0.16133574496666672
0.1604756132666667
0.15984126530000003
0.15921187283333335
0.15866005823333337
