0.5053997334
0.3493289538
0.37822693240000005
0.33699582539999995
0.26718095280000004
0.24047837740000003
0.23555653980000005
0.21614027600000002
0.20244706100000004
0.1973839236
0.191398721
0.1845796102
0.1786148854
0.1731564464
0.163358651
0.15607849
0.1530810758
0.15052903739999998
0.145224427
0.14232210480000002
0.1390792172
0.1353836486
0.1312952704
0.127331925
0.12458553479999998
0.1218650894
0.1201960858
0.11865885080000001
0.1160822048
0.11490462380000002
0.1128450456
0.1110395502
0.10885829040000002
0.1082597966
0.1062785916
0.1058110466
0.1041180258
0.1030499646
0.10240698340000001
0.10167182420000001
0.1007347982
0.09931988159999999
0.09817290599999999
0.0970260494
0.09632039939999999
0.095732627
0.09572208639999999
0.094638394
0.093836863
0.09291470380000001
0.0913963794
0.09042008580000001
0.08998650659999999
0.08834215440000001
0.08710591179999999
0.0863167098
0.0853387774
0.08461002100000001
0.08358857680000001
0.0827120016
0.081902863
0.0807361508
0.0799192718
0.08000611360000001
0.0802326572
0.0800974406
0.080555792
0.080409045
0.0806629522
0.08058566380000001
0.08060348960000001
0.0806016068
0.0795604244
0.07856785960000001
0.07773186039999999
0.07721235779999999
0.0762048962
0.0764121032
0.07598441560000001
0.075519879
0.0746754204
0.0736510098
0.0726926636
0.0724015372
0.0716541354
0.0709218728
0.07019970179999999
0.0696447192
0.06852255700000001
0.0681789922
0.06809884259999999
0.0683382084
0.068140599
0.0682012358
0.0680441454
0.0677658902
0.06735479679999999
0.0671784794
0.0671889738
0.0669261494
0.06666267960000001
0.0662084846
0.0658567232
0.065411391
0.0650556578
0.0650503634
0.065276117
0.06523079340000001
0.0647855882
0.06426429739999999
0.0636844432
0.063188127
0.0628400904
0.0625661192
0.0620226394
0.0614062086
0.061173385999999996
0.0608327344
0.060628697200000005
0.060736985
0.0609772712
0.059740424800000004
0.058733556
0.0578772702
0.0564863502
0.0550056342
0.054509516
0.05409902400000001
0.05352038
0.053231134400000005
0.05297198460000001
0.053046664199999996
0.052606656200000004
0.0523675386
0.0525939538
0.0528177386
0.052515265600000006
0.0524215542
0.0523539828
0.052189243600000004
0.0519194516
0.0516203446
0.0514486334
0.0513874288
0.05140014899999999
0.0512285826
0.0514280308
0.05168314240000001
0.0516284452
0.0512550254
0.0511342914
0.050847128
0.05049503820000001
0.050049569
0.0495966216
0.049222388000000006
0.0492655288
0.049201949599999996
0.049310663600000006
0.049539983200000005
0.049475874200000006
0.048660679400000004
0.0482287802
0.0476906278
0.0473132728
0.0470990556
0.0470238364
0.046713634999999996
0.0461801898
0.0455048972
0.044721340799999995
0.04432471
0.0438073752
0.0437017396
