0.6307357008000001
0.5390163216
0.5680230928000001
0.5622536152000001
0.528857959
0.5032050346
0.49293361539999997
0.5160832299999999
0.5163112291999999
0.5108247778
0.5127926696
0.51520018
0.5035200278
0.485895182
0.48256284460000004
0.467518008
0.4598199340000001
0.47020526720000005
0.46789858120000005
0.4512648563999999
0.42383004020000004
0.4104553044
0.3850262446
0.3613221053999999
0.34148581260000005
0.3368268672
0.325856488
0.3259032772
0.3083709476
0.3010112744
0.30212787919999995
0.2973584428
0.29948830919999997
0.3046368286
0.314249217
0.3208085954
0.3121230058
0.3126741136000001
0.3166313546
0.3165048548
0.31771932940000003
0.32258460220000007
0.31801968340000003
0.3173089396
0.31614372380000005
0.31453982039999995
0.3110410804
0.30619568519999996
0.3033168738
0.2960580386
0.28662504780000003
0.277750992
0.27464935539999996
0.2652955668
0.25613496799999996
0.24924734119999997
0.2516383956
0.2508062636
0.2437300028
0.2432945898
0.24390240619999998
0.2391788378
0.2331043428
0.23163096000000002
0.233749881
0.23557752499999998
0.23979953519999997
0.24409844879999998
0.2513512712
0.251068552
0.24931552960000003
0.2500999458
0.2497037746
0.2487635192
0.24810550119999997
0.24828092740000002
0.2459708442
0.24233121459999998
0.24030734599999998
0.23873387240000002
0.23160923540000003
0.2247710146
0.22113394
0.2187821156
0.21359698040000002
0.21171349459999997
0.20631807200000002
0.20260428660000002
0.1969270474
0.194105273
0.1945028746
0.19944987099999997
0.20013446239999996
0.19903671359999997
0.1994788306
0.20124332980000004
0.2010524286
0.20067472779999998
0.2040864098
0.2075901328
0.20712481239999997
0.2084138942
0.20769463220000003
0.20673942780000001
0.20480626760000004
0.2031277958
0.2035492596
0.20451629040000002
0.20398096520000003
0.20059050080000002
0.1985701362
0.19431081239999998
0.1933393934
0.19090786939999999
0.19073835320000004
0.1900243718
0.18940028560000002
0.188305758
0.18875366119999998
0.1882056438
0.18818070860000002
0.1882922076
0.1865365282
0.1862231398
0.18356347779999999
0.1819421874
0.17980246119999999
0.17768150060000001
0.1751808608
0.1741497804
0.172603652
0.17273003840000004
0.1726896832
0.1737475736
0.17474493780000003
0.1750672628
0.17346402639999997
0.1720357064
0.16990309399999998
0.1691747096
0.1688745218
0.1689859308
0.17024152180000002
0.169824395
0.16802067159999998
0.16534680659999998
0.1644726968
0.1631816992
0.16296004800000002
0.1643943934
0.1655583896
0.16600237459999997
0.16637044599999998
0.1654219236
0.1628564894
0.16227790039999998
0.1618320582
0.161699346
0.1619806204
0.16326774160000002
0.1623949578
0.16078018
0.1584749336
0.1571890276
0.15563371199999998
0.154685578
0.15479077079999998
0.1552205304
0.1547983116
0.1538414618
0.1525900472
0.15116951139999996
0.1503242818
0.1496104182
