0.6357885582
0.5494663146
0.5717442093999999
0.569253538
0.5381423118
0.5149660382000001
0.5039191044
0.5392148548
0.5418204346
0.535948993
0.5412918072
0.5436041416
0.5311262560000001
0.5115618268000001
0.5084637376
0.48816522139999996
0.4798677532
0.490522368
0.487616347
0.47479030600000005
0.448056296
0.43792633
0.4156398768000001
0.39189180240000004
0.3744347386
0.3797818774
0.3633315864
0.36020935719999997
0.34388807019999995
0.335762051
0.32963650520000004
0.3286018012
0.3313550204
0.33847248259999996
0.344610761
0.34990066080000004
0.3392720682
0.3359063766
0.3381828038
0.3361450462000001
0.3392464988
0.34787036320000003
0.3472461288
0.344926273
0.347038827
0.3434381726
0.3417718084
0.3341762834
0.33296318560000004
0.32626030260000005
0.317910956
0.3068131488
0.308061767
0.294803544
0.28274461619999997
0.274844386
0.27251157779999996
0.263673517
0.256904461
0.2531957712
0.2521744532
0.24691458920000003
0.243812984
0.24726829700000003
0.2500256264
0.24879057599999999
0.2527932586
0.2542781594
0.2551945274
0.2542166198
0.2558387592
0.2593131768
0.2594521404
0.25870902419999997
0.25758071180000003
0.25879570799999996
0.2564509366
0.2578546184
0.2583341304
0.2591719918
0.2524621672
0.24481754379999998
0.24019504120000001
0.23608418440000004
0.23271514340000002
0.23219641659999998
0.22987927
0.2230701456
0.21750886760000002
0.21408141120000002
0.21085067159999998
0.2118662316
0.2138600748
0.21523482700000002
0.2138116852
0.21263289839999996
0.21122091780000002
0.2108437562
0.21246338380000002
0.21205071220000002
0.2127755786
0.21381231620000002
0.21350040899999997
0.2099673218
0.209130937
0.2099715974
0.21037143419999998
0.21027819279999999
0.21132969159999998
0.2108440462
0.2099379484
0.20791801799999998
0.2058637626
0.2054092936
0.20491994499999996
0.203221666
0.20293205120000005
0.2017005958
0.1991637662
0.1974250818
0.1970653836
0.1939098402
0.1917208686
0.19053824219999999
0.1890032268
0.1862629758
0.18650786460000002
0.1856851794
0.18455840739999999
0.1854201432
0.18479983640000003
0.1840445436
0.1860979566
0.1865850456
0.1855760606
0.18701846179999998
0.18769894439999998
0.18558265540000002
0.1840448568
0.18459234139999997
0.18352107239999998
0.18176870939999998
0.1818709376
0.18197036319999998
0.1798454118
0.1784206792
0.1766739732
0.1751841246
0.1741607004
0.17375235760000002
0.17340750200000002
0.1733881668
0.1726935536
0.171448938
0.1708270828
0.16990221400000002
0.1694876698
0.1694808186
0.17031135339999998
0.170716333
0.1690839884
0.1693475528
0.168780777
0.1677720848
0.16656770380000002
0.16606473519999998
0.1651581886
0.164499356
0.1630190684
0.1610960506
0.1603832604
0.1590716228
0.157050017
0.15623300160000003
