0.31315013596666663
0.28532976143333333
0.2597684209333333
0.23567851726666672
0.21081347223333335
0.20811343429999998
0.2248344572
0.22790024763333336
0.23369092556666668
0.23415811666666667
0.23462217556666662
0.23107591206666664
0.2234629976666667
0.21805063060000004
0.21143761509999998
0.20402379176666663
0.2043826627666666
0.21414434793333328
0.2203421140333333
0.2209518908666666
0.2159224661999999
0.21228012743333327
0.20991770663333323
0.2001542557333333
0.18847269949999998
0.17891439916666663
0.17318558913333335
0.17341019466666668
0.18077706300000004
0.18698062930000006
0.18670326256666672
0.18548374853333335
0.18106828296666672
0.17508583160000005
0.17186282303333336
0.17144801563333337
0.17042129243333334
0.1727047027
0.17501493129999995
0.17596730686666665
0.17357799266666665
0.1717656651666667
0.17215276076666666
0.16639177879999997
0.15680748606666664
0.1495761771
0.14399259829999997
0.141172386
0.14351179573333334
0.1501016357
0.15332043923333336
0.1509627419
0.14323162483333332
0.14325147223333332
0.14241258176666666
0.14163110703333331
0.14067431390000001
0.1404050382
0.1386444582666667
0.13934860513333336
0.1424288491333333
0.14119171196666666
0.13876215266666667
0.1348474170666667
0.13153328920000001
0.12676938753333333
0.12133136783333337
0.11430176320000002
0.11419227483333336
0.11640228980000003
0.1200729682666667
0.12580694283333335
0.1274959353
0.12870842253333334
0.13174611943333334
0.13312051706666667
0.13514700813333336
0.13531994903333333
0.13023038873333334
0.12436881639999998
0.1222584898
0.12334870479999999
0.12491904376666664
0.12149274509999995
0.12122365326666663
0.12124212169999997
0.12216137559999997
0.12225028933333332
0.11948134073333332
0.11577127320000002
0.1116353172
0.10972760723333336
0.11172788340000002
0.11341151323333334
0.11226409653333333
0.11020067356666666
0.11110773526666667
0.11213196616666664
0.11203779496666666
0.111953481
0.11036752996666664
0.10588708029999999
0.1022830985
0.10068059766666666
0.09851416096666667
0.09573122613333335
0.09190857803333333
0.09047337503333333
0.09198256276666668
0.0957375418
0.09856895130000003
0.10057643173333333
0.10053280699999999
0.10140598903333334
0.10123436373333333
0.10066401516666666
0.09762015269999999
0.0937425155
0.08999910626666667
0.08706165093333333
0.08686846513333334
0.08945948923333333
0.08934501839999999
0.09066550233333333
0.09324295513333332
0.09696244106666665
0.0946870421
0.09387289559999998
0.09206483613333333
0.08769504653333332
0.08438669636666665
0.08224701696666667
0.08239214
0.0821595457
0.08276116073333332
0.08466639996666665
0.08731028603333331
0.0880132162
0.08906113793333331
0.08780118866666667
