0.6080434562666668
0.5742983722
0.5122360450666666
0.4631470010666667
0.4156544761333333
0.42025086526666666
0.4431550407333333
0.4450625516666666
0.48574471433333327
0.5067888939999999
0.5175906264666666
0.5150373420666665
0.4954674888666666
0.46334934486666673
0.4357250692
0.4205988965333332
0.4139733029999999
0.4388042433999999
0.4539982575333333
0.46534103993333326
0.4660292533333333
0.4678319375999999
0.45698617799999997
0.43439722566666666
0.40445429166666663
0.37981361706666666
0.3686148873333333
0.36987839173333337
0.3852523053333333
0.3955187981333333
0.399505234
0.40320405233333323
0.4015499269333333
0.3876909892
0.3702296189333333
0.357579386
0.34667850266666667
0.3508147173333333
0.3562800101333333
0.36398893633333335
0.3688307288666667
0.3679146468
0.3689371976000001
0.3697434923333334
0.36366488993333335
0.3476059653333333
0.3375809714666667
0.33200537440000005
0.33490377453333336
0.3398780610666667
0.3478067110666666
0.3556360537999999
0.35521453966666655
0.34870184899999995
0.3445979894000001
0.3355485171333334
0.32402540633333327
0.3181365621333333
0.3071422706666667
0.29514124319999996
0.2962688558666666
0.2938853847333333
0.2904676624666667
0.2919562897333334
0.29981282853333335
0.29196066400000004
0.2776335702666667
0.26212217833333334
0.2629451897333333
0.26453346333333333
0.2685905562
0.27525665906666663
0.27753804973333335
0.2816505730666667
0.29417662606666667
0.3043599588
0.2996589646
0.28957688153333344
0.2752717188666666
0.2627923685333333
0.26006036953333334
0.26289056546666667
0.2638468048666667
0.26292814059999997
0.2599790938
0.2616003841333333
0.2684758657333333
0.265861359
0.2567368051333333
0.2471043058
0.23750307766666665
0.2419929264
0.24638356939999997
0.24640428339999998
0.2440264172
0.24348794486666667
0.23892042713333334
0.23779459553333335
0.233172743
0.2300794580666667
0.2258452302666667
0.21998141580000002
0.21876860420000002
0.22201812186666667
0.21967193726666664
0.21757659553333333
0.20998345826666667
0.21053552833333333
0.21130527533333338
0.20938601780000002
0.20479233753333334
0.20824821293333337
0.20936805053333338
0.21271632246666666
0.21487688533333332
0.21325001766666668
0.20902136073333336
0.20265945953333334
0.19955140646666666
0.19677740313333333
0.18874982466666662
0.18834035099999996
0.1884439817333333
0.1899512886
0.19900373019999998
0.20908656813333332
0.21122899733333333
0.21068816120000003
0.20780853633333332
0.20518838266666667
0.20396526813333335
0.1985360219333333
0.19623864893333332
0.19182406653333336
0.19377717206666667
0.20126519240000001
0.2066566958
0.2066396598
0.20545297233333334
0.1995137774
0.192395489
0.18514626506666662
0.18227685206666663
0.17769928819999997
0.17071261086666664
0.16441127419999996
0.16394825593333331
0.16613552326666667
0.16865142666666666
0.16718132180000003
0.1636517568666667
0.16103249260000002
0.1597405512
0.16150350653333334
0.1639224664
