0.5329597865000001
0.5044701372000001
0.48143916
0.46369984435000006
0.44878576184999996
0.46328134099999996
0.4858102201
0.47744782345000003
0.48595520729999997
0.48320598449999996
0.4786217559
0.4695676862
0.4597907632999999
0.4500244367
0.4356403630999999
0.42644913429999987
0.42462031125
0.4400017597
0.4421375127999999
0.44038562349999993
0.43295340484999995
0.42990510505
0.42105970349999994
0.41058590055
0.39975341259999997
0.39005771155
0.3856927189
0.38935259185
0.39328066995
0.38651877539999996
0.3791845014
0.3741492109999999
0.37400961515
0.36884882725
0.3643715458
0.3600545115
0.35496713695000004
0.3550229682
0.36209560055000006
0.36916136130000005
0.36590197275
0.36241728200000006
0.3609478288500001
0.3555192718500001
0.3447882226
0.3404106092
0.3384732121
0.33925807469999997
0.3396069721
0.34514782364999996
0.34353135984999994
0.3379773146999999
0.3305143517999999
0.32524229595
0.31752559145000003
0.311480568
0.3068953354499999
0.30209567749999994
0.29717886990000003
0.29689917655
0.2986766332
0.29351266119999997
0.28684567765
0.28563803350000005
0.28863937535
0.2841192437
0.27769276865
0.2722569843499999
0.274953839
0.27970956894999993
0.28808914924999995
0.28862050414999996
0.28067591705000006
0.27327595605000005
0.27263752055000007
0.27152026845000005
0.27026654675000006
0.2668800344500001
0.26386692165
0.2587640743
0.26134903379999996
0.27082449025
0.27506136984999996
0.27029755054999993
0.2666377008
0.2647735403499999
0.2636727046499999
0.2573100568
0.2468412388
0.23502486390000002
0.225866258
0.22471264365
0.22804331994999996
0.23229268974999995
0.23422939145
0.23568767934999996
0.23864262800000002
0.24125271934999998
0.2396150365
0.2364073334
0.23175569889999997
0.21980339905
0.2158156838
0.21276759145000002
0.2067361479
0.20133320289999998
0.19940410855000001
0.2002816808
0.20702671905000006
0.21236724255
0.21300923395
0.2162183282
0.21490136735000004
0.21439903410000002
0.21143079220000005
0.2039341447
0.19607260045
0.19307221695
0.1887174665
0.1912349926
0.19496568234999995
0.20033826284999998
0.20039615544999995
0.20440416479999998
0.2092190162
0.2123889319
0.20893418495
0.20505431614999997
0.19872984214999997
0.19560600725000002
0.19494552575000004
0.19429910175
0.19605736715
0.19314364090000005
0.1932872733
0.1976999306
0.1979426984
0.19577080819999998
0.1952151645
0.1880006767
0.17888246145000003
0.17347362889999998
0.1716398377
0.1693620099
0.1671007116
0.1647103923
0.16617145475
0.16868379385000004
0.1704032209
0.17089624405000003
