0.6088193364666666
0.5924365857666665
0.5776104097
0.5645769379
0.5499086775
0.5554417514333334
0.565123328
0.5568148052666666
0.5678492631999998
0.5599415403666667
0.5491099054666667
0.5410430437666667
0.5320589518000001
0.5236012588
0.5148041911
0.5109070137
0.5096611663666667
0.5225673764666667
0.5189819943666667
0.5149408637333334
0.5089935741333335
0.502579624
0.49769640283333333
0.4886257748333333
0.47787003523333327
0.4686778621333333
0.46374200209999994
0.46556940199999997
0.47392096566666664
0.4733041998333333
0.4642825230666666
0.4606140985333333
0.45710777789999996
0.45122830213333326
0.4432705649666666
0.4395715293
0.43787027053333344
0.4402425079000001
0.43838018913333343
0.44119354553333345
0.4393690405333334
0.4309082276
0.4262782517333334
0.4208006687666668
0.41151938106666675
0.4037867984333335
0.3967278172000001
0.39101942520000005
0.39320827213333337
0.3997000602333333
0.39789563693333335
0.39483575376666663
0.38641516806666665
0.3825077173
0.3810963887999999
0.3770796168333333
0.37345107906666664
0.3707336464666666
0.3667948501333333
0.3666062502
0.3736262770666666
0.3684303551333334
0.3595090051000001
0.3519556626666667
0.34997050763333337
0.3444902190666667
0.3383063078666667
0.3304397524333334
0.33088683803333335
0.32827419336666674
0.33051986356666674
0.3377085047000001
0.3372117124666667
0.3329623039333334
0.33345057780000004
0.3333352481666667
0.33216851076666665
0.3274630825333333
0.31948905553333334
0.3119918588333333
0.3104274390999999
0.3084081815
0.3079150050666667
0.3056627475333333
0.3016167252666667
0.29952884403333335
0.2992706823666666
0.2962842150333333
0.29270928129999996
0.2855632997333333
0.27868849543333335
0.2772325839
0.28031599906666665
0.27988274263333335
0.2779839664333333
0.27507949563333334
0.27419751093333333
0.2733280984666667
0.2713249336333334
0.2707231013666667
0.26753263433333335
0.2622804886
0.2584011192333333
0.25920503043333337
0.25643723620000003
0.25059583863333335
0.24682038399999998
0.24826272103333338
0.2490556800666667
0.2513589635333333
0.253506335
0.2565706426666667
0.2567535092
0.25677998900000004
0.2561472647
0.2544403637666666
0.2490066421333333
0.2445383625333333
0.24068061473333327
0.24122777533333328
0.2409124772666666
0.24310874179999994
0.24237656096666663
0.24222181199999995
0.24255514179999996
0.2432893060333333
0.24045097096666662
0.2384400173333333
0.23447924303333334
0.2295252105
0.22492557543333333
0.2218259972
0.2216434022333333
0.21984600253333336
0.22012204703333332
0.2217293696333333
0.2224883366
0.2216430134333333
0.22128884546666666
0.21963645300000004
