0.8756917956000001
0.727098537
0.6687039092
0.4844028476
0.4013144166
0.4637829396
0.5594057297999999
0.5725207848
0.7155779136000001
0.76596408
0.7600153730000001
0.7341715181999999
0.6094456913999999
0.5500334432
0.4597716128
0.440321664
0.4362534
0.5374864034
0.5861128248
0.6664761598
0.7016510766
0.7069004141999999
0.661485244
0.5694572746000001
0.5127184318
0.46866160719999994
0.45055684399999996
0.47926838079999995
0.5479727837999999
0.560972434
0.5682745816000001
0.5712859446
0.5458123638000001
0.5054352692
0.45835601819999994
0.417348244
0.4078998208
0.4204627866
0.44545255780000004
0.4937395178
0.533431667
0.5498376634000001
0.5560323748
0.5208701058
0.45906787560000006
0.4265059416
0.38732886839999997
0.3822961107999999
0.400439598
0.4420324808
0.45870189660000005
0.47839021400000004
0.4724626336
0.48573985959999993
0.486393733
0.4392746258
0.4268804134
0.422038288
0.40532993399999995
0.3751641688
0.41670126320000006
0.4315938266
0.444299216
0.4270252214
0.4459477032
0.4155655052
0.3649024228
0.3314599342
0.3348687566
0.30811268299999994
0.3150724188
0.3397031972000001
0.34138308040000004
0.35457710379999996
0.3891433008
0.389051356
0.3745351302
0.3526253996
0.3338967228
0.3274669164
0.33037198700000003
0.3453889436
0.374666802
0.3872782568
0.39544246819999995
0.41835609819999997
0.396194581
0.3528782646
0.31302203479999996
0.2727928744
0.23783360940000003
0.247749645
0.2668426566
0.3006253092
0.3146753644
0.3306612264
0.3605892234
0.372891712
0.34548792700000003
0.33905260519999997
0.3303081112
0.30480208319999996
0.27966592479999997
0.2712506808
0.2583463558
0.25085158080000003
0.2316329124
0.23638868419999998
0.25215795099999994
0.2645821004
0.26407186720000003
0.28915355879999993
0.3026847568
0.3070262052
0.2968518888
0.2910185636
0.26206698300000003
0.25756381840000003
0.23656757500000003
0.2284223402
0.21645718139999998
0.22956346720000004
0.22357572120000002
0.24589336180000002
0.2680368718
0.28421695480000003
0.28818371979999996
0.28314579940000006
0.2757857608
0.25560939280000006
0.23002420339999996
0.21313654680000002
0.21965407639999998
0.2097662502
0.2252519388
0.2655726368
0.2881552074
0.28474265320000003
0.296373437
0.29267668180000006
0.268869433
0.24206172700000006
0.2277025244
0.208151982
0.20604440699999998
0.20852994980000003
0.22598465019999997
0.242526046
0.2452410632
0.2344847102
0.22945480259999998
0.21303907519999998
0.20023202759999997
0.19913856519999998
0.1902123438
0.17238727040000001
0.17434701619999998
0.1799643138
0.1848171854
0.19637617440000002
0.2090166402
0.214451226
0.21870028680000003
0.21721498239999998
0.22185445900000006
