1.0
0.991959311
0.991959311
0.991959311
0.991959311
0.991959311
0.991959311
0.991959311
0.990383628
0.957312442
0.944586603
0.944586603
0.944586603
0.944586603
0.944586603
0.944586603
0.944586603
0.944586603
0.944586603
0.944586603
0.944586603
0.944586603
0.944586603
0.944586603
0.944586603
0.944586603
0.944586603
0.944586603
0.944586603
0.944586603
0.944586603
0.944586603
0.944586603
0.944586603
0.944586603
0.944586603
0.944586603
0.944586603
0.944586603
0.944586603
0.944586603
0.944586603
0.944586603
0.944586603
0.944586603
0.944586603
0.944586603
0.944586603
0.944586603
0.944586603
0.944586603
0.944586603
0.944586603
0.944586603
0.944586603
0.944586603
0.944586603
0.944586603
0.944586603
0.944586603
0.944586603
0.944586603
0.944586603
0.944586603
0.944586603
0.944586603
0.944586603
0.944586603
0.944586603
0.944586603
0.944586603
0.944586603
0.944586603
0.944586603
0.944586603
0.944586603
0.944586603
0.944586603
0.944586603
0.944586603
0.944586603
0.944586603
0.944586603
0.944586603
0.944586603
0.944586603
0.944586603
0.944586603
0.944586603
0.944586603
0.944586603
0.944586603
0.944586603
0.944586603
0.944586603
0.944586603
0.944586603
0.944586603
0.944586603
0.944586603
0.944586603
0.944586603
0.944586603
0.944586603
0.944586603
0.944586603
0.944586603
0.944586603
0.944586603
0.944586603
0.944586603
0.944586603
0.944586603
0.944586603
0.944586603
0.944586603
0.944586603
0.944586603
0.944586603
0.944586603
0.944586603
0.944586603
0.944586603
0.944586603
0.944586603
0.944586603
0.944586603
0.944586603
0.944586603
0.944586603
0.944586603
0.944586603
0.944586603
0.944586603
0.944586603
0.944586603
0.944586603
0.944586603
0.944586603
0.944586603
0.944586603
0.944586603
0.944586603
0.944586603
0.944586603
0.897835464
0.897835464
0.897835464
0.897835464
0.897835464
0.897835464
0.897835464
0.897835464
0.897835464
0.897835464
0.897835464
0.897835464
0.897835464
0.897835464
0.897835464
0.897835464
0.897835464
0.897835464
0.897835464
0.897835464
0.897835464
0.897835464
0.897835464
0.897835464
0.897835464
0.897835464
0.897835464
0.897835464
0.897835464
0.897835464
0.897835464
0.897835464
0.897835464
0.897835464
0.897835464
0.897835464
0.897835464
0.897835464
0.789814806
0.789814806
0.789814806
0.789814806
0.789814806
0.789814806
0.789814806
0.789814806
0.789814806
0.789814806
0.789814806
0.789814806
0.732080233
0.730566676
0.730566676
0.730566676
0.416469903
0.012413015
