1.0
0.996253771
0.996253771
0.996253771
0.996253771
0.996253771
0.996253771
0.995665454
0.992311335
0.985696467
0.985696467
0.985696467
0.985696467
0.985696467
0.985696467
0.985696467
0.985696467
0.985696467
0.985696467
0.985696467
0.985696467
0.985696467
0.985696467
0.985696467
0.985696467
0.985696467
0.985696467
0.985696467
0.985696467
0.985696467
0.985696467
0.985696467
0.985696467
0.985696467
0.985696467
0.985696467
0.985696467
0.985696467
0.985696467
0.985696467
0.985696467
0.985696467
0.985696467
0.985696467
0.985696467
0.985696467
0.985696467
0.985696467
0.985696467
0.985696467
0.985696467
0.985696467
0.985696467
0.985696467
0.985696467
0.985696467
0.985696467
0.985696467
0.985696467
0.985696467
0.985696467
0.985696467
0.985696467
0.985696467
0.985696467
0.985696467
0.985696467
0.985696467
0.985696467
0.985696467
0.985696467
0.985696467
0.985696467
0.985696467
0.985696467
0.985696467
0.985696467
0.985696467
0.985696467
0.985696467
0.985696467
0.985696467
0.985696467
0.985696467
0.985696467
0.985696467
0.985696467
0.985696467
0.985696467
0.985696467
0.985696467
0.985696467
0.985696467
0.985696467
0.985696467
0.985696467
0.985696467
0.985696467
0.985696467
0.985696467
0.985696467
0.985696467
0.985696467
0.985696467
0.985696467
0.985696467
0.985696467
0.985696467
0.985696467
0.985696467
0.985696467
0.985696467
0.955443961
0.955443961
0.955443961
0.955443961
0.955443961
0.955443961
0.955443961
0.955443961
0.955443961
0.955443961
0.955443961
0.955443961
0.955443961
0.955443961
0.955443961
0.955443961
0.955443961
0.955443961
0.955443961
0.955443961
0.955443961
0.955443961
0.955443961
0.955443961
0.955443961
0.955443961
0.955443961
0.955443961
0.955443961
0.955443961
0.955443961
0.955443961
0.955443961
0.955443961
0.955443961
0.955443961
0.955443961
0.955443961
0.955443961
0.955443961
0.955443961
0.955443961
0.955443961
0.955443961
0.955443961
0.955443961
0.955443961
0.955443961
0.955443961
0.955443961
0.955443961
0.955443961
0.955443961
0.955443961
0.955443961
0.955443961
0.955443961
0.955443961
0.955443961
0.955443961
0.955443961
0.955443961
0.955443961
0.955443961
0.955443961
0.955443961
0.955443961
0.955443961
0.955443961
0.955443961
0.955443961
0.91611792
0.91611792
0.91611792
0.91611792
0.91611792
0.91611792
0.91611792
0.91611792
0.91611792
0.91611792
0.91611792
0.91611792
0.850167112
0.850167112
0.850167112
0.815545539
0.519587265
0.415909466
0.0
0.0
0.0
0.0
0.0
0.0
0.0
0.0
0.0
0.0
0.0
0.0
0.0
0.0
0.0
0.0
0.0
0.0
0.0
0.0
0.0
0.0
0.0
0.0
0.0
0.0
0.0
0.0
0.0
0.0
0.0
0.0
0.0
0.0
0.0
0.0
0.0
0.0
0.0
0.0
0.0
0.0
0.0
0.0
0.0
0.0
0.0
0.0
0.0
0.0
0.0
0.0
0.0
0.0
0.0
0.0
0.0
0.0
0.0
0.0
0.0
0.0
0.0
0.0
0.0
0.0
0.0
0.0
0.0
0.0
0.0
0.0
0.0
0.0
0.0
0.0
0.0
0.0
0.0
0.0
0.0
0.0
0.0
0.0
0.0
0.0
0.0
0.0
0.0
0.0
0.0
0.0
0.0
0.0
0.0
0.0
0.0
0.0
0.0
0.0
0.0
0.0
0.0
0.0
0.0
0.0
0.0
0.0
0.0
0.0
0.0
0.0
0.0
0.0
0.0
0.0
0.0
0.0
0.0
0.0
0.0
0.0
0.0
0.0
0.0
0.0
0.0
0.0
0.0
0.0
0.0
0.0
0.0
0.0
0.0
0.0
0.0
0.0
0.0
0.0
0.0
0.0
0.0
0.0
0.0
0.0
0.0
0.0
0.0
0.0
0.0
0.0
0.0
0.0
0.0
0.0
0.0
0.0
0.0
0.0
0.0
0.0
0.0
0.0
0.0
0.0
0.0
0.0
0.0
0.0
0.0
0.0
0.0
0.0
0.0
0.0
0.0
0.0
0.0
0.0
0.0
0.0
0.0
0.0
0.0
0.0
0.0
0.0
0.0
0.0
0.0
0.0
0.0
0.0
0.0
0.0
0.0
0.0
0.0
0.0
0.0
