1.0
0.989028556
0.989028556
0.989028556
0.989028556
0.989028556
0.989028556
0.989028556
0.989028556
0.815230438
0.815230438
0.815230438
0.815230438
0.815230438
0.815230438
0.815230438
0.815230438
0.815230438
0.815230438
0.815230438
0.815230438
0.815230438
0.815230438
0.815230438
0.815230438
0.815230438
0.815230438
0.815230438
0.815230438
0.815230438
0.815230438
0.815230438
0.815230438
0.815230438
0.815230438
0.815230438
0.815230438
0.815230438
0.815230438
0.815230438
0.815230438
0.815230438
0.815230438
0.815230438
0.815230438
0.815230438
0.815230438
0.815230438
0.815230438
0.815230438
0.815230438
0.815230438
0.815230438
0.815230438
0.815230438
0.815230438
0.815230438
0.815230438
0.815230438
0.815230438
0.815230438
0.815230438
0.815230438
0.815230438
0.815230438
0.815230438
0.815230438
0.815230438
0.815230438
0.815230438
0.815230438
0.815230438
0.815230438
0.815230438
0.815230438
0.815230438
0.815230438
0.815230438
0.815230438
0.815230438
0.815230438
0.815230438
0.815230438
0.815230438
0.815230438
0.815230438
0.815230438
0.815230438
0.815230438
0.815230438
0.815230438
0.815230438
0.815230438
0.815230438
0.815230438
0.815230438
0.815230438
0.815230438
0.815230438
0.815230438
0.815230438
0.815230438
0.815230438
0.815230438
0.815230438
0.815230438
0.815230438
0.815230438
0.815230438
0.815230438
0.815230438
0.815230438
0.815230438
0.815230438
0.815230438
0.815230438
0.815230438
0.815230438
0.815230438
0.815230438
0.815230438
0.815230438
0.815230438
0.815230438
0.815230438
0.815230438
0.815230438
0.815230438
0.815230438
0.815230438
0.815230438
0.815230438
0.815230438
0.815230438
0.815230438
0.815230438
0.815230438
0.815230438
0.815230438
0.815230438
0.815230438
0.815230438
0.815230438
0.815230438
0.815230438
0.815230438
0.815230438
0.815230438
0.815230438
0.815230438
0.815230438
0.815230438
0.815230438
0.815230438
0.815230438
0.815230438
0.815230438
0.815230438
0.815230438
0.815230438
0.815230438
0.800544913
0.792236386
0.792236386
0.792236386
0.792236386
0.792236386
0.792236386
0.792236386
0.792236386
0.792236386
0.792236386
0.792236386
0.792236386
0.792236386
0.792236386
0.792236386
0.792236386
0.792236386
0.792236386
0.792236386
0.792236386
0.792236386
0.792236386
0.792236386
0.792236386
0.792236386
0.792236386
0.792236386
0.792236386
0.792236386
0.792236386
0.792236386
0.792236386
0.684009743
0.654325216
0.654325216
0.654325216
0.652995041
0.367620574
0.367620574
