1.0
0.994228834
0.949468022
0.949468022
0.949468022
0.949468022
0.949468022
0.949468022
0.878396884
0.759373054
0.759373054
0.759373054
0.759373054
0.759373054
0.759373054
0.759373054
0.759373054
0.759373054
0.759373054
0.759373054
0.759373054
0.759373054
0.759373054
0.759373054
0.759373054
0.759373054
0.759373054
0.759373054
0.759373054
0.759373054
0.759373054
0.759373054
0.759373054
0.759373054
0.759373054
0.759373054
0.759373054
0.759373054
0.759373054
0.759373054
0.759373054
0.759373054
0.759373054
0.759373054
0.759373054
0.759373054
0.759373054
0.759373054
0.759373054
0.759373054
0.759373054
0.759373054
0.759373054
0.759373054
0.759373054
0.759373054
0.759373054
0.759373054
0.759373054
0.759373054
0.759373054
0.759373054
0.759373054
0.759373054
0.759373054
0.759373054
0.759373054
0.759373054
0.759373054
0.759373054
0.759373054
0.759373054
0.759373054
0.759373054
0.759373054
0.759373054
0.759373054
0.759373054
0.759373054
0.759373054
0.759373054
0.759373054
0.759373054
0.759373054
0.759373054
0.759373054
0.759373054
0.759373054
0.759373054
0.759373054
0.759373054
0.759373054
0.759373054
0.759373054
0.759373054
0.759373054
0.759373054
0.759373054
0.759373054
0.759373054
0.759373054
0.759373054
0.759373054
0.759373054
0.759373054
0.759373054
0.759373054
0.759373054
0.759373054
0.759373054
0.759373054
0.759373054
0.759373054
0.759373054
0.759373054
0.759373054
0.759373054
0.759373054
0.759373054
0.759373054
0.759373054
0.759373054
0.759373054
0.759373054
0.716575089
0.716575089
0.716575089
0.716575089
0.716575089
0.716575089
0.716575089
0.716575089
0.716575089
0.716575089
0.702858246
0.702858246
0.702858246
0.702858246
0.702858246
0.702858246
0.702858246
0.702858246
0.702858246
0.702858246
0.702858246
0.702858246
0.702858246
0.702858246
0.702858246
0.702858246
0.702858246
0.702858246
0.702858246
0.702858246
0.702858246
0.702858246
0.702858246
0.702858246
0.702858246
0.702858246
0.702858246
0.702858246
0.702858246
0.702858246
0.702858246
0.702858246
0.702858246
0.702858246
0.702858246
0.702858246
0.702858246
0.702858246
0.702858246
0.702858246
0.702858246
0.702858246
0.702858246
0.702858246
0.702858246
0.702858246
0.702858246
0.702858246
0.702858246
0.702858246
0.702858246
0.702858246
0.702858246
0.702858246
0.702858246
0.702858246
0.702858246
0.702858246
0.702858246
0.702858246
0.605656877
0.574101918
0.574101918
0.574101918
0.414561291
0.407759666
0.308320612
