1.0
0.99996405
0.897168329
0.897168329
0.897168329
0.897168329
0.897168329
0.897168329
0.825038036
0.811742245
0.811742245
0.811742245
0.811742245
0.811742245
0.811742245
0.811742245
0.811742245
0.811742245
0.811742245
0.811742245
0.811742245
0.811742245
0.811742245
0.811742245
0.811742245
0.811742245
0.811742245
0.811742245
0.811742245
0.811742245
0.811742245
0.811742245
0.811742245
0.811742245
0.811742245
0.811742245
0.811742245
0.811742245
0.811742245
0.811742245
0.811742245
0.811742245
0.811742245
0.811742245
0.811742245
0.811742245
0.811742245
0.811742245
0.811742245
0.811742245
0.811742245
0.811742245
0.811742245
0.811742245
0.811742245
0.811742245
0.811742245
0.811742245
0.811742245
0.811742245
0.811742245
0.811742245
0.811742245
0.811742245
0.811742245
0.811742245
0.811742245
0.811742245
0.811742245
0.811742245
0.811742245
0.811742245
0.811742245
0.811742245
0.811742245
0.811742245
0.811742245
0.811742245
0.811742245
0.811742245
0.811742245
0.811742245
0.811742245
0.811742245
0.811742245
0.811742245
0.811742245
0.811742245
0.811742245
0.811742245
0.811742245
0.811742245
0.811742245
0.805848767
0.805848767
0.805848767
0.805848767
0.805848767
0.805848767
0.805848767
0.805848767
0.805848767
0.805848767
0.805848767
0.805848767
0.805848767
0.805848767
0.805848767
0.805848767
0.805848767
0.805848767
0.773890827
0.773890827
0.773890827
0.773890827
0.773890827
0.773890827
0.773890827
0.773890827
0.773890827
0.773890827
0.773890827
0.773890827
0.773890827
0.773890827
0.773890827
0.773890827
0.773890827
0.773890827
0.773890827
0.773890827
0.773890827
0.773890827
0.773890827
0.773890827
0.773890827
0.773890827
0.773890827
0.773890827
0.773890827
0.773890827
0.773890827
0.773890827
0.773890827
0.773890827
0.773890827
0.773890827
0.773890827
0.773890827
0.773890827
0.773890827
0.773890827
0.773890827
0.773890827
0.773890827
0.773890827
0.773890827
0.773890827
0.773890827
0.773890827
0.773890827
0.773890827
0.773890827
0.773890827
0.773890827
0.773890827
0.773890827
0.773890827
0.773890827
0.773890827
0.773890827
0.773890827
0.773890827
0.773890827
0.773890827
0.773890827
0.773890827
0.773890827
0.773890827
0.773890827
0.773890827
0.773890827
0.773890827
0.773890827
0.773890827
0.773890827
0.773890827
0.773890827
0.773890827
0.771618794
0.771618794
0.771618794
0.771618794
0.771618794
0.771618794
0.771618794
0.759159903
0.735106052
0.735106052
0.735106052
0.631066658
