1.0
0.999963979
0.874427271
0.874427271
0.874427271
0.874427271
0.874427271
0.874427271
0.800200539
0.674519221
0.674519221
0.674519221
0.674519221
0.674519221
0.674519221
0.674519221
0.674519221
0.674519221
0.674519221
0.674519221
0.674519221
0.674519221
0.674519221
0.674519221
0.674519221
0.674519221
0.674519221
0.674519221
0.674519221
0.674519221
0.674519221
0.674519221
0.674519221
0.674519221
0.674519221
0.674519221
0.674519221
0.674519221
0.674519221
0.674519221
0.674519221
0.674519221
0.674519221
0.674519221
0.674519221
0.674519221
0.674519221
0.674519221
0.674519221
0.674519221
0.674519221
0.674519221
0.674519221
0.674519221
0.674519221
0.674519221
0.674519221
0.674519221
0.674519221
0.674519221
0.674519221
0.674519221
0.674519221
0.674519221
0.674519221
0.674519221
0.674519221
0.674519221
0.674519221
0.674519221
0.674519221
0.674519221
0.674519221
0.674519221
0.674519221
0.674519221
0.674519221
0.674519221
0.674519221
0.674519221
0.674519221
0.674519221
0.674519221
0.674519221
0.674519221
0.674519221
0.674519221
0.674519221
0.674519221
0.674519221
0.674519221
0.674519221
0.674519221
0.674519221
0.674519221
0.674519221
0.674519221
0.674519221
0.674519221
0.674519221
0.674519221
0.674519221
0.674519221
0.674519221
0.674519221
0.674519221
0.674519221
0.674519221
0.674519221
0.674519221
0.674519221
0.642970633
0.642970633
0.642970633
0.642970633
0.642970633
0.642970633
0.642970633
0.642970633
0.642970633
0.642970633
0.642970633
0.642970633
0.642970633
0.642970633
0.642970633
0.642970633
0.642970633
0.642970633
0.642970633
0.642970633
0.642970633
0.642970633
0.642970633
0.642970633
0.642970633
0.642970633
0.642970633
0.642970633
0.642970633
0.642970633
0.642970633
0.642970633
0.642970633
0.642970633
0.642970633
0.642970633
0.642970633
0.642970633
0.642970633
0.642970633
0.642970633
0.642970633
0.642970633
0.642970633
0.642970633
0.642970633
0.642970633
0.642970633
0.642970633
0.642970633
0.642970633
0.642970633
0.642970633
0.642970633
0.642970633
0.642970633
0.642970633
0.642970633
0.642970633
0.642970633
0.642970633
0.642970633
0.642970633
0.642970633
0.642970633
0.642970633
0.642970633
0.642970633
0.642970633
0.642970633
0.642970633
0.642970633
0.642970633
0.642970633
0.642970633
0.642970633
0.642970633
0.642970633
0.642970633
0.642970633
0.642970633
0.642970633
0.582546721
0.564976319
0.556082185
0.541040977
0.427116557
0.427116557
0.427116557
0.41480137
