1.0
0.999964047
0.895929996
0.895929996
0.895929996
0.895929996
0.895929996
0.895929996
0.821822824
0.791719444
0.791719444
0.791719444
0.791719444
0.791719444
0.791719444
0.791719444
0.791719444
0.791719444
0.791719444
0.791719444
0.791719444
0.791719444
0.791719444
0.791719444
0.791719444
0.791719444
0.791719444
0.791719444
0.791719444
0.791719444
0.791719444
0.791719444
0.791719444
0.791719444
0.791719444
0.791719444
0.791719444
0.791719444
0.791719444
0.791719444
0.791719444
0.791719444
0.791719444
0.791719444
0.791719444
0.791719444
0.791719444
0.791719444
0.791719444
0.791719444
0.791719444
0.791719444
0.791719444
0.791719444
0.791719444
0.791719444
0.791719444
0.791719444
0.791719444
0.791719444
0.791719444
0.791719444
0.791719444
0.791719444
0.791719444
0.791719444
0.791719444
0.791719444
0.791719444
0.791719444
0.791719444
0.791719444
0.791719444
0.791719444
0.791719444
0.791719444
0.791719444
0.791719444
0.791719444
0.791719444
0.791719444
0.791719444
0.791719444
0.791719444
0.791719444
0.791719444
0.791719444
0.791719444
0.791719444
0.791719444
0.791719444
0.791719444
0.791719444
0.791719444
0.791719444
0.791719444
0.791719444
0.791719444
0.791719444
0.791719444
0.791719444
0.791719444
0.791719444
0.791719444
0.791719444
0.791719444
0.791719444
0.791719444
0.791719444
0.791719444
0.791719444
0.752215888
0.752215888
0.752215888
0.752215888
0.752215888
0.752215888
0.752215888
0.752215888
0.752215888
0.752215888
0.752215888
0.752215888
0.752215888
0.752215888
0.752215888
0.752215888
0.752215888
0.752215888
0.752215888
0.752215888
0.752215888
0.752215888
0.752215888
0.752215888
0.752215888
0.752215888
0.752215888
0.752215888
0.752215888
0.752215888
0.752215888
0.752215888
0.752215888
0.752215888
0.752215888
0.752215888
0.752215888
0.752215888
0.752215888
0.752215888
0.752215888
0.752215888
0.752215888
0.752215888
0.752215888
0.752215888
0.752215888
0.752215888
0.752215888
0.752215888
0.752215888
0.752215888
0.752215888
0.752215888
0.752215888
0.752215888
0.752215888
0.752215888
0.752215888
0.752215888
0.752215888
0.752215888
0.752215888
0.752215888
0.752215888
0.752215888
0.752215888
0.752215888
0.752215888
0.752215888
0.752215888
0.752215888
0.752215888
0.752215888
0.752215888
0.752215888
0.752215888
0.752215888
0.752215888
0.752215888
0.752215888
0.752215888
0.744661565
0.744661565
0.744661565
0.731239891
0.701022973
0.701022973
0.701022973
0.599655219
