1.0
0.999999919
0.989696189
0.914579038
0.914579038
0.914579038
0.914579038
0.914579038
0.869088809
0.869088809
0.869088809
0.869088809
0.869088809
0.869088809
0.869088809
0.869088809
0.869088809
0.869088809
0.869088809
0.869088809
0.869088809
0.869088809
0.869088809
0.869088809
0.869088809
0.869088809
0.869088809
0.869088809
0.869088809
0.869088809
0.869088809
0.869088809
0.869088809
0.869088809
0.869088809
0.869088809
0.869088809
0.869088809
0.869088809
0.869088809
0.869088809
0.869088809
0.869088809
0.869088809
0.869088809
0.869088809
0.869088809
0.869088809
0.869088809
0.869088809
0.869088809
0.869088809
0.869088809
0.869088809
0.869088809
0.869088809
0.869088809
0.869088809
0.869088809
0.869088809
0.869088809
0.869088809
0.869088809
0.869088809
0.869088809
0.869088809
0.869088809
0.869088809
0.869088809
0.869088809
0.869088809
0.869088809
0.869088809
0.869088809
0.869088809
0.869088809
0.869088809
0.869088809
0.869088809
0.869088809
0.869088809
0.869088809
0.869088809
0.869088809
0.869088809
0.869088809
0.869088809
0.869088809
0.869088809
0.869088809
0.869088809
0.869088809
0.869088809
0.869088809
0.869088809
0.869088809
0.869088809
0.869088809
0.869088809
0.869088809
0.869088809
0.869088809
0.869088809
0.869088809
0.869088809
0.869088809
0.869088809
0.869088809
0.869088809
0.869088809
0.869088809
0.869088809
0.869088809
0.869088809
0.869088809
0.869088809
0.869088809
0.869088809
0.806311513
0.806311513
0.806311513
0.806311513
0.806311513
0.806311513
0.806311513
0.806311513
0.806311513
0.806311513
0.806311513
0.806311513
0.806311513
0.806311513
0.806311513
0.806311513
0.806311513
0.806311513
0.806311513
0.806311513
0.806311513
0.806311513
0.806311513
0.806311513
0.806311513
0.806311513
0.806311513
0.806311513
0.806311513
0.806311513
0.806311513
0.806311513
0.806311513
0.806311513
0.806311513
0.806311513
0.806311513
0.806311513
0.806311513
0.806311513
0.806311513
0.806311513
0.806311513
0.806311513
0.806311513
0.806311513
0.806311513
0.806311513
0.806311513
0.806311513
0.806311513
0.806311513
0.806311513
0.806311513
0.806311513
0.806311513
0.806311513
0.806311513
0.806311513
0.806311513
0.806311513
0.806311513
0.806311513
0.806311513
0.806311513
0.806311513
0.806311513
0.806311513
0.806311513
0.806311513
0.806311513
0.806311513
0.806280544
0.771949368
0.771949368
0.771949368
0.771949368
0.771949368
0.771949368
0.771949368
0.771949368
0.771949368
0.771949368
