1.0
1.0
0.999766248
0.835938452
0.701154743
0.701154743
0.701154743
0.701154743
0.701154743
0.701154743
0.701154743
0.701154743
0.701154743
0.701154743
0.701154743
0.701154743
0.701154743
0.701154743
0.701154743
0.701154743
0.701154743
0.701154743
0.701154743
0.701154743
0.701154743
0.701154743
0.701154743
0.701154743
0.701154743
0.701154743
0.701154743
0.701154743
0.701154743
0.701154743
0.701154743
0.701154743
0.701154743
0.701154743
0.701154743
0.701154743
0.701154743
0.701154743
0.701154743
0.701154743
0.701154743
0.701154743
0.701154743
0.701154743
0.701154743
0.701154743
0.701154743
0.701154743
0.701154743
0.701154743
0.701154743
0.701154743
0.701154743
0.701154743
0.701154743
0.701154743
0.701154743
0.701154743
0.701154743
0.701154743
0.701154743
0.701154743
0.701154743
0.701154743
0.701154743
0.701154743
0.701154743
0.701154743
0.701154743
0.701154743
0.701154743
0.701154743
0.701154743
0.701154743
0.701154743
0.701154743
0.701154743
0.701154743
0.701154743
0.701154743
0.701154743
0.701154743
0.701154743
0.701154743
0.701154743
0.701154743
0.701154743
0.701154743
0.701154743
0.701154743
0.701154743
0.701154743
0.701154743
0.701154743
0.701154743
0.701154743
0.701154743
0.701154743
0.701154743
0.701154743
0.701154743
0.701154743
0.701154743
0.701154743
0.701154743
0.701154743
0.701154743
0.701154743
0.701154743
0.701154743
0.701154743
0.701154743
0.701154743
0.701154743
0.701154743
0.701154743
0.701154743
0.701154743
0.701154743
0.701154743
0.701154743
0.701154743
0.701154743
0.701154743
0.701154743
0.701154743
0.701154743
0.701154743
0.701154743
0.701154743
0.701154743
0.701154743
0.701154743
0.701154743
0.701154743
0.701154743
0.701154743
0.701154743
0.701154743
0.701154743
0.701154743
0.701154743
0.701154743
0.701154743
0.701154743
0.701154743
0.701154743
0.701154743
0.701154743
0.701154743
0.701154743
0.701154743
0.701154743
0.701154743
0.701154743
0.701154743
0.701154743
0.701154743
0.701154743
0.701154743
0.701154743
0.701154743
0.701154743
0.600121764
0.600121764
0.600121764
0.600121764
0.600121764
0.600121764
0.600121764
0.600121764
0.600121764
0.600121764
0.600121764
0.600121764
0.600121764
0.600121764
0.600121764
0.600121764
0.600121764
0.600121764
0.600121764
0.600121764
0.600121764
0.600121764
0.500983498
0.500983498
0.500983498
0.500983498
0.500983498
0.500983498
0.500983498
0.500983498
0.500983498
0.500983498
0.500983498
0.477777408
