1.0
1.0
0.99999756
0.986585792
0.903979505
0.903979505
0.903979505
0.903979505
0.903979505
0.903979505
0.903979505
0.903979505
0.903979505
0.903979505
0.903979505
0.903979505
0.903979505
0.903979505
0.903979505
0.903979505
0.903979505
0.903979505
0.903979505
0.903979505
0.903979505
0.903979505
0.903979505
0.903979505
0.903979505
0.903979505
0.903979505
0.903979505
0.903979505
0.903979505
0.903979505
0.903979505
0.903979505
0.903979505
0.903979505
0.903979505
0.903979505
0.903979505
0.903979505
0.903979505
0.903979505
0.903979505
0.903979505
0.903979505
0.903979505
0.903979505
0.903979505
0.903979505
0.903979505
0.903979505
0.903979505
0.903979505
0.903979505
0.903979505
0.903979505
0.903979505
0.903979505
0.903979505
0.903979505
0.903979505
0.903979505
0.903979505
0.903979505
0.903979505
0.903979505
0.903979505
0.903979505
0.903979505
0.903979505
0.903979505
0.903979505
0.903979505
0.903979505
0.903979505
0.903979505
0.903979505
0.903979505
0.903979505
0.903979505
0.903979505
0.903979505
0.903979505
0.903979505
0.903979505
0.903979505
0.903979505
0.903979505
0.903979505
0.903979505
0.903979505
0.903979505
0.903979505
0.903979505
0.903979505
0.903979505
0.903979505
0.903979505
0.903979505
0.903979505
0.903979505
0.903979505
0.903979505
0.903979505
0.903979505
0.903979505
0.903979505
0.903979505
0.903979505
0.903979505
0.903979505
0.903979505
0.903979505
0.903979505
0.903979505
0.903979505
0.872401535
0.872401535
0.872401535
0.872401535
0.872401535
0.872401535
0.872401535
0.872401535
0.872401535
0.872401535
0.87200832
0.87200832
0.87200832
0.87200832
0.87200832
0.87200832
0.87200832
0.87200832
0.87200832
0.87200832
0.87200832
0.87200832
0.87200832
0.87200832
0.87200832
0.87200832
0.87200832
0.87200832
0.87200832
0.87200832
0.87200832
0.87200832
0.87200832
0.87200832
0.87200832
0.87200832
0.87200832
0.87200832
0.87200832
0.87200832
0.87200832
0.87200832
0.87200832
0.87200832
0.87200832
0.87200832
0.87200832
0.87200832
0.87200832
0.87200832
0.87200832
0.87200832
0.87200832
0.87200832
0.87200832
0.87200832
0.87200832
0.87200832
0.87200832
0.87200832
0.87200832
0.87200832
0.87200832
0.87200832
0.87200832
0.87200832
0.87200832
0.87200832
0.87200832
0.87200832
0.855463998
0.855463998
0.855463998
0.855463998
0.855463998
0.855463998
0.855463998
0.855463998
0.855463998
0.855463998
0.855463998
0.734284558
