1.0
1.0
0.999997564
0.986693757
0.934041123
0.934041123
0.934041123
0.934041123
0.934041123
0.934041123
0.934041123
0.934041123
0.934041123
0.934041123
0.934041123
0.934041123
0.934041123
0.934041123
0.934041123
0.934041123
0.934041123
0.934041123
0.934041123
0.934041123
0.934041123
0.934041123
0.934041123
0.934041123
0.934041123
0.934041123
0.934041123
0.934041123
0.934041123
0.934041123
0.934041123
0.934041123
0.934041123
0.934041123
0.934041123
0.934041123
0.934041123
0.934041123
0.934041123
0.934041123
0.934041123
0.934041123
0.934041123
0.934041123
0.934041123
0.934041123
0.934041123
0.934041123
0.934041123
0.934041123
0.934041123
0.934041123
0.934041123
0.934041123
0.934041123
0.934041123
0.934041123
0.934041123
0.934041123
0.934041123
0.934041123
0.934041123
0.934041123
0.934041123
0.934041123
0.934041123
0.934041123
0.934041123
0.934041123
0.934041123
0.934041123
0.934041123
0.934041123
0.934041123
0.934041123
0.934041123
0.934041123
0.934041123
0.934041123
0.934041123
0.934041123
0.934041123
0.934041123
0.934041123
0.934041123
0.934041123
0.934041123
0.934041123
0.934041123
0.934041123
0.934041123
0.934041123
0.934041123
0.934041123
0.934041123
0.934041123
0.934041123
0.934041123
0.934041123
0.934041123
0.934041123
0.934041123
0.934041123
0.934041123
0.934041123
0.934041123
0.934041123
0.934041123
0.934041123
0.934041123
0.934041123
0.934041123
0.934041123
0.934041123
0.934041123
0.910951966
0.910951966
0.910951966
0.910951966
0.910951966
0.910951966
0.910951966
0.910951966
0.910951966
0.910951966
0.903885031
0.902357129
0.902357129
0.902357129
0.902357129
0.902357129
0.902357129
0.902357129
0.902357129
0.902357129
0.902357129
0.902357129
0.902357129
0.902357129
0.902357129
0.902357129
0.902357129
0.902357129
0.902357129
0.902357129
0.902357129
0.902357129
0.902357129
0.902357129
0.902357129
0.902357129
0.902357129
0.902357129
0.902357129
0.902357129
0.902357129
0.902357129
0.902357129
0.902357129
0.902357129
0.902357129
0.902357129
0.902357129
0.902357129
0.902357129
0.902357129
0.902357129
0.902357129
0.902357129
0.902357129
0.902357129
0.902357129
0.902357129
0.902357129
0.902357129
0.902357129
0.902357129
0.902357129
0.902357129
0.902357129
0.902357129
0.902357129
0.902357129
0.902357129
0.902357129
0.88077714
0.88077714
0.88077714
0.88077714
0.88077714
0.88077714
0.88077714
0.88077714
0.88077714
0.88077714
0.88077714
0.78610474
