0.4852499164000001
0.4169532368666668
0.3737586453333334
0.3505567803333334
0.40268169360000006
0.3861794056666667
0.3372885208
0.2763387933333334
0.2224879658
0.17750179073333333
0.19301268066666666
0.20389403693333333
0.16661903793333335
0.1619676980666667
0.15364315966666667
0.16507899473333332
0.17371917793333333
0.15354691413333335
0.12958328479999998
0.10348257706666666
0.08527458679999998
0.08267949079999998
0.08593844626666663
0.07841259066666664
0.06959821073333333
0.07931130126666665
0.08280026526666664
0.12220269646666668
0.10708660233333332
0.08871661273333334
0.07961822206666666
0.07192800526666666
0.06380351446666666
0.06804600333333334
0.061677340333333316
0.05061666693333333
0.053794238800000005
0.053613859133333344
0.052801318
0.0488817894
0.02881844946666667
0.02550699273333333
0.013014149866666668
0.014908146733333334
0.013906827466666669
0.0402218874
0.059280358866666674
0.08792022786666666
0.11043891326666667
0.13416459373333334
0.1443267171333333
0.12913088
0.15205210473333333
0.177276103
0.20504735473333335
0.21918825900000002
0.19556963306666666
0.2085288062
0.23274563480000002
0.2638481514
0.26817541673333334
0.28009471020000004
0.27089230999999997
0.22813062106666662
0.2285412742
0.2449683046
0.29443617213333334
0.28315812586666667
0.25622114986666666
0.24045500933333333
0.2324504021333333
0.25215541999999996
0.26060521426666666
0.2564439661333333
0.22169025086666666
0.18915410560000004
0.1608359294666667
0.15124357353333334
0.18294418393333337
0.15832903866666667
0.138349729
0.12303310199999998
0.12411149706666666
0.1477002808
0.17829158526666664
0.2016779589333333
0.18018436333333332
0.15961259979999998
0.1430713380666667
0.16393866013333333
0.19041044926666664
0.20820734766666668
0.20204465666666666
0.18739955260000002
0.18759654833333334
0.20588645546666667
0.21067044726666667
0.21599615046666668
0.19835854086666668
0.16191965573333328
0.1333170512
0.1418571233333333
0.1414805574
0.13964879746666667
0.12607504800000002
0.10232406226666667
0.07144674833333335
0.08503806440000002
0.09920118940000001
0.10555720606666666
0.0844937586
0.06611821686666665
0.0698973432
0.07236678073333333
0.07496878906666667
0.07455183706666667
0.07475318560000001
0.0637947576
0.050189552466666676
0.04945542313333333
0.04996179873333333
0.06251079673333333
0.051265246533333336
0.03753688266666667
0.047434884933333345
0.047374750066666665
0.04162669733333333
0.01936885853333333
0.014005644666666666
0.013121904333333333
0.012990462666666666
0.013856025
0.0158648502
0.0232418608
0.022227930533333332
0.023200882333333332
0.0333220024
0.029969347799999997
0.0316118022
0.0164477796
0.013537170466666667
0.010937657066666667
0.0037190545333333326
0.0040084296
0.0034508227333333325
0.0037186414666666666
0.009157255733333335
0.012048433200000002
0.018086902666666668
0.016371233066666668
0.014528810733333333
0.005473180400000001
0.0220260092
0.028285519533333327
0.0252280254
0.0228766894
0.024930890933333335
0.03945590620000001
0.053108797400000005
0.05371232793333334
0.05135556706666667
0.04443372953333334
0.05117265420000001
0.07848034566666667
0.12340107306666666
0.161272543
0.17176908813333333
0.16649028066666666
0.15443223226666666
0.19608590439999998
0.23580032946666665
0.2630845017333333
0.2813618390666666
0.2884226152
0.27540016759999997
0.31103156086666667
0.3436108191333333
0.3626140630666666
0.3610448831333333
0.3546537812666667
0.31073588146666675
0.3083179571333334
0.3139769509333333
0.33152912039999993
0.3049192037999999
0.2629720064
0.23198709139999998
