0.37015728048
0.34101654984
0.29043235796
0.2737994356
0.29571754855999993
0.27423014848
0.24913383931999994
0.21616094431999994
0.17789625952000002
0.15104634895999994
0.16058083599999995
0.15632728315999997
0.14588918339999996
0.13289530679999997
0.11491153711999999
0.12698043804
0.14044701924
0.13871160784
0.12829325015999998
0.10899249271999999
0.09163240463999997
0.09020196863999999
0.08914302799999999
0.08601115291999997
0.08214808479999998
0.07621793344
0.06582062548
0.07705516295999999
0.06669658652
0.051918398240000004
0.04604605136000001
0.05215138364000001
0.054733220560000004
0.05892156524
0.055616971080000015
0.06493198288000002
0.0763879662
0.08966651064
0.10348175028000002
0.11946777328000001
0.11391379736000001
0.09329728047999998
0.09503008452
0.10761622124
0.11991685936000002
0.12809063108000002
0.12570616684000002
0.14015738347999998
0.15616341599999997
0.17405199091999995
0.19264878096000002
0.21041803811999998
0.21866072116
0.20693834671999997
0.22578572639999997
0.24186012599999998
0.25252384932
0.25562926144
0.25158412752
0.253940314
0.24186080148
0.23888703607999998
0.24248104127999995
0.24307109011999997
0.22630013203999993
0.21885547739999997
0.22895187383999993
0.21779946223999996
0.21062288516
0.19805251892
0.19309517884000002
0.2084038028
0.20443944804
0.19965399968000008
0.20294266232000008
0.20180156552
0.17840643816
0.1757961046
0.19330276468000002
0.1880340302
0.18697943828
0.17764688503999998
0.16838285428000002
0.16989543376000005
0.16610671844000002
0.17690180516000006
0.18369443968
0.17734763592
0.16433219431999999
0.16752221448000001
0.16960560228
0.16793495932
0.1701002532
0.16615362788
0.16784098892
0.16568257476
0.14609866532
0.14485618635999997
0.13943996724
0.12160844411999999
0.10660531748
0.11624408215999998
0.12394259620000002
0.12193659311999998
0.11334781991999998
0.09836729572
0.08736404216
0.08669905852
0.08202118275999998
0.08393168827999997
0.06984097268
0.05596610452000001
0.045305310400000014
0.042857801560000006
0.05183197952
0.053838394920000004
0.0539622054
0.049191956440000004
0.04601513619999999
0.04464764275999999
0.04306064507999999
0.05093214455999999
0.04376450463999998
0.0365237666
0.033467037160000004
0.032617884439999995
0.03541572092
0.020933389519999998
0.017460460299999998
0.01677351282
0.0172311721
0.01516418606
0.01306409646
0.0178491353
0.017451930100000002
0.016339275740000003
0.01969354954
0.020135189980000003
0.02526900786
0.015813006100000002
0.013455992379999998
0.01446249474
0.022723368739999996
0.02591528342
0.024290053939999997
0.02462990406
0.023447388700000002
0.027939334419999996
0.03672110814
0.03665712278
0.03500144818
0.02798439646
0.03398626506
0.05404486208
0.08013321072
0.10292928067999998
0.11193414047999997
0.12246331696
0.11805292532000002
0.14122546648
0.16432347516
0.17661823704
0.19191270664
0.20002628168
0.19281443900000003
0.21240765052
0.23072383236000005
0.23912280132000002
0.25507896116
0.27894037895999996
0.27573524392000004
0.28276917368
0.28684883292
0.28546591603999993
0.29272593784
0.2903052831599999
0.28827139304
