0.3851681856399999
0.3567347745999999
0.30874773615999995
0.29026660559999995
0.30782015719999994
0.28680170103999997
0.26192551744
0.2295116446
0.1923736954
0.16574276499999996
0.17261746931999997
0.16867509688
0.15814217332
0.14579047792
0.12828649456
0.13828745144
0.15039294856
0.14861778603999998
0.13936738927999998
0.12047016551999996
0.10297189292
0.09989383560000001
0.09865473644
0.09596233088000002
0.092046769784
0.086636048024
0.075421475584
0.08405068286399997
0.07468047322400001
0.06051180182400001
0.05515897130400002
0.06121389430400001
0.06327449038400002
0.06618254710400001
0.06426507470400002
0.073550868064
0.084347909944
0.09766642394399999
0.11084785734399999
0.12594914574399999
0.120637667544
0.10211129906399999
0.103423841984
0.114841746224
0.12677318402399998
0.13502616138399998
0.13469714082399997
0.14832893486399998
0.163952242984
0.18158799835999997
0.19973840395999998
0.21760941463999997
0.22561470459999997
0.2146962424
0.23329177131999995
0.24868456279999995
0.2592447708
0.26313232564000005
0.2603941456800001
0.2607159216800001
0.24873351508000005
0.24564301388000004
0.24917961532000002
0.24997013060000003
0.23441088652000006
0.22627545228
0.23486130568000005
0.22406011444000004
0.21690363296
0.20548342339999998
0.20074318640000002
0.21404919928
0.20976236344
0.20495912548000003
0.20824122124000002
0.20731192216000005
0.184995338
0.18272535436
0.19961432204000001
0.19429852627999997
0.19325473588
0.18442628028000002
0.17423368304
0.17520368244
0.17065241972000003
0.18085149287999996
0.18779282179999998
0.18163236700000002
0.16844725991999998
0.17078996267999996
0.17365632744000004
0.1718667764
0.1740758308
0.17027931808000002
0.1705796308
0.16771277987999997
0.14795845020000004
0.14653780340000003
0.14138038288000002
0.12359675975999998
0.10839865936000001
0.11736795087999999
0.12507643348
0.12333490799999998
0.1147337812
0.09979917384000002
0.08828758964
0.08642839568
0.08110225144000001
0.08360069216000002
0.06973805224
0.05578288408
0.04493278748
0.04276527956
0.05136523636
0.053883799399999995
0.053927042519999996
0.04914542308
0.045778516600000006
0.04410886932
0.04266831564
0.05004495108
0.04322413336
0.03570425876000001
0.032596260360000004
0.03205083728000001
0.03466114584
0.020503951000000003
0.016589768924000003
0.0159921857404
0.016391242300399997
0.0142355003404
0.013410991700399997
0.0173767742204
0.016990528446400005
0.0163768028864
0.0196055838464
0.020107760406399996
0.025427863726399998
0.0162807424864
0.0133736726864
0.014826679686400002
0.0232906498864
0.0265877647664
0.025213389726400002
0.0259854470864
0.0251524784864
0.0302040380064
0.0389127818064
0.0387482718064
0.03734591780640001
0.029919755806400005
0.03604942080640001
0.056372898722400006
0.082456534666
0.105265556706
0.11371496638600002
0.12457681358599998
0.122431765266
0.14616398628000002
0.16875830192000002
0.18118375184000002
0.19671868576
0.20404715799999995
0.19868426503999997
0.21804444572
0.23593035072
0.24412572215999997
0.26015635703999995
0.28404315251999995
0.28269664319999993
0.29043167659999997
0.2938770728399999
0.29260524988
0.29982859335999995
0.29713127752
0.29640924856
