0.3646727696000001
0.3351227213200001
0.28393865956000003
0.26814078008
0.29092103532
0.26914808432000004
0.24378902268000002
0.21041567232000002
0.17167184987999998
0.14501771176
0.15505649663999999
0.149808934
0.13936677032000003
0.12599236184
0.10820571199999998
0.12110960051999997
0.13463093836
0.13300509024
0.12205867328
0.1025419868
0.08521137415999998
0.08457271335999998
0.08289450499999998
0.07900667239999998
0.07552304152
0.06961888839999998
0.059749055119999984
0.07156366304
0.0604925338
0.04534888984
0.03935327336
0.045703627239999996
0.048685431679999995
0.05325359044
0.04879653703999999
0.05817975451999999
0.07053323419999999
0.08408357395999999
0.09822246595999999
0.11426287131999999
0.10862813791999999
0.08754742396
0.089473308
0.1026062342
0.11514733504
0.12309529552000001
0.11988860391999999
0.13552060672
0.15207336932
0.17009902368000002
0.18871500440000002
0.20631351704000003
0.21445064448
0.20342004780000003
0.22205856220000006
0.2383180510000001
0.24890493160000005
0.2515596936
0.24739403608000005
0.25107624416
0.23843240436000004
0.23561364060000006
0.23913159856
0.23967640104
0.22261441796
0.21561143748
0.22533654671999997
0.21396552575999997
0.20682089635999998
0.19402757255999997
0.18981493299999996
0.20538301296
0.20090930812
0.19636682368000002
0.19974230447999997
0.19853392968000003
0.17566743247999997
0.17236377244
0.18864083123999997
0.18385284952
0.18287672427999996
0.17359925203999996
0.16529744424
0.16552793799999999
0.16231249596000002
0.17387656499999998
0.18049202932
0.17414386984
0.16151556852
0.1638799474
0.16503169703999998
0.1642801488
0.16650596276
0.16266359936
0.16450045512
0.16126132424
0.14264743984
0.14185338464
0.13642848316
0.11867186843999997
0.10356604480000002
0.11205234143999998
0.12031471588
0.11909283412
0.11049802476
0.09551652971999999
0.08420765156
0.08355602332
0.08033759928
0.08161577999999999
0.06770653019999999
0.053751649519999986
0.04301484227999999
0.03993548824
0.04998100596
0.05200066412
0.051914085840000006
0.047047696560000005
0.04370694244000001
0.04272613856
0.041916369960000005
0.049653217560000004
0.04205209480000001
0.03476200212
0.031618214680000006
0.030930804439999994
0.034073920839999994
0.01905804504
0.015482501119999999
0.014868400279999998
0.01539186416
0.013624768720000003
0.01100227472
0.015998268719999997
0.01512337832
0.0141704756
0.01764109296
0.0185220068
0.02309201412
0.01298002356
0.011223240840000002
0.012381810680000003
0.020652335440000003
0.024050426040000003
0.022132072920000002
0.0213236002
0.020269688280000003
0.025156908319999997
0.03391843068
0.03401401676
0.031063286440000004
0.024308129240000004
0.031243990640000004
0.05121314020000001
0.07715199964
0.09986446436
0.10888066932000001
0.11831507112
0.11430470764
0.13771312192
0.160572613
0.17262603588
0.18674495183999998
0.19611985819999997
0.18943137747999997
0.20896493652
0.22719071248
0.23559682295999998
0.25086875836
0.27480745316
0.2725799796
0.27891290904
0.28302769795999994
0.28135690144
0.28843724743999993
0.2875424766
0.28515805299999997
