0.6099306362
0.5575274218
0.5343011674
0.5849552786000001
0.7937928026
0.6446161644
0.5162389306
0.39638221739999996
0.2793392512
0.20648155179999997
0.21724132640000002
0.19308511020000002
0.20728273819999998
0.20282253299999997
0.21940287320000001
0.3097523238
0.3197607612
0.24497195779999997
0.20478607859999998
0.1278023484
0.0692459516
0.1184705254
0.069223709
0.09709403659999999
0.13110816679999998
0.13029497619999997
0.0981138692
0.1629440992
0.1054393982
0.0704368046
0.07636960200000001
0.05220614979999999
0.045023412799999996
0.0543344876
0.0258074926
0.049239336599999996
0.1136837906
0.17139486040000002
0.17981224980000002
0.1898076512
0.1330121568
0.06853550820000001
-0.0028709414000000003
-0.006624407600000002
-0.006419691199999999
-0.007826404399999999
-0.0034361903999999997
0.0087843838
0.0005212045999999998
-0.020040266
-0.020564434200000002
0.029767659999999994
0.051334387199999984
0.0665642918
0.0889296688
0.1707992596
0.1733890626
0.2196898632
0.2771354128
0.34506150360000004
0.29414840900000006
0.198230362
0.1982127298
0.2004846046
0.19205308159999998
0.2038963254
0.23057993999999998
0.2227655534
0.2361115662
0.2642559666
0.31496434500000003
0.42012316600000005
0.40130107220000005
0.2543958582
0.2386284114
0.22549229099999998
0.24029671600000002
0.2361770886
0.2897931958
0.22970260680000001
0.17080263699999998
0.1052049964
0.1539487624
0.23457022580000003
0.20686059379999996
0.17912178860000003
0.1485545508
0.07480483460000001
0.0382435798
0.050815016000000005
0.0750948326
0.1278395848
0.15596548240000002
0.1812671388
0.28870668359999996
0.35849627840000003
0.2701363428
0.258084355
0.2226396832
0.16408525079999997
0.1513816548
0.2364989504
0.199110837
0.17275654120000003
0.12006604800000001
0.12041447140000001
0.1354427696
0.1987726706
0.20675402859999997
0.213938074
0.1426407742
0.069757149
0.038567921000000005
0.0473507476
0.05240888819999999
0.055479694999999996
0.018658114800000004
0.029745148199999998
0.047698835599999996
0.05754395959999999
0.06310999199999999
0.120863427
0.15351640419999998
0.1351228126
0.1227821298
0.11019154599999999
0.0920987504
0.012893148599999998
-0.026820510600000003
-0.0270146102
-0.022217143800000002
-0.021546918600000003
-0.00819607
0.010937122600000002
0.053439530199999995
0.0626278854
0.05973765339999999
0.0580011512
0.0631374208
0.0164872044
0.0015909458000000001
0.0035078106000000003
0.0026078892
0.00024198760000000022
0.0016409316
0.010896188800000001
0.0432813088
0.0393608286
0.0398062811
0.0393145081
0.0332579843
-0.009158923900000001
-0.0264533167
-0.0248771356
-0.023622523800000007
-0.026676625600000003
0.0010998987999999987
0.027159397600000003
0.048036485399999995
0.0452449102
0.0482114686
0.03358237940000001
0.07094204500000001
0.0663687986
0.058872443600000005
0.0574605042
0.0484322804
0.028687717600000003
0.0542711112
0.06347627580000001
0.0627539094
0.0659663476
0.0695954818
0.12642505080000002
0.25669494779999996
0.3728971468
0.4105897962
0.4159319428
0.2951631806
0.281838755
0.2802943468
0.3245203816
0.37440634600000006
0.4579032672
0.30318977280000003
0.28863234540000005
0.30411035599999997
0.3069925184
0.34163219600000005
0.48950214340000003
0.3740984712
0.308658987
0.26731787560000003
0.20620588560000003
0.1324040702
0.13560410559999997
0.09347744439999998
