0.6327239191999999
0.5799757395999999
0.5567740328
0.603146142
0.7938061714000001
0.6610143786000001
0.5349765494
0.4156631894
0.2985726886
0.22558377599999999
0.23070629880000001
0.2094027262
0.22342056980000002
0.2189262276
0.23356158100000002
0.316318093
0.33004782979999997
0.2610122388
0.2208602936
0.1454734856
0.0850782386
0.129271028
0.08686865000000002
0.1098276762
0.14067577199999998
0.1408914962
0.10592945379999999
0.160593575
0.113681591
0.0834192104
0.09009322000000002
0.06872444659999999
0.058815833
0.0656566012
0.0383024238
0.059056209400000004
0.11799198460000002
0.1757986334
0.1868107844
0.1944799358
0.13974030040000002
0.077552265
0.0111969908
0.0038350016
0.0033565069199999998
0.0033990141199999996
0.006909227919999999
0.013848382119999999
0.0034183879200000004
-0.0169990678
-0.016493887399999997
0.0348915474
0.056712612600000004
0.0711919604
0.10218557480000001
0.1820527038
0.18439452480000001
0.2307755008
0.2889831524
0.346722779
0.29449020680000004
0.20680893020000002
0.2045857236
0.20678022879999997
0.19860012720000003
0.21168276960000001
0.2404814738
0.2357224552
0.2493874854
0.2774305786
0.326960227
0.421470597
0.4002772308
0.257138385
0.24151979700000004
0.2282369068
0.24306832820000004
0.2443007178
0.2996814768
0.2393063266
0.1822974652
0.1163857402
0.1610119492
0.23686307699999998
0.21519760319999998
0.18219989279999999
0.15290038920000001
0.0789882192
0.041447740600000005
0.053962811599999994
0.08402144019999999
0.1364209418
0.1642337002
0.189664948
0.29121956779999997
0.3598039058
0.2762012906
0.2650921854
0.2304143678
0.1718063222
0.1579509754
0.24022303960000002
0.20184236120000004
0.17762827879999998
0.1210757938
0.1202812502
0.1332184478
0.19800536900000001
0.2030809644
0.215885318
0.14622406559999998
0.0732701622
0.041205538199999996
0.050608031399999996
0.0529111522
0.05430370239999999
0.0168793108
0.026543563200000002
0.045170272
0.05630521260000001
0.06323330320000001
0.123248794
0.1577853358
0.14018699340000002
0.1274914294
0.11495354780000003
0.0948212334
0.0086021722
-0.033535004
-0.034589651400000004
-0.030024357800000002
-0.029305079999999994
-0.009472671999999998
0.011396105000000004
0.054708039
0.0669528014
0.0639909544
0.0622687162
0.0656742166
0.016629317
-0.0017737163999999993
-0.0025311464
-0.0030628853999999997
-0.0052010172
-0.0012578321999999996
0.0101459114
0.0463297678
0.044184424
0.04461454422
0.044471056302
0.03665557290200001
-0.007306994097999999
-0.026862624298000005
-0.029599977517999997
-0.029597937869999997
-0.030096554869999993
-0.0024546624699999992
0.024011171530000004
0.05165155253
0.0511591092
0.0519371504
0.0400964336
0.0781831636
0.0714737218
0.0612925532
0.06128515560000001
0.04909784760000001
0.0315040552
0.056424067999999994
0.06641657819999999
0.066948265
0.07016615440000001
0.07341133800000002
0.1319151288
0.2630123706
0.37625376740000005
0.4116690588
0.4157743396
0.3006943552
0.2889393202
0.2873671712
0.33488926480000003
0.3847205324
0.45972851620000005
0.313760503
0.2983678694
0.313829428
0.31521834560000006
0.352019717
0.48808699059999994
0.384546143
0.321604477
0.28026080859999997
0.2186685322
0.14534378239999998
0.13912143659999998
0.1000540142
