0.6052463118
0.5530721310000001
0.5298383168
0.582060946
0.7934042532000001
0.6390794942
0.5108593648
0.38999786720000007
0.2727398602
0.2002714444
0.21142394320000002
0.18692821480000002
0.20143975200000003
0.1968695348
0.21436938319999999
0.3080347796
0.31407798280000004
0.2375787608
0.19785450239999997
0.1178645446
0.0595793192
0.1106759132
0.06083860099999998
0.091179057
0.1286955512
0.1276228854
0.09640363780000001
0.16222338060000002
0.099716295
0.0638876354
0.0686215558
0.0409589214
0.0347533572
0.04434242
0.016211445599999996
0.04168946259999999
0.1110382366
0.1696313516
0.17720109199999998
0.1860507572
0.1285436478
0.06378685779999999
-0.012974165399999998
-0.017405501999999996
-0.0172301818
-0.018383109599999996
-0.013442378
0.0041843912
-0.001391636
-0.0221752072
-0.023705189800000002
0.026176498400000005
0.047832223800000004
0.06352157820000001
0.08112587140000001
0.16275396160000002
0.1651069562
0.2117440686
0.2691867976
0.34354311699999995
0.2939313796
0.1961091854
0.1965800218
0.1991199332
0.1904730758
0.20087943579999998
0.2254927576
0.2172623282
0.22993017359999998
0.25752826139999996
0.30971543479999997
0.4186821876
0.39883458
0.2553417564
0.23762248540000003
0.22431004320000003
0.2391335712
0.23337746939999998
0.2833915196
0.2262142812
0.16332572839999998
0.09865050119999999
0.1496035934
0.23059862239999998
0.201233986
0.1798265452
0.14472371600000003
0.0707496578
0.03484240980000001
0.0475388488
0.0718969134
0.1257250888
0.15198123999999996
0.1776598102
0.286101921
0.3533104182
0.2701042852
0.25610690160000005
0.2167117942
0.1581752106
0.1460240162
0.228792669
0.1980458284
0.16782705339999998
0.11851251339999999
0.11832493200000001
0.1331143876
0.1938357214
0.210536775
0.20907124319999998
0.1356022054
0.06366431339999998
0.0325601224
0.040582564
0.0506413874
0.05304504940000001
0.017561544000000012
0.028718349400000003
0.0464842292
0.0569589876
0.064834021
0.11712879320000003
0.1484135578
0.130033549
0.1173059922
0.1057764408
0.0895692196
0.0142523656
-0.025949120800000003
-0.025898710400000004
-0.020725065600000002
-0.0191656226
-0.008870183799999999
0.008526219799999998
0.050897373
0.057072875
0.054476495
0.05272439379999999
0.059439834999999996
0.014367050399999998
0.0026235786000000007
0.0062572026
0.0037403406
0.0017595276
0.0014193682000000003
0.0099061934
0.0392323096
0.033443309000000004
0.033636044000000004
0.0335569202
0.0280817394
-0.012676541
-0.026026485999999998
-0.023370282800000003
-0.0246238202
-0.026832008400000003
0.0009159986000000009
0.028728476600000004
0.043994946800000004
0.0401805992
0.0423367012
0.028180083599999996
0.063376037
0.06423189459999999
0.060127297199999985
0.05312537540000001
0.045696590599999996
0.026263205
0.051099550800000004
0.060829087400000016
0.05860462460000001
0.0594245144
0.0638787206
0.12010959160000001
0.2492468346
0.372087629
0.41018615939999997
0.40932891639999996
0.2920875544
0.27818179120000003
0.2767087348
0.3196428314
0.37087788019999995
0.4530706995999999
0.29877187699999996
0.2842983188
0.3010034666
0.3076353926
0.3379763954
0.48700767559999997
0.3712005908
0.3043075734
0.26341758
0.20354026620000001
0.1289780588
0.13341710960000003
0.09065023420000003
