0.5479453299
0.4909188212999999
0.43043333380000004
0.41274504930000006
0.386144593
0.39201523619999995
0.38277658549999993
0.3710368721999999
0.3633408908
0.3514700735
0.34147354939999996
0.3277243935
0.3281255986
0.32901021509999995
0.32422603510000003
0.324603505
0.32324782789999995
0.32078251550000003
0.31659320750000003
0.31276501060000006
0.3058582656
0.30502381519999994
0.30250647270000003
0.2968401961
0.29393933629999996
0.2867854928
0.28005343790000004
0.2727238391
0.26691911719999994
0.25861236409999994
0.25294904989999994
0.2477097698
0.24202584610000005
0.2365423708
0.23420092759999997
0.23102871269999997
0.2274608335
0.22468529100000004
0.22270479640000002
0.22322315319999997
0.2230258934
0.2237020916
0.2257631045
0.22534156829999996
0.2248859655
0.2234800344
0.2237792235
0.2242611948
0.22282883469999998
0.22100756819999998
0.2194220269
0.215447641
0.2122041238
0.20972285370000004
0.2056761014
0.20303418090000003
0.1999778968
0.19707418999999998
0.19521745369999996
0.19316693499999996
0.19111288869999998
0.18966218359999998
0.1879881825
0.18687427949999996
0.1856277226
0.1852998711
0.18407997430000003
0.18277950980000002
0.1822573792
0.182053832
0.1809328637
0.18022187800000003
0.1795574451
0.1791246487
0.1789226875
0.1778149614
0.1773197236
0.1769948218
0.17567025790000002
0.17515996
0.1747046525
0.1735485657
0.1719745136
0.16999629519999998
0.16837808080000002
0.16705999600000004
0.1654904979
0.1638890456
0.16311050729999998
0.16147270149999998
0.1606043635
0.1600511465
0.1598734963
0.15970294029999998
0.1592725256
0.15835532609999997
0.1573589265
0.1566434016
0.15588631090000002
0.1551797303
0.1539215065
0.15328661999999998
0.15238977310000001
0.1511855138
0.15074899519999999
0.1500793406
0.14971663080000003
0.1492789463
0.1486402581
0.1479808719
0.147463195
0.14674186449999999
0.14613103509999997
0.1462001228
0.14577635150000004
0.1456589567
0.14519110889999998
0.1440822094
0.14363797420000002
0.14221613979999997
0.1407218887
0.1390505118
0.1374963274
0.13599259219999998
0.1340239997
0.13281451390000001
0.1319581999
0.13109198390000001
0.1296545732
0.1292188921
0.12898242170000002
0.1286219238
0.12825721349999997
0.1274805243
0.1276862719
0.1271541011
0.1259872977
0.1254221062
0.1248948618
0.1242864175
0.1236997095
0.12334807659999998
0.12310640979999998
0.12300822730000001
0.1220794351
0.1216910703
0.12182231290000001
0.12194144710000002
0.12212129949999999
0.1216974166
0.12178875329999998
0.1214342045
0.1210071265
0.1207367166
0.1208013282
0.1204130986
0.1195801254
0.1187311006
0.11778145610000001
0.1176534861
0.1167646591
0.1162383092
0.11538864340000002
0.11436883100000002
0.1129166335
0.11199812270000001
0.1106805941
0.10987797410000003
0.1091047672
