0.6233785122
0.5806186716999999
0.5274573621
0.5137558908
0.4929269688
0.5090196034
0.5019401454000001
0.4892657713000001
0.4817228268
0.46375793410000005
0.44971141340000004
0.42781102579999997
0.42506434750000005
0.4283874191
0.4161635091
0.413468722
0.4096231874000001
0.4041283366999999
0.39573223909999994
0.3889568806
0.3759238134
0.37514525509999996
0.37172969730000005
0.3603248811
0.3546822887
0.34558219250000005
0.3373610372
0.32975154479999996
0.325968271
0.31831554879999996
0.31415719500000006
0.3101838805
0.3047138061
0.3011505783
0.30103872530000003
0.2973762926
0.2930276495
0.2895637127
0.28772357509999996
0.28842115669999996
0.2860757606
0.28652553059999997
0.2889855806
0.28695550689999993
0.28635872379999994
0.2853951338
0.28772509139999997
0.28962520430000005
0.287919805
0.2870690363
0.28760008400000003
0.2833311579000001
0.281076054
0.2801119078
0.2768144823
0.2749806709
0.2710827108
0.2682355628
0.26623977169999996
0.2633688864
0.2609765562
0.2586024403
0.255159909
0.25379226730000004
0.25201229030000005
0.2497310339
0.2476861929
0.2445952181
0.2433024783
0.2432863277
0.24181939580000003
0.24178505400000003
0.24234843769999997
0.24178025539999998
0.24185379140000002
0.2407759549
0.24118808310000003
0.2419337858
0.2405078253
0.24003266010000007
0.23969836129999997
0.2381174849
0.2355038263
0.2324744966
0.22988522000000003
0.22909485750000003
0.22638519780000005
0.2250241344
0.22434389620000003
0.22139452969999995
0.21932469699999996
0.2179812615
0.2167643219
0.21593936879999998
0.2149543515
0.2135141297
0.21274584020000004
0.21104104580000005
0.21028276520000003
0.2103051569
0.20934993910000005
0.20811725640000006
0.20764564560000004
0.2075316677
0.2075780995
0.20790763669999998
0.20762198920000002
0.2074948384
0.2070426751
0.2064114187
0.2065881235
0.2069890578
0.2064844382
0.2066661217
0.20593654460000002
0.20612558640000006
0.20588839620000005
0.20433398589999996
0.20287588969999998
0.20108433029999997
0.1995814852
0.1976608593
0.1966771289
0.19457104799999997
0.1930050592
0.19085560599999998
0.18906577449999998
0.1880286015
0.186593422
0.1859639394
0.1851317135
0.18498140629999998
0.18458289290000002
0.1836947521
0.1827161551
0.18133804209999999
0.18042883780000002
0.17993820380000003
0.17923236150000002
0.17850649170000002
0.1779382871
0.1771765624
0.17668367799999998
0.17694303279999998
0.17738893289999996
0.17725821960000002
0.177289749
0.1774513787
0.1780877307
0.17849724900000002
0.1786732651
0.1783560434
0.17743657910000002
0.1764066755
0.1760560227
0.1754560115
0.1748792295
0.17344255070000003
0.1721836744
0.17165000489999999
0.170787278
0.16998823270000002
0.16879159109999997
0.16762238709999996
0.1658985022
0.16525712369999995
0.16437446699999997
0.16407362569999998
0.1632470267
