0.6428969202999999
0.6040260130999999
0.5550738177
0.5406701024
0.5243309513
0.5430451192
0.5378733288
0.5304330244000001
0.5256151751
0.5068863556
0.49656842889999997
0.4745865783
0.47267224919999995
0.483318211
0.46695141640000004
0.46778188079999994
0.46691810249999993
0.4627284757
0.45339909040000004
0.44999395
0.43707061320000007
0.43995789710000005
0.4384539375
0.42713872249999996
0.42548947019999994
0.41687821449999996
0.40853698299999996
0.398993144
0.3973160846
0.3878405074
0.38149433639999997
0.37715741669999997
0.3714929775
0.3663869084
0.3654636915
0.36355070899999997
0.3571128403
0.35198254160000003
0.35093041989999996
0.352739963
0.3533145259
0.35353022920000005
0.3561453372
0.35407109870000003
0.3542996807
0.35102867709999996
0.3539975032
0.3576281174
0.35370323470000004
0.3505126944
0.3473683767
0.34114491979999995
0.33591113279999996
0.33267880569999997
0.32663678319999995
0.3230163405
0.31755958790000005
0.3117194753
0.3095880442
0.3049976408
0.3022162992
0.3003297909
0.2979352508
0.29704153730000005
0.29585205220000005
0.2954218698
0.29577262719999997
0.2945915538
0.293740119
0.29588355740000005
0.2938897437
0.29262954139999997
0.2930400297
0.29436879469999994
0.29628902209999997
0.2934559054
0.2918558963
0.2904879441
0.2876094745
0.2863280651
0.285670654
0.2853965331
0.2819426003
0.27773839710000003
0.27392560860000004
0.274731456
0.2725229978
0.2725349708
0.2743201994
0.27215757279999997
0.2723557496
0.2705449281
0.27033044970000003
0.268387068
0.2669351375
0.26553770330000004
0.2657048456
0.2634109976
0.26151971779999994
0.2606088562
0.25785164550000006
0.2562685465
0.25410360109999997
0.2541275474
0.25388091669999996
0.2517290727
0.2513018807
0.25162782780000004
0.2507709762
0.249113867
0.24923794260000004
0.24801113460000002
0.2476406209
0.2467178722
0.245520503
0.2459897905
0.24333857720000002
0.2397343241
0.23796638209999998
0.23605234549999995
0.2335587693
0.23205214329999996
0.23014915930000002
0.2280159979
0.22560732000000003
0.22182119409999998
0.21972153080000006
0.21763038040000002
0.21532487320000002
0.2151945407
0.2152060581
0.21460357529999996
0.21368515109999997
0.21239566859999998
0.21112235850000002
0.2115688572
0.2108228079
0.2118049978
0.2123283983
0.21109496870000002
0.21085847970000002
0.2106910004
0.21126431569999998
0.2120666263
0.21220611469999998
0.2124218451
0.2127317739
0.21202322450000005
0.21137365800000002
0.211262507
0.2096291593
0.20820697409999997
0.2068552989
0.2065698363
0.2068114211
0.20492298069999998
0.20340906250000002
0.2031370941
0.20182838500000005
0.2013024129
0.201258074
0.20099548300000003
0.20045597040000002
0.19877667240000002
0.1969758095
0.19584646879999998
0.1937428073
0.1920618134
0.1897853488
