0.5690020868
0.5316355322666666
0.49938421353333334
0.49151312553333326
0.4736022659333333
0.4857375992
0.4752776963333334
0.46180744040000005
0.45773096560000004
0.44163000873333336
0.4290622266666667
0.41763854273333334
0.41716486326666674
0.4128306910666667
0.40428887380000006
0.39700707253333345
0.3907477694666668
0.38345005773333335
0.3767990018
0.36891291179999997
0.35964274606666663
0.3573385503333333
0.35362299480000003
0.344551259
0.3390569002666667
0.3307993878666667
0.3244548982
0.317173704
0.3137445612666667
0.31030080826666673
0.3072777322000001
0.3025934799333333
0.2988456717333333
0.29615038833333335
0.2948828122666667
0.2911284332666666
0.2905645604666666
0.2899963945333333
0.2877360518666666
0.28899625826666664
0.2881030247333333
0.2876209538666667
0.28878660386666666
0.28732987279999994
0.2855696862666666
0.2846109608666667
0.28410023273333335
0.28433795540000006
0.282661607
0.2812584753333334
0.2807062982666667
0.2773257406666667
0.2749532586666667
0.27351938266666664
0.270243128
0.2683319091333333
0.264685132
0.2613610918666667
0.25990991519999995
0.25788731133333337
0.2554602648666667
0.25356243066666667
0.25063270140000005
0.248979763
0.24789102493333334
0.2462243924
0.2451533608
0.2441030084666667
0.243603571
0.24354391466666667
0.24199319733333333
0.2419528592
0.24181528593333332
0.24012346833333334
0.23990460480000003
0.23953594400000003
0.23877422213333338
0.23804208060000004
0.23638491653333335
0.2346098428666667
0.23351017179999997
0.23168628840000002
0.2302657504
0.22849922886666668
0.22626509700000003
0.22523510540000002
0.22330300773333336
0.221262438
0.22000594553333336
0.21789097046666664
0.21605401739999996
0.21477185859999998
0.21395723006666667
0.21370474126666664
0.2132117216
0.21207182646666664
0.21112438013333332
0.2096767788
0.20879779319999997
0.20868001699999997
0.20844264386666664
0.20786567706666667
0.2077775744
0.2077736121333333
0.20751643306666664
0.20745448899999996
0.20728652519999996
0.20663904039999995
0.2063866975333333
0.20576760879999997
0.2062930754
0.20637977026666665
0.20556980126666666
0.20466976013333335
0.20318725360000003
0.20190372133333337
0.20064577193333338
0.19942723406666665
0.19807227946666667
0.1968300358
0.1958047304
0.19443091473333332
0.19326591013333333
0.1912879603333333
0.18987218346666668
0.18790780606666668
0.18670777866666668
0.18625983873333332
0.18528485439999998
0.18458458566666666
0.183642435
0.18294290040000002
0.18210662673333336
0.18106216933333336
0.1802064718
0.17929626013333333
0.17878163726666668
0.17869655640000007
0.17885126160000006
0.1788679146666667
0.1783934390666667
0.17781512886666664
0.17735228393333333
0.17732415506666666
0.1773938677333333
0.17751974213333332
0.17739977433333332
0.1770288066
0.17696747093333334
0.17723426866666667
0.17673858866666667
0.1762835736
0.1751915324
0.17415124946666666
0.17356791573333333
0.17320578106666668
0.17253209680000003
0.17125561486666668
0.1699905752
0.16883510413333333
0.1677944944
0.1669625226666667
0.16628289679999997
0.16537815026666666
