0.30474060726666674
0.2482879973333333
0.21059238606666664
0.1971148639333333
0.18478532779999998
0.18050865146666667
0.17450142920000003
0.17116857633333332
0.16841370673333333
0.16373848766666665
0.16041871719999998
0.15718776893333336
0.15474543026666668
0.15121550233333333
0.14786139506666665
0.14521895773333332
0.143538921
0.14118271626666667
0.1379125136
0.13472230780000002
0.13208774813333332
0.130304925
0.1284561921333333
0.12594382146666666
0.1236595826
0.1217910682
0.11984513393333332
0.11817779866666665
0.11693804426666667
0.115344028
0.11414228426666667
0.11272825826666667
0.11141291033333335
0.11063487326666666
0.10944814739999999
0.10849403793333331
0.10762562966666667
0.10693033586666666
0.10643586126666667
0.10611566286666667
0.1055802864
0.1049537804
0.10423260306666665
0.10333360739999999
0.10239460073333333
0.10139900426666665
0.10039245653333333
0.09966451573333332
0.09874436479999998
0.09793383039999999
0.09716436766666667
0.09610079126666667
0.09518896573333333
0.0943693902
0.09342242566666666
0.09275134319999999
0.09205924706666666
0.09162466993333333
0.0913169622
0.09100430306666667
0.09077703493333332
0.09062062693333332
0.0902061362
0.08982802466666667
0.08940009786666667
0.0889365114
0.08865008473333334
0.08833851253333334
0.08796349306666666
0.0874692658
0.0870468974
0.08660501673333333
0.08608774193333334
0.0855243962
0.0850870012
0.08456363093333333
0.08389682446666667
0.0833859072
0.08282198093333332
0.0823646498
0.08186938226666668
0.08137743253333334
0.08094335893333333
0.08042460613333334
0.0801147256
0.07967389533333331
0.07927858286666666
0.07888657666666667
0.07859290513333335
0.07829488666666667
0.07786469180000002
0.07753013140000001
0.07727356093333332
0.07694566433333332
0.07660490966666665
0.07645447506666667
0.0761536914
0.07586466086666667
0.07552731900000001
0.07519245026666667
0.07495240353333334
0.07468167933333333
0.07441854353333333
0.074056452
0.07363330326666667
0.07335332300000003
0.07319741793333336
0.07291486966666666
0.07277370013333333
0.0726428626
0.07235277286666666
0.07189232679999999
0.07128556459999999
0.07082968353333334
0.07025751853333333
0.06953420973333334
0.06896708146666668
0.068341857
0.06785245193333332
0.06734463373333331
0.06683597253333334
0.06629608993333333
0.06583809339999999
0.06534165139999999
0.06470440886666666
0.0641687062
0.06378727486666667
0.06361920880000001
0.06331931293333334
0.06317998706666668
0.06314620506666667
0.06290456260000002
0.06268331940000002
0.062392779533333345
0.06227920140000001
0.06220127473333335
0.06202009313333334
0.06188230926666667
0.0616681748
0.06163161453333333
0.06153857186666666
0.06150279386666666
0.06136372793333333
0.061169956266666665
0.06078731186666666
0.060519068800000006
0.060259241933333325
0.06013004493333333
0.05996777426666666
0.059726897866666656
0.05935475993333333
0.05895350186666667
0.05847675966666666
0.05810329126666667
0.05770498486666666
0.057318647400000006
0.05679298113333334
0.05635182973333334
0.055911838466666676
0.055478078133333344
0.05494574513333334
0.05450126493333333
0.053940641866666666
0.05347240100000001
