0.5697326745999999
0.5393062956999999
0.51387303345
0.5119941567
0.49564118385
0.5054135000000001
0.5023957156500001
0.49658075005
0.4895071327499999
0.4784401527999999
0.46681952104999985
0.4572722377
0.4555630933499999
0.45522846675000006
0.4462204433
0.44233004765000006
0.43772754275
0.4308608098500001
0.4253575875
0.4189172287000001
0.4092824748
0.40855765689999995
0.40497345749999997
0.3967628154499999
0.39547658084999987
0.39021446174999996
0.38282491164999993
0.3754878428
0.37412325225000004
0.37029023519999993
0.36740443114999993
0.36534382295
0.36381915735
0.36022900355
0.35988168609999993
0.3572896930499999
0.35555517174999995
0.3548053295
0.35231682729999997
0.3516263287
0.35034145130000005
0.3473375745
0.346028235
0.3433749522
0.34046823195
0.33702250879999995
0.33577854555000003
0.33467379635
0.33164563945
0.32775516759999995
0.32479233794999995
0.32073735534999986
0.3169231917999999
0.31486017149999995
0.3112444176999999
0.30921910515
0.30666610755
0.30315551455
0.3016640816
0.30044059910000004
0.29805302145
0.29647966615
0.29548764025
0.29570516600000013
0.2960705371500001
0.2944388876000001
0.29381426175
0.29253974895000007
0.29067479675
0.29110581125
0.28978019885000006
0.28901303725000005
0.287491315
0.28605359590000007
0.28510731535000006
0.28409368070000013
0.28218944705000004
0.28151145745000006
0.2809648369500001
0.27924281894999997
0.2790132018
0.2779707306
0.27613652499999997
0.27306273254999996
0.27043037305
0.27013457965
0.2691139217
0.26797298420000004
0.26791995860000006
0.2663832145000001
0.26510369755
0.2634067373000001
0.2622170254000001
0.2612573077
0.2604080271
0.2586333880000001
0.25850336315
0.25751941270000006
0.25614534699999997
0.2548613616
0.25354479405
0.25213984055
0.25087211099999995
0.2504227098
0.24970070984999998
0.2488594316
0.24732022895
0.24568107594999997
0.24436867915
0.24258310624999999
0.24139835595
0.24003163895
0.23889489009999995
0.23736693504999998
0.23556391149999997
0.2339054923
0.23153005400000004
0.22868235225000003
0.22664562765000001
0.2256234431
0.22438241370000003
0.22332785930000001
0.22191715520000002
0.22020583325
0.21836483925000003
0.21669502565000004
0.21527216935000007
0.2147176891
0.21382663575
0.2131447547
0.21303226890000002
0.21264728784999995
0.21247473339999998
0.2122311474499999
0.21166423659999997
0.21199535114999996
0.21177729089999997
0.21191411114999997
0.21185102815000004
0.21117873785000002
0.21024381949999998
0.20944898725000005
0.2090598073
0.20931823130000002
0.2095087679
0.20867241290000002
0.20807041820000002
0.20758015930000004
0.20660102150000004
0.20628245995000002
0.20544361665
0.20460122854999999
0.20365563465000003
0.20267325435
0.2018936153
0.20038472475
0.1985759349
0.19759945375000001
0.19580686690000002
