0.26889467415
0.2262161656
0.19707389379999996
0.18602417174999997
0.17544375959999997
0.1711794971
0.1662769719
0.16336259225
0.1602213022
0.15610929974999999
0.153091029
0.15014394985
0.14783034565
0.14474696599999998
0.14177757939999996
0.13940502979999997
0.13772886134999998
0.13547174835
0.1326458899
0.1295994507
0.12714130964999998
0.12528475044999998
0.12361950899999999
0.12161455534999999
0.119813455
0.1183837043
0.11679931685
0.1153309557
0.1143114942
0.11296764365
0.11186133995
0.11079389285
0.10978246305000001
0.10903840064999996
0.108144467
0.10726071335000001
0.10627139200000002
0.10545181719999999
0.1046568948
0.10386471859999999
0.10308965635
0.1022098088
0.10144599349999998
0.10066623459999997
0.09990999544999998
0.09912790249999999
0.09832329259999999
0.09761450459999998
0.09683928834999998
0.09612517569999998
0.09545369229999999
0.09459660504999999
0.09397256774999999
0.0933177205
0.09253119874999999
0.09198721774999999
0.09145994369999999
0.09092614334999999
0.09053704755
0.0901641183
0.08978103285
0.08951651375
0.0891200022
0.08875363455
0.08827675225
0.0878655896
0.08747477415000002
0.08714664990000001
0.086683975
0.0862796304
0.08584643355000002
0.08533812674999999
0.0847470713
0.0841658116
0.08368437835
0.08310029334999999
0.08258411795000001
0.08217291925
0.08170107065
0.08131272305000001
0.08091862755
0.08044614775
0.080057698
0.07965603405
0.07939884605
0.07895977935
0.07853196274999999
0.07813643555000001
0.07773176270000001
0.07732280970000001
0.07701842645000001
0.07677676815000001
0.07653198449999998
0.0762300742
0.0759335734
0.0757308935
0.07542433285
0.07516408645
0.07487991845
0.07453777929999998
0.0742193501
0.07397108905
0.07365765529999999
0.07336735894999999
0.07308379165000001
0.07288448725000002
0.07254841470000001
0.07204098725
0.0716430886
0.07117303005
0.0705406945
0.07003437539999999
0.06952198355
0.06912376815000001
0.0686519169
0.06813202685
0.06768189700000002
0.0672223177
0.06683125849999999
0.06638712085
0.06599602465
0.06549080739999999
0.0650692416
0.0645522982
0.0640758734
0.06363576865
0.06329355225000001
0.06307029965000001
0.06279609015000001
0.06266817905000002
0.06263232560000001
0.06247165575000001
0.06237765690000002
0.062193050650000026
0.06210235645000003
0.06202297415000002
0.06189583535000002
0.061713467499999994
0.06142352685
0.061138050649999984
0.060898540599999995
0.060647527550000004
0.06045342674999998
0.060282436149999986
0.06007836214999999
0.05978874175
0.059508360199999985
0.0592227371
0.05897593445
0.05867169405
0.05836100365
0.05797550134999999
0.05756560785
0.05710627460000001
0.05652289835
0.05595392055
0.05539638085
0.0548861122
0.05450926970000001
