0.4447094396500001
0.4093216073999999
0.37927946619999997
0.37087763220000003
0.35518531405
0.35830937059999995
0.3530122067
0.34590969385000003
0.33996704915000003
0.33211754205
0.3236659075
0.31637410435
0.31531603565
0.3129252056
0.3090826857
0.3056944989
0.30165063289999994
0.2967531773
0.29175616234999996
0.28568868735
0.27940365775
0.27636679249999996
0.2722661594
0.26669128345
0.26407013194999995
0.25890710274999995
0.2537571357
0.24870456505
0.2448119568
0.24091775864999998
0.23798747164999998
0.2357059307
0.23389447530000002
0.23094196955
0.22954344655
0.22725437355000003
0.22562002849999999
0.22447324289999998
0.22276681555
0.22211536070000001
0.22122396015000007
0.21957486630000003
0.21898361414999998
0.21753221099999998
0.21528103345000002
0.21325710765
0.21187856015
0.2106676924
0.20902314419999998
0.20708725160000002
0.2052674578
0.20255491230000003
0.20009615315
0.19829856660000006
0.19565191200000004
0.19416702600000005
0.19202893555000006
0.18992684990000003
0.18873741645000003
0.1876103835
0.1860228762
0.1849420308
0.18377281380000002
0.18299946409999998
0.18227520505
0.18155741625
0.18069984895
0.17988716580000003
0.17896381855000001
0.17860689599999996
0.17781875809999997
0.17688522185
0.17576597935
0.17456047194999996
0.17365038414999998
0.17243747869999998
0.17140511074999998
0.1704419337
0.1693903826
0.16831633075
0.16765450799999998
0.1667998561
0.16592400495
0.16484961775
0.16382530320000002
0.16270766105
0.1614247122
0.16026622359999998
0.15949840909999996
0.15832621589999998
0.157262935
0.15666888324999997
0.15613163469999997
0.15544422705
0.1550107604
0.15421733335
0.15353777865
0.15296117395
0.1522632845
0.1515803011
0.15069235075
0.15001424224999999
0.1492604041
0.14869281829999997
0.14826267334999996
0.14786914864999998
0.14745386985
0.14668057785000002
0.14613911615000003
0.14509850585
0.14409254185000003
0.14289618815000002
0.14181368125
0.1410963575
0.1399001756
0.1392367353
0.13857465439999997
0.13758709665
0.1366462737
0.13571751595
0.1348521552
0.13383621780000002
0.13287677045
0.13173655825
0.1308551358
0.1299843075
0.1289727488
0.12825704505
0.12727471750000002
0.12675265480000003
0.12634106560000002
0.12598500020000003
0.12568181165
0.12524437580000003
0.12488285350000002
0.12442258570000002
0.1239048053
0.12368177665000002
0.12350808065
0.12299191704999998
0.12274423139999999
0.12239114054999997
0.12205676814999997
0.12187247194999998
0.12144038164999996
0.12105208444999997
0.12070121915000001
0.12033627385000004
0.11995137780000002
0.11967545135000002
0.11927670620000001
0.11883625685000002
0.11819788495000001
0.1175527738
0.11685898084999997
0.11620561064999999
0.11513035975000001
0.11430453735000001
0.11344311165000001
