0.5365449628000001
0.50421484875
0.4762608548
0.47107165495
0.45454523895000004
0.46124416270000007
0.4557816664000002
0.44669705400000004
0.43872753295000005
0.42635740735
0.4128176134000001
0.4014781404500001
0.3983970224000001
0.3943561501
0.38542289890000003
0.3795254572500001
0.37349211230000007
0.36693994074999997
0.36085025504999996
0.35363621469999995
0.3450405042
0.3426645678
0.3382217517
0.33073772970000004
0.3278605070000001
0.32147924255000004
0.3151943433500001
0.30965762875
0.3068459230500001
0.30336835275000007
0.30011647780000006
0.29835470555
0.29684969335
0.2940530426
0.29369872455
0.29138571319999995
0.29037637045
0.2895944585
0.28782169004999997
0.28774509649999996
0.2868379223
0.28492834424999997
0.2850308172999999
0.2835337073499999
0.28158660304999994
0.28018790234999996
0.27940390109999996
0.27893038355000005
0.27707978835
0.27521896135000007
0.27428832010000004
0.2709667991
0.2681179815
0.2669520875499999
0.26441338629999994
0.2623558524
0.25938445185
0.25641539045
0.25477112499999993
0.25332760705
0.251397976
0.25019374715000003
0.24875417335000005
0.24778626135
0.24693304085000004
0.24525349440000005
0.24443713800000003
0.24326450195000002
0.24190515180000002
0.2416594939
0.24075887855000003
0.23995126944999998
0.23892613199999996
0.23712737599999997
0.23586950569999998
0.23493540620000003
0.23378664045000006
0.23347896010000002
0.23242586075000005
0.23071359490000004
0.22951152914999998
0.22804937320000002
0.22613407409999997
0.22420693269999997
0.22241978575000002
0.22130449359999999
0.21956551900000001
0.21803259009999998
0.2173133307
0.21584984329999996
0.21433731804999998
0.21304925895000001
0.21220498375000002
0.21173551824999998
0.21126622550000002
0.21071088319999998
0.21018391469999997
0.20926794209999997
0.20866272014999998
0.20835828779999996
0.2079690313
0.2075531571
0.20706504189999997
0.20709889469999995
0.20675732204999994
0.20701661154999998
0.20675519269999998
0.20591441214999998
0.2049592824
0.2037478745
0.20308480435000004
0.20232495855
0.20158078355000003
0.20061858485000003
0.19947080190000005
0.19849059620000004
0.19747708535000003
0.19618129369999998
0.19473465585
0.19352413485
0.19235659935
0.19132113280000002
0.1906300109
0.18913290005
0.18786060715000003
0.18609682405
0.18474730615
0.18398340265000002
0.18291289175
0.18223521555
0.1815350003
0.18107898435000003
0.18063328545000004
0.18031889245000005
0.180052544
0.17929813085000001
0.1788592934
0.17869479125000004
0.17866004610000003
0.17850187035000004
0.1783057761
0.17776630289999998
0.17706012854999997
0.17667485414999998
0.17672247779999997
0.17635711554999997
0.17608448924999998
0.17544696469999999
0.17513570255
0.17507362695
0.17473027155
0.17417213804999998
0.17311408509999998
0.17201453130000002
0.17097726245000003
0.1703565676
0.16962684825000005
0.16875808820000002
0.16771535055000003
