0.50678874088
0.4828305943200001
0.4612818628000001
0.45320077096000005
0.43974411180000006
0.44181208488
0.43522471984000005
0.42577634315999996
0.41876853179999995
0.40685092071999995
0.39567021300000005
0.38552754052000004
0.3821995358800001
0.37808572304000004
0.3698995438
0.36386712152000006
0.3585222138800001
0.3519555570799999
0.3465396323999999
0.3417632372
0.33473616468
0.33161419000000003
0.32799928196000006
0.3218201854400001
0.31880260284000006
0.31290993696
0.30928315116000005
0.30589845464000004
0.30302893952000004
0.30072397448000004
0.29852469284000005
0.29664612452
0.29515748476
0.292858155
0.29175730188
0.28971709355999997
0.2876711994399999
0.2864282583199999
0.2846863942399999
0.28412354787999994
0.28285408319999994
0.28100565663999993
0.28056618743999995
0.2788938323599999
0.27668936631999996
0.27515719899999996
0.27390111576
0.27266673684000003
0.27111387111999996
0.26956000132
0.26831619251999994
0.26546992155999993
0.26281004244
0.2614326209199999
0.25946040787999997
0.2577269038
0.25552510079999996
0.2537560302
0.25265805127999996
0.25147390336000003
0.24958654088000004
0.24861269164000002
0.24715313516000006
0.24559098792000003
0.24474767900000002
0.24361397996000003
0.24233901044000003
0.2406633356
0.23915194124
0.23808043679999996
0.23683386139999998
0.23572579463999996
0.23509882531999998
0.23381163948
0.23250057476000002
0.23145144520000002
0.23045703788000008
0.22953097712
0.22820669744000002
0.22674764632000002
0.22551175495999995
0.22411010911999998
0.22257586855999997
0.22121264339999996
0.21988112095999998
0.21888103887999996
0.21722870719999998
0.21581572104
0.21501623440000003
0.21376582208000003
0.21279546512000003
0.21191191084000002
0.21137227340000003
0.2110399148
0.21049160044
0.20987834528000002
0.20947025120000004
0.20839984256000002
0.2079451246
0.20758262803999997
0.20751582087999998
0.20707476472
0.20640013899999998
0.20581452315999996
0.20494359195999998
0.20430528748000001
0.20343625884000002
0.2026542758
0.20166043772000003
0.20066258896
0.20011808764000003
0.19945417195999998
0.19855332136000003
0.19743922488
0.19629792792000003
0.19519491820000007
0.19438002568
0.19348949759999998
0.19232126852
0.19118448352
0.19001805508000003
0.18883008395999998
0.18793482759999997
0.18646572079999998
0.18532590676000002
0.18391999848
0.18289529216000003
0.18242937444
0.18194812575999997
0.18170632456
0.18108874884000004
0.18068163984000002
0.18024452752000006
0.17987239388000004
0.17952278268
0.17904706212000002
0.17861139972000004
0.17819256548000006
0.17787342716000004
0.17774315788000003
0.17721846804000002
0.17664076911999996
0.17578839063999996
0.17526796279999998
0.1750963226
0.17482675648
0.17443515767999998
0.1737339204
0.17322943739999996
0.17269996208000002
0.17214600268000002
0.17151993095999998
0.17074436972
0.16978956036000004
