0.24375414612000001
0.20929365248
0.18564804304
0.17594815511999998
0.16699935487999998
0.16316519056
0.15882407603999998
0.15610709216
0.15324531315999998
0.14959266627999998
0.14686547239999997
0.14417489636
0.14193204544
0.13916677655999998
0.1362682394
0.13398442268
0.13222793444
0.1301992906
0.12784206332
0.125334575
0.12334537023999999
0.12176017347999998
0.12025369256
0.11857801307999999
0.11701846212
0.11571066483999999
0.1144376128
0.1132429888
0.11229899192
0.11122080008000002
0.11020121988000002
0.10907685008000001
0.10802922268000001
0.10709471959999999
0.10593795076000001
0.10493212392000002
0.10381269240000003
0.10297868672000002
0.10225833908000002
0.10158301080000001
0.10093464452
0.10019100719999999
0.09944968903999998
0.09875779947999998
0.09806783868
0.09736665523999999
0.09667544335999999
0.09615627844
0.09550397295999996
0.09487164415999999
0.09430192211999999
0.09360969076
0.09294416692
0.09229363712
0.09155367179999999
0.09094837951999998
0.09040878979999999
0.08991323472000001
0.08953573087999998
0.08911263772
0.08875539111999999
0.08840297947999998
0.08801021416000002
0.08757199180000001
0.08716354664
0.08674148008000002
0.08628731068000002
0.08586233180000002
0.08536519156000003
0.08491900628
0.08441920296000001
0.08399970108
0.08350444811999999
0.08300031724
0.08257889124000001
0.08209350736
0.08159775304
0.08121847843999999
0.08083092008
0.08050041992000001
0.08009838831999999
0.07961533868
0.07922336084
0.07875449431999999
0.07840039260000001
0.07806374955999999
0.07772890587999999
0.07737059948000001
0.07700207092
0.07664216068
0.07632677092000001
0.07606866596
0.07583806023999999
0.07557160271999999
0.07526161199999999
0.07498875275999999
0.07470732992
0.07440626728
0.07416395072
0.07391727479999999
0.07367107608
0.07329715224
0.07280999224
0.07234413796
0.0718197398
0.07132848168000001
0.07093083600000001
0.07047903788
0.07011567528000001
0.06970544644
0.06921765124
0.06879276904
0.06839032680000001
0.06805255016000002
0.06762444996
0.06720085768
0.06676050956000001
0.0663303914
0.06590185452
0.06554775008
0.06520421091999999
0.0647551228
0.06434010772
0.06388712292
0.06348724972
0.06312675236
0.06286942884
0.06274837360000002
0.06255564492000003
0.06244890756000003
0.06240347496000002
0.06228193700000002
0.06214351396000002
0.06189235712000002
0.06161335696000002
0.06141406868000001
0.06113301400000001
0.060915278639999994
0.06066279663999999
0.060500743119999985
0.060238384599999986
0.059969165039999994
0.059662904119999985
0.05942603191999999
0.05916390623999999
0.05890694036
0.05861498811999999
0.05834462016
0.05800379248
0.057532683
0.05706075092
0.056621717079999995
0.0561502782
0.055745332360000004
