0.54355584896
0.5224666796799999
0.50428049748
0.49728535184
0.48608569272
0.491389336
0.48687808823999995
0.4794641043199999
0.4747711687199999
0.4633751646799999
0.4531483666399999
0.44427106764
0.4418482279999999
0.43994374472000003
0.4314895151600001
0.4267690228800001
0.4225917234000001
0.4158880855600002
0.41107986204000013
0.40680609904000015
0.39994127868000007
0.39728157244
0.39357234496
0.3869886282799999
0.38580493379999986
0.3809820809199999
0.37723657408
0.37325483016000005
0.37134866536000005
0.36852839132
0.36552450424
0.36289741488
0.36124201692
0.35761443315999997
0.35581422347999997
0.35317814579999995
0.35027974879999996
0.34802202567999996
0.3454937537999999
0.34404690164
0.34213330588000007
0.33905828336
0.33733261604
0.33489488748000007
0.3316278032
0.32864438187999995
0.32756652904
0.32640310935999994
0.32393820075999996
0.32129173732
0.31897624344
0.3159552425599999
0.3127111026799999
0.3107624955999999
0.3082613538799999
0.30578880852
0.30301934432
0.3005678742800001
0.3002044247600001
0.2996022684000001
0.29741125492000003
0.29623963316
0.2945418272
0.29273476312000013
0.29213786664000013
0.29085053392000015
0.2901541224000001
0.28865712428000007
0.2874645659200001
0.28717345552000006
0.28641731764000006
0.2851169159200001
0.28438171520000005
0.28364622796000005
0.28266007488000006
0.2816240858400001
0.28006304276
0.27895268264
0.27732334552
0.27559408756
0.27507650148
0.27434703759999995
0.27253010235999997
0.2705065972
0.26838800852
0.26738238188
0.26582810284
0.26439894544000003
0.26393057468000003
0.26261522820000005
0.26149986896
0.26070917664000004
0.2604041933600001
0.25971962883999994
0.25846331188
0.25718497652000005
0.25602335756
0.25444120548
0.25288964379999995
0.25196040028
0.25095348532
0.24982663628
0.24816574311999998
0.24755135447999999
0.24611019507999998
0.24439340292
0.24256227664000002
0.24113647015999998
0.23948815584
0.23795978579999996
0.23654130476
0.23520782999999998
0.23357645483999995
0.23203028479999996
0.23063564468
0.22978419708
0.22788295448000004
0.22595939948000002
0.2241380328
0.22276318239999998
0.2214736706
0.22033249932
0.21924220560000002
0.21827449524000003
0.21686543096000005
0.21573167276000008
0.21482392376000012
0.21457139612000006
0.21377813048000005
0.21322469008000003
0.21301890092
0.21260435155999993
0.21199183167999994
0.21161755927999992
0.21112750575999997
0.21085485883999994
0.21021810107999997
0.21026136352
0.21027611572000002
0.20987144224
0.20890566996
0.20812654644000006
0.20777260888000004
0.20739064584000005
0.20719952752000004
0.20673054556000003
0.20628717112000003
0.20572175256000005
0.20485542536000004
0.20422377856
0.20290086559999998
0.20134726919999998
0.20009160796
0.19847813484
