0.41744943272
0.39040586607999983
0.36717558456
0.3588790778
0.34682072039999995
0.34730892172000005
0.34147071128000006
0.33397833256000004
0.32853274572
0.320597299
0.31298549787999996
0.30605971272
0.30409178668
0.30054870495999997
0.29580782884
0.29168244720000003
0.28744398499999996
0.28237392212
0.27781333771999994
0.27368964064
0.2688075632
0.26595428871999993
0.26271566364
0.25802653748
0.25540667608
0.25105140255999997
0.24762569048
0.24436615772
0.24131268204
0.23853802259999998
0.23585627071999998
0.23345645204
0.23141755247999998
0.22842199291999996
0.22623396884
0.2241060162
0.22178337171999998
0.2201582716
0.21843417664
0.21736351752000002
0.21589032312000003
0.21436370283999998
0.21343689004
0.21189202608
0.20982037180000002
0.2081396866
0.20666391176
0.20547942819999998
0.20410196987999998
0.20232534528
0.2007999142
0.19851485592000004
0.19624345216000003
0.19465835044000002
0.1926875184
0.19112081832000002
0.18924097356
0.18759792832
0.18662029548
0.185491393
0.18415708799999997
0.18326368896
0.18215973136
0.18103731212
0.18048106183999998
0.17978900695999997
0.17866924112
0.17755805776000005
0.17653183208
0.17557585132
0.17453593092000003
0.17359501468000002
0.17252007659999996
0.17153180323999997
0.17081905339999995
0.16991080391999996
0.16905770999999997
0.16839565235999998
0.16751005652
0.16646332876000003
0.16550491588
0.16444983408
0.16335445919999997
0.16223646811999998
0.16132187052
0.16035342196000002
0.15944446856
0.15855363288
0.15771615887999998
0.15669894283999997
0.15565479112
0.15491706011999998
0.15427623227999998
0.15369405328000002
0.15316298696
0.15251470156
0.1519450152
0.15145042868
0.15095200508
0.15042040284
0.14967662839999998
0.14897304508
0.14795971752
0.14726806684
0.14634043264
0.1454613266
0.14462164932
0.14379159900000002
0.1429945176
0.1419581106
0.14123383136
0.14044167704000002
0.13944060183999998
0.1386556906
0.1377283914
0.13702255904
0.13618376651999997
0.13538290588000002
0.13453062408
0.1338402706
0.1331101938
0.13213985032
0.13115703027999998
0.1301335862
0.1291324178
0.12823886016000002
0.1274465536
0.12699258604
0.12627872532000003
0.12578558872
0.12549786644000002
0.12524857076000004
0.12493507816
0.12458506912000003
0.12420178456000003
0.12382855592000003
0.12323695543999999
0.12295864308
0.12271158267999999
0.12241856315999997
0.12207013719999997
0.12163185139999998
0.12112463299999998
0.12070544184
0.12018867023999999
0.11967277912
0.11933736004000002
0.11894525796000004
0.11850117036000002
0.11787064956
0.11738950248
0.1165648584
0.11583325872
0.11514405779999999
