0.5255119874666666
0.5061901628333333
0.4887333348
0.48370901196666666
0.4722572793
0.4759017381666667
0.4711094714333333
0.4640515480333333
0.45877678336666666
0.448240271
0.43837779283333334
0.4305672973666667
0.4275397214
0.42561461396666683
0.4193015260333335
0.4160702681000002
0.41085597526666684
0.4045680537666668
0.4005485316333334
0.3968581401333334
0.39062649183333337
0.390215181
0.3886974174
0.38253224319999996
0.3817509474666666
0.37715253353333333
0.37321577550000007
0.3695346010000001
0.36731657973333337
0.3636977216
0.3607257463333334
0.3572775219
0.3545164825
0.35104560426666664
0.34880005179999996
0.3458652422
0.34288997713333325
0.34044337809999997
0.3380738996
0.33608343273333335
0.3342997339333334
0.3316683133
0.32999724026666666
0.3279304805666667
0.3255961720333333
0.3231556291333332
0.32244323943333325
0.32131304883333317
0.3190104659666666
0.31713129753333325
0.3144914732
0.3113680840333332
0.30896213776666653
0.30802971256666656
0.3062592858333332
0.30396470523333335
0.30172937046666665
0.29893299106666665
0.29697921256666665
0.29573642110000004
0.2939255656333334
0.29278528846666674
0.2909726269333334
0.2897162430333335
0.2886888943000001
0.28786974373333346
0.2867171737666668
0.28587148956666675
0.28522326430000006
0.2847897317666667
0.28397204910000007
0.28285700086666676
0.2817710265666667
0.28016475326666673
0.27904992273333334
0.27790835490000004
0.2766945799
0.27547797083333336
0.27448313056666673
0.2730314980333333
0.2719593497
0.2707366692333333
0.2687922170333333
0.26675100416666664
0.2649138876
0.2639994106666667
0.2631765747
0.26252459873333334
0.26220363113333334
0.26062676533333334
0.2598151125666667
0.25827486973333336
0.2573582239
0.25641082919999997
0.2554455190666666
0.25441885550000004
0.2534484345
0.2515910498333333
0.2500856920333333
0.24859168956666666
0.2468827858
0.24544394146666665
0.2439644604333333
0.24295380583333331
0.24166957989999996
0.23984668576666665
0.2381206629
0.23633084409999996
0.23468741049999997
0.23345358439999997
0.23266759
0.2315556177333333
0.23049164376666662
0.22904317956666664
0.22741672716666667
0.22645994726666666
0.22462763863333335
0.22305656743333335
0.22187321786666667
0.2207806183
0.21987443570000004
0.21911557300000004
0.21836620870000006
0.21749276426666672
0.2163119310666667
0.2152706321333334
0.21442537086666671
0.21381953423333336
0.2130089765
0.2125173388
0.2118978990333333
0.21116718326666659
0.2106015885666666
0.21034404373333324
0.2100466314333333
0.2096378943333333
0.20898788143333333
0.2089884388
0.20851014710000004
0.20788662953333337
0.20724857100000002
0.20663115250000005
0.20619186166666673
0.20580437833333337
0.20533111510000002
0.20439709820000002
0.20329454790000004
0.20240737733333336
0.2009957972666667
