0.4830045796666667
0.4611916508666667
0.44141713563333335
0.43415606366666665
0.42125758886666664
0.42269017263333336
0.4163081233333334
0.40771521759999996
0.4011411123
0.39034345449999996
0.3799308072666667
0.3710467204666667
0.3671692836333334
0.36328762616666666
0.3572948410333333
0.3521424023666667
0.34667062470000004
0.34114786473333325
0.33647469506666655
0.3318978620333333
0.3253855896666667
0.32395155540000004
0.3218096946666667
0.31614365543333345
0.3140265792666667
0.30945120630000006
0.3060379260333334
0.3029801539333334
0.3005372170333334
0.2979352472666667
0.2959443465333334
0.29334685633333335
0.2915918135666667
0.2894059976666667
0.2880706438
0.2859173657666666
0.2839451505666666
0.28247482659999995
0.2806277172666666
0.27961969313333324
0.2782174669333333
0.2761530429333333
0.2750738478666666
0.2736198939999999
0.27172849879999994
0.2700356128666666
0.2688313316999999
0.2674853284
0.26582068499999995
0.2645747501333333
0.2634653453333333
0.26123955073333327
0.25952813356666665
0.25856147683333325
0.2568935213333333
0.25516255323333337
0.2533189956
0.2515881889
0.2500166917666667
0.24889595806666667
0.24749810443333337
0.24616832640000003
0.24433739100000004
0.24268233976666667
0.2412504339
0.23986728210000002
0.23841982460000002
0.23718437943333334
0.23605139993333335
0.23490450583333333
0.23361415136666666
0.23262793346666666
0.23153886196666665
0.23006470693333333
0.22889778763333332
0.2277949807
0.2267730403666667
0.22599965533333333
0.22504482890000002
0.22391078223333333
0.22279099913333328
0.22140533426666664
0.21997126459999997
0.21864851103333333
0.21747255700000004
0.21683887463333334
0.21558434240000002
0.2145200062
0.21388977883333338
0.2127037017666667
0.21175425320000005
0.21102919190000008
0.21029813523333338
0.21004571940000002
0.2094896652
0.20918245093333335
0.20875207520000003
0.20762329003333335
0.2067337766666667
0.20593363530000003
0.20517318260000003
0.2042557245
0.20360240423333334
0.20292294579999998
0.2021732344333333
0.20162960969999996
0.20085871996666665
0.19995247526666668
0.19883732893333333
0.19781989613333334
0.19710044073333333
0.19654377446666663
0.19591482000000002
0.19497730726666665
0.19388591963333338
0.19277307816666672
0.19179433616666666
0.19076693039999995
0.1895672244
0.1885182538
0.1875504952666667
0.186606276
0.18598123326666666
0.18506961096666663
0.18437004906666665
0.18315062256666664
0.18226145376666664
0.18180606133333332
0.18130450473333332
0.18098922669999998
0.1805810885666667
0.18017133736666668
0.17956771666666674
0.17901482013333336
0.17872037023333337
0.17801742440000004
0.17753260543333338
0.17694404440000006
0.17650125553333337
0.17621791520000005
0.1757996100666667
0.17517361283333333
0.1743039494
0.17365736513333332
0.1731144859333333
0.17265711826666666
0.17218114849999996
0.1716558517
0.17117281059999997
