0.6961252448
0.6027505358
0.5350794872
0.5283982282
0.5166678524
0.5896685958
0.6053014903999999
0.5750681482
0.5529419766
0.5319940502
0.4964216426
0.4704451672
0.4857979006
0.4982883736
0.48177866100000005
0.49671521519999995
0.4787279894
0.4595465978
0.46834804840000005
0.4521241718
0.43884854639999993
0.45510821560000003
0.4659103536
0.43845013239999997
0.4478637281999999
0.43529268
0.42480757859999996
0.4109975214
0.4158273126
0.4031152122
0.398463749
0.39226638739999997
0.3869887666
0.3788048566
0.3725658026
0.3645249238
0.362048446
0.35599718840000005
0.3539689602
0.3583615804
0.3625764942
0.3521772346
0.3479678948
0.3478918796
0.34711834560000004
0.3440525576
0.35488322380000004
0.3643227796
0.3602503178
0.3614810158
0.35800479660000006
0.3531117826
0.3509334552
0.3471561516
0.339544373
0.33673195679999995
0.329178057
0.3208888104
0.3182014598
0.31372919340000005
0.3093007242
0.30594111879999997
0.3025501402
0.3009746286
0.2962660882
0.2951318742000001
0.29471846300000004
0.2933203614
0.29310844599999997
0.2954380162
0.2957118654
0.2968267914
0.29586274619999997
0.294371792
0.2963290986
0.29206762199999997
0.28843229140000004
0.2902173132
0.2943657974
0.2962489456
0.2948441888
0.2952795012
0.290758575
0.2808531516
0.2764071846
0.2764971192
0.275513565
0.2731266256
0.27462364260000005
0.2714440326
0.2729657928
0.2695324306
0.27194331600000005
0.2740167562
0.272871113
0.2717457064
0.2715574256
0.2687175834
0.26275737979999997
0.26099916199999995
0.2593297002
0.25985226559999997
0.25810441179999993
0.2602820558
0.26021855039999997
0.2563735908
0.25268482740000003
0.2501027904
0.24797303900000003
0.247543283
0.2470845546
0.249918934
0.25315286519999997
0.2535689134
0.25068445100000003
0.2513913306
0.2461033352
0.24212837660000003
0.23986683099999997
0.24035655499999997
0.2405882504
0.24057381919999998
0.2373402716
0.2360659332
0.231748136
0.22652928819999998
0.2235304674
0.22295804700000002
0.2199660626
0.21946650399999998
0.2171131
0.21591259419999997
0.2123027138
0.2106836838
0.2109225774
0.2132990162
0.2132945564
0.2150675884
0.2141076534
0.21132213960000001
0.2098386982
0.20835105939999998
0.2085424072
0.2105491432
0.21086779779999998
0.2118782612
0.2130309414
0.2139862242
0.2135841094
0.2135444316
0.21296542899999998
0.2124326064
0.2100602248
0.20916320660000004
0.2089805824
0.20629288959999997
0.2039813418
0.20365037300000002
0.20397646600000002
0.2046422598
0.20355307179999999
0.20283678320000004
0.20262381520000003
0.199680304
0.197962566
0.19896307619999998
0.19915418280000002
0.1982881256
0.1978730408
0.195989053
0.1927298614
0.1883314318
0.1858355012
0.1816976568
