0.5340527422
0.3813603748
0.2747898462
0.2388555668
0.21055957540000003
0.20346183680000002
0.1935445808
0.18921407819999997
0.1872387018
0.18085301380000002
0.1767072428
0.16995903639999999
0.1677732338
0.1652503232
0.16294339419999998
0.1613568748
0.1600006704
0.156518417
0.15275209520000002
0.14741905500000002
0.143192034
0.1416036
0.13994464
0.1356440886
0.133221736
0.1311079644
0.1290124926
0.1270850918
0.125341357
0.12352613239999999
0.121963246
0.12029868240000001
0.11833884459999999
0.1168460188
0.11423087939999998
0.1123019942
0.11022422679999999
0.1091094596
0.10862675699999999
0.10827507220000002
0.10816161260000001
0.10766186559999999
0.10679042679999999
0.10643184399999998
0.10583849059999999
0.105018507
0.10499079660000002
0.10489112119999999
0.10424898279999999
0.10423342579999999
0.1035607396
0.102208679
0.1010162612
0.0993199954
0.09711188579999999
0.09561776619999998
0.093977894
0.09308616480000001
0.09266411620000001
0.0924561796
0.0923145972
0.09211580080000001
0.0914644712
0.091124059
0.0906992116
0.0903216662
0.09008404639999999
0.0903233738
0.0901627114
0.089857518
0.08969484139999999
0.0896620336
0.0888305636
0.0881973036
0.087643564
0.08679302659999999
0.08620417420000001
0.0858616002
0.0855304642
0.0849067154
0.0846528242
0.0839488424
0.08357106199999999
0.0828454208
0.0827107242
0.082245042
0.08153745679999999
0.0807250594
0.0800900578
0.07947650980000001
0.0787102806
0.0786459984
0.07853395540000001
0.07833833979999999
0.0781569428
0.07806636339999998
0.0776522934
0.0774007152
0.07735031780000001
0.07725120740000001
0.0768174314
0.07629210239999999
0.07588601219999999
0.0751483354
0.0744065788
0.07447963040000001
0.07451667840000001
0.0743072552
0.0740833038
0.0739195646
0.0735601488
0.0732362572
0.0730623632
0.07293771680000001
0.07257376639999999
0.0720201898
0.07183931819999999
0.0713749906
0.0713000798
0.07143525679999999
0.07147798
0.07060140499999999
0.06941934000000001
0.068251254
0.06676353239999999
0.0651044594
0.0644605212
0.06423124040000001
0.06400602200000001
0.063835112
0.0639254782
0.06382634359999999
0.06386369979999999
0.0637676782
0.06351458219999999
0.06347618099999999
0.0630749598
0.0627626862
0.0621842386
0.062190267
0.062036956
0.061812384399999996
0.0614235722
0.0612264218
0.061132755
0.06109068720000001
0.0611729352
0.0614606694
0.061593864
0.0615718216
0.0614880724
0.061523062
0.0612069422
0.060689583000000005
0.059657359
0.058978446799999994
0.05808172860000001
0.0577225232
0.0576198758
0.057951512999999996
0.057597760600000006
0.057255715
0.0565008136
0.056000415000000005
0.05550608259999999
0.055379734800000004
0.055041499800000004
0.0548321524
0.0541152246
0.052976638799999996
0.05185974
0.05120658
0.05048895960000001
0.05030156339999999
