0.6359291186000001
0.5832543379
0.5708231262000002
0.5451150634
0.5134758041
0.48265034799999995
0.4680913352
0.4480114578
0.43657363509999997
0.4316275705
0.43489491080000003
0.4326766876
0.4272556541
0.4192067445
0.4111580215
0.4011079866
0.38795557519999996
0.3690007377999999
0.34855962979999994
0.3301546789
0.31163425780000004
0.29343853840000006
0.28653574089999995
0.27747239919999994
0.27019906
0.2620636718
0.24985558549999998
0.2593869739
0.265249789
0.270437081
0.27743092319999996
0.27802221209999994
0.2797675696
0.28672188590000003
0.29401320350000004
0.3057775311
0.3124782571
0.3110966055
0.3084771741
0.3048611763
0.30388555159999997
0.30546366410000003
0.3000023947
0.2961633054
0.29347418950000004
0.28912309340000003
0.2839332535
0.2784894692
0.26474512099999997
0.25838281380000006
0.2544344277
0.25218042119999995
0.2543833936
0.2500085071
0.24492583089999997
0.2393728501
0.233745475
0.2387215845
0.24485750470000003
0.24668368210000002
0.24847902150000004
0.253178745
0.2619380343
0.27082975680000004
0.2770247692
0.28095770699999995
0.28593892439999996
0.28356000789999997
0.2880319347
0.2902826684
0.2917573521
0.28949807920000004
0.2828612463
0.2798869427
0.28063285560000006
0.28328538820000004
0.28600120860000006
0.2865942909
0.28526755089999994
0.2847622397
0.2814059668
0.281101361
0.27929972219999993
0.2742770649
0.27463862610000006
0.2740621327
0.2740694158
0.2704437306
0.2711650064
0.2697550929
0.2674982157
0.26206418930000003
0.258873542
0.26164694660000004
0.2622581737
0.2617006923
0.2662904331
0.26458770530000003
0.2602650666
0.25940789919999996
0.2610230083999999
0.2658627443
0.2669227634
0.2633634842
0.2559937523
0.2520533788
0.2503338967
0.25280388779999996
0.2500231387
0.244489191
0.23755447179999994
0.22854458870000002
0.2240724912
0.22087052310000002
0.21718976799999998
0.21961843779999998
0.21873286919999999
0.2230108058
0.2333803363
0.23672694600000002
0.2332005074
0.22918687850000002
0.22506773960000004
0.23018404780000004
0.2296187582
0.22600083789999997
0.22604002959999997
0.22666608159999999
0.22740551299999998
0.2339839236
0.24505765520000003
0.2529585844
0.2579962722
0.25806567399999997
0.2603444961
0.2630079685
0.2617821479
0.26031979839999997
0.25472379570000003
0.2500104989
0.2516514269
0.2538605691
0.2571509166
0.2592485929
0.260245667
0.26048210169999997
0.2568983943
0.25034147100000004
0.24991028450000002
0.243013529
0.24021340110000003
0.24159296599999996
0.2415488082
0.2446302366
0.23921357870000004
0.2302542689
0.2262213097
0.22624461550000002
0.22801360930000003
0.2320869685
0.23104409139999996
0.2316678106
0.2326429741
0.2312662356
0.23756162800000005
0.2451899629
0.25269442870000003
0.24715741250000006
0.24040696360000005
0.23850207030000004
0.2363778869
0.23846362910000002
0.23764838389999995
0.23764943379999998
0.23769246979999997
0.23797921559999996
0.23657625429999998
0.24351412699999994
0.25076246189999996
0.25415384630000004
0.2521414747
0.24767471580000003
0.246191862
0.2436939757
0.2473925435
0.2482942621
0.2518143759
0.255076164
0.25390875
0.25758237240000004
0.26474047380000004
0.26968705400000004
