0.7263162328
0.6920733755999999
0.6876064108000001
0.6717098706000001
0.6515499125
0.6369655658000001
0.6264602403
0.6076251734
0.5993883809
0.5984782299999999
0.6032441737
0.6051093047999999
0.6012140309999999
0.5935057398
0.5874205855999999
0.5808360038
0.5818982086
0.5571679659
0.5347025415
0.5171915697
0.4980995877999999
0.474244342
0.4651173215
0.449444764
0.43364684330000003
0.4123683519
0.3837882555
0.40238699120000004
0.4026829327
0.40227662519999996
0.40808091589999995
0.4053870203999999
0.4185794369
0.4376695535
0.45689349309999994
0.48341551939999994
0.49515326890000005
0.49747914240000013
0.5014162288
0.5049645120999999
0.5068236301999999
0.5189530777
0.5089335716999999
0.5111396045000001
0.5164197264
0.5179693607999999
0.5148099835
0.5010366716000001
0.47091962640000007
0.4545339887
0.4503694950999999
0.44323610060000007
0.4508052658
0.4360201953000001
0.4238382466
0.40489703070000005
0.3903854946
0.4139645025
0.4262531989
0.42832024780000005
0.4256883655000001
0.42783427760000003
0.436991161
0.4525307724
0.462873378
0.4769277816999999
0.49151077060000004
0.47991060459999996
0.49096324459999996
0.4957930032999999
0.5035491667999998
0.5118051726000001
0.5075298177
0.5079433865
0.5158612915
0.5193780974
0.5160425163
0.5133973929
0.5090371381
0.5105373198999998
0.5047827185
0.5002246311999999
0.5012393094
0.48659056549999996
0.48307724160000004
0.48206469589999995
0.48570183289999996
0.4821331300000001
0.4868131666
0.4827864438000001
0.48142626780000003
0.47541842720000005
0.4662778825
0.4747970167
0.4691038388
0.4644254164
0.47243614110000004
0.4669894018
0.46560376659999997
0.47266265900000004
0.4776505689
0.4839545237999999
0.4843627357
0.4769011702
0.4677826352
0.46623507210000004
0.46440822319999997
0.473603825
0.4643930163
0.45634211560000004
0.44588767109999994
0.43224808049999996
0.4221999523
0.4070649432
0.386713029
0.37514983929999995
0.36078032340000005
0.3583409122
0.3724781426
0.36344146810000005
0.3512136805
0.3394310518
0.32941896830000006
0.35359649660000003
0.36021531850000005
0.3595419267
0.3623554921
0.36270958400000003
0.36506669
0.38459383799999997
0.4021379820999999
0.4195882746
0.4330027702
0.4273638591
0.44132372210000004
0.4506809514
0.45492229239999993
0.4578970346999999
0.44331482819999996
0.4274099659999999
0.4281492782
0.4275712446
0.4338810457
0.43983793739999993
0.43410243499999995
0.43286206959999995
0.42741987960000005
0.4119617107
0.42134491939999996
0.4082834062
0.4034854146
0.40168241839999996
0.3938771402
0.39498126749999996
0.3905866312
0.374231154
0.36970163040000004
0.3727054138
0.37321866730000003
0.38787516310000003
0.3870141855
0.3942380156
0.402399185
0.40322650090000006
0.4168274713000001
0.43868382749999996
0.4561493034
0.45495468969999997
0.44959675179999997
0.4474031921
0.4468378425000001
0.4491340772
0.44601730159999997
0.44635034129999995
0.4442291635999999
0.44550762419999995
0.4426963453999999
0.4481408934
0.45293150079999994
0.45125283029999996
0.4413566742
0.4351078309
0.43507968519999995
0.4352882267
0.44229502830000006
0.43193461069999994
0.4301345895
0.43096313329999997
0.4276254755999999
0.44180017279999995
0.4541428176
0.46237037999999997
