0.46361023079999997
0.3892389212
0.3655659095
0.33096157569999995
0.29162419489999997
0.2602144046
0.24618965920000005
0.2302127665
0.21870652100000001
0.20818847829999995
0.20896072819999997
0.20210557329999998
0.19743777429999998
0.1919807201
0.18367764070000003
0.1767798817
0.16921934970000002
0.1653298608
0.1616178821
0.1604597712
0.1565269539
0.15416774260000002
0.1528740491
0.15299567279999998
0.1546302538
0.1583779241
0.1605895259
0.16219725959999998
0.16611632779999996
0.1668726528
0.1677754795
0.1667376001
0.16593512610000002
0.1655637617
0.16516677670000002
0.1642146366
0.1631544452
0.1610413162
0.1569796705
0.1544577597
0.15484098250000003
0.15499721559999996
0.15576722289999997
0.1560302475
0.1549498272
0.15231574850000001
0.1518914324
0.1530337376
0.1530934806
0.1556868583
0.1557260656
0.1548121911
0.15424415229999996
0.15257361849999998
0.1510930935
0.1528082219
0.15308146100000003
0.15430530390000002
0.155542975
0.15444277820000002
0.1549790212
0.1564039642
0.1569179108
0.1581730042
0.1599472839
0.1609909631
0.1612876714
0.15967879759999998
0.1596783246
0.1597394103
0.1607494897
0.16000235440000002
0.15928189210000002
0.1585779971
0.1574626831
0.1570559929
0.1567410836
0.15909955560000003
0.15904255750000001
0.1583226035
0.15785838300000002
0.15900381140000003
0.15879264890000003
0.1598479528
0.16112891499999998
0.1606346592
0.160961771
0.15852136460000002
0.1589095371
0.1596732813
0.15937180150000002
0.1570620817
0.15668411899999998
0.1555257063
0.1542916796
0.1535044122
0.1537030087
0.15475018880000002
0.15428203850000002
0.1550916844
0.1534668078
0.1558254209
0.1578533403
0.15834965320000002
0.15914358840000004
0.16033696530000002
0.16104325460000002
0.1602704455
0.1591746873
0.1582491037
0.1591927051
0.16010865870000002
0.159005795
0.1604303729
0.16188424070000001
0.1635797101
0.1653667896
0.1674234725
0.16829908119999998
0.16721642479999999
0.16473373399999997
0.1620200418
0.1609392123
0.16030075659999996
0.1604837931
0.16051627669999996
0.15874674389999996
0.1565853337
0.15819082469999998
0.15919295500000002
0.16163487560000003
0.161825137
0.1625635746
0.1649267854
0.1641589414
0.1628369675
0.1630961386
0.16389477079999998
0.1638585993
0.1650227228
0.16666834860000002
0.1688160517
0.16815980930000002
0.16415214700000003
0.1640651844
0.16453471320000002
0.1647649349
0.1650225338
0.1645126998
0.1634027445
0.1625204659
0.16428924190000002
0.1670588546
0.17060502680000003
0.17179865450000004
0.17173496420000003
0.17215087489999997
0.17283560679999996
0.1741317203
0.17461492820000002
0.1731341988
0.16995864030000002
0.16650911840000002
0.1648853622
0.1617473006
0.1607319573
0.1603754012
0.15932205920000003
0.156879418
0.1567144299
0.1579314142
0.1610435722
0.1639612498
0.16486316310000002
0.16710497559999998
0.1668449543
0.16526404630000002
0.1640027447
0.16338417509999997
0.16273663879999997
0.1628107024
0.1605188049
0.1590948483
0.1578893846
0.1583358244
0.1602558476
0.1623108758
0.16455095190000002
0.1660687493
0.1678881553
0.16841924970000002
0.1684751707