0.6707687427333333
0.6474560793333333
0.6461382047333334
0.6458235502666667
0.6441169086666666
0.6402485721333334
0.6349725344666666
0.6181588720666666
0.5972457772666666
0.5808489100666666
0.5737819234
0.5740059679999999
0.5591792414666666
0.5544853308666667
0.5545446801333332
0.5476712534666668
0.5334952689333333
0.5231536374666667
0.49728336599999995
0.4709613189333333
0.4465313755333333
0.4264586018
0.4266278816
0.42727012613333326
0.4311153732
0.43250119486666666
0.4158211434666666
0.4307612848
0.4325947073333333
0.4307626011999999
0.43674199659999985
0.4403978863999999
0.44820242886666667
0.46191776933333334
0.4786604857333333
0.49547138039999994
0.5059310249333334
0.5017923384666667
0.5048991552
0.506858002
0.5100009598666665
0.5133465284666666
0.5031739186666666
0.48408448460000003
0.4770874828000001
0.4734406975333333
0.4713195794
0.4706764207333334
0.46130179953333333
0.452773825
0.4420498935333333
0.4276348064
0.43986120586666666
0.4274935475333334
0.4183544970666667
0.4119200340000001
0.4133357754666667
0.4279794136666667
0.4490425635333333
0.45833341786666665
0.4597554179333334
0.45981791973333336
0.45926476506666664
0.4641222470666666
0.46632433486666663
0.4776881247333332
0.49428222746666667
0.49035629046666657
0.5035026885999999
0.5166941136666666
0.5222152391999999
0.5186234122
0.510202253
0.5017931575333334
0.49810029613333334
0.4962580826
0.5000914678666667
0.5045754269999999
0.5005875691999999
0.5082169391999999
0.5078922586
0.5012211857333333
0.4932711278666666
0.48770634426666665
0.4760503976666666
0.4709568628666666
0.4730087418000001
0.4731624200666668
0.4777608216000001
0.4805946184666667
0.4809873905333334
0.4826955256666667
0.47043785613333333
0.47371514499999995
0.4691073426
0.46801411153333333
0.4718438690666667
0.4746488238666666
0.47115282399999997
0.47059207940000003
0.4708599267333334
0.47535538966666663
0.47532181780000005
0.4667791447333334
0.46059952713333335
0.4556556146666667
0.44505182866666665
0.4447891908666667
0.43212694173333344
0.4132923260666667
0.40252610699999997
0.39323925606666665
0.3913072688
0.39716379299999993
0.39103874906666664
0.3789746869333333
0.36173371439999996
0.34866595306666665
0.35826259526666665
0.3492077946666666
0.34496227739999996
0.34664419713333333
0.35164702326666664
0.3691649575333333
0.3896259550666667
0.3969667821333333
0.40093901519999997
0.3984405250666667
0.3948530729333334
0.4011292973333333
0.4112737913333333
0.4236383575333333
0.43729906753333325
0.42897717859999995
0.4344223867333333
0.4427050164666666
0.4444161835333333
0.4458881662
0.44470057120000006
0.4341350286666667
0.4317565163333334
0.4288594275333334
0.4232716945333334
0.4249645521333333
0.41239550946666664
0.4112413252666667
0.4089229342000001
0.4032082365333334
0.4124781974000001
0.40958613880000005
0.39581110020000004
0.39027968473333335
0.3824879399333333
0.3805517054
0.38157732819999995
0.3806760692
0.3868016915333334
0.39683321940000005
0.40039925173333335
0.41528218220000007
0.4192767088
0.4265909414
0.42320630626666667
0.41696202826666673
0.41945503546666674
0.42908052820000003
0.4397566560666667
0.4457078112666667
0.4491537010666667
0.45285151586666667
0.45827233460000005
0.4588964946
0.4537007785333333
0.4500986948666667
0.44240527479999997
0.43086242599999997
0.42572900773333333
0.4324578082666667
0.43961468433333334
0.44944607333333336
0.4483368467333334
0.44623016946666666
0.4436646663333333
0.43761545106666666
0.4407859476
0.43661922159999994
0.4388450307999999
