0.5628643700000001
0.5277144843333335
0.5188402576666669
0.5057545606666667
0.4898134012666667
0.4727852149333333
0.46163375613333335
0.44521990106666665
0.42817573466666664
0.41436086279999995
0.4063169486666667
0.3975153092
0.38429199873333336
0.37471760493333334
0.3675993178
0.35877448813333335
0.3451985582666667
0.3375694231333333
0.32210824406666666
0.3067418558
0.2910961226666667
0.27563457446666667
0.27237954526666663
0.27207963459999995
0.2737853574666667
0.27632311253333336
0.27190964953333335
0.27808064433333335
0.28088308146666663
0.2826475388666667
0.2871916382
0.28832772026666664
0.288753455
0.2927494845333334
0.29689343500000004
0.30420436573333326
0.30898170193333324
0.3051575915333333
0.3014920924
0.29800561119999996
0.29498641833333333
0.2922684145333333
0.2879013880666667
0.27809830793333334
0.2731398418666667
0.26997563013333337
0.2687831446666667
0.26734878360000003
0.2625129810666667
0.2580487142666667
0.2519779506666667
0.24445628846666662
0.24704751459999993
0.24389444079999997
0.24194617026666662
0.24287958220000003
0.24828013900000004
0.2563144936666667
0.26656940493333336
0.2704766845333334
0.2696601368666667
0.2669619572666667
0.2664985908
0.26924339253333335
0.27218406193333333
0.2778025835333333
0.28544854179999996
0.28574093486666663
0.2899223636
0.29310946686666667
0.29286438133333337
0.2888435996666667
0.28293609519999996
0.27886858859999997
0.2773423756
0.2781014234
0.28222349953333337
0.28290074439999996
0.2807524503999999
0.2826801053333333
0.2810675684
0.2785578240666667
0.27465775140000004
0.27305396439999996
0.2700905338000001
0.26757664173333334
0.26626548666666666
0.26442024513333334
0.2650053808666667
0.2676773946666667
0.2679307187333333
0.2686838721333334
0.26484974013333334
0.2637126322
0.25993671586666667
0.25888389219999997
0.2607943723333333
0.2620729336666667
0.2598043660666666
0.2585031676
0.25763416079999996
0.26086367706666663
0.260803304
0.25596342693333335
0.2480907274
0.24278641186666666
0.23563047606666665
0.2350627909333333
0.23354133706666666
0.2303577468
0.23003111373333332
0.22944376033333336
0.23152866560000002
0.23597466166666667
0.23524618986666665
0.23021783093333334
0.22153246393333334
0.21657202546666668
0.22031527646666668
0.22044412493333337
0.22232869113333334
0.2277740542666667
0.23325772586666668
0.24033132159999998
0.24644229359999995
0.24717730919999997
0.24434960739999995
0.23989566973333332
0.23677216826666664
0.23618915833333334
0.24220033186666667
0.24950423386666667
0.2567590984
0.2566911535333333
0.2600367874
0.26427770186666666
0.26289663373333333
0.2602188930666666
0.2580008882
0.2536969872666667
0.2524832962
0.2521307738
0.2516558976
0.2512542272
0.24848280933333336
0.24908132360000004
0.24943717913333338
0.24770489960000006
0.25127184880000003
0.24649904046666668
0.23821852420000003
0.23370460086666664
0.23105169686666666
0.23043090480000003
0.2297103436666667
0.2294559834
0.23261679
0.23590590166666664
0.23884248286666665
0.24286443979999997
0.24153623206666663
0.241105576
0.23479076640000004
0.2276153894666667
0.22923600473333341
0.23353839540000004
0.2407783362666667
0.24350841393333336
0.2452663658666667
0.24660144066666667
0.24615964819999997
0.24437787179999995
0.2420382016666666
0.24061287366666662
0.24029748359999997
0.2381727366
0.23743186100000002
0.2428647136
0.2474577072666667
0.25252842280000004
0.25410389833333336
0.25327836966666667
0.2536567217333333
0.2514524178
0.25355741866666665
0.2560135754
0.25950572746666667
