0.6472421074666667
0.6218396875333333
0.6184239086666666
0.6146085442666666
0.6092421332000001
0.6019208942666668
0.5951010276
0.5783998819333332
0.5585452571333335
0.5427503616666666
0.5345870304666668
0.5316729588000001
0.5165512664666667
0.5089375448
0.5058948922666666
0.4976079653333333
0.4815256966
0.4719016743999999
0.4483053605333333
0.4237397315333334
0.4006689679333334
0.3802713210000001
0.3781408003333334
0.37744298646666674
0.3796634038000001
0.38113576073333333
0.3674475753333333
0.37914820559999995
0.3817437119333333
0.381136205
0.3871628056000001
0.39026379853333343
0.39527339586666677
0.4059097566
0.4191636074
0.4334808392666666
0.44225505359999995
0.4379277816666666
0.4381431049333333
0.4381490550666667
0.4396796786
0.4402762355333333
0.4318021606
0.4146658988
0.4073489135333333
0.4026799175333334
0.399869419
0.39779308360000004
0.3893235000666667
0.38175832493333334
0.37259218786666676
0.36056741839999995
0.3694741538
0.36065684933333336
0.3539597921333334
0.3497513254666667
0.3534178226666666
0.36602189933333323
0.38459341633333327
0.3930201158666667
0.39440477213333325
0.3947046092666667
0.39509131146666665
0.4003656482
0.4033178940666667
0.41282622753333337
0.4265006592666667
0.42425773806666667
0.4340064248
0.4436952785333334
0.44646646320000005
0.4421302756
0.4335279324666666
0.42542063026666666
0.4220718029333333
0.4207807805333333
0.4247216413333333
0.42736398699999995
0.42307495433333336
0.4281128336
0.4266331972666666
0.42094714466666666
0.413793217
0.4094159484666667
0.4004592928
0.3968352044666667
0.3987270318
0.3991052159333333
0.4031019746666667
0.40583196073333333
0.40599134946666665
0.4068274945333333
0.39740940486666665
0.39889300046666665
0.3943596709333333
0.3933463304666666
0.3967106421999999
0.3989266132666666
0.39598931146666666
0.3950854624666667
0.3948613112
0.39851840573333336
0.39801653326666664
0.3901092292
0.3817964436
0.3756734034666666
0.3652263887333333
0.3646925447333333
0.35577861533333327
0.3427315928
0.3353802761333334
0.32856901173333336
0.3281001034666667
0.333420295
0.3292158612
0.3192014138
0.30385772553333334
0.29321644033333333
0.30048244493333337
0.29561125860000004
0.29445694000000006
0.2982286983333334
0.30405564460000006
0.318422694
0.33421510013333333
0.33959617866666664
0.34155093873333336
0.3384590702666666
0.3349310035333333
0.3379806085333333
0.3460405668666667
0.3560315121333334
0.36767874526666666
0.3628118228
0.36796683339999997
0.375100537
0.3754654308
0.3743498153999999
0.372235413
0.36254140139999996
0.35945538253333337
0.3567667636666666
0.3522356097333333
0.35309755
0.3446607999333333
0.3452293837999999
0.34497506199999994
0.34098611786666666
0.3483453166
0.3444516623333333
0.3324591043333333
0.3274818587333333
0.3217892738
0.3208875354
0.3218828342666667
0.32223278980000003
0.32849386473333336
0.3372598846666667
0.34152351280000004
0.3528159476666667
0.35470164526666664
0.3596963482
0.3542139859333334
0.34715612566666665
0.3489974710666666
0.3564918338
0.3665369348
0.3714800843333333
0.37416722766666666
0.37780949006666664
0.3810834358
0.3807323519333333
0.3760157454
0.3726212598
0.36768741479999995
0.3591298662
0.3555070916
0.36277407246666665
0.3690854404
0.37812402726666666
0.3787616828666666
0.3774256103333333
0.3765198327333333
0.37187272553333334
0.3745950083333333
0.37288510993333335
0.37554695486666667
