0.5354120147000001
0.5079655127500001
0.4990393901500002
0.4821609039500001
0.4623169128000001
0.44187916729999993
0.42802345519999996
0.4085060978
0.39256663245
0.38089112469999997
0.37326458430000004
0.363057613
0.35689569750000005
0.34833957185000003
0.34067854075000004
0.3315858292
0.31890558035
0.31419385585000004
0.30690470940000003
0.30029587995
0.2945325905
0.28573037525000006
0.28315165525
0.28209714254999996
0.28210613175000004
0.28392060145000003
0.2811669213
0.28524178969999997
0.28686348154999997
0.28764912865000003
0.29065823739999996
0.29174293809999996
0.28988498214999997
0.29144259565
0.2937436965
0.29745031224999996
0.29820575529999993
0.29479303734999995
0.28661114755000006
0.28162199504999996
0.27915998965
0.27882204265
0.27719289415000004
0.27308590625000007
0.26920001020000006
0.26424797175000003
0.25883936425000004
0.25860552685000004
0.25480131285
0.2525332479500001
0.2514567246
0.2526795831
0.25816071395
0.26041913195
0.26097530005
0.26016527855
0.25984219970000005
0.2611407962000001
0.26644471970000005
0.26848317525000004
0.27011818680000005
0.27133841210000004
0.27239964029999997
0.27535834975
0.2788288124
0.2821215476
0.2859700665
0.28507714940000006
0.28664974280000005
0.28752245405000004
0.28658165945
0.28529972010000004
0.28108048425
0.27708200380000003
0.27763574085000003
0.27867376045000003
0.28003531220000005
0.27851901074999996
0.2782162786499999
0.27725866629999996
0.27445209125000003
0.27158277515
0.2690866321
0.26796200574999995
0.2684483999000001
0.2678814125
0.27017992445
0.26751571795
0.2657150365
0.26458149605000003
0.26426061205
0.26396346680000005
0.2628981527
0.26250521540000005
0.25912596300000007
0.25687703554999997
0.2583121648999999
0.25869579654999997
0.25514410265
0.2519485451
0.2492887401
0.2472036665
0.24549762730000002
0.24211700365000005
0.23659176014999997
0.23583590829999998
0.23453338294999998
0.23790734679999997
0.24170173749999999
0.2406080685
0.23537748959999996
0.2288657336
0.2245701154
0.22552728544999998
0.22340426309999994
0.22280963784999996
0.22238644940000002
0.22483844370000003
0.23039292465
0.23535543480000004
0.23912908130000005
0.24107273145000002
0.24153200589999999
0.24412486090000002
0.24498162714999996
0.24450440320000003
0.24391108875
0.24349293999999996
0.24106465435
0.24199721124999996
0.24835454105000002
0.25340957675
0.25757359439999994
0.25865713344999997
0.26029508155
0.26174503509999997
0.2593402711
0.2553306347
0.2523170401
0.24651201395000003
0.24593241400000002
0.24772676755000003
0.24934986240000004
0.25193941475
0.24972962285000003
0.24536818530000004
0.2415598520000001
0.23829304325000011
0.23896194690000008
0.23755024875000003
0.23562874625000005
0.2366303883
0.23709589115000002
0.23794823610000004
0.23838760335
0.23772211589999998
0.23945786919999995
0.23670101399999996
0.23421028644999997
0.2352945194
0.23371098915
0.23506571985
0.23514567900000002
0.23445783470000006
0.23762704890000003
0.24158458925
0.2446353415
0.24533576975000004
0.24558471275000002
0.24632795829999998
0.2442596808
0.24306917244999998
0.24192012294999996
0.24067170474999994
0.24254250665
0.24313673884999995
0.24419531510000003
0.2492951455
0.25233560595000004
0.25586810935000004
0.25844097424999996
0.25868088489999996
