0.6356719188
0.61681163845
0.6117007264499998
0.5988697801999999
0.5841992030000001
0.57040458515
0.56254848655
0.5407335939
0.5239944056000001
0.5131119184499999
0.5049419942000001
0.49324440290000016
0.4865232282500001
0.47493334425
0.4639092175499999
0.45074206414999984
0.43563536355
0.4314883952
0.42099561185
0.4120151559500001
0.4048157350000001
0.39180839735000006
0.3912948366500001
0.39139324670000003
0.39190130095000003
0.39437382555
0.3871875327
0.39556482530000003
0.39766250310000006
0.39886075390000003
0.40264671960000004
0.4061823813
0.40600797565
0.41337392015
0.42282214860000006
0.434073768
0.43681208324999987
0.43154085685000004
0.41931043095
0.41266543324999994
0.41053194314999997
0.41150391545
0.4095484838
0.4033473442
0.39932734385
0.3917187563000001
0.38391009620000005
0.38665854410000006
0.37943423970000006
0.37391928715
0.37127663265000005
0.37018416005
0.3776114451
0.3791481645
0.37881872885000006
0.3765757633000001
0.37732519575
0.38201534694999995
0.39262215624999997
0.39630407925
0.39932848879999994
0.4038835264
0.40650703495
0.41294643324999997
0.42037200235000005
0.4266823391500001
0.4313563029500001
0.4256517791
0.42772100020000003
0.42990273695000003
0.4298478546
0.43080305975
0.42802191270000006
0.42148330975
0.42262361754999994
0.42349980764999995
0.42356542795
0.42053346410000003
0.4197341584500001
0.41822805139999997
0.4146890718499999
0.41052608235
0.4067873875
0.40454266260000005
0.4015052485999999
0.3994915193
0.40432597395
0.400933017
0.4015875874
0.40183951855
0.4029239701
0.40255717859999984
0.39920543379999995
0.39941992629999995
0.39345752305
0.3908601573
0.39370452814999995
0.39495487469999996
0.39006262315
0.3875081117
0.38362016855
0.37920049164999997
0.37512351359999996
0.36609506789999996
0.3545142426
0.34996566509999993
0.34386331649999996
0.34722345775
0.3503153972
0.34459966575
0.33525146980000003
0.32406484065
0.31567224499999996
0.31843247324999996
0.31290245879999995
0.30831689014999997
0.3039832111
0.3046528471
0.31233016650000006
0.31882823500000007
0.32290774650000004
0.32610672900000004
0.3275483519000001
0.33467968835
0.3410364275500001
0.34324668785
0.34466171595000006
0.34535622634999996
0.3404761191
0.34196568795
0.35024123255
0.35768899005
0.3655028784
0.36614489255
0.3690258421
0.3716565784
0.37001027799999997
0.36368332574999995
0.36068583034999996
0.34887070239999995
0.34747159169999997
0.34722980839999995
0.34725151204999993
0.35053685389999995
0.3468189783
0.34005513565
0.33627675
0.3310857748
0.3347016770000001
0.33446284275000004
0.33200576800000003
0.33478160345
0.3358658777
0.3376519052
0.3415766121
0.34390628875000007
0.34942699680000006
0.34873529420000005
0.34608078565
0.35007148165
0.34850197315
0.3524481546
0.35395624965000005
0.35406811029999996
0.35948121354999996
0.3684740166
0.37471947335
0.37653573139999996
0.3764521985
0.3759300475
0.37157909604999995
0.36968691695
0.36787093504999996
0.36675223134999996
0.36905254135
0.36654700134999996
0.36574510120000003
0.37068563475
0.3726055602
0.3786793665
0.3807689737
0.3814769884
