0.66478020325
0.6485913402
0.6444102209
0.6326078052
0.61948524905
0.6089007848000001
0.6041792244499999
0.58239656965
0.5670454612
0.5578348998499999
0.55067188075
0.5396768234
0.53316567625
0.5214752519
0.51053371445
0.4966021778500001
0.48284323205
0.47977747854999997
0.4686927370999999
0.45973409745
0.45309025184999996
0.4398156812000001
0.4418483792
0.44355715875
0.4452701682
0.44789193564999996
0.4394707621999999
0.4499330668
0.45204958074999996
0.4536205686499999
0.4574522730499999
0.4621700490499999
0.4637565042999999
0.47440457899999994
0.4866566097499999
0.5006924400999999
0.5049816262
0.49925790700000006
0.48616792760000005
0.47974925039999994
0.47859656264999983
0.4810945891499999
0.47986941875
0.4735798999
0.47012898649999996
0.46143319575
0.45259773905000006
0.45750058705
0.44858641264999993
0.44142711825000003
0.43802893029999995
0.4355351891
0.4438982134000001
0.4442754838500001
0.4433558123
0.4409124062000001
0.4409481326
0.4469375535499999
0.45860822174999993
0.46205662555
0.4646187661500001
0.4698197251
0.47226048934999987
0.4802370794499999
0.48936733474999994
0.4981529395499999
0.50377664345
0.49665399874999994
0.5000001913500001
0.5031651616
0.5041659426499999
0.5060149019000001
0.50438456355
0.497266976
0.49946926654999996
0.50072139665
0.5008721745999999
0.49776526144999994
0.49792515234999996
0.4966618818499999
0.4931044931499999
0.4878215291999998
0.4837585959499998
0.48069379109999993
0.47609054019999997
0.47324505615
0.4790689870000001
0.47456126590000014
0.47620846660000005
0.47772455140000003
0.47953841835000005
0.47968647550000004
0.47532030910000006
0.47584909345000004
0.46844323700000007
0.46533024425000014
0.46842218215000014
0.47029661339999995
0.46499839145
0.46450238730000004
0.46176912000000003
0.45810130214999994
0.453281344
0.4419830567000001
0.42724783210000006
0.4206924557000001
0.4125942733
0.4159723686
0.4184355794500001
0.4098917918500001
0.3985506758
0.3858395661499999
0.37580946029999995
0.38033071989999995
0.37346417374999996
0.36734588299999993
0.36156790775
0.3605252480999999
0.36877241629999996
0.37401765304999995
0.37667583129999993
0.3795096632
0.38121086925
0.39048017785
0.40076952030000007
0.40511143905
0.40863889225000005
0.41030330935000003
0.4041907591
0.40600190199999997
0.41514363014999994
0.42357975959999994
0.4334419079499999
0.4336008982499999
0.43771307854999997
0.4417715104999999
0.44117108600000005
0.4349293727
0.4323298738
0.41784668610000003
0.41581734640000007
0.4146268315
0.4138790929500001
0.41740960245
0.4123445331
0.40354661180000007
0.39856075500000004
0.39233356225000005
0.39728179335
0.39807928465000003
0.39524980005000004
0.397960217
0.3981381626
0.3991038842
0.40370705124999995
0.4064574907500001
0.4129254669000001
0.41383005175000004
0.41140770955
0.4176391776
0.41692601400000007
0.42168604640000007
0.4242082433
0.42478842110000004
0.43052831745000003
0.44209572585000007
0.44942282440000014
0.45154779155
0.4512641262999999
0.4493280111999999
0.4440972583500001
0.44212095404999996
0.44054849339999996
0.440819284
0.44326209594999993
0.43872111745
0.43641546745
0.43955201335000005
0.44027848820000004
0.44652650155000007
0.44774974590000005
0.44873910545000006
