0.49816181664000014
0.47181092068000013
0.45890444972000016
0.4428765883200001
0.42594991232000007
0.40832483208
0.39435566903999997
0.38174623700000004
0.36789440048000005
0.3566961416800001
0.34861563792000005
0.3384514197199999
0.3343299888
0.3309304785600001
0.32873442308
0.32623706216000004
0.31832801980000003
0.31444868172
0.3079537008
0.30165039488
0.29696868604000004
0.29037204752
0.28786636936
0.2866386504
0.286215685
0.28734808816
0.28533125536
0.28684934448
0.28699517103999994
0.28697819912
0.28796422027999996
0.28656993356
0.28464786068
0.28154773912000003
0.28148918652
0.28429639051999994
0.28626118963999997
0.28484791236
0.28089865828000005
0.27677369908000005
0.27274099104000005
0.26885923872
0.2682294666400001
0.26480198664000004
0.26255737796
0.26137698668000003
0.26254138480000005
0.26518448388000004
0.26583969136
0.2656391362400001
0.2635698532
0.26104934284
0.26165251192000005
0.26154943836
0.26128076952000007
0.26243069016
0.26476731508000007
0.26693319472000004
0.27189642004000003
0.27453915296000003
0.27511023740000007
0.27457765780000004
0.27453687084
0.27565305588000005
0.27721533304000007
0.27924393684000004
0.28370966948000004
0.28316444980000005
0.2836642441200001
0.28572113056000004
0.2853434818800001
0.28293392612000007
0.27793914936
0.27578715572
0.27430746252000004
0.27386014032
0.27415977544000003
0.27328986343999995
0.27311024887999996
0.27451133268
0.27332081796
0.27365086768
0.27062973296000004
0.26793840528
0.2658174799600001
0.26495518840000004
0.26610438972
0.26542125244000003
0.2643486222
0.2630039377200001
0.26157978276
0.26134388196
0.2600313992
0.25823683480000004
0.25375770592
0.25035212404
0.24789445887999995
0.24687275668000003
0.24423082888
0.24197780776
0.24242787159999998
0.24401135392
0.24568630472
0.24693019068000002
0.24354521483999997
0.23895205007999998
0.23305303703999997
0.23106477039999995
0.23219842135999993
0.23006215135999994
0.2284190033999999
0.22808226803999998
0.22958363199999998
0.2325470022
0.23474128336
0.23615376064000004
0.2341029121200001
0.23314172416000006
0.23541543548000005
0.2364042734000001
0.23860040208000008
0.24137729172000008
0.24408255488000002
0.24608831124000002
0.24786957571999996
0.24896695627999998
0.24815399208
0.24679776847999996
0.24576273811999996
0.24581176179999992
0.24951303979999997
0.25246189803999997
0.25419204743999996
0.25397880591999994
0.25322748404
0.25465198156
0.25437516664
0.25275085912
0.25265262756000006
0.24790362384
0.24359168528000003
0.24176698816000006
0.2414913847600001
0.24195798004000005
0.24192447300000006
0.24186643072000005
0.2423294317200001
0.2416801294000001
0.24326960352000007
0.24292407548000003
0.24100709968000003
0.24130053199999998
0.23749398312
0.23442132832
0.23322703432
0.2322247448
0.23495552563999997
0.23660289455999997
0.23836526323999999
0.24079565179999998
0.24011342547999998
0.23929384732
0.23828011064000001
0.23687421844000003
0.23920314136
0.24097962712
0.24353688808
0.24458179316000003
0.2446374098
0.24691788179999996
0.24701349376
0.24735247343999997
0.24725338659999999
0.2459312242
0.24721143912000001
0.24879983147999998
0.2503339382
