0.63479564716
0.62123293104
0.6105501092
0.60137514676
0.59334677308
0.5833889784
0.57068125748
0.55694225184
0.53812537196
0.52196808336
0.5092164948
0.497918883
0.49646234135999995
0.49376437160000003
0.49363745816
0.4918351184400001
0.48225196952000005
0.48132395724000004
0.4734378410000001
0.46533418860000014
0.4612850330800001
0.4539364686400001
0.45496838592000005
0.4569285672
0.46065502876
0.46223016899999997
0.45707391715999995
0.46203019955999997
0.4640126661999999
0.4650254512799999
0.4692329422799999
0.47016272523999997
0.46933612595999996
0.46551851215999995
0.4690098869199999
0.4774306262799999
0.4808530552
0.4813975094
0.47734757124
0.4736500998399999
0.4679593881999999
0.4641621149199999
0.46749015219999995
0.46095197032
0.4575805888
0.45433976472
0.45392545868
0.45720231683999996
0.4577933886799999
0.4568136462
0.4560010488
0.45318519207999997
0.4558809653600001
0.45288142636000006
0.44932989956
0.4485716871200001
0.45272353432
0.45979957527999993
0.47260289271999995
0.48134456731999997
0.4836044897200001
0.48230775836
0.4809178161999999
0.48208820348
0.48400952888
0.48852596223999994
0.49665918896
0.49470949804
0.49673783936000004
0.5032473648400001
0.50615502188
0.50545478048
0.49897460379999997
0.49580116116
0.4919747551999999
0.49032535667999994
0.4902222515999998
0.48925640919999985
0.49027134819999985
0.49257169903999987
0.4905055217199999
0.4897071678799999
0.4827584374399999
0.47886531320000003
0.4746953022
0.47363434528000004
0.47738705460000014
0.4776425463200002
0.4774169610400001
0.4754698251600001
0.4750864631600001
0.4753806046800001
0.4717042436800001
0.4699862935200001
0.4640012518000001
0.4591635353600001
0.45600555364000006
0.45366927524
0.44551767168
0.43704045924
0.43257589176000005
0.42952536316
0.42852945556
0.4290587438800001
0.42173630352
0.413878841
0.4028035179199999
0.3986411018399999
0.4007147636800001
0.3920615230400001
0.38533243487999996
0.38088575047999995
0.37986819488
0.3843249518
0.38846078464
0.3882400049999999
0.38487553848
0.38240067991999993
0.38590310079999995
0.38605416563999995
0.387249747
0.38995543524
0.39414702784
0.3988249058
0.4047395594400001
0.4094397805600001
0.41159190696000003
0.41261673332
0.4128470187199999
0.4143185523999998
0.41990910263999986
0.4251509663599999
0.4271641247999999
0.4259242749199999
0.4239667945199999
0.4270171757199999
0.42732267747999997
0.4250837557999999
0.42481284972
0.41671566968
0.40874637140000003
0.40519630867999995
0.40304518223999997
0.4042661982
0.40258737091999997
0.40155046936
0.40304896676000007
0.40288461592
0.4087775188000001
0.4124826718
0.41296019112000004
0.4166275322
0.41147463984
0.40816972395999995
0.4079076737599999
0.40714077851999997
0.41173464579999997
0.41650685227999995
0.41877968755999995
0.42686097476
0.4297690749600001
0.43303310300000014
0.4331801411200001
0.43134981728000005
0.43217415340000004
0.4339909866
0.437897126
0.44145656083999996
0.4436075113199999
0.4486289208399999
0.44773724504
0.4473917325599999
0.44460572043999996
0.44110940716
0.442163234
0.44017458264000003
0.44038555664000006
