0.6092199981
0.5904756741333334
0.5846459211000001
0.5715534581333334
0.5575391138000001
0.5433899738333333
0.5307155681333333
0.5223933768333333
0.5122579517
0.5059821416333333
0.5031415591333334
0.49491355573333334
0.49497026313333337
0.4935400191000001
0.4926536406666668
0.4922066250333335
0.48694657766666677
0.48567803316666674
0.47960056766666675
0.4748109023333334
0.47100137796666675
0.4661948133666668
0.46421011003333335
0.46608464066666666
0.46898668759999995
0.4712510773666666
0.46458383596666664
0.46696760173333335
0.4583395959666666
0.4539250419999999
0.45509134706666654
0.45585873289999995
0.45943942479999994
0.4616097844333333
0.4657171553666666
0.4687606369666666
0.46678291566666663
0.47082677216666663
0.46619635136666665
0.4626062495333333
0.46096049693333324
0.4633411519666666
0.4655766661666666
0.4665635240666666
0.4677104503333333
0.4665980577333333
0.46556874956666666
0.4649705929
0.46271202329999994
0.4595490799333334
0.45986900913333334
0.46095851693333334
0.46510874816666675
0.4654981180666667
0.4675243053666666
0.4670676366000001
0.46597959383333337
0.4690908333333333
0.47541786053333335
0.478216857
0.4780067502666668
0.4799546938
0.4819200960333333
0.48235490813333326
0.48727063703333334
0.49279019166666665
0.49775170659999995
0.4918137091666666
0.49560451643333336
0.49637225566666665
0.4965860510333332
0.49581607699999997
0.49168233653333326
0.4897769895666666
0.4893474572999999
0.4886227365666666
0.49139349676666655
0.48750664156666657
0.48715135709999996
0.48866214089999993
0.48795318506666663
0.4865325273999999
0.48395997586666667
0.47942958413333336
0.47332123853333335
0.47090839480000013
0.4741820657333335
0.4742421189333335
0.4722699831666668
0.4705970728000001
0.4683215026000001
0.4638736771666668
0.45761352350000006
0.4529210433666667
0.4411998343333334
0.43527010926666676
0.43254156256666676
0.4329780463333333
0.4341583085
0.4308154142333333
0.42491730683333334
0.4185445520333333
0.4119938854333333
0.41252087000000004
0.40490366089999996
0.4003089460333334
0.39584801289999993
0.3982181070666666
0.40064594963333344
0.40145914056666676
0.39974644456666664
0.3970891356333333
0.39487389693333336
0.3960084329666666
0.3960840232
0.3951242391333333
0.3926860359666666
0.3929825102999999
0.39361988693333333
0.3918150907
0.39383364693333334
0.3955301903333333
0.3987675947333333
0.4069327643666666
0.41188049186666664
0.4143616492333333
0.4148992213666666
0.4108561098
0.4099088125333333
0.40676240339999986
0.4112575582999999
0.4162806458666665
0.4202536520333332
0.4207276879999998
0.4220042627666665
0.41925805833333324
0.4173479341333332
0.41418805306666656
0.41262613829999994
0.4078561784333333
0.40621629276666665
0.40783055953333325
0.41005245696666665
0.4126819019333333
0.4138388458333333
0.41525901703333334
0.41775693780000006
0.4132072714
0.4147201128333334
0.4145205871333333
0.4124458141999999
0.4150181703999999
0.4140978755999999
0.4148527032333333
0.41721442203333325
0.4194742019
0.4228490930666667
0.42526699896666664
0.42524897329999994
0.4288437285
0.42506956740000007
0.4261599745666667
0.4278320572666667
0.42828835630000006
0.43445055439999997
0.43870868746666664
0.44299341276666665
0.44468623879999997
0.4433845760666666
0.44681873173333325
0.4474457781
0.44887076270000004
