0.2763659709666666
0.24850407903333332
0.2386259109666667
0.2253126562
0.20997736313333337
0.19845740346666668
0.19199951160000003
0.18591329563333334
0.1821469103
0.17850696743333333
0.1777543872
0.17433697199999998
0.17208231649999997
0.17018005153333335
0.1678248904
0.16645748079999997
0.16432110693333335
0.16285614553333336
0.16157129346666663
0.16059672789999996
0.15971447196666666
0.1586341861
0.1581921327
0.15819656066666665
0.15824895256666668
0.15830276973333335
0.15854513450000005
0.1587574378
0.15872982630000002
0.15900575693333335
0.15944750920000003
0.15884900226666662
0.1586488337666667
0.15805587589999998
0.15706989913333333
0.15644620233333334
0.1560424462
0.1561267859
0.15520537536666668
0.1548624654
0.1551820231
0.15540445696666666
0.1556430953333333
0.15559229006666664
0.15533006819999998
0.15537164449999993
0.15542018826666665
0.15567261303333332
0.15610492673333332
0.1566230156
0.15715152549999994
0.1570728365666666
0.15681465173333328
0.15644153993333332
0.15616768683333332
0.15695172596666665
0.15703673866666668
0.15769455236666668
0.15808795236666665
0.1575015973333333
0.15786229796666665
0.1584700433333333
0.15833081726666665
0.15886631803333331
0.15951296066666665
0.1595605384
0.15966350866666668
0.1590999059333333
0.15921013973333334
0.15924509836666667
0.15932655806666665
0.15868941583333332
0.15825288666666668
0.1579838854
0.15762775923333333
0.1570650214333333
0.1571352877666667
0.15745703633333336
0.15741137770000002
0.15769585640000003
0.15689899743333335
0.1572971046666667
0.15777670273333333
0.15790777076666668
0.15818806100000002
0.15815867890000004
0.1585693447666667
0.15784733296666667
0.15745542096666665
0.15767135646666663
0.15734377146666662
0.15766538709999997
0.15784775143333332
0.15810191079999997
0.15843983623333333
0.15914036253333333
0.16003768430000004
0.16081470226666672
0.16058526900000006
0.16018573763333332
0.1591310823
0.15931804046666667
0.15926611586666667
0.15969359423333337
0.16050387406666672
0.16147765070000003
0.16171892936666668
0.16142641723333334
0.16188819773333335
0.16155282783333336
0.1618537715666667
0.16131794583333336
0.16083619396666662
0.16188597163333332
0.16217565839999998
0.16231098476666664
0.16240322403333332
0.1626345256666667
0.16344950173333334
0.16381070086666666
0.16434565273333332
0.16422041016666666
0.16388753206666665
0.163126563
0.16290263963333335
0.16262931913333337
0.16220260580000004
0.1618342127666667
0.16218737460000002
0.16253947409999997
0.1636078967
0.16497681019999996
0.16592741283333332
0.16656131973333332
0.1666742601
0.16636888163333333
0.16667064946666665
0.16725097046666665
0.16750100646666663
0.1676801318333333
0.1674410044333333
0.16768797796666662
0.16724259409999992
0.16654751199999993
0.16587037983333328
0.1656672115666666
0.16576373699999997
0.16572673326666665
0.16517461269999997
0.16491070086666665
0.16452869296666664
0.16509715146666665
0.16584307426666664
0.1667845173666667
0.16688364356666668
0.16643729193333334
0.16593010746666667
0.1653868035666667
0.16479843780000006
0.1646886656333334
0.1646254384666667
0.16384033913333335
0.16318840550000005
0.1625459699666667
0.16239603353333334
0.1626109197333334
0.16265010776666664
0.16262525193333335
0.1621107808
0.16244640800000001
0.16305378876666665
0.16334584926666665
