0.4608194290666668
0.4364565213000001
0.4282048404000002
0.4139314023666668
0.3982776285333334
0.38194066880000005
0.3686341653
0.3587997231666667
0.3501276846333334
0.3440731101333334
0.3413200306000001
0.3347124793666667
0.3311863215333334
0.32780034320000007
0.3251234283333334
0.3229830631666667
0.31676313926666666
0.3131614390666667
0.3074288643
0.3018176454
0.29765024419999997
0.2923081382
0.28876856840000004
0.28678586350000007
0.28589548433333334
0.2856547654333333
0.2820890320333333
0.28299101619999995
0.27949069469999993
0.27789369036666667
0.27858363416666665
0.27855543246666664
0.2780511193
0.2776312328
0.2774710746333333
0.27809115819999997
0.27671899520000004
0.2761025530666667
0.27269326660000004
0.26997589073333333
0.26893300026666667
0.2702742767666667
0.2721079408666667
0.2723338564333334
0.2718082632
0.2698178835
0.2678725509666667
0.26692368720000004
0.2658781868
0.2651163881000001
0.2648902671
0.26495241513333334
0.26639422473333335
0.2669084022
0.2675278185666667
0.26787198176666666
0.26856186933333337
0.26962529443333344
0.2727189967666667
0.27390953006666674
0.2738807801333334
0.27459272840000004
0.27469966760000003
0.2749979214666667
0.2774320836333334
0.2794350759666667
0.2820031829333333
0.28019934313333344
0.2814881640000001
0.2816000003333334
0.2802205115333333
0.27755454316666667
0.2736781701666667
0.27193698473333333
0.27250988513333335
0.27301607106666664
0.27545368583333335
0.27387524226666665
0.2722325413
0.2713084106
0.2699757303
0.2696760982
0.26836534253333333
0.2664291652333333
0.2642968507000001
0.2626054012666667
0.2635645818666667
0.2626117745666667
0.2604844039
0.2578840610333334
0.2553585653
0.2521571741
0.24995626553333336
0.24862698463333338
0.24514723133333335
0.24445750296666666
0.2451190663333333
0.24680079963333332
0.24788951386666666
0.2468746787333333
0.24392599586666666
0.24119807049999997
0.2386876647333333
0.23813935169999997
0.23426742616666657
0.23255755149999993
0.23170226516666662
0.23416025839999993
0.23693632933333328
0.23840002019999998
0.23860421146666663
0.23689668386666668
0.2357121676666667
0.23637341496666672
0.23571767410000005
0.23620908140000008
0.2355183489000001
0.2366655619333334
0.23850321500000005
0.24024045616666673
0.24330319650000004
0.24533534400000004
0.24673830946666667
0.2491661049
0.25006964043333324
0.24983030269999998
0.24824019059999997
0.24577578366666664
0.24401319773333333
0.2423359838333333
0.24564082773333334
0.2494707065
0.25223199899999993
0.2539815011666667
0.25326791393333337
0.2512481130333334
0.24830061730000003
0.2456352949666667
0.24421589650000008
0.24170366546666672
0.24096963980000002
0.24237378190000006
0.2437808996333334
0.2450483550333334
0.24567362456666672
0.24530877783333338
0.24527137756666673
0.24124783300000008
0.2394436191333334
0.23786752260000005
0.23587845980000002
0.23724146856666667
0.2372800554
0.23784863533333336
0.23815589216666666
0.2378078158
0.23849733089999997
0.23897205166666663
0.23972767826666663
0.24158096169999999
0.2398544843333333
0.2392687185
0.23882774
0.23753654836666668
0.2408822137666667
0.2438211468666667
0.24702835296666667
0.24858256783333335
0.2483593918333334
0.2500794296666667
0.2510866118
