0.7383750966
0.6894477574
0.7231642674
0.7386938890000001
0.735394266
0.714257369
0.6946989938
0.6520485542000001
0.6047258522
0.567705559
0.5596737625999999
0.5582214867999999
0.5632017926
0.5940509096000001
0.629250901
0.6468145848
0.6519971227999999
0.6392262693999999
0.59296057
0.5455902702
0.5148574227999999
0.5117992944
0.47510966239999997
0.47644451299999996
0.4887928692
0.48134175279999997
0.4366893896
0.45512498059999995
0.422445015
0.3785008174
0.34339495099999995
0.3308871214
0.34964900179999997
0.3829208504
0.426052433
0.47276688079999996
0.4798869194
0.48750987200000007
0.49241825660000005
0.4877345532
0.4940641579999999
0.5104196184
0.5074484128
0.510414201
0.522194471
0.5195831023999999
0.5274865369999999
0.5104187306
0.511865008
0.5106449818000001
0.5163556192
0.50213343
0.4916546126
0.4299742448
0.39842299559999994
0.384383371
0.38433877120000004
0.409955919
0.4420661458
0.4492534976
0.4254106904
0.396432218
0.41797308600000005
0.41044025200000006
0.40738699800000006
0.4259660406
0.4592363372
0.456009236
0.49462129279999995
0.5183597579999999
0.5278895228
0.523785204
0.5038119732
0.48730519640000003
0.47322624860000007
0.4792088108
0.4998251412
0.5112476622
0.5285815765999999
0.5584963343999999
0.559547384
0.5322598914000001
0.5155471236
0.48949269959999997
0.4625783054
0.450018053
0.46818937099999997
0.4869314952
0.48368843140000006
0.5035761778000001
0.5141113388
0.5032142948
0.4773347648
0.4899379018
0.4619967098
0.4487411968
0.44762255959999997
0.4552210002
0.45965613159999996
0.4762109678
0.480109636
0.4972497226
0.4787578034
0.47155140160000003
0.46911435020000003
0.4751915018
0.470659325
0.48996766799999997
0.48225093880000003
0.46645092019999995
0.45727864239999994
0.45815712140000003
0.45723998200000004
0.4465350938
0.446233311
0.43449669979999994
0.4063390396
0.3871599226
0.3675947926
0.327192747
0.31580297879999997
0.3152216072
0.3295219018
0.3773614926
0.39969018920000005
0.3866243822
0.3636404964
0.32931603480000005
0.3298315006
0.3207404478
0.33245947119999997
0.36107048780000006
0.3961031332
0.4003018794
0.44844722819999994
0.47181649299999995
0.4781060614
0.46990240720000004
0.4544258387999999
0.43420021599999997
0.42954540979999994
0.43173852339999996
0.4458916621999999
0.43220381759999993
0.4206197159999999
0.4267531466
0.42340396580000006
0.4218704292
0.4474720572
0.447585154
0.4389709926
0.43143579340000004
0.40205299219999996
0.3952177816
0.36898165839999997
0.3679998366
0.37192904340000005
0.38570128820000005
0.39474475340000004
0.41219160400000004
0.3804624714
0.3674742174
0.3597095394
0.3516925812
0.36355872219999996
0.3935658996
0.42100181379999996
0.44508883059999993
0.4547604206
0.4700962204
0.48380175540000003
0.49129679300000006
0.4648205488
0.444433083
0.42471016380000004
0.4098739296000001
0.4069713614
0.4272140544
0.44826759959999996
0.4637481634
0.48114131880000005
0.4784213294
0.4690677324
0.45759540199999993
0.4387574972
0.40157202959999994
0.3917943324
0.4010916379999999
0.41298105139999997
0.4458325594
0.4622971918
0.46847484660000005
0.46083462859999996
0.44226989980000003
0.43776778619999995
0.4459884434
0.45626591340000006
