0.6359695712000001
0.5078046892
0.4843831012
0.43110077799999996
0.35947353160000006
0.2912508904
0.2706731532
0.2467487178
0.23082237340000003
0.2237748582
0.2291779188
0.2217061652
0.21367681519999998
0.2065906686
0.19260209840000003
0.1887435376
0.18250498140000002
0.18119873339999998
0.1773707716
0.17475318300000003
0.16481622579999997
0.155933718
0.1494609882
0.1458649926
0.1461663594
0.14823768199999998
0.15240176719999998
0.15628710999999998
0.16012635299999997
0.16309414819999998
0.16851816619999999
0.16877728460000002
0.16810740920000003
0.17210630259999998
0.17065115740000003
0.1670327928
0.1646979156
0.163762843
0.1590212208
0.159682396
0.16139648040000001
0.1616109748
0.15831978939999997
0.1549381202
0.1492331234
0.1482854846
0.1483834564
0.1532146564
0.1571223748
0.160666531
0.15634601239999998
0.15539940840000002
0.15285281879999998
0.1490645864
0.15070718560000002
0.1551061188
0.1542249738
0.15563548580000003
0.1560826506
0.15147900139999998
0.150510325
0.1519379482
0.152975122
0.1550032994
0.15740655499999998
0.15944771740000002
0.1608699802
0.1608606996
0.16134270899999997
0.1624880128
0.1625342088
0.1617053626
0.1584968956
0.15801394019999998
0.1569908078
0.1589647706
0.15829934620000002
0.1600668886
0.159142054
0.15793455839999998
0.15514721520000002
0.155182821
0.15813222259999998
0.158943061
0.1587106486
0.1605695508
0.16282480179999997
0.15945307520000002
0.1607528446
0.1635471814
0.16069976760000002
0.1590987402
0.157589654
0.1570662296
0.1557993812
0.1580438354
0.15502542319999998
0.15577858399999997
0.15398518300000003
0.15278397800000001
0.14896498900000002
0.1523805942
0.15372179360000002
0.15457889400000002
0.1573993908
0.1579686266
0.1592702476
0.161984887
0.1621204124
0.16088778599999998
0.162705304
0.1628162616
0.158556004
0.15622896220000002
0.1556104214
0.1556801062
0.15740105580000002
0.159455586
0.1646317836
0.16815806
0.171479314
0.1733325234
0.17539135900000002
0.17196637879999999
0.1662747896
0.157988154
0.1507075602
0.1464870656
0.14863513440000004
0.15469279660000002
0.1630443994
0.16678592760000002
0.16668360180000003
0.167746515
0.16369311339999998
0.1602253518
0.1568643464
0.15844354740000002
0.1621070558
0.16462476939999998
0.16544858319999997
0.1693279308
0.16934599420000002
0.1656101428
0.1654206762
0.167888114
0.1683041726
0.16697362440000002
0.16269415120000003
0.1627096926
0.16118131239999997
0.16122569720000002
0.16307144319999997
0.1663312484
0.1640957964
0.16385961940000002
0.1673527866
0.171046266
0.1748788052
0.1795015126
0.179610309
0.1769489632
0.1746249476
0.1733846354
0.1697283438
0.1666580886
0.1629683174
0.1583932892
0.156386089
0.1537662574
0.154805826
0.157782485
0.1602508292
0.157372747
0.1596626024
0.1610570024
0.1643046594
0.1676716704
0.1723535792
0.1745473488
0.1726329062
0.16622343320000002
0.160333819
0.15441477099999998
0.1509259288
0.1529884986
0.15481417660000002
0.15785587760000003
0.16136399820000003
0.16574572
0.1675231966
0.16980757500000002
0.1712460262
0.1707735004
0.17003059059999998
0.16931530279999998
0.1671427664