0.7232924140000001
0.6469607826000001
0.6604978574
0.6441164118
0.6061850628000001
0.5485658231999999
0.5195478931999999
0.48114839500000006
0.44611371499999997
0.42076654539999997
0.41673487280000004
0.4166347772
0.4148745206
0.42703355519999997
0.4424885956000001
0.4530549488
0.448718598
0.4396367876
0.4113799338
0.3798274474
0.3491610244
0.3271925524
0.29836468800000004
0.28573932579999994
0.2804819104
0.2741074912
0.2596845244
0.27470679379999996
0.26920547260000005
0.2599162096
0.2500198524
0.24002664659999998
0.24406715399999998
0.2612941054
0.2809579524
0.304841994
0.3160177776
0.3154679852
0.3121496664
0.3070684546
0.3067130682
0.3089387366
0.30672522580000006
0.30480468180000003
0.3026538980000001
0.301058035
0.30198859159999997
0.29327956359999996
0.287521929
0.28429448100000004
0.2771881518
0.2658779154
0.2636993748
0.24196831299999996
0.2324711466
0.2316807036
0.238482927
0.2450674124
0.2580487012
0.25738051520000005
0.24706499660000003
0.229008023
0.23237575659999998
0.23166630819999998
0.23598684900000003
0.24989304639999999
0.27734946699999996
0.291500312
0.30999320539999997
0.31806268939999993
0.3120223676
0.29452838180000007
0.2756197038
0.266070664
0.2625026474
0.27149233660000005
0.2844677766
0.2901027888
0.2937032214
0.29876306379999995
0.29507843980000004
0.2875346406
0.283085793
0.27683188039999995
0.2707614156
0.2677334938
0.2746680814
0.2755136514
0.2717222494
0.2785158366
0.28039077160000003
0.2734707502
0.2653738098
0.27060776340000003
0.26099434920000003
0.2546056598
0.2506576284
0.2523732742
0.2526861298
0.2635219982
0.2687957248
0.2819232378
0.27680213639999995
0.2678440034
0.2552938002
0.25325029200000004
0.24980225080000001
0.25704339039999996
0.258882965
0.2566937044
0.25085646559999997
0.25086554260000005
0.2485643852
0.24116331239999997
0.2322846776
0.224252478
0.2062236348
0.19958059720000002
0.20057773380000002
0.20209485840000002
0.21498439759999996
0.2312421036
0.24644101440000005
0.2661829388
0.2713590336
0.25141661719999997
0.22713165340000002
0.2036944648
0.1941851568
0.1878784828
0.20058505860000003
0.22494840579999997
0.2496376984
0.26062586919999997
0.28008936440000004
0.2895302518
0.280968763
0.266354846
0.2555054788
0.2405996278
0.2364856852
0.24259553279999996
0.2542847508
0.2539421126
0.25942137
0.2668171686
0.2651256054
0.2600170824
0.26455507320000005
0.261069964
0.2541470348
0.24867118319999998
0.24066585959999998
0.2352654958
0.224957094
0.22627976739999997
0.23451474880000003
0.2424317568
0.2539949774
0.2534700634
0.23422877039999998
0.2179278706
0.2100574742
0.20203224120000002
0.21070387360000004
0.22785941240000002
0.2454077506
0.25522847400000004
0.26050023
0.2644193824
0.26252051340000004
0.25998110680000003
0.239086351
0.2203136972
0.2125847582
0.2102352604
0.2169461514
0.23621041679999996
0.2549851704
0.2628001814
0.26572317079999996
0.2562063572
0.25081783719999995
0.2465397534
0.24550751119999997
0.2385597786
0.2391430744
0.2415658868
0.24084819799999999
0.2492775758
0.2580287456
0.2644856774
0.26858644119999997
0.266969302
0.265887169
0.271452202
0.2748884306