0.25419223372
0.21769597408
0.17580025968000002
0.13303700184
0.09848491331999998
0.11003993796000003
0.10978159504000001
0.10059489024
0.09531122007999998
0.11074455111999999
0.12213906316
0.12020558276000001
0.10869947647999999
0.09072818691999997
0.07215694084
0.05868760084
0.06349580344
0.07001057039999999
0.07958928968
0.09427957628
0.10373305436
0.10635269284
0.1081987354
0.10416991164
0.0932905414
0.08006444115999999
0.07682716543999998
0.08803641599999999
0.09874724240000003
0.10368091044000001
0.10984545964000002
0.10961089060000002
0.10280191156000001
0.09900251847999998
0.0928042086
0.08275244387999998
0.07692838299999999
0.07771729116
0.08243071515999999
0.08630932727999997
0.09181768215999998
0.10474239467999996
0.11580420375999999
0.10976136572000002
0.09824522704
0.08770568088
0.08041808936
0.08449539428000002
0.08469820396000001
0.08496876128000003
0.08393122908
0.08346690784000002
0.07146904664000002
0.05414734852000001
0.05051213296000002
0.045725695480000016
0.041727239040000016
0.04101787340000002
0.04964222984000002
0.06349708876000001
0.07496244088000001
0.0859626554
0.09867250552
0.11644319143999997
0.13525262039999997
0.14381827659999996
0.1304227332
0.11499040924
0.11374613248
0.11151946432000001
0.10854371256
0.10708646004
0.09772457019999999
0.09754553508
0.10742833044
0.11964610012
0.12344426468
0.13237567328
0.14691136104
0.1558744564
0.17342118155999997
0.1968187358
0.20427808432000003
0.18944731592
0.17238011268
0.16013275736000004
0.14879864364
0.13084581408
0.11168531648000003
0.09445286680000002
0.0892597804
0.10101764944
0.12687645356
0.15547035896
0.18407377736
0.19345616132000004
0.19668014996
0.19970271304
0.20343016588
0.19535747280000001
0.18471934468
0.17832891847999996
0.18692973455999998
0.1973511468
0.20342687492
0.20911134356000002
0.19342699764000001
0.19066169976000003
0.19123300931999998
0.19042042888000002
0.19003856024
0.19179013283999996
0.19411950875999995
0.19918576987999997
0.20144175823999994
0.20629506663999994
0.2004233965599999
0.17968599576000002
0.16004963968000002
0.1440386904
0.14339707384
0.14373640356
0.14310540579999997
0.14022011828
0.1403541934
0.14150971976
0.16281709252
0.16721320000000003
0.16710641092000003
0.1618526954
0.14537947144000002
0.14023874728000002
0.1377836996
0.13921287828000004
0.14201545144000002
0.14456359140000002
0.13954595488000002
0.13780271596000002
0.13101421891999998
0.1239050266
0.11289607367999999
0.11414562548
0.13733800851999997
0.14658013095999997
0.14047593475999995
0.13764405555999998
0.13722865576
0.14052829828
0.15052522916
0.16292777492
0.16809283208
0.15317870032
0.13444897196
0.11886513412
0.10741887936
0.09945139376
0.096935877
0.094186457
0.09495020676000002
0.09238362936
0.09389155772
0.10267014088
0.1216879256
0.14121639444
0.16517245383999998
0.17861812296000001
0.18631310504
0.16852028283999998
0.14904173536
0.14791361219999996
0.14925164659999998
0.15404504083999998
0.15359545503999997
0.14348072235999998
0.14131103599999995
0.15404044055999996
0.16954841411999996
