0.6984245446000001
0.5184013712000001
0.399707831
0.2675360062
0.07150039919999998
0.13910373680000002
0.1562923816
0.138262373
0.1515850978
0.2705213634
0.3403822232
0.2818584714
0.2065227766
0.108232234
0.008833669000000004
-0.058277400800000004
-0.017793359
-0.0012714436000000003
0.0312079218
0.0845980834
0.1513280648
0.14972100519999998
0.13577976139999998
0.1066237494
0.0569710516
-0.0223369342
-0.021170524
0.023680983800000003
0.0789070974
0.1327985882
0.19959936279999999
0.20841232019999997
0.1787853042
0.12866993200000001
0.077583312
0.023124911600000003
-0.0016904251999999994
0.013078246200000001
0.0525377478
0.11944684619999998
0.1669498668
0.19649108799999998
0.1896693814
0.1541110316
0.079652909
0.0329849988
0.0020933681999999996
0.0349681644
0.0795104032
0.1089228968
0.1265681582
0.1427481018
0.0975084616
0.0801834778
0.07841507900000001
0.06413428400000001
0.0449997822
0.05336220220000001
0.0458109154
0.0451089054
0.068451103
0.1373796332
0.20351280919999998
0.1891910006
0.17912634499999996
0.14638986039999996
0.0748695614
0.033125334
0.0287952228
0.013270580200000003
0.014112739800000001
0.0173374606
-0.0301635738
-0.073243874
-0.0633602448
-0.06445950980000001
-0.06595024220000001
-0.05474740460000001
0.057657884400000005
0.143339858
0.21031801099999997
0.266176864
0.3416353628
0.37981572339999997
0.40388656359999997
0.4127302816
0.35968002219999995
0.28510232779999994
0.1757057058
0.06046056459999999
-0.029982959799999997
-0.0418118044
-0.0532038612
-0.052207764200000006
-0.0071850892
0.06962467759999999
0.0991264838
0.1430919416
0.1735852558
0.178870385
0.20441589740000002
0.3009221134
0.3047646506
0.27033765880000005
0.22586813940000003
0.14387589
0.026076403199999997
-0.025525988399999998
-0.008994273799999999
0.0142503342
0.058365396800000004
0.12077505120000001
0.2652555252
0.3946309182
0.5085651174
0.4909989448
0.4365006982
0.31092743619999996
0.1875912704
0.049233388
0.0259405944
0.007370326399999999
0.0792270492
0.14319016040000002
0.2192173956
0.32637589180000004
0.3764125092
0.3234244766
0.23974697140000006
0.1608359092
0.0485119734
0.0178920792
-0.008236943399999998
0.030769529
0.06935698100000001
0.13964792880000002
0.16394136980000001
0.19308796020000002
0.1989502672
0.2215497782
0.1765089808
0.1530657332
0.1280244864
0.08844366340000001
0.030810903
0.016503824
0.1027737712
0.1997660202
0.2776216236
0.32670990559999996
0.3457246502
0.263520783
0.17627697459999997
0.1002793082
0.061649689400000006
0.044432573200000006
0.014428117200000003
-0.0081418616
-0.010223767799999998
-0.021195143199999995
-0.0186896598
0.0369397228
0.19076442300000002
0.2767798274
0.304404319
0.3002488902
0.2684808846
0.14397593520000002
0.1081691544
0.14307010380000001
0.16874770660000002
0.18252399400000002
0.1693693886
0.11932114840000001
0.04916542780000001
0.0025174586
-0.0176933336
-0.0250356002
-0.0192953286
-0.013526560600000001
0.016633393000000003
0.0430994366
0.12936548139999998
0.2211071706
0.3427489792
0.4049431664
0.45515454359999996
0.4249262092
0.31590653199999996
0.2181101108
0.1534165084
0.10714056360000002
0.06935179620000001
0.0803640894
0.11005722279999999
0.1926916764
0.2600408604
