0.27990827595
0.23468971629999996
0.18580538424999998
0.13964031495
0.10886337874999999
0.14313415600000004
0.1425196248
0.11982336684999999
0.09941225074999997
0.10523104184999998
0.10277398825000002
0.09815389840000001
0.09117801954999999
0.08124275064999997
0.07080034804999999
0.06757827315
0.0797923606
0.08424365145
0.08635217515000002
0.08798775880000001
0.08792885125
0.08381809404999999
0.08783107389999999
0.09168463164999999
0.09669994949999998
0.09183430174999999
0.09551061474999999
0.10130347889999998
0.10355645220000001
0.10237041385000001
0.10566478500000001
0.1013265878
0.10412527405000001
0.10370727864999998
0.09640149099999999
0.08740698384999998
0.0849105332
0.0838060634
0.0915856651
0.09660943274999997
0.09765932694999999
0.09658308504999999
0.0938770524
0.089903957
0.07802494754999999
0.07303463599999999
0.08180522135000001
0.09733790935000002
0.09867394925000002
0.10289330655000002
0.1013858514
0.09999926965000003
0.09687720175000002
0.08599515415000002
0.07898022740000002
0.07327199680000002
0.06864660935000001
0.06495919290000002
0.04763831620000002
0.043536396450000014
0.04112354835000002
0.04090910325000001
0.03793179120000001
0.050600058449999985
0.06809413459999998
0.07659027534999999
0.07310841095000001
0.0724624296
0.09825623915
0.12428418925
0.14317538065
0.14431102615
0.13545667805
0.1349838599
0.13608168535
0.13215145575
0.1295237099
0.12969660619999998
0.14024288734999998
0.15012547425
0.1656725026
0.1707928914
0.17915644275
0.1692247302
0.15900810599999998
0.1641969742
0.17947920374999998
0.1699387647
0.14185521405000004
0.11450349995000002
0.09698337630000001
0.09607829899999999
0.09228168564999999
0.09568021915
0.10295094235000002
0.11907046545000002
0.13672501290000003
0.17189653225000004
0.20738988975000003
0.23188849400000003
0.22441403225000003
0.22106856649999998
0.21385540589999996
0.2108913934
0.19947924475
0.1797952065
0.14768061975000002
0.15747100555000001
0.1791045188
0.19781655880000004
0.22542020695000003
0.23526464625000001
0.2447086218
0.24128983010000002
0.23446295255
0.22295685109999996
0.20954390324999994
0.17633550465
0.15032448280000002
0.12466091845000002
0.1351190971
0.14140407115
0.14687563565
0.153164232
0.167740016
0.1727611937
0.17782792285000001
0.15907499495000002
0.13947760775
0.12063839285
0.09529317675000001
0.10941823835000002
0.12816038085
0.14894627080000003
0.16210689195
0.16959634595
0.17082541430000003
0.17428886035000002
0.1663237156
0.16018006905
0.14579250705
0.13344710115
0.12398140489999998
0.11403020684999998
0.09949383869999998
0.0969928469
0.10441559855
0.13966638905
0.16111424785
0.16789219269999997
0.16792911345
0.1458423769
0.1257188678
0.11875113055
0.12198224225000001
0.12368487755000002
0.12559317965
0.12399197130000002
0.12351159060000001
0.11886117685
0.1132060989
0.11756281695
0.11976853665000001
0.12124370040000002
0.12077832250000001
0.1220368621
0.11910274540000002
0.10441880125
0.10732553620000003
0.13036448755
0.14821043115000002
0.16577116014999999
0.17465636974999998
0.1592598806
0.14912448929999997
0.14437763159999997
0.14692530254999997
0.14965197164999994
0.14952061584999995
0.16434743804999996
0.19192118604999994
0.21635885104999994
