0.2081040390666667
0.17788489106666666
0.15044704703333336
0.1240153511
0.10420385913333333
0.12496650876666669
0.12622004923333333
0.1136266259
0.10087100539999998
0.10521767793333332
0.10563670456666667
0.09988958143333335
0.09276260476666666
0.08436311373333331
0.08003859173333332
0.07673131183333333
0.08566168419999999
0.08995370556666665
0.09200958000000001
0.09184179840000001
0.09194171176666667
0.08897613873333335
0.09599364023333333
0.10005999356666667
0.09589593396666667
0.08781506066666665
0.08781398816666665
0.08961509026666666
0.09565328163333335
0.09946993853333334
0.10222693036666669
0.09884237253333336
0.09456196000000001
0.0901372513
0.08485499140000001
0.08036888706666666
0.08700359136666665
0.09868321083333334
0.10022409606666667
0.10177883023333333
0.1009130452
0.0997635891333333
0.10202439213333332
0.09626700856666667
0.0840827859
0.07544019069999999
0.06990465123333335
0.0653855662666667
0.05837452430000001
0.060247260266666686
0.059199439266666674
0.05856404950000002
0.050432971433333355
0.054732437833333356
0.06598342046666669
0.0731577480666667
0.07913550986666668
0.09112078830000002
0.10467114543333335
0.1202286679
0.13125708100000003
0.13158221653333332
0.12974414256666666
0.12632027716666663
0.12278727776666666
0.11485140386666665
0.10171697693333333
0.08695803083333332
0.08608714969999999
0.09173537206666667
0.10205720673333334
0.10575979733333334
0.10528579876666666
0.11021882186666666
0.11933533953333333
0.13377439966666665
0.15302390613333333
0.1611071695
0.16748241066666666
0.16754007023333334
0.16849696629999997
0.16836168036666666
0.16597740553333334
0.15637371763333335
0.1460251496
0.14317153060000004
0.1441280449
0.15324743260000004
0.1588429167666667
0.16347157523333336
0.1562163078
0.1569314909
0.1575516173333333
0.16082384419999998
0.16160037913333333
0.1655369001666667
0.16512851269999998
0.17962343573333334
0.19339016496666667
0.19933412660000002
0.2083287692
0.21134285026666663
0.2096788582333333
0.20441711756666664
0.1963283806333333
0.18234478186666664
0.1641711779
0.1575119259
0.1644890959333333
0.17024318756666665
0.18164012166666663
0.18714867233333327
0.19394758399999995
0.1991465194333333
0.20479309489999994
0.20133071899999996
0.19253045266666663
0.17107574420000005
0.14811531030000005
0.1251673925
0.12224819886666666
0.13690929816666667
0.1525488415333333
0.1631203691666667
0.17141347876666668
0.17554554150000004
0.1796010409333334
0.16872382910000006
0.15596856046666668
0.1451521944
0.12855498840000001
0.11927030893333335
0.11346277273333333
0.11430677060000001
0.11481368566666666
0.1173547162
0.1224449162
0.14662966713333334
0.155308487
0.15398824199999997
0.14412154309999997
0.13986816866666665
0.1384443296333333
0.1401783015333333
0.14090829626666665
0.1428279974
0.14477787879999998
0.14533514666666666
0.14532454903333336
0.14396738373333334
0.1404969365
0.12470002799999999
0.10786820993333332
0.09583839033333333
0.08726130603333333
0.08564839363333335
0.08796313693333334
0.10004962773333334
0.1159763674
0.13411118766666666
0.14573349249999998
0.16141754133333333
0.17222763953333334
0.17033141736666668
0.1739953966666667
0.1744178538666667
0.1731176814666667
0.15199220173333336
0.13759546103333334
0.14160421396666664
0.15649165156666667
0.17171101076666664
