0.5870831372666667
0.5266213233333333
0.4801161333333333
0.43617360966666663
0.4008881738
0.42832900839999993
0.4294580788666666
0.41493260053333336
0.40650853513333335
0.4418350879333333
0.4646090292666667
0.450881989
0.43191343439999996
0.4056791807333333
0.3779849632666667
0.3505010485333333
0.36921018399999994
0.3851382900666666
0.3979901778666667
0.41266375773333336
0.43604703419999996
0.43923697740000006
0.43573301340000004
0.4245044846
0.41020120346666666
0.3965247716
0.4018795788666667
0.412703463
0.4220619906666666
0.43689129120000003
0.45391518053333335
0.4643218348666666
0.4577245037999999
0.4478319984666666
0.43199668266666663
0.4163195017999998
0.4104817134666666
0.4218478668666666
0.4378563167999999
0.4434874268
0.4461884055333334
0.4536939994000001
0.43661608420000003
0.43761038420000004
0.41424054446666664
0.40190087453333323
0.39513449519999994
0.3967783014
0.403314709
0.41277478333333334
0.4170466359333334
0.43135662213333337
0.43892955986666676
0.4196394132666667
0.42023821973333336
0.4125672684666667
0.40217248353333335
0.40964275153333335
0.4052349407333333
0.41574583353333333
0.4217611456
0.42198142413333334
0.4136601905333333
0.3807746099333334
0.37721957146666674
0.3726927045333334
0.35647036426666673
0.33185392953333337
0.3518691345333334
0.36790149400000005
0.38164146586666664
0.3938414170666666
0.4109428798
0.430520343
0.45271406699999994
0.459422883
0.44630664946666665
0.4507130477333332
0.46914458699999995
0.46933367373333323
0.46257047426666664
0.4586124327333332
0.4575934150666666
0.4442546483333333
0.43008422459999995
0.4218768077333333
0.40758045539999993
0.3923549189333333
0.3749644312666666
0.36542495540000003
0.3752706946
0.4060467756
0.41451387313333327
0.41694231186666664
0.41631595393333326
0.4249349445333333
0.422022679
0.4127915214666666
0.41585333839999994
0.40948447926666665
0.41675633673333334
0.4297483868
0.4514552550666667
0.47963045846666674
0.5005929525333334
0.4900390419333333
0.469625511
0.45483163606666666
0.4595257272
0.45901400206666665
0.4609200433333333
0.45925155953333335
0.49023611320000005
0.5091704509333334
0.5256024996666666
0.5343492149333333
0.5314113785333333
0.5152884909333333
0.47802734173333333
0.4443772925333333
0.4374536302
0.4405044023333334
0.4422252598
0.4514499659333333
0.4613184658666667
0.47697438206666665
0.4898626892
0.48174008606666663
0.46428578313333335
0.4569551837333333
0.42481611680000003
0.4125290901333333
0.40852444066666654
0.4166774153999999
0.42392675699999993
0.4296210160666666
0.4482709218666667
0.4662132096
0.46662707700000006
0.4609181053333334
0.44303825993333334
0.4376626787333333
0.43478849519999996
0.4329584102
0.41837455366666665
0.42364817699999996
0.42289264746666666
0.41629549246666664
0.4182772487333334
0.41178755300000003
0.4140555952666667
0.3899296144
0.4019525676666667
0.406138749
0.4100974325333333
0.4131798616
0.41496979826666663
0.41365467759999996
0.4246494391999999
0.42760925019999996
0.42858458326666665
0.43737112086666663
0.44050713859999996
0.43894296353333334
0.4356889538
0.4260948042666667
0.4294224538
0.4037911388666667
0.3889036681333334
0.3833626306
0.37334355340000003
0.36630639666666664
0.37693350946666665
0.3850236184666666
0.4057772262
0.42768599513333333
0.44382973473333326
0.4556401492666666
0.4462950631333333
0.4577289327333333
0.46622917579999995
0.4725039922
0.4703540538
0.4646319704666667
0.4749332146666667
0.4919680388666667
0.517056536
