0.6792964842666667
0.6245501019333335
0.5941673588666668
0.5654434112000001
0.5415310400666667
0.5720953618666668
0.5739431328000001
0.5675047611999999
0.5675634091333333
0.6072075354
0.6239120689999998
0.6036631027333333
0.5889451836666667
0.5686214482666666
0.5499300876
0.5250769303333332
0.5492088161333334
0.5620808882666667
0.5721193489333333
0.5851515443333334
0.6108552760666668
0.609514219
0.6025976609333331
0.5872737259999998
0.5770354306000001
0.5673370538666667
0.5796413450000001
0.5912382166000001
0.5994735320666666
0.6096391937999999
0.6255273086
0.6386265952666667
0.6295728281333333
0.6194717922666667
0.6041939201333334
0.5915760044000001
0.5921126983333335
0.6022317712666667
0.6200718389333333
0.6248924617333332
0.6285320898000001
0.6384817868666668
0.6156572004666667
0.6205944014666668
0.5893759943333332
0.5780555018666667
0.5720167663999999
0.5786894246666666
0.587054904
0.5979572200666667
0.5988706640666667
0.6085531244000001
0.6159262609333334
0.5929090184666667
0.5956595073333334
0.5874183315999999
0.5735434761999999
0.5778745121999999
0.5734112149333334
0.5941593726000001
0.6058038207333334
0.6059162021333333
0.5996753504
0.5630868558
0.5586129584
0.5570388589333333
0.5468224570666667
0.5240633448666667
0.5418439522666667
0.5522579060666666
0.5645117478666666
0.5778976111333332
0.6020126112666666
0.6145620442
0.6270353872666665
0.6213837121333332
0.6034014888
0.6092782440666668
0.6284190594000001
0.6318489205333333
0.6236847452666667
0.6179690766666667
0.6190680265999998
0.6161989577333332
0.6040760883999998
0.5874564009333333
0.5672382975333332
0.5501894616
0.5372599109333333
0.5367119058666666
0.5526734246666666
0.5775986789999998
0.5789391670666665
0.5824056913333333
0.5848791809333334
0.5976001707999999
0.5909790971333333
0.5742893819333333
0.5787481638
0.5700874775999999
0.5873740642
0.6034345934
0.6175547888666666
0.6371389455333334
0.6498213867333333
0.6438676495333333
0.6371083919333334
0.6199428520666667
0.6214533775333333
0.6171832462666665
0.6189890645333332
0.6162597962666667
0.6484698347333334
0.6599705936000001
0.6740813503333333
0.6722772302000001
0.6696069861999999
0.6669525002
0.6333206822666665
0.6055017489333334
0.5967013458666667
0.6009523896
0.6048189004666666
0.6165274903333333
0.6231620746666667
0.631989027
0.6435723924666668
0.6424922220666667
0.6211100944666667
0.6152454302666667
0.5815742944
0.5715429148000001
0.5677448224666667
0.581286517
0.5927064342666668
0.5990594613333334
0.6071641364666668
0.6186638085333335
0.6138538708000001
0.6062631423333332
0.5829868144666667
0.5786211880000001
0.5731419776666667
0.5805546033333333
0.5674643958
0.5789922924
0.5813051060000001
0.5699559764000001
0.5753565896
0.5653088138000001
0.5726644870666668
0.5439180732000001
0.5531673542666666
0.5567140880666667
0.5660610656
0.579959892
0.5855110497999999
0.5853754451333333
0.5948824323999999
0.5892081173333333
0.5883465078666668
0.5927153494
0.5957316260666666
0.5904228061333332
0.5887942710666667
0.5783971406666667
0.5922592817333334
0.5763825886666667
0.5673953692
0.5654567476000001
0.5479076090666666
0.5317255924
0.5345507345999999
0.5358501786666667
0.5558446704666667
0.5803738216
0.5970311951999999
0.6092985664666666
0.5947618020000001
0.6060574818666667
0.6139161051333333
0.6191537492
0.6145903662
0.6053959853333333
0.6115940223333333
0.6215789128666668
0.6491023828
