0.63388421304
0.60904755068
0.5903412807600001
0.5698937314400001
0.55610038364
0.5711994749600001
0.56783007632
0.56738064396
0.5697973960799999
0.5921943482400001
0.60165798492
0.5996499965600001
0.59145558704
0.5769216786
0.56821865092
0.5667085547999999
0.5821022965200001
0.5885837954
0.5903118039600002
0.5969652758800001
0.6032586430000001
0.6066401538000001
0.6046214841199999
0.6009424259599999
0.59038617908
0.5822563461599999
0.59271975392
0.5994275396
0.6077919129999999
0.6131960753999999
0.6287816504799999
0.6356660789599999
0.6207295827199999
0.61939683548
0.59949994588
0.5835787784800001
0.5841416822400001
0.59027654236
0.60081113276
0.60293925276
0.60117651228
0.6100668215600001
0.6142403662000001
0.6038532048400002
0.6048082635200001
0.6059162642800001
0.59661620752
0.5897105931600001
0.5917604890800002
0.5934792173600002
0.5921154682800002
0.5924237845200001
0.58874268984
0.5666201428800001
0.5631715507600001
0.55828057376
0.5550712236800001
0.55928405284
0.55660293532
0.5825374105600001
0.59779001188
0.60014471436
0.6037045051200001
0.6082647732
0.61092611768
0.6056232971199998
0.5893328031599999
0.5847538797199999
0.58792616744
0.58488519868
0.5800404219599999
0.5817265839599999
0.58400016148
0.582275581
0.5884874400399999
0.5867815599999999
0.5769379715999999
0.57401297184
0.5927686062799999
0.59778548616
0.60300403656
0.60779853632
0.6176793730399999
0.6122632108799998
0.6044579635999999
0.59989347572
0.58957547556
0.56736622388
0.56078725276
0.55431869424
0.56637577124
0.57695783436
0.57897889872
0.5980005379600002
0.6085689658800001
0.61511377912
0.6192821254800002
0.61820426832
0.61541586276
0.61232225832
0.6188130738800001
0.6189883748
0.62633444776
0.63441366236
0.63674036092
0.63813805456
0.6321628186799999
0.6317868986
0.6285495325199999
0.62094250668
0.6145744841599999
0.62526610096
0.63652197944
0.63808345868
0.64416701656
0.64558205156
0.64307105424
0.64129690768
0.62479635172
0.6159947870400001
0.6007620414800001
0.5928235324000001
0.60046808084
0.6044494162
0.6062564194800001
0.6026167222400001
0.6198087050800001
0.6186383637200001
0.610413425
0.6034760917599999
0.5920078021199999
0.58847957532
0.58501059416
0.59313670436
0.5931723751600001
0.5901366094000001
0.5810351622400001
0.5795503264
0.5797468757600001
0.5715444629599999
0.56702199828
0.56001611352
0.5650434430400001
0.5717758211599999
0.5739654729599999
0.59103916068
0.59686045632
0.5955889677599999
0.6012942536
0.5910733850000001
0.58370883732
0.5723658899999999
0.56579101692
0.5656882369599999
0.5610631402
0.564268194
0.56819896976
0.56698780964
0.56388028068
0.57276088404
0.57238835068
0.56711274816
0.57434582268
0.57759040704
0.5853948990000001
0.5883344380400001
0.6042337632000001
0.5994697442400001
0.5885168653200001
0.5850609899600001
0.5846419218800001
0.5883845894
0.58451676228
0.5701884124400002
0.5861924270400002
0.59232779368
0.6009449682000001
