0.61835223865
0.6009889427500001
0.5835889513000001
0.56659788185
0.56017465455
0.60307454905
0.5907778452000001
0.57996622055
0.5714418393
0.59035647655
0.5788588464
0.57175707725
0.57096847215
0.5672709919999999
0.5623340244499999
0.5670213325
0.5897120305500001
0.58991167785
0.58297061795
0.5868029474500001
0.59950581805
0.5950515043500001
0.5977663120999999
0.5953744315
0.5921802203500001
0.5800702761000001
0.5979796966500001
0.6014392055
0.6054087499999998
0.6030318988499999
0.6168956380499999
0.6218899421999999
0.6200248400999999
0.6189349854499999
0.6166086355
0.6127634283500001
0.6167771802500001
0.60756096675
0.6203649381
0.60143564315
0.5881091121
0.5922612627000001
0.59202761155
0.5960947789500001
0.59427041855
0.5969031546500001
0.59933483905
0.6097899147
0.5990129051000002
0.6102078259000001
0.60964517375
0.60285026365
0.58929302245
0.5853694701000001
0.5783858263000001
0.5710629103
0.5678370741500001
0.5800412239999999
0.5529641197
0.5711981416
0.58114067245
0.58043910705
0.56882035485
0.5651046913
0.5759333404
0.5838759866
0.5798586287
0.5788577852
0.6016092394
0.60191773625
0.5965369456999998
0.5902305835999998
0.6035940229
0.59422000305
0.5994653025499999
0.5945513658499999
0.58947876295
0.583364862
0.60493876775
0.6100306878999999
0.6066891430999999
0.5951705090499999
0.5984523727499999
0.5981712083999998
0.5902582360999999
0.5876582033
0.5900063845
0.58628893975
0.5701027383999999
0.5678481477999999
0.5767137098499999
0.5801619691999998
0.5571232153999999
0.56768559605
0.5637096057000001
0.5794561323
0.5842696466000001
0.59731744445
0.6138761992500001
0.62456720985
0.6299666397500001
0.6424089553000001
0.6386039826000001
0.63324783835
0.6282016531
0.6264504397499999
0.60915780715
0.60927121615
0.62585927275
0.63061123275
0.63546392685
0.6432405634
0.66681478315
0.6548055881
0.65112791335
0.6369621010000001
0.64054730245
0.6290520663
0.6177892469499999
0.6082071690500002
0.61754147285
0.6140058075500001
0.6261832436500001
0.6256018104500001
0.6291578707500001
0.6074028492500001
0.6097029023000001
0.60627102395
0.59579253065
0.5900967263
0.5820487743499999
0.59371516515
0.59283554755
0.60318913835
0.6087782141000001
0.6072555743000001
0.5972574063500001
0.6024255515500001
0.5986221452
0.5873846115999999
0.5676552982999999
0.56300243745
0.5518688397
0.561477402
0.55264426395
0.5753664188500001
0.57299653395
0.5819024464000001
0.5847598166500001
0.5887941876000001
0.5929308973
0.58101759135
0.5774592789999999
0.5843935664
0.57459334285
0.57167506835
0.5735730585
0.568811076
0.5688785541
0.5686416704
0.57492005505
0.58121216575
0.5867224056
0.5787889013499999
0.5889051379500001
0.5743632388
0.5718732307500001
0.5634968142500001
0.56874563435
0.5669310465
0.57198551555
0.58221316755
0.5867534169999999
0.5687880813000001
0.5812786938000001
0.5940972529999999
0.6010409656
0.6008664607
0.5900187857500001
0.6060049514000001
0.6067495679500001
0.61450555655
