0.6478287897599999
0.6229298373599998
0.60512546472
0.58584992308
0.5733656381199999
0.5885785614399999
0.58465102188
0.5849995686799999
0.5883795889600001
0.61052622828
0.6192354446
0.6170557945999999
0.6089567596400001
0.5944217610000001
0.5867968228800001
0.5858241937600002
0.6016751370400002
0.6071931787200002
0.6087567648400002
0.6157580838000002
0.6219804084400001
0.6246517210800001
0.6218642863600001
0.61816720116
0.607634364
0.59995627112
0.61141054156
0.6182084795999999
0.6261587705999999
0.63140897972
0.64771987024
0.6549648633999997
0.63914134648
0.6375635445599999
0.6176097568799999
0.6018353064399998
0.6028795908399999
0.6092489689599999
0.62027247904
0.62205152328
0.62056620848
0.62953903244
0.63341088696
0.62212343168
0.62310920308
0.6252569267599999
0.6158399046799999
0.6090472144
0.6116851397999999
0.6133721957199999
0.6124370026
0.61284898448
0.6097273227600001
0.5874489891600001
0.5830741804400001
0.5778224818400001
0.5748917114400002
0.5796842171200001
0.5767426562000001
0.60326119172
0.61846535928
0.62063168572
0.6242431279999999
0.6286913201600001
0.63041006828
0.6236957400400001
0.6074832332000001
0.6038934636000001
0.6072936116000001
0.6041362282000001
0.5995399417600001
0.6025359831600001
0.60462086752
0.60286792796
0.60962172216
0.60650838304
0.5955618851600001
0.59205480364
0.6116369545200001
0.6173092120399999
0.6223324273999999
0.6261985799600001
0.636552212
0.63144628232
0.62425182492
0.62020780568
0.6099240460800001
0.5867829692000001
0.5811015204800001
0.57529753952
0.58860453504
0.59899950252
0.5998424530799998
0.6189936858399999
0.6292190049599999
0.63506421496
0.6387449620400001
0.6378800052
0.63398094892
0.63056118628
0.6384328751999999
0.63927418068
0.6460741816
0.6535020756000001
0.65553891076
0.65669871064
0.6510392566000001
0.6509385357999998
0.6469262111199999
0.6383114664799998
0.63097324184
0.64248630328
0.6543167698400001
0.655705179
0.6618781616
0.6628607386399998
0.6600555562
0.65931624112
0.6426478430799999
0.63421063308
0.6179676025599999
0.6094067203199999
0.6179359951999999
0.62246845712
0.6247422519599999
0.6210355320000001
0.63823460692
0.63699720296
0.6286779375999999
0.6222174176399998
0.6101152589199998
0.6065854026799999
0.6021762611999999
0.6113605897199998
0.6124684465599999
0.6094903137199998
0.6003936491199998
0.5991127561199998
0.5991755790399999
0.5903564546799999
0.5866090187999999
0.57905323792
0.58290529604
0.5899351448
0.5928213385199999
0.6117325153199998
0.6173866625599999
0.6156552587599999
0.6217290151599999
0.6107785051599999
0.6027537042
0.59102608748
0.58449976524
0.58411848164
0.5788852478
0.5842275048000001
0.5893808831600001
0.5885534418000001
0.5850481194000001
0.59387408992
0.5939686931600001
0.58734250992
0.59417369512
0.59637244464
0.6041000095600001
0.6063236115599999
0.6232253785999999
0.6196467910799999
0.6088206331199999
0.6049800551199999
0.6041927433999998
0.60832861048
0.60387653516
0.58843287444
0.6047169786
0.6103132138799999
0.6191728009999999
