0.7584370735999999
0.6887382938
0.6395866348
0.5719109894000001
0.43005377320000004
0.5578113558000001
0.566925771
0.5692538054
0.5977650463999999
0.7280413226
0.750605838
0.6478247417999999
0.6125412828
0.5708807144
0.5126817234
0.4539212872
0.5548793338
0.5731370354
0.5901059232
0.6370757622
0.7183683941999999
0.6562810464
0.6311085652000001
0.598586942
0.5589756092
0.46218593199999997
0.4973442164
0.5389571545999999
0.5845593187999999
0.615856724
0.7110957716
0.7289496346
0.6890397602
0.6279759065999999
0.6093942955999999
0.5835495837999999
0.5709214539999999
0.6037233782
0.6425557336000001
0.6574880280000001
0.6347023606000001
0.669762254
0.6464925736
0.6371581048
0.5964571632
0.6082477076
0.5900751488
0.6128295314
0.6385447892
0.6778486878
0.7010039275999999
0.7151158256
0.6436214889999999
0.6415831886000001
0.5468606098
0.4816729526
0.4685232718
0.5395778726
0.541520579
0.6316031276
0.6772040940000001
0.704218662
0.7245329682
0.6518104968
0.6627764270000001
0.6581559520000001
0.6012666152
0.5246742108
0.5849666454
0.5477721264000001
0.5441480868
0.5751205478
0.6162300731999999
0.517364036
0.5263586114000001
0.5279313238000001
0.5253294604
0.4934059608
0.5880515238000001
0.6477956662
0.6848873398
0.6972231432
0.762372427
0.8012638987999999
0.7673475103999999
0.7033559978
0.6384763994
0.6227846462
0.5448219539999999
0.5314072266000001
0.5373769605999998
0.576530365
0.5283112303999999
0.5628382272
0.5751995962
0.5789902932
0.5402500578
0.5533997538000001
0.5612091688
0.5647960608
0.6070515456000001
0.6785129344
0.7158930025999999
0.6870981628
0.6825087306000001
0.6742642312
0.6158504738
0.513526213
0.5495400896
0.5225760834
0.5453396446
0.5838536816000001
0.6880820656000001
0.7342827808000001
0.8010145538
0.7696753602
0.7752576626
0.718498991
0.6377745426000001
0.5819105028
0.5958335943999999
0.5428961510000001
0.5943706358
0.6588148022
0.6896846832
0.6983807228
0.737338314
0.7402147736
0.6542188404
0.5963715092
0.5456368871999999
0.5730857072
0.5304173831999999
0.593434929
0.640409559
0.7047771286
0.6716999461999998
0.7130794220000001
0.6689961012000001
0.6626769111999999
0.5452096798
0.5220134832000001
0.5115977614
0.5368776128
0.5345685972
0.6111732416
0.687035584
0.6896766746
0.6898622046
0.6770605116
0.6437793574
0.5790922928
0.5661100647999999
0.5676321010000001
0.5476266538
0.5425121612
0.5421269393999999
0.5150998578
0.5325098756
0.5298495996
0.5903706539999999
0.5649978902000001
0.6320421216
0.62279393
0.6750013304
0.6708271624
0.7136806064
0.675347575
0.6958469646
0.6243544303999999
0.5662791859999999
0.5552327086
0.5338992069999999
0.501809537
0.5175942248000001
0.5511483603999999
0.5708662712
0.5863784476
0.5722802898
0.6225708644000001
0.5912181030000001
0.5319350732
0.5432011244
0.5891315018000001
0.5809791978
0.652145246
0.7444122336000001
0.7594076014
0.6850348723999999
0.6794015582
0.6601728216
0.6391967658
0.5964962953999999
0.5939081712000001
0.6230390478
0.5968815384
0.6094536612000001
