0.4984931272
0.42820822840000006
0.3686698531
0.3311343256
0.32412131510000003
0.392327493
0.3581452624
0.28942772850000004
0.26710598480000003
0.2823877289
0.2545484619
0.23091962710000002
0.21238286910000004
0.17433940160000003
0.14430451140000003
0.1483653376
0.1696030226
0.2052205898
0.17769497490000002
0.17394364350000002
0.19657612139999997
0.1895039563
0.15826392490000002
0.1601942906
0.17874641839999997
0.1865688882
0.2340227755
0.2309298986
0.24229952689999998
0.23620747449999996
0.2318815871
0.2476734174
0.23761089640000002
0.2088520807
0.15787190870000004
0.10770793820000002
0.027418512599999993
0.024882450799999997
0.0891618449
0.0987401643
0.09880811729999998
0.0833430952
0.1019553836
0.1055165095
0.1374929353
0.1855552118
0.21514671879999997
0.22894328919999998
0.1819927884
0.1963101856
0.1943797971
0.20219694289999998
0.2219501223
0.251902463
0.22670099010000003
0.17459629599999998
0.20004642329999997
0.2254222467
0.2537520422
0.2754144328
0.3370295579
0.41160650470000004
0.3793293017
0.3754618247
0.4108073545
0.45341607889999996
0.3982760389000001
0.33948105900000003
0.34642426680000005
0.34598811490000003
0.3426941844
0.3156566273
0.38525196720000005
0.4014680380000001
0.3674245636
0.3253767025
0.32199087319999997
0.31499273419999996
0.24292041949999996
0.2161358634
0.1870298597
0.14426893989999998
0.10554589539999999
0.10127268380000001
0.12825462540000002
0.12367161830000002
0.12420662139999998
0.13497801850000002
0.1560243592
0.1285563993
0.09167961840000001
0.10424645349999999
0.11685897979999997
0.1255175549
0.1452086649
0.20795916600000003
0.2536847412
0.27334399509999996
0.2703536594
0.2711565718
0.2776896499
0.25835212509999994
0.23227175139999995
0.18301998160000005
0.12869854920000004
0.090705533
0.1151742904
0.1255410907
0.1382940389
0.1639642086
0.19293173540000003
0.20513641099999996
0.1924741934
0.1898846633
0.19246354849999997
0.1763847584
0.10390061169999998
0.0698276269
0.072171165
0.0593639374
0.0423274092
0.0299516409
0.0688508545
0.1229161141
0.1407956524
0.1422396883
0.1424785598
0.14661463719999998
0.1540415721
0.21326342929999997
0.20804457869999998
0.2029913722
0.17271578120000003
0.12252240730000001
0.10074764500000002
0.0967748462
0.08901593329999999
0.08367635859999999
0.05899772849999999
-0.005883841499999999
0.0105945986
0.0867509206
0.093728833
0.0956935183
0.0985023893
0.0976301834
0.11124929670000001
0.12700087610000002
0.1265119093
0.13070889130000002
0.12872926110000002
0.0730398575
0.0955243434
0.1015519327
0.1002767883
0.09934971679999999
0.0916643832
0.05680866670000001
0.05792428040000001
0.054762108100000005
0.056476829900000004
0.058169704999999995
0.0548574393
0.1024413077
0.1697283564
0.1754191506
0.17000360229999997
0.1889528344
0.2001236268
0.21379831279999997
0.1990142366
0.17955828699999998
0.1558933676
0.160452828
0.1652559741
0.23722856080000004
0.3186273762
0.37820513190000005
0.41469832650000005
0.44084760640000004
0.4107659924
0.42824232900000003
0.44680596020000013
0.4043843012
0.329701682
0.2634272117
0.22830491400000003
0.20708082989999999
0.1793574399
0.16769030089999998
0.23681007049999997
0.2383723002
