0.5237807911
0.4545228197
0.3947181877
0.3570967984
0.34699001970000004
0.4061145502
0.3783945024
0.3146873896
0.2879758023
0.2943467803
0.27111965569999996
0.2493095975
0.23101587390000003
0.1933948424
0.16362971089999997
0.1648193713
0.1822874582
0.2180562863
0.1982122391
0.19540777110000002
0.2148797687
0.20722168759999998
0.1803738888
0.1811436583
0.20152254870000003
0.20897993320000002
0.25586500289999997
0.2517021509
0.25896855080000003
0.2547341279
0.24890582549999998
0.2660215053
0.2594599386
0.2317661503
0.1796645193
0.1293166217
0.05064388019999999
0.044601430799999994
0.10707290569999998
0.11983609059999997
0.1206376065
0.10223775030000001
0.1137189532
0.1227423125
0.1590520373
0.2071874068
0.23446662050000003
0.2484678454
0.2011620771
0.2104229901
0.21016737559999998
0.220544315
0.2401849328
0.2640582827
0.23710451300000002
0.19290979889999998
0.21884498679999997
0.2441953909
0.2726528586
0.2945175752
0.3519871671
0.4231631501
0.39864442580000004
0.3953637158
0.4279868276
0.46319093790000004
0.41277848759999997
0.35804275680000003
0.3659532212
0.36601466520000003
0.36258578350000004
0.33574610190000004
0.39697192350000005
0.4141948134
0.38310437350000004
0.3398082801
0.33450891650000003
0.321390984
0.25115520830000004
0.22324252380000004
0.19513613460000004
0.1539824972
0.11499501240000001
0.1092979873
0.1328206249
0.13302989790000003
0.13088987759999998
0.1448392279
0.1645557347
0.13558747440000002
0.09488214039999998
0.10802544030000001
0.12131048450000001
0.13010708470000001
0.1498177327
0.20885583030000002
0.2552229486
0.27493629989999996
0.26987698509999997
0.28027564639999997
0.28800841979999997
0.2661335525
0.23886260299999998
0.1920092611
0.13790559889999998
0.10056204020000001
0.12471421070000002
0.1355598429
0.1490352189
0.167182487
0.19895276539999998
0.2162759858
0.2026776772
0.1950099522
0.1977226519
0.1812055507
0.1083819122
0.07309337630000001
0.0762353529
0.0639176351
0.0453854845
0.029687853599999998
0.07476140220000001
0.1315477057
0.1504221185
0.1524935903
0.15358971429999999
0.1564872754
0.1653786625
0.22373755159999997
0.22052065119999997
0.21430250569999995
0.1797805726
0.1304779039
0.1102437857
0.10623833949999999
0.1025340726
0.09801097079999999
0.0708521717
0.0060245109
0.023424588
0.099899696
0.1074058989
0.1098373345
0.10930878339999998
0.1077708328
0.11645473419999999
0.13460640269999996
0.1394120588
0.14346233749999998
0.1395726095
0.0842922613
0.1061766188
0.1110711173
0.11049696419999999
0.11024908569999999
0.10171027819999998
0.0634842758
0.0577161944
0.0590221083
0.0598337114
0.0606326973
0.058648764000000006
0.1068191932
0.1735464727
0.1771962716
0.17733596329999998
0.1966018064
0.21011578799999997
0.21994529210000002
0.20563217009999998
0.18934711799999998
0.16572841259999999
0.17080580809999998
0.1762197643
0.2493489672
0.3261070739
0.38629621859999996
0.4240368742999999
0.4479073458
0.42330891670000004
0.43600529740000005
0.4544644656000001
0.41040984290000004
0.3382491299
0.2748323506
0.2396687159
0.21835585009999997
0.1885063103
0.1804936905
0.2438211904
0.2485517878
