0.5034797844000001
0.4338647258
0.374229959
0.3366797136
0.32880562199999996
0.3961586010999999
0.36432149849999995
0.29602199479999997
0.27258921610000003
0.28651949470000004
0.26079344970000007
0.23688782550000004
0.21839169219999993
0.1806097249
0.15057086930000002
0.1534097716
0.17346000209999998
0.21063961560000002
0.18501222639999998
0.1808202511
0.20334775980000003
0.19728633939999998
0.16751029239999998
0.16838285499999997
0.1882103509
0.1957651935
0.24287093080000002
0.23878095960000004
0.24962869610000005
0.24432671720000002
0.237949292
0.25439903360000005
0.24689406660000005
0.21943379490000003
0.16738126830000002
0.11708004810000003
0.0378719815
0.034035563299999995
0.09732835640000001
0.1073031039
0.1081573814
0.0908043272
0.10586970929999999
0.11163550660000002
0.14576742930000003
0.19410389400000003
0.2224687039
0.23689130350000004
0.1898421682
0.20280273870000004
0.20092631980000003
0.20924824050000002
0.22859068640000002
0.2554446895
0.2296722709
0.1801716397
0.2057111344
0.23094646280000003
0.25951625570000003
0.2815390939
0.34204804679999995
0.41593535049999997
0.3845511911
0.3804261726
0.41446383610000004
0.454857343
0.4014930028
0.34305942250000004
0.35075556100000005
0.3506125278
0.34753747139999996
0.3205077923
0.38921685069999995
0.40645399299999996
0.3720813257999999
0.32854658389999997
0.3254256603
0.3182353752999999
0.2458215255999999
0.21802732939999991
0.1897405328
0.14819707590000003
0.1089819356
0.10431404470000001
0.1313355408
0.1281405707
0.12640796299999998
0.1380542418
0.1599161815
0.1330311147
0.0939369482
0.10712767570000001
0.1207338393
0.12926726360000002
0.1488154573
0.2113914764
0.2575508693
0.2759254696
0.27132576799999997
0.27695840499999996
0.2845414657
0.2633205675
0.2361637562
0.1889982352
0.1351626515
0.09624169269999996
0.1206093984
0.1313877867
0.14412381400000002
0.1649898464
0.19528585929999998
0.2107478262
0.19820077799999997
0.1936636912
0.19612312629999995
0.18127035149999998
0.10839653960000002
0.07378696089999999
0.0765127879
0.0634262613
0.04493919349999999
0.0305005957
0.07224409009999999
0.126385146
0.1443703854
0.1462686033
0.1475661095
0.15153699950000002
0.15865069380000002
0.2178674093
0.212493583
0.20660103580000003
0.1741550815
0.1245542882
0.10372949810000001
0.0994906035
0.0938544445
0.0891214319
0.06459413900000001
-0.0004447354000000002
0.016679582
0.0925448638
0.0982839374
0.1008932414
0.1026185132
0.10134274169999999
0.1119233025
0.129309459
0.13205155019999998
0.13602532549999996
0.1340043911
0.07853175139999999
0.10211001849999998
0.10631445889999999
0.10500285809999998
0.10479336539999999
0.09703198029999999
0.06028470399999999
0.05902480039999999
0.05938394699999999
0.06092971309999999
0.0623349511
0.059245326599999995
0.1076382884
0.17457657659999998
0.17803701
0.176093743
0.19502193559999997
0.20504561329999998
0.21594943289999996
0.20304609039999993
0.18636488929999998
0.16115958659999996
0.1657701718
0.1707962118
0.2441939237
0.32232820269999995
0.3821600769
0.42045205150000003
0.44565681029999993
0.4149751725
0.42998652480000005
0.4510130779
0.4078680158
0.33294412110000005
0.2672445237
0.23214471760000005
0.21073809049999997
0.1814920724
0.17166900459999998
0.23960024880000003
0.24105203579999998
