0.5081000374
0.4571403866666666
0.38736158833333334
0.3334148112
0.2927345728666667
0.29257662726666667
0.26434422639999994
0.23958604579999995
0.22556348419999997
0.2439097677333333
0.26879242419999994
0.2756501456666667
0.26958698740000003
0.2274917716666667
0.19167974046666664
0.16508677293333332
0.15022901653333331
0.15004371193333332
0.15434205486666663
0.18202694666666666
0.22736594253333334
0.2800204159333333
0.28337783873333333
0.27120757726666667
0.25241601846666667
0.22114440906666666
0.2060517146
0.1776461468
0.17671132900000003
0.17153144546666665
0.17032384453333332
0.17563521099999999
0.19286286673333333
0.2218270755333333
0.19795837973333336
0.16224952460000003
0.1036335462
0.08565734833333334
0.0858938368
0.10774338506666667
0.1425115654
0.15459862113333334
0.1855348046
0.20142436006666664
0.2184640269333333
0.21615002719999998
0.2169005027333333
0.21604634966666664
0.1905507548
0.18592233333333336
0.19069302700000001
0.23233677880000003
0.2725190964
0.3013647241333333
0.3087743855333333
0.3126832007333334
0.34269818913333333
0.31616406993333335
0.32001851393333336
0.3309648916666667
0.3593754018666667
0.36049289386666666
0.3510909790666667
0.3692946831333333
0.39471448699999995
0.42580052379999994
0.42063226586666663
0.41801509166666667
0.41437981713333333
0.3900227572
0.35125614386666665
0.30139007146666663
0.29958868453333326
0.27315567813333325
0.25821828446666667
0.24709732160000003
0.24810160560000005
0.2559832620666667
0.24327632786666667
0.2345600636666667
0.1982188868
0.16481925526666666
0.1315002208
0.10672962566666667
0.0932070184
0.08381322846666667
0.09711262146666666
0.12259626240000002
0.1625775788
0.18561020293333333
0.20736535059999997
0.23231288953333334
0.23812774579999998
0.21378229086666664
0.19151036606666666
0.18713224306666668
0.18727507139999996
0.18527851246666666
0.18087992973333333
0.18715561926666666
0.21115195046666665
0.24343873646666664
0.24762731806666669
0.226401047
0.20308686893333333
0.18053019980000007
0.16131042953333333
0.13710609733333332
0.13096857446666668
0.1321202896
0.1399500377333333
0.13827097626666665
0.13711450026666666
0.14921844153333333
0.15376155973333333
0.14374582933333332
0.09795952480000002
0.09657380353333335
0.11931023233333334
0.1209467106
0.10897725433333334
0.0964801286
0.10632089906666665
0.12946424839999998
0.1711048262
0.16995589633333333
0.1685732538
0.16769860106666665
0.15547193299999995
0.15183081099999995
0.1495458243333333
0.14504427459999997
0.12182061146666667
0.08900055906666668
0.07483975446666667
0.08390989480000001
0.13277990826666666
0.1349776834
0.11844438099999999
0.07554496553333333
0.07437927873333332
0.07981242693333332
0.09170449819999998
0.09495666233333333
0.09698545566666666
0.10613274146666665
0.12061870073333332
0.14042144873333334
0.1452570114
0.14519326773333333
0.1322622772
0.08101948173333333
0.062423416133333326
0.060209235599999994
0.0634610056
0.07417466053333333
0.08340400946666665
0.08978302293333333
0.12352843433333333
0.16524935786666667
0.1573447186
0.14304861639999997
0.12270687453333334
0.12623901606666665
0.13642655753333335
0.13776338346666667
0.14182856933333332
0.1579457808
0.1989215101333333
0.24338112853333332
0.2836882224666667
0.32003153413333335
0.3411385109333333
0.3377174701333333
0.3193338062666667
0.3018384802
0.31427479206666664
0.32985422026666666
0.3324508800666666
0.3222503537333334
0.32982167613333335
0.3535792660666666
0.3762234692666667
0.34951780493333334
0.32218309040000004
0.29815329566666665
0.262571268
