0.4888803504666666
0.4350079808
0.3623415158666667
0.30935179873333335
0.27103578533333333
0.2746990375999999
0.24317409780000002
0.21797878460000003
0.2057013426
0.22950658493333337
0.2554618240666667
0.2626045102666667
0.25337534033333337
0.2070588982666667
0.17091733760000005
0.1441981232
0.1307465604
0.13053624886666668
0.1344268798
0.16041237793333335
0.21014210826666666
0.26467327586666667
0.2657400266666667
0.25236564846666665
0.23218597966666665
0.19987562286666669
0.18279349026666666
0.1521297866
0.15519828366666666
0.14969788806666665
0.1508966528
0.1566163134
0.17681904393333336
0.2050106846666667
0.17884847693333336
0.14136844226666667
0.08234037006666667
0.0661467766
0.06400960539999999
0.08388819526666666
0.12001240259999998
0.13493184766666666
0.17104063913333334
0.1871044898
0.20447399486666668
0.19914968153333337
0.1988593236
0.1975252242666667
0.1725033508
0.1691954124666667
0.1705378550666667
0.2127340664
0.2533518812
0.28592817826666667
0.29642165986666663
0.3001325789333332
0.3298325142
0.29778256593333335
0.30148270833333335
0.31219352506666664
0.34322870959999996
0.3434534637333334
0.33170583899999995
0.34894271413333333
0.3759464097333334
0.41219783786666664
0.4069059835333333
0.4043357129333333
0.39996003886666665
0.37353361226666665
0.3354601393333334
0.28370970940000007
0.2888147940000001
0.2605817773333334
0.24616541566666664
0.23460702506666664
0.2375679175333333
0.24837893719999998
0.23652565019999996
0.2283779526
0.18944509526666664
0.1560763721333333
0.12196549486666666
0.09695265813333333
0.08691997280000001
0.078808969
0.09240497106666665
0.11628976760000001
0.1582570738
0.1810931536
0.2033979661333333
0.22902023966666665
0.23383089466666662
0.2096733085333333
0.18218793706666664
0.18148765673333334
0.18183530686666666
0.18115225619999994
0.17625415539999997
0.1811879202
0.20274857586666664
0.23630546426666663
0.23961896859999995
0.2181909645333334
0.19469163286666671
0.17146936966666668
0.1494697534
0.12723905506666666
0.12260815800000001
0.12872590466666664
0.13521198153333333
0.13333778866666665
0.1313228856
0.14429175346666667
0.1484685583333333
0.13921728713333334
0.09265465373333333
0.08944556426666667
0.11235620813333332
0.11328020053333332
0.10141728346666667
0.09156588786666667
0.10074984813333333
0.12039635933333333
0.16233514553333334
0.160323834
0.1587151607333333
0.1580376671333333
0.145923703
0.1408693389333333
0.1377155748
0.1309420828
0.11063351753333335
0.07778410226666668
0.06454881626666667
0.07256044086666666
0.12156340126666666
0.12278046433333333
0.10702500046666666
0.06436197893333334
0.06410597793333334
0.06978069913333335
0.08015691413333333
0.08044377026666669
0.08452298046666668
0.09386338413333334
0.11091268406666668
0.13067912086666666
0.13539446993333332
0.13513573213333335
0.12327605673333333
0.07305634086666667
0.05554346993333333
0.05526427833333334
0.055362793
0.06642781513333333
0.0755262896
0.08258349633333334
0.1193474022
0.16114870886666666
0.15440264973333334
0.1376988374
0.11782913059999998
0.12097874106666666
0.13104380933333332
0.13287082833333333
0.13412222546666666
0.14863996359999998
0.18769976726666665
0.23481128619999994
0.27490380366666667
0.3113372848666666
0.333394259
0.3291500869333333
0.311789976
0.2897687228666667
0.30628137660000004
0.32054204746666676
0.3238735502000001
0.31208019900000006
0.3178457870666667
0.3438350362
0.36751923386666674
0.3417531615333333
0.31341286053333334
0.28948972933333333
0.25277799260000006
