0.40278907210000003
0.35749081945
0.318453491
0.28083216769999997
0.2606428366
0.28812385269999996
0.28305128529999996
0.26943491035
0.2467819906
0.24767148749999998
0.24517753995000002
0.23047691365
0.20825262995000005
0.19013992550000003
0.18549779235000002
0.1897789132
0.22176179605000002
0.23722973645000006
0.23108548885000002
0.22816123770000005
0.23523251630000006
0.23977445765000005
0.22334118510000006
0.2096981206
0.19380776744999997
0.17247414339999995
0.15662082109999995
0.15169553779999995
0.18572166944999996
0.19044400759999996
0.18795349569999995
0.18732014699999994
0.18942983819999995
0.18011224934999995
0.1724685123
0.17128390835
0.1455094956
0.14886836595000003
0.15642387824999998
0.16740686445
0.16794213135
0.16410289665
0.17939880625
0.1960234484
0.2011242196
0.20399418025
0.23054426349999999
0.24982864744999994
0.24039580465000002
0.25546880885
0.28410951445
0.32485699845
0.3246683383
0.33492364355
0.33751009775
0.33300244505000004
0.32148013665
0.3081439881
0.32625640480000007
0.33722155779999996
0.36342925615
0.3853765995999999
0.4037118902
0.41079307299999995
0.41164715915000005
0.4068879169499999
0.37908587939999994
0.34460339695
0.3136231977
0.2997831569
0.28393972485
0.25000298095000006
0.25895587525
0.26440277685
0.26058724875000006
0.23990214235
0.23557731245000002
0.23465567785000005
0.2094641214
0.18032550015
0.14590175145
0.13187244235
0.11904843429999998
0.12052190119999999
0.14161432275
0.1709380526
0.1930729256
0.2107501793
0.2180447777
0.20872306615
0.1923484446
0.1878647959
0.18084044125
0.16185246715000004
0.14472906960000004
0.15567360085000004
0.19090684365000005
0.20643707115000004
0.2106758454000001
0.22567868945000008
0.24544676355000009
0.24315547255000008
0.22251630270000003
0.1945787562
0.16887899224999997
0.14194756685
0.11764375070000002
0.10558199534999999
0.11377179959999999
0.11667992249999999
0.12317400525000002
0.1241416692
0.14002884389999998
0.1646055485
0.1755535468
0.1674143874
0.13153870395
0.11505685829999998
0.12155338274999998
0.14458021585
0.1345571175
0.12362786305
0.12908089125
0.13348894449999998
0.13298780785000003
0.1320537226
0.13081647245
0.12955999866
0.12039674876000002
0.11714869166000001
0.12524559781000003
0.16034607401
0.14719817036000002
0.12370996415999999
0.11304504706
0.11026794201000001
0.11286578461
0.11971078086000002
0.10818860386000002
0.07784736436000002
0.08379621051000001
0.09443297836000002
0.10912862776000001
0.11308670031000001
0.11237085756000001
0.11144516806
0.11127661261000002
0.10105316515
0.09983764725000001
0.1025093866
0.10007355435000001
0.07277709395000001
0.08219343925
0.10881351084999999
0.14197095620000003
0.14439222499999999
0.14010250260499998
0.130753409705
0.134697502055
0.140120727705
0.132946292555
0.125140784205
0.113543201905
0.139957993805
0.176017479255
0.214409215705
0.252985706005
0.292920974505
0.319284494355
0.336047301605
0.31786434240499994
0.315667226205
0.31300019035500004
0.29357898815500005
0.26070414430500005
0.26541537955500005
0.2861848175
0.30549074630000006
0.3092214000500001
0.31729775095
0.3370541560000001
0.34599882810000004
