0.35267434531999997
0.32884599752
0.29949314544
0.2566890692
0.23219892860000002
0.24344987112
0.22170604120000004
0.19409284072000002
0.1874985218
0.20920251832000003
0.22790464972
0.25117181636
0.24439716364000005
0.22115514972000005
0.1970333923600001
0.17927150876000006
0.17751730320000006
0.17336610788000006
0.16419696016000004
0.15939619024
0.16916844024000008
0.16977137056000002
0.16939699632000008
0.18708412704
0.17880765351999997
0.15944862064
0.14301333224
0.13206002540000003
0.135325574
0.14481590696
0.1647600764
0.18002847556
0.19766874204000004
0.19580352616
0.18583316040000003
0.16257298420000002
0.13028299920000003
0.12846811488
0.13916674844000002
0.14101331320000005
0.14184595996000002
0.16097767792000003
0.19279328216000002
0.21376351076
0.23285017004
0.25430163208
0.28395819604
0.27024685524000003
0.25368674036
0.26584018927999997
0.2836891446
0.2869508554
0.28780355232
0.31012661368000005
0.31624824188
0.31715722112
0.32416215944
0.33277032644000004
0.3414768402
0.33428594048
0.33608790676
0.33486842752
0.32502059708
0.30653379628
0.3120221912
0.3221306466
0.30185116608
0.28481978592
0.28048509684
0.27542201752
0.25074473092000005
0.21990847420000004
0.2272800838000001
0.2187588100800001
0.19912180911999997
0.1774360624
0.18423933192
0.19577095424000002
0.19212241207999997
0.19511023752
0.19685072356
0.19511971976
0.18251689495999998
0.16631305864
0.1606146124
0.15836124136
0.15878383268000001
0.16268256111999999
0.16816223692000004
0.16013531184000002
0.15832099287999996
0.18348185996
0.19051497307999996
0.18112160067999997
0.17489844568
0.1860652882
0.19115574852000003
0.18568103108
0.18170635856
0.18569817152
0.19220304888
0.18334352324
0.17170243192
0.15978304472000002
0.14056055468000003
0.11981258548
0.10166250839999998
0.10388377483999997
0.12273134043999999
0.13355380375999995
0.13802306424
0.13699409712
0.13743958623999997
0.14819168092
0.17438650671999997
0.16674820376
0.13678934112
0.12275365103999998
0.11642268779999998
0.10826717831999998
0.09956030856
0.09054590604
0.09392045232000001
0.09583690700000001
0.09504755072
0.10043213983999999
0.12992946468
0.13231413347999998
0.12583162911999998
0.12392255907999998
0.12168141823999998
0.12306496835999997
0.11718046095999998
0.09727522507999999
0.09101284628000002
0.09502796896
0.10215398376
0.11187801596
0.10483577336
0.07872790267999999
0.07820347348000001
0.07853417275999999
0.07081761515999999
0.07143597432
0.07261863151999999
0.07890876243999999
0.08981549244
0.10035044824000001
0.12221320504000001
0.14897278184
0.14413329428
0.11183524544
0.10890721571999999
0.11320801772000001
0.11873700092
0.11946238371999998
0.11713908855999998
0.11190744484
0.13578957251999998
0.16279161496
0.18753301415999998
0.21007025292
0.22197953111999996
0.23846657523999995
0.25496532816
0.24402889395999997
0.25177026688
0.26790636224
0.27437358083999996
0.27276744451999996
0.27031316688
0.27812433651999996
0.28286888736
0.26923302812
0.25415010596000004
0.26858526192000004
0.27911774604
