0.3410578396333333
0.30815389576666663
0.2734403304999999
0.24880968553333335
0.24210933033333334
0.2629685256
0.2752369210666667
0.2650315677666667
0.2517965656
0.2509902604333334
0.24774157926666673
0.24367423140000005
0.22659120686666676
0.20497045700000005
0.18452293393333338
0.17061608060000003
0.16571901390000005
0.17387522196666672
0.19059620033333335
0.19319422810000003
0.1978341220333334
0.19470678080000006
0.1874245619666667
0.18166307330000003
0.18332644746666665
0.18507522936666662
0.18354239459999996
0.18465387149999998
0.1915578240333333
0.1974805117333333
0.19625130686666664
0.19942488673333333
0.20735532439999999
0.2088928056
0.19494055210000003
0.18009292530000004
0.1715739922
0.1822744959666667
0.19680307753333331
0.21139927553333332
0.23041878746666666
0.2514284746666667
0.2549759974333333
0.2651467552666667
0.279128001
0.29209409713333334
0.2934486049666667
0.28895283836666663
0.28524764760000004
0.29533221186666664
0.3132351471666667
0.3314625218
0.3502100257333333
0.3626800213666666
0.3543929833333334
0.33716226436666663
0.3272915814
0.3127645166333333
0.30160262383333336
0.2996501371666667
0.3077505164666667
0.30869519753333335
0.3080140434333334
0.3107329742333334
0.3187700204333334
0.3160327385333333
0.2968039709333333
0.27883752529999994
0.2646265254333333
0.24523667273333333
0.2210966385
0.20280615106666666
0.21313008973333333
0.2197455264666667
0.22379580000000002
0.22911933606666665
0.24168677403333333
0.24783531076666668
0.22946153909999997
0.21398447606666665
0.19369664209999998
0.17702066173333336
0.15943307746666668
0.14477257033333332
0.14082462739999999
0.14855652779999998
0.17135128043333334
0.1867266414333333
0.19599495723333332
0.19583369443333334
0.1954346643
0.19824114546666669
0.1888370413666667
0.1731961793666667
0.1626569623333334
0.16381628573333337
0.1630643995333334
0.16178618910000006
0.1656666579000001
0.17155409096666674
0.17854481130000008
0.17186681296666675
0.17342001720000005
0.17416166853333334
0.16345077676666667
0.14620741766666667
0.130328466
0.12293109409999999
0.13166736059999998
0.15307179423333334
0.1569071129
0.15541652356666666
0.1543306747
0.15428716426666667
0.15482945450000002
0.14806970023333335
0.12300415206666666
0.11053480744000001
0.10548059347333333
0.09920075910666667
0.09841070080666667
0.11666054727333333
0.12320792897333335
0.1269158071733333
0.12622814664
0.12508766777333336
0.12714315527333334
0.13235028444000002
0.1279452301066667
0.12718342214000003
0.13065524974
0.13561072967333335
0.13373053060666668
0.11994126547333332
0.11270766167333333
0.11075688734
0.10949609117333334
0.10119901200666666
0.09100343647333334
0.07115353960666666
0.07542165870666666
0.08276003453999999
0.09194962763999999
0.11046551807333334
0.13221691220666665
0.13331333604
0.13333384204333334
0.13314589180333333
0.13747906563666668
0.14249811283666663
0.13578904623666668
0.11214053647000001
0.11129388496999999
0.13077328523666668
0.1546892831366667
0.18018440313666667
0.20290937210333335
0.21667247443666668
0.23173403013666666
0.24328683110333332
0.23146707997
0.23024953310333332
0.22786400270333337
0.23079370997
0.23110577003666669
0.23596014370333332
0.24993931197
0.26943761257000004
0.27706823417000004
0.28569035573666673
0.2937761140033333
0.29428835923666674
