0.3225403313
0.28934629689999997
0.2533773145333333
0.22855743116666663
0.22252894739999995
0.24844452206666662
0.2602174771333333
0.24848085666666664
0.23574337953333332
0.23722215433333332
0.23403016716666664
0.22952439949999998
0.21093201706666667
0.18947545826666667
0.16872082950000003
0.15541833773333336
0.1514009714666667
0.1611520461666667
0.17732309296666668
0.1774833574
0.18315147773333337
0.18082990006666672
0.1734246894333334
0.1664840521666667
0.16711968283333337
0.16898304520000004
0.1677372054
0.1699026088
0.17893307356666668
0.18481085326666666
0.18234433106666664
0.18481720043333333
0.19378482076666667
0.19550466366666666
0.18094032283333333
0.16378519393333332
0.1553506066
0.16729110986666668
0.18222892676666666
0.19721497883333333
0.217043916
0.23866263940000002
0.23967052893333335
0.2491687895666667
0.2633011787666667
0.27637762556666673
0.2765576137
0.2702990629333334
0.26670466163333334
0.27831812013333335
0.29683727933333337
0.3152304611
0.3341195760666667
0.34744161836666676
0.33873914426666674
0.32119185553333335
0.3108765991666667
0.2974137535333333
0.2853644474333334
0.2833929837
0.29310868366666665
0.29488007289999996
0.29424999246666667
0.29706473676666667
0.30596023423333335
0.30384816586666663
0.2844422087
0.2664496798666667
0.2521644227
0.23389032396666667
0.21040498413333336
0.19194418130000004
0.20631087520000005
0.21334510043333338
0.21741077463333333
0.222692877
0.23646149753333337
0.2440716955666667
0.22568782503333334
0.20933894970000003
0.18940631556666668
0.17288177303333335
0.15529317703333334
0.14085984783333333
0.1384378832
0.14525791326666668
0.16818941023333336
0.18178916603333337
0.19178858783333336
0.19165978870000003
0.19125475773333336
0.19373202313333338
0.18503279116666674
0.1706430633333334
0.1600337450333334
0.16296784020000002
0.16218560243333338
0.1603667390666667
0.1639874566333334
0.16845817090000004
0.1749221728333334
0.1681896631333334
0.16886954143333335
0.16968235746666663
0.1585520544
0.1412602158333333
0.12552401583333334
0.1189039157
0.12642909856666668
0.14876117233333333
0.15090621193333334
0.14928315256666663
0.14819998319999997
0.1482010418
0.1480743366
0.1423431861
0.11660569786666668
0.10481513076666667
0.09991920689999999
0.09361631173333333
0.09137078616666666
0.1098821651
0.11489436966666668
0.11727755853333334
0.11690613223333333
0.1157006495
0.11778128550000001
0.12332263013333336
0.11843212766666668
0.11781599980000003
0.12105918536666668
0.12589255033333335
0.12484967913333334
0.11058732950000001
0.10378362313333336
0.10187557020000002
0.10093657576666668
0.0929051983
0.08522349653333335
0.06498817903333336
0.07053789540000001
0.07780385543333333
0.08654642750000001
0.1049486629
0.12739931596666668
0.1280577057
0.12834967526666669
0.1282053662
0.13204065463333334
0.13711956846666667
0.13266006486666668
0.10907719726666668
0.10750497723333334
0.1265743063666667
0.15012521550000002
0.1756747663666667
0.19848464200000002
0.21248890550000002
0.2281741550666667
0.24033006340000004
0.22631699200000002
0.2262287884
0.2238059970333333
0.22709215866666665
0.22610563649999993
0.22982515246666663
0.24352222109999996
0.26264003433333327
0.2689965790666666
0.2777584159333333
0.28587383723333326
0.2858011499666666
