0.33659340516666664
0.3036847015999999
0.2687026501333333
0.24387843303333337
0.23738075976666673
0.25997128490000004
0.2721823211666667
0.26148194226666666
0.24838553073333333
0.2481628931
0.2449684166333333
0.24085093013333334
0.22361656710000002
0.20210155033333332
0.18160559296666662
0.1677053087333333
0.16293211376666666
0.17145328933333331
0.1880845652
0.1899926632
0.19480773356666667
0.19182698106666668
0.18451759353333333
0.17855070703333334
0.18007970176666668
0.18182798723333335
0.18032516786666664
0.18159047569999995
0.1890678445333333
0.19499773619999997
0.19323693586666663
0.19626785686666665
0.20445460819999997
0.20618891516666663
0.19194035653333333
0.1764712758
0.16798516249999995
0.17908822236666666
0.19362928046666666
0.20825888529999997
0.22759738306666666
0.24864840513333333
0.2508494372666667
0.26072143700000006
0.27471445930000005
0.2877627145333334
0.28869669830000005
0.28356866436666667
0.27992271896666665
0.29031841016666665
0.3082467754
0.32648452233333336
0.3452670940333334
0.3578722706333333
0.3493985713666667
0.33196967229999996
0.32204413029999995
0.3078763772333332
0.2965870960333333
0.29459158806666663
0.3032363617333333
0.3042972497333333
0.3035371205666666
0.30628550549999994
0.31463727533333324
0.3120097053
0.29272576056666655
0.2747576562333333
0.2605547213999999
0.24161488779999996
0.2175346861666666
0.19925134646666662
0.21109247346666657
0.2178666284666666
0.22191424369999999
0.2272313361
0.24020724756666667
0.2470555039333333
0.22852930936666663
0.2130352148666667
0.19267556493333335
0.17604716333333334
0.15838936663333333
0.14380477770000002
0.1401813188333333
0.14748258946666665
0.17027567896666662
0.1851117902333333
0.19448931289999996
0.1943485359333333
0.19394777519999995
0.1968116595333333
0.18761692156666665
0.17237543266666663
0.1618153278333333
0.16354114039999998
0.1627730238333333
0.16119650636666663
0.1650491856333333
0.17045858949999995
0.17744888989999996
0.17069913063333328
0.1721005608
0.17285563966666664
0.1620167897666667
0.1447537270666667
0.12889527906666667
0.1217134982
0.13021641143333335
0.1516125579
0.15495296703333333
0.15342211503333336
0.15240655066666667
0.15234518726666668
0.15279618536666667
0.14664582683333333
0.1215018997
0.1091972075
0.1041553957
0.0978932325333333
0.09644357456666668
0.11463001843333333
0.12064929123333332
0.12395431469999998
0.12332489586666665
0.12216758753333332
0.12419284036666665
0.12970154963333333
0.12521429766666667
0.12440813333333332
0.12783928290000002
0.13283148766666666
0.13112103010000004
0.11712878523333335
0.11001651110000002
0.10808608600000004
0.10689969500000003
0.0987005497666667
0.0893268083
0.06950298556666668
0.07427696963333334
0.0816082182
0.09074376056666668
0.10924254833333334
0.1311174067666667
0.13173873003333336
0.13183365856666668
0.13156416163333334
0.13574801373333337
0.14080991263333334
0.13501283033333333
0.11142402553333335
0.11018459846666666
0.12956537286666667
0.15342106706666667
0.1789314415
0.2017177718
0.21546076693333335
0.23062295223333334
0.24229158206666665
0.22959159939999998
0.22866170423333332
0.22628054740000003
0.22934494806666667
0.22933845563333335
0.2337925298
0.2477039177
0.2670846250333333
0.2742196575333333
0.28278210946666665
0.29092075906666665
0.2913014010666667
