0.688000949
0.5931958036
0.5124116954
0.3996463901999999
0.2564611266
0.31895861979999995
0.27453364799999996
0.23604822260000002
0.273713037
0.4011501174
0.47335858239999995
0.454109349
0.35599576699999996
0.2714653952
0.171888872
0.048228317
0.019666302
0.0807876174
0.0897540546
0.1292528666
0.25859122619999997
0.3272537022
0.3404916138
0.2802703982
0.2323876356
0.14810429339999998
0.0673189766
-0.0054710290000000005
0.0564953118
0.14403306619999998
0.24342609359999998
0.418422885
0.4830329482000001
0.4427620804000001
0.3446203682
0.23247249040000004
0.0903751822
0.010755185
-0.003894490599999999
-0.0098578316
0.0016876058000000007
-0.0146312192
0.057315941599999996
0.19855120340000001
0.2244640394
0.214627157
0.1962398736
0.15442347700000003
0.024719809800000003
0.06707081919999999
0.173580631
0.24869753420000001
0.31935913000000005
0.3549645266
0.3385346582
0.22827200859999994
0.1697989468
0.13782224280000002
0.1559248524
0.1208098836
0.13207127079999997
0.24162332199999997
0.3240706828
0.363107659
0.4422683042
0.5520248228
0.590247379
0.44503169940000004
0.3977446862
0.386659368
0.35768986319999996
0.21273862659999998
0.24108714559999997
0.30376643579999996
0.3145656876
0.3373850796
0.428276958
0.5373465557999999
0.5091415502
0.4295969639999999
0.31970808819999996
0.2225743626
0.09912419480000001
-0.017498498999999997
0.006457694800000002
0.0597729774
0.0738197892
0.11883967640000001
0.22612658840000002
0.2562133868
0.19650816399999999
0.1789961368
0.1572688072
0.0937057746
0.0098488426
-0.008634267599999999
0.0352592146
0.08419887140000001
0.16482875260000002
0.287782072
0.4314172204
0.47984252400000005
0.4676520678
0.3778227834
0.26613473800000004
0.13766571099999997
0.04679861099999999
0.004675444599999999
0.00017368699999999862
0.0041905649999999985
0.0548176744
0.1944201858
0.2581001288
0.288073941
0.32578912779999997
0.33575404419999993
0.22707546660000003
0.1383014272
0.0992534414
0.0664571248
0.026786658799999995
-0.010282387400000006
0.0092724946
0.05377213439999999
0.06039539780000001
0.0630917282
0.0712835788
0.13521568560000002
0.1989981576
0.22834537299999996
0.2294454784
0.2238486402
0.16785831339999996
0.11830323000000001
0.2073894456
0.19554168759999999
0.1893534314
0.1804518496
0.13080534640000002
6.955059999999994e-5
0.0034395193999999995
-0.0016445424000000003
-0.0022089858000000004
-0.0016170684
-0.0009590214000000004
0.0299196446
0.18673427
0.1987768606
0.2034035512
0.20619604779999995
0.1727658388
0.037112334999999996
0.059842057399999996
0.0606995492
0.0658546032
0.0952429434
0.1199511678
0.14437797959999998
0.1519293686
0.144151113
0.1143437874
0.0741127928
-0.0238085716
-0.0338797678
-0.025383219000000002
0.007515638799999997
0.0505571094
0.14229922479999998
0.24915634460000002
0.37453637219999997
0.34855838119999993
0.30163037659999997
0.24774464639999993
0.160934882
0.057362493599999995
0.057533799600000005
0.07109940199999999
0.0745745268
0.17060546159999998
0.28422992999999996
0.43085404780000003
0.5735570034
0.689745627
0.6702986414
0.6070836906
0.3990962972
0.2864160462
0.21228052879999998
0.1454373902
0.05880455159999999
0.13539275020000002
0.177873389
0.20919565219999997
0.21754675459999998
0.2845334576
0.3438077474
0.30423068259999997
