0.5811137373666667
0.5661180440666667
0.5924445303
0.5714297967333334
0.5479768736999999
0.5315172481000001
0.5137390743333333
0.4959640130000001
0.4763390509000001
0.4544224597333334
0.43526728746666676
0.43727490410000003
0.4549273469333334
0.4532029603
0.43780037836666674
0.42870451939999993
0.4244532246333333
0.41972667376666667
0.4122756425000001
0.4045522536333334
0.3989417601333333
0.40266132173333335
0.40199928646666666
0.4164520416666668
0.40853760756666674
0.3973715401666667
0.38921894583333333
0.378482511
0.37333009440000003
0.3723163071333334
0.3693139438333333
0.36547435023333336
0.3663562921
0.3701773846666666
0.37098131339999996
0.3632200492666666
0.35803634346666663
0.35113856306666663
0.34659384669999993
0.34477178816666665
0.3421109600333333
0.33800865669999997
0.3354882644666667
0.3370002791000001
0.34341218916666666
0.33914707280000006
0.3300191627
0.3279303186333333
0.32878185069999993
0.3270227324333333
0.31980948540000004
0.31271898426666667
0.31228470669999997
0.3128466843333333
0.3143468455333333
0.31826949803333326
0.31162609283333326
0.3079354068666666
0.3035417227333333
0.3026143289999999
0.29864578449999996
0.2935898145333334
0.2882989745666667
0.2853329826333334
0.28755454116666673
0.2899635350333334
0.2888767643000001
0.2888604352333334
0.28912207040000004
0.2871096935
0.2860450271666667
0.28392908343333334
0.27901710423333337
0.273235327
0.26952172843333333
0.2696080033
0.27265368813333335
0.2690906938666667
0.26334206146666667
0.2618628225333334
0.26562986790000004
0.2626412615
0.2594837367666667
0.25762610706666667
0.2562792477
0.25401742336666666
0.2580792441
0.2616792775
0.2625640885333333
0.25444474679999995
0.2510152361333333
0.24999841959999997
0.24871603316666668
0.24888600133333333
0.24656817866666667
0.24431642776666662
0.2429309156
0.24059149633333332
0.23782993666666663
0.23666639016666663
0.23233254180000001
0.2311318669666667
0.23075602773333337
0.23050176209999998
0.2305544591333333
0.22964077466666666
0.2279211568333333
0.22750885163333331
0.22855609056666665
0.22715972569999998
0.22238805786666666
0.21885631356666665
0.21389236279999999
0.20886047619999998
0.2079869513
0.20826640980000002
0.2080974847
0.2056530638
0.2029526511
0.20448179260000002
0.2059130943333333
0.20464284523333331
0.20403358049999995
0.2016120767333333
0.19700024936666666
0.19431952103333333
0.19116209353333333
0.19199368496666663
0.1912000551
0.19099648843333333
0.1925754602
0.19118416086666662
0.18893947339999997
0.18721545303333328
0.18569049729999995
0.18646541353333332
0.1840177856333333
0.18319972399999995
0.18201245996666665
0.1820835753333333
