0.6714445654000001
0.6683759122
0.9419491464
0.9724191470000001
0.9851692658
0.9854381951999999
0.8689571444
0.6596569266
0.5426070249999999
0.4666181198
0.3997382018
0.4407384164
0.5565584374
0.5869003453999999
0.5824380034000001
0.5771291493999999
0.5381861291999999
0.5135687873999999
0.3814341808
0.36244005020000003
0.34278685560000005
0.3664859518
0.40257574500000004
0.5204953394
0.5126363620000001
0.5101454568
0.5139647104
0.48035813899999996
0.42472274279999994
0.37855944099999994
0.37386562979999993
0.3541020938
0.36306604259999997
0.40187467200000004
0.42384278200000003
0.4079384314
0.410172123
0.41343693019999994
0.4037904814
0.36688563160000004
0.36036159339999996
0.3638083396
0.34535439840000004
0.34133643860000007
0.382949255
0.3985525938
0.40743471179999996
0.40720446359999996
0.40649257580000003
0.3863521738
0.3333655358
0.2858316964
0.2614750922
0.2617636558
0.2953085594
0.3417998788
0.37149713679999996
0.40760082560000005
0.40580648439999994
0.3705494786
0.33730226240000005
0.30947405320000004
0.2717596684
0.26037344419999997
0.2665856306
0.281283896
0.2900060024
0.3195351386
0.3462290758
0.35872803760000005
0.34257827
0.3158713756
0.3000067234
0.29202586820000004
0.2846125146
0.2825270694
0.30363364119999997
0.313330792
0.31088157759999996
0.31029685239999993
0.32412561160000003
0.27927434780000004
0.2353792932
0.20593388619999997
0.22491346019999997
0.22405759760000002
0.263279467
0.2897822318
0.2965540438
0.2801907516
0.2852087656
0.2811957518
0.2751284324
0.2831079708
0.2639165446
0.2577728488
0.26031991720000003
0.26047515260000004
0.25090861540000003
0.2532002472
0.24395612680000003
0.2482190038
0.2404482612
0.232666275
0.23865907919999998
0.258658257
0.24355908140000002
0.25568904940000003
0.2765858512
0.2767954034
0.2544509444
0.2519022434
0.2485525376
0.23556177499999995
0.21390645479999998
0.2060444742
0.21479451999999996
0.21200276580000002
0.21448552059999998
0.2329313428
0.2450159154
0.23879072780000002
0.22638121139999998
0.2167715828
0.20450581359999997
0.18586953300000003
0.1895256254
0.201462341
0.206939568
0.21652866100000004
0.227805524
0.228954743
0.22096520460000005
0.22099224580000004
0.21829067859999998
0.2151419562
0.1891700218
0.1739901164
0.158412165
0.161758757
0.16972105599999998
0.18734927019999997
0.1991167436
0.2001148244
0.19287550260000003
0.19192458140000002
0.1940666832
0.20228586600000004
0.2064420744
0.1880420834
0.1754544756
0.15790621759999998
0.15414183820000002
0.154299453
0.168483248
0.175405168
0.1896580294
0.1831370716
0.18303195560000002
0.1846927142
0.191145244
0.1859564916
0.1865267082
0.1897742874
0.1966491468
