0.7250310607333333
0.7065725357333333
0.7699539244
0.7539093615333333
0.735924552
0.7171086557999999
0.6805189449333332
0.6487458177333333
0.5757018899999999
0.5495353556666667
0.5279681066666667
0.5401937324
0.5821331090000001
0.5871529126666667
0.5738862262000001
0.5613239487333334
0.5548569186666666
0.5451568207333334
0.5188216005333334
0.49223023046666664
0.48471551539999996
0.49143294699999995
0.49052908019999997
0.5296759072666667
0.5197889306666668
0.5097067646666666
0.5066541532666666
0.49769398200000003
0.4855474502666667
0.4633792492666666
0.45177423999999994
0.4458820634666666
0.4445255575999999
0.4563995541333333
0.46716527446666667
0.46085785886666664
0.4622278514666666
0.45879171080000003
0.4546870778666667
0.44290669913333336
0.42489453073333333
0.4119300197333334
0.39871785260000003
0.39747555053333333
0.41398849100000007
0.41621957953333333
0.41359252146666664
0.4186336458666666
0.4178009966
0.41097301113333334
0.39818190573333323
0.3843644886666666
0.3727896305333333
0.3663309791333333
0.3710800962
0.37938464659999993
0.380002399
0.3882390257333333
0.39444948699999993
0.3893322685999999
0.37990211866666657
0.36415086026666665
0.35340373333333336
0.3524893485999999
0.35279209466666667
0.3508924227333333
0.35089543766666664
0.36031604773333326
0.3660503556
0.3668691143333333
0.3667305702
0.35027329673333335
0.33491059680000007
0.3193595716
0.3230586709333334
0.32455988380000006
0.3297422900666667
0.3275358152
0.3192756061333333
0.3209037891333333
0.3262441264666666
0.3232426293333333
0.3142175294000001
0.3085483444
0.3017462782666667
0.29893905773333335
0.3110394396
0.3165298246
0.31977494273333334
0.30907170920000004
0.30519956153333333
0.3052521725333333
0.30154485919999996
0.29890605826666666
0.2947276808
0.2971044762666667
0.2940722496
0.2960583151333333
0.2957251866
0.2986626926666667
0.29619182260000004
0.29399818999999994
0.2939442881333333
0.2933958578
0.2857034892
0.28161585959999996
0.2783878659333333
0.27938432826666665
0.28140629933333333
0.28059730899999996
0.273187866
0.272795199
0.26664087319999996
0.2590604971333333
0.25397205486666663
0.24876072213333333
0.2499741237333333
0.24797199619999996
0.24641030146666665
0.25191571506666666
0.2525443613333333
0.25149841040000004
0.24668802453333327
0.24643675006666663
0.24465794373333333
0.2426279116666667
0.23586796859999998
0.23122028693333335
0.22900066393333332
0.23167699760000002
0.23677364093333333
0.2328588929333333
0.22996748293333333
0.2248747362
0.2237106247333333
0.22642664506666665
0.22381288626666668
0.22654084293333332
0.22115361426666666
0.2123771352
0.20882763006666666
0.20745791933333335
0.21313695166666669
0.21450887339999997
0.21068386193333327
0.2083467462666667
0.2090267502
0.2070487314
0.20825599146666673
0.20726724800000002
0.20738549833333333
0.20415177133333332
0.199711836
0.20082798333333338
0.20873837420000005
