0.8393231197999999
0.7808827124
0.8186009111999999
0.780725554
0.7650130606000001
0.7483947515
0.7230634606999999
0.6859477438999999
0.6515174829999999
0.6197502064999999
0.5923223416999999
0.5945317898999999
0.6431631556999999
0.5821818944999999
0.56442621
0.5503668903
0.5377021267
0.5421869436000001
0.5358274205000001
0.5251336447000001
0.5161078651999998
0.5356918931999999
0.5307588773
0.5658560002000002
0.5327415732
0.5242619772
0.5187348514000001
0.5030429334
0.4939745921
0.48397972949999996
0.47418145070000006
0.4668007412
0.47185798039999993
0.48676477929999995
0.48287457040000004
0.46769726940000006
0.46711227629999996
0.46120561409999994
0.4556233883
0.452703686
0.45084130069999995
0.4510036038
0.4440636318999999
0.4475674463
0.45159617409999997
0.432039062
0.41353645220000007
0.4016937421
0.3953448129
0.3992650435
0.39625761969999995
0.3909641151
0.39854316399999995
0.39729819419999995
0.403705667
0.4098115159
0.4094725371
0.4038780709
0.3991807005
0.3863610557
0.3754038563
0.3614512617
0.35309806120000004
0.3584720872
0.36516870749999997
0.36794993950000005
0.359178789
0.3684065669
0.37553443620000004
0.3738800962
0.3658045009
0.3643278584
0.36165086310000005
0.3561969922
0.3520860787
0.3552799653
0.34064056760000005
0.3260546502
0.31024403800000006
0.32284411020000003
0.32989127800000007
0.32917688060000005
0.3198768139
0.3061942925
0.3059996875
0.30493105389999997
0.3241005285
0.33012361770000004
0.3392121253
0.3196706573
0.3163635913999999
0.3117519761
0.30898395619999997
0.30988799320000004
0.30380062730000007
0.2977262640000001
0.30082225360000003
0.3012977405
0.29242783390000004
0.29634416160000004
0.3037775475
0.3004484768
0.302043446
0.3049551888
0.3048175043
0.30386738950000003
0.29717162100000005
0.29892846790000005
0.30283524940000006
0.29045559870000004
0.2748679882
0.2773777753
0.2752342639
0.27008445309999995
0.2686468873
0.2680912837
0.26604751750000005
0.2582260032
0.2508924563
0.255747246
0.25284989409999997
0.2529183338
0.2502592417
0.2485918974
0.24593616989999995
0.24215295979999998
0.2440128831
0.24268311849999996
0.24883008169999998
0.25233212680000006
0.2565391591
0.2431995359
0.23152305699999998
0.22385119850000001
0.2244827246
0.22838637090000002
0.22362616240000005
0.2253384762
0.2156662999
0.21426197789999998
0.21761170500000002
0.22566079510000003
0.2367482759
0.2374703787
0.22340107850000002
0.21438057429999996
0.20509418529999998
0.2059815441
0.20850314390000002
0.20465088380000002
0.2007128973
0.2010297064
0.1943570978
0.19560279889999999
0.20629966500000002
0.21580127619999998
0.22096529010000002
0.21620872929999999
0.21607751869999997
0.21941701469999994
