0.6916628804
0.689124506
0.9553764936
0.9768157782
0.9873573104
0.9869833591999999
0.8726409187999999
0.6818253288
0.5846353298
0.5426688108
0.5098061437999999
0.5734860025999999
0.690070159
0.7183996362
0.6968316022000001
0.6748385396
0.6155775772
0.5962561524
0.44596415279999996
0.43202081780000007
0.425895241
0.45982667619999995
0.48811773480000004
0.6256906882000001
0.6182464716000001
0.6063204894
0.6115571102
0.5734000198
0.5060213121999999
0.44723667479999996
0.4422034650000001
0.42591259260000003
0.43268584699999996
0.481927872
0.5207227842
0.5061594364
0.5076888898
0.5110301138
0.4916016866
0.44502635659999995
0.42923510239999996
0.4265356628
0.41138111439999997
0.41964509000000005
0.4603810154
0.47244749899999994
0.4754715448000001
0.4767461494
0.4754898026
0.4428113328
0.391630625
0.35160135959999994
0.3266413348
0.31519982320000006
0.35571875420000004
0.40088461439999995
0.4303268706000001
0.4704449932
0.47939656519999996
0.4516925798
0.4187384174
0.3886182036
0.3373111486
0.3189648358
0.3210295316
0.33206929520000006
0.33428431979999995
0.3688849738
0.3979793386
0.4093078834
0.4038305837999999
0.3840732582
0.36792816000000006
0.35308953379999997
0.338452309
0.327778418
0.34458245860000003
0.3553735662
0.3593044506
0.3657198484
0.3827815126
0.33669867659999997
0.2967357342
0.2611836254
0.279968372
0.2770010434
0.32165508460000003
0.3430178936
0.3512049596
0.332031003
0.33286106439999996
0.3265459724
0.31722934179999995
0.327219291
0.3073103116
0.29986611840000005
0.2969579798
0.3007385706
0.2925566954
0.30029094300000003
0.2955864096
0.3046865274
0.30185691039999996
0.29229897239999997
0.29239738020000006
0.3119686854
0.29621042620000004
0.30222998160000003
0.3176114052
0.3172376284
0.2957660936
0.29813281579999995
0.2956269542
0.2880590935999999
0.263673569
0.2539698828
0.2566227348
0.2548415736
0.2521098126
0.2736202056
0.2822126846
0.2754723002
0.26161043279999996
0.2496751
0.2378742864
0.2234871036
0.2303643674
0.2389080506
0.24750869479999998
0.25399805340000003
0.260818816
0.2576613988
0.2464581864
0.25015146860000004
0.25066620019999997
0.2522595022
0.228737673
0.2165879276
0.1975509284
0.198299249
0.2045132396
0.2185146518
0.2340890248
0.23378167139999997
0.2302247068
0.2307101704
0.2328069384
0.239407527
0.24115908600000005
0.21657745020000002
0.1980509782
0.17738143220000002
0.1725555612
0.1758472018
0.1927243174
0.2033748164
0.22467798060000002
0.2161586344
0.21535839599999998
0.21987501259999997
0.22822773600000001
0.2172525996
0.2162588242
0.2167966414
0.21895901680000002
