0.7158227307499999
0.68770725115
0.7308820334499999
0.6814537242500001
0.6647196353
0.6493808208999999
0.6303827936999998
0.6140673437499998
0.5936724517499998
0.5724419256
0.5542151034499999
0.5651118415499999
0.5869610164999999
0.57401894735
0.5485838916000001
0.53731443375
0.5282184890499999
0.5226149385
0.5149010063
0.5045566871000001
0.49514465794999996
0.5012463171999999
0.50130842885
0.5263103897500001
0.5078080718
0.49597962329999995
0.49292356384999997
0.48212427374999994
0.47479899019999994
0.46834170775000006
0.4625113757
0.45890217250000004
0.45796080615
0.46716611280000003
0.46723537225000006
0.44986816570000004
0.4403243642499999
0.4314496781
0.42548410059999997
0.42598436474999996
0.4235494602
0.4209838594499999
0.4213033979499999
0.42243282024999995
0.4276509205499999
0.4209252889499999
0.41150449465000005
0.4027859065
0.3972627567
0.3928130496000001
0.385830738
0.3762076884000001
0.37582061259999994
0.37788514069999996
0.38443718725
0.38888072769999993
0.38432566304999993
0.38614231889999995
0.38735756834999985
0.38012057594999993
0.3706041785999999
0.36288956004999995
0.35737446214999996
0.3573345397
0.3586273930999999
0.36161495239999997
0.34990967829999997
0.34723060855
0.34288923709999997
0.3483621032
0.34784788944999995
0.3467523695
0.34076383849999997
0.33119564235
0.3290428831
0.3301055096
0.33237054805
0.32808913395
0.32472808165
0.32125738375
0.32312743470000005
0.32046442835000005
0.3144303850500001
0.30804114285000006
0.30490015740000004
0.30132865895000005
0.3124613910500001
0.31571067910000006
0.3158199796
0.30800740945000005
0.31007056945
0.30610022645
0.30551370110000003
0.307421591
0.3043090658
0.3007968267500001
0.2989969373
0.3001131042
0.29763154165000005
0.29339988015000007
0.28932276785
0.28891312604999997
0.28863885494999997
0.28751982094999995
0.2867321958
0.28597933659999997
0.28160956925
0.27857723554999997
0.27686385285
0.27310142235
0.26385894114999997
0.26514805455
0.26274675280000004
0.25933817524999997
0.25729152860000004
0.25512212175000004
0.25503020030000007
0.25045456085000006
0.24986126900000002
0.25403968639999996
0.2546945265999999
0.24805893484999997
0.24089114934999997
0.23622154794999997
0.23520944725
0.23526966535000002
0.23381952275
0.23401079735000002
0.23224819080000003
0.23329705235000006
0.23707543205000006
0.23443016549999998
0.23413566644999997
0.2306607886
0.22394190155000002
0.2213834726
0.21436017385
0.21566001015
0.2120847219
0.20945643084999999
0.20916230115000004
0.21334525075000005
0.21555268685
0.2165365888
0.21485037175000005
0.21509092525
0.21302973769999997
0.21109513670000002
0.21229033130000005
0.21203394925000002
