[108.69457824233108 109.35305978471783 111.60109200078789 119.03283290504825 121.55497794028321 122.68773146735776 130.69153351660754 133.7622744447609 142.88164136031529 143.9887718778518; 74.24409340483652 74.30753258478099 83.8845818967987 83.99356163942865 87.42555102826638 90.64134766267522 94.24343980885428 103.20833355130497 111.11352381856233 111.7139821539925; 105.2774575234268 107.22172335817491 116.13218645730078 124.21359751472964 128.2655154628383 134.77507946034783 142.3915042692534 144.54694902851526 147.6780592967916 156.14803778102038; 107.71484790852175 116.15695711579653 116.47496709541007 116.87136249328388 123.39448337673737 128.0972721806024 132.19140750553805 141.02427210565045 144.6423386136794 144.91817674693127; 101.37890592528463 108.93916529348544 115.13435635949988 123.09816455527664 127.83899022726793 135.70017591059178 144.69559607249508 150.96133715701038 155.459732078285 156.54170815830545; 126.84799934394636 127.28379273421848 134.26416769721334 135.0155190035124 141.29385497529302 147.35620239067126 156.3291685602674 161.56526366999339 171.4458375719595 172.81775986326832; 108.34670741165526 109.13910807823189 118.79517950474218 125.22496191039974 133.14748010184323 138.41330498813937 144.41190041577067 146.01879380754147 150.75135967271882 158.10625760445032; 78.45262178004626 85.01065926368682 92.18356101170284 96.47186099611395 103.6440607046462 106.0454345780711 113.0213390660181 117.31227739144485 121.92503990856255 127.6944914749927; 95.75270434047118 99.85805807907686 108.28398012177797 116.85933979268 124.30947620200567 126.7794878851369 132.68432878571798 139.24682008892418 142.52385659805154 145.22342366823935; 94.71187552323397 101.91321311585679 108.47911515002681 114.0662956419184 123.12982595746858 125.61933456836 128.99651460425565 133.02130140831363 133.3970175103695 142.66492844502795; 78.51981666088565 78.6336157956236 78.70239920625956 79.05007261700467 81.25164763712019 82.64527518033506 89.6132300205247 98.82004136292086 101.04136801394117 104.05032888858936; 121.19237965859305 128.87934087460596 133.82593490562945 135.8890974995157 137.93237419282696 138.46227466112086 140.73499559340553 141.82216575423763 150.58891355875693 153.87945783879107; 102.88993244049976 103.24922944446318 110.9494976486169 112.33843549351413 120.79558523954334 127.9957430457414 128.53694037415195 135.94004557653747 137.5367078388829 147.24047326299856; 114.2934596870179 116.10269259198675 118.87074012078654 128.48298589660675 130.46588247171024 134.30476752190867 137.63831175741478 145.1198431428184 154.77536822245764 161.33372552102088; 100.62658984156106 109.58197665578359 115.64962765279073 122.2165977811675 129.91651454597525 131.2551224742905 140.98064970432299 149.49049664386905 157.3058928112178 162.6492181455477; 111.88709163746681 112.87662743035062 117.2919783304358 119.56157692476766 126.45261951716996 130.56914781324159 140.3268592311374 146.19908736427712 150.35636340550133 154.61964873441357; 101.33059468643911 103.11704310733198 109.08207105877132 113.2999926526977 114.13326781033516 118.77304078330474 122.0692032836941 123.8212757275003 127.85093616011979 129.81156777244263; 98.2761070095221 99.53785627961174 100.91140788346748 109.97596352438205 110.06740049561141 119.12864535528479 121.23605660563638 121.66446660175232 123.59263447903515 131.9930580013787; 84.35296431681977 93.60709275934109 96.02613291165524 101.75312280012716 110.58769799360016 117.64230477536398 118.00228751136932 118.47226279563783 127.6936053849454 136.34974349734227; 111.52939085182435 116.65616363255029 119.12721493916375 127.17529645116767 133.73570858182407 134.06119969753723 140.81770100382636 143.10868773257795 150.22472567403855 152.8920336968356]
[108.69457824233108, 109.35305978471783, 111.60109200078789, 119.03283290504825, 121.55497794028321, 122.68773146735776, 130.69153351660754, 133.7622744447609, 142.88164136031529, 143.9887718778518]
[74.24409340483652, 74.30753258478099, 83.8845818967987, 83.99356163942865, 87.42555102826638, 90.64134766267522, 94.24343980885428, 103.20833355130497, 111.11352381856233, 111.7139821539925]
[105.2774575234268, 107.22172335817491, 116.13218645730078, 124.21359751472964, 128.2655154628383, 134.77507946034783, 142.3915042692534, 144.54694902851526, 147.6780592967916, 156.14803778102038]
[107.71484790852175, 116.15695711579653, 116.47496709541007, 116.87136249328388, 123.39448337673737, 128.0972721806024, 132.19140750553805, 141.02427210565045, 144.6423386136794, 144.91817674693127]
[101.37890592528463, 108.93916529348544, 115.13435635949988, 123.09816455527664, 127.83899022726793, 135.70017591059178, 144.69559607249508, 150.96133715701038, 155.459732078285, 156.54170815830545]
[126.84799934394636, 127.28379273421848, 134.26416769721334, 135.0155190035124, 141.29385497529302, 147.35620239067126, 156.3291685602674, 161.56526366999339, 171.4458375719595, 172.81775986326832]
[108.34670741165526, 109.13910807823189, 118.79517950474218, 125.22496191039974, 133.14748010184323, 138.41330498813937, 144.41190041577067, 146.01879380754147, 150.75135967271882, 158.10625760445032]
[78.45262178004626, 85.01065926368682, 92.18356101170284, 96.47186099611395, 103.6440607046462, 106.0454345780711, 113.0213390660181, 117.31227739144485, 121.92503990856255, 127.6944914749927]
[95.75270434047118, 99.85805807907686, 108.28398012177797, 116.85933979268, 124.30947620200567, 126.7794878851369, 132.68432878571798, 139.24682008892418, 142.52385659805154, 145.22342366823935]
[94.71187552323397, 101.91321311585679, 108.47911515002681, 114.0662956419184, 123.12982595746858, 125.61933456836, 128.99651460425565, 133.02130140831363, 133.3970175103695, 142.66492844502795]
[78.51981666088565, 78.6336157956236, 78.70239920625956, 79.05007261700467, 81.25164763712019, 82.64527518033506, 89.6132300205247, 98.82004136292086, 101.04136801394117, 104.05032888858936]
[121.19237965859305, 128.87934087460596, 133.82593490562945, 135.8890974995157, 137.93237419282696, 138.46227466112086, 140.73499559340553, 141.82216575423763, 150.58891355875693, 153.87945783879107]
[102.88993244049976, 103.24922944446318, 110.9494976486169, 112.33843549351413, 120.79558523954334, 127.9957430457414, 128.53694037415195, 135.94004557653747, 137.5367078388829, 147.24047326299856]
[114.2934596870179, 116.10269259198675, 118.87074012078654, 128.48298589660675, 130.46588247171024, 134.30476752190867, 137.63831175741478, 145.1198431428184, 154.77536822245764, 161.33372552102088]
[100.62658984156106, 109.58197665578359, 115.64962765279073, 122.2165977811675, 129.91651454597525, 131.2551224742905, 140.98064970432299, 149.49049664386905, 157.3058928112178, 162.6492181455477]
[111.88709163746681, 112.87662743035062, 117.2919783304358, 119.56157692476766, 126.45261951716996, 130.56914781324159, 140.3268592311374, 146.19908736427712, 150.35636340550133, 154.61964873441357]
[101.33059468643911, 103.11704310733198, 109.08207105877132, 113.2999926526977, 114.13326781033516, 118.77304078330474, 122.0692032836941, 123.8212757275003, 127.85093616011979, 129.81156777244263]
[98.2761070095221, 99.53785627961174, 100.91140788346748, 109.97596352438205, 110.06740049561141, 119.12864535528479, 121.23605660563638, 121.66446660175232, 123.59263447903515, 131.9930580013787]
[84.35296431681977, 93.60709275934109, 96.02613291165524, 101.75312280012716, 110.58769799360016, 117.64230477536398, 118.00228751136932, 118.47226279563783, 127.6936053849454, 136.34974349734227]
[111.52939085182435, 116.65616363255029, 119.12721493916375, 127.17529645116767, 133.73570858182407, 134.06119969753723, 140.81770100382636, 143.10868773257795, 150.22472567403855, 152.8920336968356]

143.9887718778518
111.7139821539925
156.14803778102038
144.91817674693127
156.54170815830545
172.81775986326832
158.10625760445032
127.6944914749927
145.22342366823935
142.66492844502795
104.05032888858936
153.87945783879107
147.24047326299856
161.33372552102088
162.6492181455477
154.61964873441357
129.81156777244263
131.9930580013787
136.34974349734227
152.8920336968356
