[3.6650024434962836, 13.307670166644154, 14.446844364202677, 24.06071049466391, 32.04353186991606, 32.63260352824915, 37.100182425510525, 40.86082329292614, 46.789272444948445, 56.763627406353436, 58.20794703390917, 67.96971549258001, 77.53427290853908, 78.10606147179055, 78.32489310088876, 81.2710848777357, 82.62304650595661, 89.77922381138158, 94.41696728489461, 100.8981413707141]

[4.12057882040791, 13.032737445772042, 13.933253970757992, 19.668903527445547, 23.03670191038045, 23.43465121908263, 27.13365171605893, 28.5918822112154, 30.73214091012246, 32.45600574905038, 39.63456870657369, 44.23012990705577, 52.94018486543275, 55.25042662944368, 55.776691138643365, 58.4087056069502, 59.37522975194436, 64.84032363101915, 66.22267961177374, 70.87872933146006]

[0.9912913991679373, 2.4353439697362678, 3.9799184241070673, 10.645661398290585, 13.388987934490558, 17.70797731435096, 25.924253975368057, 34.24428615451375, 38.836030596348834, 39.42526024608168, 44.384264240276934, 50.75413318468662, 53.846075141298314, 59.14216124980573, 67.15790641699397, 73.29344985453595, 81.91773222402952, 84.93809859307103, 94.40879646548932, 98.19790464432332]

[1.2454659367566745, 2.0615940696019255, 11.11088964719719, 19.593626826820824, 20.01781231876831, 23.716781879510258, 30.9790988709602, 40.1165529874244, 47.58723943214808, 55.08675549939984, 56.66541568863869, 57.6863979847019, 65.47065626925415, 69.47094722132466, 75.83916051762994, 79.62588060617685, 80.00001643938077, 89.50622948026574, 99.17244198257954, 103.71869666045494]

[1.0891471479656445, 9.713079869414589, 18.322180226232476, 23.21312456818667, 25.24023006993896, 27.18119939376482, 36.25168012994652, 40.98471429470576, 44.869941506599815, 54.86678449281645, 55.046257989561724, 60.01382110607696, 67.82907679114695, 72.54491884069671, 81.50315199276932, 83.0183136668765, 90.9105403247693, 94.15918008381244, 99.38750194231883, 100.67130492614498]

[5.880465282536661, 13.976324149340872, 22.942638268847055, 27.096062796280417, 36.351503795822964, 37.96669936876491, 38.02881086820738, 42.495005136468926, 45.61474360407928, 54.468325348362406, 63.58979282795102, 70.83714426473277, 74.6572398624122, 79.66027907403755, 89.31738683797305, 92.17626919664674, 100.77092691095558, 108.88568331994938, 114.78937670209315, 117.36779869002751]

[2.5627442548121637, 10.511773579003641, 11.424207109004403, 15.634756473728096, 19.171546412744693, 28.024020673668904, 35.17153431919063, 44.91496952067871, 50.6416902661838, 54.75348271675435, 55.51254874130076, 60.86001622715686, 63.96358812065638, 71.95258723492177, 71.95516024346128, 77.63976973460373, 87.2752086129608, 93.51446302280351, 98.63412973045469, 104.61305879000378]

[1.3150511594124692, 9.181058671407294, 11.338748890078202, 13.833250694516835, 17.479734254001766, 18.76415886694338, 23.748377591203848, 25.462344617100257, 28.95359858088723, 30.193482093506507, 37.44053494992054, 37.670234478709645, 40.17843656728556, 42.226734117504215, 51.759419516142486, 51.80757969587857, 60.639771448471976, 64.49916705013858, 66.25144284280432, 72.51120492702188]

[6.312191482622673, 12.11644612895774, 16.062719706373933, 19.23597809528045, 26.158275608160107, 28.043038018262024, 36.97412573088258, 37.93950719438525, 38.814667856342055, 41.72056526074403, 44.807291947608974, 51.27462238148975, 55.34123915985717, 59.150252071117286, 63.168052098396615, 65.25082266258342, 71.43893685044914, 78.07438806544033, 84.59363191629345, 91.75526515712038]

[3.841185530558384, 6.902112549497936, 11.34325918374975, 17.74862477126007, 22.79704932059117, 27.047456311707307, 33.1273845160687, 36.62221417380839, 39.88422103685699, 48.03043854534074, 53.6596465870215, 58.73175465172629, 63.47901074137149, 64.07526489467737, 72.32478499037109, 77.70580809179248, 80.12975142153054, 84.22072707465695, 84.96766495215648, 87.447574736012]

[0.3836328338071793, 10.275015860181977, 20.01849867134349, 24.96320596301863, 29.94983771935229, 31.505577697404142, 36.048974101303244, 38.510380619952976, 44.1555437578094, 46.063493359633995, 46.16929853246927, 49.383635947326475, 49.44544023476736, 57.18481038561097, 57.7336644937461, 61.27723951496407, 69.16050160481335, 72.03872549840409, 72.46559793912142, 78.22967381333072]

[6.959179517091213, 14.267713337395094, 19.393893179203708, 23.09859967922612, 29.784796790138554, 38.37798786743779, 43.52120021133884, 50.54382358388578, 51.096092945375354, 54.31201488713143, 57.19717983646558, 62.943731905865846, 71.91433555905434, 80.27395809664701, 88.35194679484258, 96.8930495983142, 102.79692654998456, 109.15944173283174, 112.92558933771807, 115.32590528050702]

[8.665757576638033, 11.256890061828923, 14.024863724537513, 18.412202043458656, 25.57658662304624, 26.63570158082214, 34.037967529221675, 37.3369012206327, 46.33963478232379, 48.87464106002225, 54.83608278186297, 55.87038619966075, 65.06922424083625, 73.96771001360301, 82.5092471224062, 85.91618480751225, 88.57466068249397, 91.62301195462311, 93.24668772893719, 101.97008522090645]

[1.7413891985244012, 6.853992895753332, 7.745385171460779, 17.456483714324452, 25.238302673673715, 30.29376929246208, 37.60573451743151, 39.541487550314116, 45.89366224305013, 55.85709967103455, 60.48930056642676, 64.36320857130706, 71.6092594324057, 80.88549798833323, 83.21824304176279, 83.74648726419868, 93.24796986098579, 103.21510399368829, 105.38300765604018, 111.63273318755077]

[0.6671332991397261, 3.4973570773910523, 9.91511884919181, 16.59703733030893, 22.3349863575866, 24.46756086560844, 25.59566060083836, 35.530256740539016, 38.853144241557956, 41.57623354099685, 44.28128411898336, 51.29835521735283, 60.66870593687017, 69.84036983814205, 77.33773875003311, 85.79035381642213, 86.56595665250926, 91.46779741790485, 92.43904911757829, 94.75873500751084]

[5.5155325110156594, 10.364854122781972, 19.503076489697172, 28.418917249918643, 37.81747846138735, 47.00679181755045, 51.4075795460589, 52.63101080562901, 61.11085427882762, 61.20208809905511, 69.66735233128418, 78.30684538655346, 82.53397541552144, 84.5352215033944, 87.44595527010534, 88.23453493518234, 93.82655023833291, 99.72808239010823, 106.01224457203986, 110.71975060260321]

[7.370321712013249, 10.573281146547663, 14.518110726897563, 18.61647759812069, 19.029160965898075, 25.92435667528484, 27.096303090832418, 32.11294454440214, 34.38462370331897, 36.581373677521334, 38.28791733168283, 41.240733181470716, 51.11414652980201, 60.55604787670154, 67.50276444284405, 76.76730705842289, 78.11827189147239, 79.50399940576828, 82.73753302196297, 92.35518666373613]

[0.4258419408436631, 7.964082579044652, 17.573936218299124, 19.241538076144284, 28.28690284937705, 32.18066020443178, 39.20797701752433, 45.4298467998463, 46.291404017332745, 46.38725872168043, 52.1009558263029, 57.651388744313515, 58.08048479084303, 59.183358019183956, 67.86944409035887, 74.3962036697588, 76.42260421375708, 83.88636554274387, 88.21062509650595, 97.3336147327156]

[1.257263403817006, 10.798734851115945, 11.37304955977143, 19.561145837494237, 25.61718172730037, 33.368754824841254, 38.65110241896332, 39.18118407334452, 39.72086753450818, 43.80236955489028, 47.5565639050308, 48.146978165230685, 50.0774990078877, 59.96470918160348, 68.78738675743061, 72.96370514366686, 75.96182368506344, 76.02878544068932, 76.49186485327992, 83.69219991240709]

[3.7653535111598178, 11.856346895868306, 19.75213129086548, 28.873248040310425, 36.21646605455283, 45.286071339033576, 50.87976036494166, 59.4295406926398, 67.1835608788858, 73.12008934730517, 73.53588842415265, 82.61317688224712, 83.74294073210854, 87.57133388071269, 88.60895523210733, 89.56987947573217, 93.91553794362352, 103.40395292748985, 104.27587448851625, 110.44050564030688]

100.8981413707141
70.87872933146006
98.19790464432332
103.71869666045494
100.67130492614498
117.36779869002751
104.61305879000378
72.51120492702188
91.75526515712038
87.447574736012
78.22967381333072
115.32590528050702
101.97008522090645
111.63273318755077
94.75873500751084
110.71975060260321
92.35518666373613
97.3336147327156
83.69219991240709
110.44050564030688
