0.39263683486666673
0.3188507414
0.24816432686666665
0.17578444600000004
0.11695181053333333
0.1404028530666667
0.1401191646666667
0.11450456866666664
0.09700841786666664
0.12131770526666666
0.14447762906666667
0.13792870586666667
0.11367703146666666
0.08202130173333332
0.050134267999999996
0.023571243266666667
0.03691904073333333
0.0527297672
0.0722462562
0.09145590773333333
0.10953016446666666
0.1123209338
0.11274868313333333
0.10473359293333334
0.0891176506
0.06679578006666669
0.06185045700000001
0.07184817806666667
0.08670492573333331
0.10994291546666665
0.12989138039999998
0.13440432766666666
0.12717764393333333
0.11177290379999999
0.09222768906666666
0.07435325906666665
0.06563134366666666
0.07923859733333334
0.0953863942
0.10267421733333332
0.10883434126666666
0.11377751933333333
0.10738200246666668
0.10460163753333335
0.08899696159999998
0.07456248033333332
0.0632804174
0.06194627606666667
0.0685015988
0.07748229373333335
0.08638451506666667
0.10837583906666669
0.11812782433333334
0.10506179793333334
0.10088344313333336
0.09299174913333336
0.08574965893333335
0.09666678180000002
0.08793237960000003
0.07916861020000002
0.07631790106666668
0.07652888506666668
0.06882485646666668
0.04824744979999998
0.04301222679999998
0.03201436346666665
0.00875225993333334
-0.017261881466666667
0.004403077733333334
0.0310833978
0.053323747
0.07252136079999999
0.0855747948
0.12140991126666666
0.1612887256
0.18619626093333333
0.18663554799999998
0.19066342866666666
0.20439310453333331
0.20256232873333335
0.19768844426666668
0.19468169393333332
0.19117794313333333
0.16777122166666664
0.1523873463333333
0.15079066646666667
0.13899823386666663
0.12499680273333331
0.09902773246666667
0.07738195346666665
0.08135253840000001
0.11941226426666667
0.13155091033333333
0.13057171680000002
0.13251781173333335
0.13930548833333337
0.14204166680000002
0.14077686793333338
0.14497621360000004
0.1396629528666667
0.13555239473333333
0.14925785593333332
0.1814980624666666
0.21865810106666667
0.24956119699999998
0.2310800772
0.19445071753333334
0.18355232433333332
0.1910759716
0.19068294653333334
0.19176831200000002
0.18821535860000002
0.21847000353333332
0.24180411633333337
0.25900530033333335
0.28110514366666667
0.27342784459999997
0.237859654
0.19017613406666667
0.14309556426666667
0.13360948653333335
0.13389163826666667
0.13147152746666665
0.1379022202666667
0.1498034286
0.17151193133333337
0.1860819860666667
0.1694251644666667
0.15648892253333332
0.15058088946666667
0.12155629433333334
0.11163306073333334
0.10429183439999999
0.10605448653333334
0.10723922073333333
0.11088691120000001
0.1399269580666667
0.17362615560000003
0.18833851806666668
0.19302352893333333
0.17957915166666666
0.1731200958
0.16802249373333333
0.1554481984
0.13972349933333333
0.13555368246666666
0.12690755713333332
0.12263371106666666
0.12255905466666667
0.1223881506
0.1238225212
0.10496287433333333
0.11963317866666666
0.12227845593333332
0.11495295506666667
0.10866393453333334
0.10661624153333334
0.10886616553333335
0.12490840466666668
0.14209309320000002
0.15010231233333335
0.16264820046666667
0.16803658226666668
0.1680900434
0.16554661686666666
0.1571713518
0.14443718166666666
0.0961032412
0.06939832473333334
0.05956965700000002
0.06263285273333334
0.06931003233333334
0.09123308993333333
0.10704433013333332
0.12612928213333333
0.14136467266666666
0.1601868822
0.17641869679999997
0.1725727913333333
0.18244417646666664
0.19166435593333328
0.20179818126666663
0.2078811622666666
0.20579259733333327
0.2236387709333333
0.2503504503999999
0.2741119891999999
