0.7377952759999999
0.6246295782
0.5545589008
0.47072497059999996
0.3083986994
0.40127333099999996
0.4171082836
0.4112880958000001
0.4317259366
0.563908114
0.6221808048
0.5381261082
0.47450140339999997
0.4060699218
0.330357708
0.2615328894
0.3331398448
0.35900830240000003
0.381729747
0.4312394418
0.5101133936
0.48138001399999997
0.46223059740000005
0.42923787339999997
0.37235774000000005
0.2798568626
0.2931106932
0.3341759704
0.3830029132
0.4343940914
0.5181708464
0.543220225
0.5107924724000001
0.4612726672000001
0.42385177900000004
0.3915466058
0.3693078184
0.3931419462
0.4219103916
0.4524280032
0.4520280894
0.4804374612
0.4692390928
0.46031293659999994
0.41971026580000004
0.4053838102
0.3816998608
0.4031625616
0.4313456222
0.45832401140000006
0.4811533170000001
0.4989446762
0.43744659820000004
0.4211725938
0.3646873562
0.31916549639999997
0.3047589486
0.34972574440000004
0.357425911
0.4153129824
0.4508210944
0.4903662416
0.529616337
0.48031973499999997
0.4807143206
0.4677152146
0.4113922604
0.34958617319999996
0.37795917619999997
0.35121019760000005
0.34674712780000005
0.36418577040000005
0.3617780614
0.2840449186
0.2997341962
0.3036157712
0.293833062
0.284197554
0.3936033088
0.45276008819999997
0.4945614986000001
0.5235054187999999
0.5868530240000001
0.6139128016
0.6056479166
0.5800913792
0.5215814676
0.4810885652
0.3999176506
0.3495930164
0.313058545
0.33075041180000003
0.304838656
0.3189334928
0.3350117408
0.372480499
0.37040948679999997
0.3911375356
0.40604215039999997
0.41167010899999995
0.4402730398
0.5169804281999999
0.5475654278000001
0.5258512924000001
0.502266012
0.4620512948
0.378678122
0.299671601
0.3156665724
0.3145173168
0.3479446756
0.3935866102
0.5071287364000001
0.5973735106
0.6849955288
0.6601211553999999
0.6366118008
0.5576945708000001
0.46553709860000003
0.37752916059999997
0.37469429899999995
0.3475562676
0.40588503239999996
0.4646007436
0.5142828096000001
0.5682321904000001
0.6100660672
0.5822858696
0.503944183
0.44131990740000004
0.36943440120000004
0.3638908722
0.3385048774
0.3858049712
0.4283526805999999
0.4932565546
0.4956311282
0.5244295111999999
0.5031081952
0.5011929632
0.41175739460000005
0.37806526999999995
0.3626389334
0.3611190798
0.3422346272
0.383849099
0.47111636739999996
0.5115711841999999
0.535653956
0.5393267256000001
0.5335082862
0.46380639879999996
0.430155368
0.4021021948
0.3735623082
0.3535871458
0.3337551762
0.3071599252
0.3170755954
0.3224736252
0.3550713538
0.3722272682
0.46854240980000006
0.4992384568
0.5342563642
0.5308810852000001
0.5389269503999999
0.46526169780000004
0.4576342654
0.4260977612
0.39980131080000003
0.40095914399999993
0.3877173082
0.3599561684
0.34671273599999997
0.3476020168
0.348381267
0.3583944106
0.34912057059999996
0.3772773946
0.3726273326
0.349578779
0.38468880959999996
0.4459941164
0.49334154799999996
0.562828636
0.6335291582
0.6238372275999999
0.5437705023999999
0.5025678556
0.4632315588
0.43440403940000005
0.40253612419999996
0.40413129259999997
0.4288902404
0.4498439218
0.4832364104
