0.6488424291
0.6171242226
0.5924354264
0.5718021562
0.5653558277
0.6403832919000001
0.5957619666000001
0.5753302774999999
0.5663144668
0.6027585541
0.5878620481999999
0.5848536629
0.5747424762000001
0.5613936075
0.5549934814
0.5657658061999999
0.5857937237999999
0.5846021636
0.5765692118000001
0.577954399
0.5698556446
0.5586604916000001
0.5671944681
0.5731483765
0.5696745675
0.5682768588
0.5936303372999999
0.5952211921
0.5893720241
0.5956514959
0.6291559915
0.6314425170999999
0.6283381561
0.6176004865
0.6146858732000001
0.5918636934000001
0.6023290560000001
0.6076572189
0.6214454759000001
0.6104123018000001
0.6046352846000002
0.6123373673000001
0.6117115241000001
0.6202694844000001
0.6185313978
0.6336631633
0.6312253044999999
0.6074647146
0.6192844003
0.5924589845
0.5715829396000001
0.5721851581000001
0.5723436989999999
0.5719200735
0.5700094392999999
0.5601431459999999
0.5674443736
0.6121151147999999
0.5787414098999999
0.6279566673
0.6477074078999999
0.6335153692
0.6062423459
0.5988188667
0.5867622133
0.5819826746
0.5682297747
0.5479673332000001
0.5271868295
0.5144396159
0.514573937
0.5273628449
0.5313983637999999
0.5313905159000001
0.5651044675
0.5857692986
0.5914874827000001
0.6097482372
0.6760316493
0.6893958566
0.6784999544
0.6530983223
0.6757896819999999
0.6570494901999999
0.6338261376
0.6033334331
0.5874700432
0.5569814868
0.5338458862
0.5306655191999999
0.5348783318
0.5372426958
0.5211150634999999
0.5392929265999999
0.5466903346
0.5719829734999999
0.5925427257999999
0.6155963926999999
0.6063595906
0.6050307764
0.6185490879
0.6230812426
0.5931313672999999
0.5960782655
0.5807288768000001
0.5869292910999999
0.5759965674
0.5790384962
0.6213928079
0.6441036433
0.6413841915999999
0.661736668
0.6840765979
0.6704174112000001
0.6756744294000001
0.6659715884
0.6423190469
0.6395039361
0.6303257376
0.6171188221999999
0.6295436621
0.6247444588
0.6495529684
0.639193765
0.6265813973000001
0.6079526136
0.6387755580000001
0.6186001965
0.6052527563
0.5992955159
0.6055392836
0.6032671563
0.6028135188999999
0.6120098559
0.6317343442000001
0.6068530849000001
0.5806302466000001
0.5939418514000001
0.5863323050000001
0.5808979367
0.5585582651000001
0.5841631740000001
0.5828575762
0.5943684208
0.5858220839999999
0.6076580637000001
0.6138845661000001
0.6109092517000001
0.6109119854
0.5938712865
0.5767523315
0.5418417009000001
0.5208801032
0.5285863832000001
0.5194664439000001
0.543074774
0.5321085018
0.5528956410999999
0.5586076479
0.5837170886999999
0.6091094631
0.6201934818
0.6340384548
0.6402007496
0.6297202418000001
0.6002753627
0.6150376152000001
0.5847265109
0.5791494603
0.5535662521
0.540730647
0.5422308497
0.5394063564
0.5173770531
0.5480900341
0.5484511149
0.5287088462999999
0.5422671176
0.5583418084
0.5802958409000001
0.6032403841
0.6221954854
0.6341004776
0.6201991094999999
0.6144673534999999
0.6397433910999999
0.6733730848999999
0.6594658038000001
0.6216957631
0.6317140619
0.6102587517999999
0.6068156277
