0.6021867072999999
0.5868794590333334
0.5781241235666668
0.5687813800666668
0.5633412922000001
0.5914753189666668
0.5917286759
0.5850512110666667
0.5774185675666667
0.592121483
0.5956245614333332
0.5916522238666666
0.5900917001333335
0.5840474901666667
0.5797846407
0.5753021194666667
0.5939177057000001
0.5958268582
0.5957955706000001
0.5946727322333334
0.6012156402333334
0.6008134586666667
0.6024147161
0.6036727824666667
0.6009639461666667
0.5979345718333333
0.6090615659333334
0.6034477085333335
0.6100339667666665
0.5995075940666666
0.6017914052333333
0.6053216808333333
0.6041311264
0.6032633481333334
0.6010755701000001
0.5952233342333334
0.6003329113666668
0.6090790161000001
0.6064904287
0.6102759845333333
0.6079752106999999
0.6060126315333334
0.5967658563333333
0.5970028082000002
0.5917676834666667
0.5919296613000001
0.5889664842666668
0.5891823875333336
0.5750708799000002
0.5782850892333334
0.5779547615000001
0.5776877907333334
0.5699948029000002
0.5673764853666667
0.5739587067000003
0.5759650397333332
0.5757205436666666
0.5899435617333333
0.5939866295666667
0.6105973799333333
0.6135937664333332
0.6046588454666665
0.6044767972333334
0.5957529576
0.5952309394666667
0.5903618020999999
0.5823957668666666
0.5715656857333333
0.579021455
0.5781669972333334
0.5759840744000001
0.5725679543333333
0.5761010364333334
0.5759109775666666
0.5818736465666665
0.5870285683999998
0.5905000839
0.5941087055666667
0.6054123753666667
0.6083640507333334
0.6106424580333335
0.6044740869000002
0.5966787042666665
0.5974735607666666
0.5870817829999999
0.5874152325666667
0.5853364454666667
0.5838721252333333
0.5871994282333333
0.5932666462999999
0.5982705371
0.6073535354666666
0.5994410095666666
0.6019295344333333
0.6010312136
0.6082946176666666
0.6036194467000001
0.6113796083333334
0.6193593787000001
0.6220844139666667
0.6298256472000001
0.6365207898
0.6422536445333333
0.6352298139
0.6276615678333334
0.6202844976999999
0.6190303907666667
0.6123808762666666
0.6189904339333333
0.6201726604666666
0.6254890457666666
0.6299160943666667
0.6454810284
0.6405403440333333
0.6446633903
0.6269257622999999
0.6205749504999999
0.6173486613333332
0.6073035996333332
0.5991040916
0.5978804036
0.6040582630333333
0.6117413544999999
0.6151906805666666
0.6147126085
0.6074879207333335
0.6110967902333333
0.6078170998666667
0.6008323488999998
0.5913549130333333
0.5802832933999998
0.5764240103999999
0.5688503994333333
0.5783215532999999
0.5790076240333334
0.5858619742000002
0.5755411048333333
0.5859155814
0.5852839794333333
0.5861621039666667
0.5814733532333334
0.5820661189
0.5792587114000001
0.5877185178666667
0.5783362565666665
0.5836694001333332
0.5870102276999999
0.5828438012333331
0.5828896978666667
0.5770515424333332
0.5755308138666667
0.5680886774666667
0.5647749714666667
0.5620547286333333
0.5657589065999998
0.5639337505333334
0.5586183210999999
0.5599630898666667
0.5653663055333332
0.5725263939
0.5843601647333333
0.5948732722999999
0.6025150962666667
0.5925923040666666
0.5974258764666668
0.5961566229
0.6057065154666667
0.5954864774333335
0.5863956772666669
0.5885253849666668
0.5847432609666666
0.5904139876
