0.6072763634666667
0.5711570088666666
0.5013499374666667
0.4566640896666666
0.4140091248666666
0.4259876457999999
0.4546333805999999
0.4596861944666666
0.5036385406666667
0.5284174646666666
0.5399783354666667
0.5432241824
0.5179621643333335
0.4839940523333334
0.4634343571333334
0.46155381786666666
0.4705699442666667
0.5101722062666667
0.5272790808000001
0.5413559716666667
0.5433146536666666
0.548923017
0.5344703394666667
0.5126713982666666
0.48482250679999994
0.4638036342
0.4580854352666667
0.4725468972
0.5045973685333334
0.5325262478666667
0.5432692132
0.5398235260666666
0.5416480380666666
0.5216911497333333
0.498917499
0.4892418232666666
0.4746132986666666
0.5033393301333333
0.5238708950666667
0.5379212852
0.5473609199333335
0.5416072350000001
0.5483287843333334
0.5439099054000001
0.5154086358666666
0.4787256935333334
0.47091772626666667
0.4657592001333333
0.47832510419999996
0.5039388825333334
0.5279667378
0.5484110281333334
0.5391620975333334
0.5266176101333333
0.5193425166
0.5013482282666667
0.4882331643999999
0.4896846699333333
0.48532804026666665
0.48280621700000004
0.4940462205999999
0.4940163268666666
0.4902110182666667
0.5004558752666667
0.4886966711333333
0.45425506660000003
0.43284995786666675
0.40609397020000004
0.41836375413333343
0.43426775260000006
0.46287759033333337
0.491683205
0.49989933093333333
0.5160384996
0.5401107902666666
0.5625781998666668
0.5519921838666667
0.5439064502000001
0.5317306444666666
0.5135538866666666
0.5141912742666666
0.5135387408666666
0.5195825014
0.5078282441999998
0.5029766358666665
0.5041470942666666
0.4893262092
0.4691719822
0.4440817954
0.43753723719999993
0.4412631350666666
0.4757619562
0.49411881679999997
0.48325221346666664
0.49607943919999997
0.4982166437333333
0.49683036893333327
0.5035917019999999
0.4963895073333333
0.4903180994
0.4884372183333333
0.5075169596
0.5352568598
0.5678137303333333
0.5852896002
0.5669140846666668
0.5436253574666666
0.5182738297333332
0.5228167668666666
0.526901105
0.530980283
0.5488311875999999
0.5683321762666667
0.5924298866666665
0.6170609145333332
0.6285899184666667
0.6126798849333334
0.5879345158666667
0.560008238
0.5209816707999999
0.5040887046666666
0.5043766639999999
0.5141470529333332
0.5257323086666665
0.5450013181333333
0.5652677720666666
0.5707008245333332
0.5512061683333332
0.5362361473333334
0.51236918
0.49947238573333336
0.5036270787333333
0.5002529586666667
0.49532915686666673
0.49854951960000005
0.5249193275999999
0.5459972920666666
0.5692974567999999
0.5743068446
0.551449342
0.5546916676666668
0.5397481771333335
0.5395800489333333
0.533533927
0.522629423
0.5052732798
0.49415471426666663
0.4956739665333334
0.4813740222000001
0.48665822486666677
0.4659650820000001
0.4608340351333334
0.46901105166666673
0.4827304202666667
0.49386459120000004
0.4745843786
0.47459002926666666
0.4849279057333334
0.4983921105333334
0.5115592212666666
0.51171963
0.5241611467333334
0.523633807
0.5454328414666666
0.5511608219999999
0.5583699342666666
0.5393382304
0.5121934126666666
0.4806934807333334
0.46992088860000003
0.4640160086666667
0.4598731167333333
0.46409988946666664
0.4689499476666666
0.49052809393333324
0.5127572971333333
0.5157665684
0.532229517
0.5506991622
0.5282544088666667
0.5313178982666666
0.531036031
0.5131377046
0.5295464876666666
0.5503961046
0.5838118427333333
0.6061586822666667
