0.8710865501999999
0.6884154266
0.590568985
0.3975652344
0.2747763654
0.3003534846
0.3981288542
0.42356574480000003
0.5541881084000001
0.626406639
0.6503890556
0.6269267457999999
0.48991508260000005
0.4182389262
0.3408443702
0.32722039719999996
0.3388445418
0.46557775599999995
0.5384885874
0.6180013848
0.6423255536
0.6639012596
0.5983936543999999
0.4952546433999999
0.43145731639999996
0.4151155028000001
0.40896403140000004
0.4665452084
0.5480940115999999
0.5746092138
0.5725029046
0.57390376
0.5384721555999998
0.4946655398
0.4484009902
0.4037924952
0.3913885144
0.4126233276
0.47103255419999995
0.5745685396000001
0.6535122398000001
0.6541783038
0.673848631
0.5993753552000001
0.4737829672
0.4104207348
0.37827307779999997
0.42354603179999994
0.5012047758
0.5654123488
0.5781497851999999
0.5923703234
0.5475916902000001
0.5311495852
0.5070305916
0.4476065606
0.4421097776
0.4261398784
0.4026209516
0.4393737072
0.5581438675999999
0.6107529834
0.643754724
0.6460822935999999
0.6116232509999999
0.49829425660000004
0.4118367322
0.39915940740000005
0.40728087560000004
0.39742169280000006
0.42570053760000004
0.459459265
0.42771892340000006
0.4480044566
0.4570450696
0.4387704056
0.4272538764
0.3914035798
0.3998059302
0.4483364954
0.5241618278
0.5883364736
0.6805754896
0.700305112
0.7149508058
0.7248023661999999
0.6403862016
0.5597402812000001
0.49508089120000004
0.3773743588
0.29360962879999997
0.3118935474
0.31843173339999997
0.3280987294
0.416604743
0.49402928779999994
0.5156988786
0.529343932
0.5090657655999999
0.5186326098
0.5361504886
0.5996934426
0.634580785
0.6125921454000001
0.5530009648
0.4644701548
0.3750987856
0.346850389
0.36751061100000004
0.3993207236
0.4646910116
0.5477586506
0.6243394054
0.7233384345999999
0.8035471121999999
0.7715810876000001
0.7080186362
0.5836316948
0.477601255
0.3778354792
0.35666874979999996
0.39071627600000003
0.49702542860000004
0.5763499704000001
0.6698001522
0.757519918
0.7393047425999999
0.6831464242
0.6260734886000001
0.515309381
0.39807744619999996
0.3831089734
0.36226930599999996
0.37477346699999997
0.44989442120000006
0.540205952
0.5896887576
0.6082027747999998
0.6078614863999999
0.5719037378
0.5601337590000001
0.5380835052
0.5302867952
0.5033525172
0.4738503998
0.4744182718
0.5102196134
0.5694028004
0.6117065302
0.6085938884000001
0.6295229722000001
0.5709414128000001
0.5190505512000001
0.4855427336
0.48544398079999995
0.4118785954
0.40130311659999995
0.39856854799999997
0.3468728028
0.36593680539999995
0.35649367839999996
0.41025757600000007
0.4894140558
0.6157757244
0.6302129874
0.6553808619999999
0.6122093952
0.5668011134000001
0.5325278044000001
0.5385278710000001
0.5232843496000001
0.550016469
0.5146862517999999
0.4879949956
0.4847416076
0.49644459119999995
0.45578882699999995
0.4550928728
0.42155764219999997
0.38649318720000003
0.3723190852
0.3738140542
0.4225205438
0.49729720520000004
0.600349487
0.6695082149999999
0.717696824
0.7190751343999999
0.7332426392
0.5979205524
0.5521263945999999
0.5015972148000001
0.3978174356
0.3580996186
0.4529182744
0.5298009186
0.599182008
