0.8754841923999999
0.7233458212
0.6613601676
0.47706247059999995
0.389907349
0.4476709892
0.5444005266
0.5586306922000001
0.7002973322000001
0.7536129566
0.7482158728
0.7183231188
0.572187125
0.52874867
0.4644289128
0.4776348288
0.5019422264
0.64161596
0.687460065
0.7579965362000001
0.7688733943999999
0.7751118833999999
0.6998749255999999
0.5987326582000001
0.557077034
0.5504493412
0.5580742705999999
0.6342681422
0.7276486868
0.7379540014
0.7305609881999999
0.7137602872000001
0.6620462938
0.6171170354
0.5796231486
0.5245266202
0.5375630962
0.5767188411999999
0.6273079284
0.7105096339999999
0.7957124868000001
0.7820678706
0.8039966658
0.7255932188
0.6049503118
0.5751049116
0.537515788
0.546952864
0.630452589
0.7123185787999999
0.7152989554
0.7439728098
0.7185405298
0.6999417911999999
0.6512699752000001
0.554032223
0.5417695088000001
0.5486156142
0.5357353629999999
0.571143978
0.6897106296000001
0.7427535704
0.7571027778
0.7435022695999999
0.7446145572
0.6511811311999999
0.5441021880000001
0.5252705306000001
0.5471318958
0.5317205894
0.5760478024
0.6437150739999999
0.623262708
0.6296218664000001
0.6123199158
0.5841891315999999
0.5845736504
0.528590406
0.5202797088000001
0.5786781557999999
0.6566410548
0.6963029589999999
0.8025000368
0.8395173180000001
0.8349182488
0.817707792
0.7068647466000001
0.6313703544
0.593402412
0.49504852600000004
0.4409745848
0.5005155257999999
0.5139499580000001
0.5212528265999999
0.6071853968
0.6639587652000001
0.6497938818
0.652974774
0.6028350888
0.6171982718000001
0.6340209908000001
0.7012697581999999
0.7100898784
0.7024422398
0.6617951557999999
0.6044305458
0.5342534788
0.5282000926
0.5517154504
0.5607254038
0.6026273994
0.666648848
0.7287384312
0.8028228930000001
0.8645255856
0.8194887684000001
0.8023146241999999
0.6943642346
0.6101816542
0.5567726494
0.560699117
0.5398960048
0.6411987444
0.703952645
0.752489905
0.8201463028000001
0.8057561035999999
0.7696329559999999
0.7295263876
0.6360824798
0.5373627322
0.5615649408
0.5268538834000001
0.5249990974000001
0.5971017136000001
0.6797849144
0.7059612464
0.7100077598000001
0.7189179284
0.6796479666
0.6424165328
0.6193654742000001
0.6385691308
0.6288604743999999
0.6178963721999999
0.6332283355999999
0.6522544576
0.6860823108
0.708051744
0.6650516874
0.6876749426
0.634008269
0.6015394304
0.584806143
0.6300171478
0.5751770091999999
0.596579775
0.601269618
0.5278588998
0.5463860856
0.5165128302
0.5305339944
0.5734907744
0.6902051344
0.6832660612
0.7387759288
0.7313416798
0.7151745561999999
0.7016086695999999
0.6899777946000001
0.6314867289999999
0.6518908884
0.6014050371999999
0.577675038
0.6098252883999999
0.6501507976
0.6088212034
0.6322880766
0.5982152372
0.5675383951999999
0.5350656095999999
0.509029314
0.5365785476
0.5915940756
0.6582803008
0.7267900197999999
0.8027689957999999
0.8035957214
0.8146234686
0.6980239786
0.6936294077999999
0.6444284864
0.5376102488
0.5295564076000001
0.6190823046
0.6468143936
0.6917934264
