0.67404395908
0.6632927943999999
0.63792715844
0.6101651772400001
0.5972289954
0.61193810216
0.6332189804
0.6352185981599999
0.66328631184
0.6684611202
0.6687572802799999
0.6667590884400001
0.65479090444
0.6449744803999999
0.6330239341999999
0.6243363474799999
0.6317842975999999
0.6576958924399999
0.6660438326400001
0.6828517323600001
0.68790212324
0.6864920631599999
0.6889982555199999
0.6729161821199999
0.65130757396
0.6496080184799999
0.64022660332
0.6588526393200002
0.6801012048000001
0.6835433261200001
0.6830892552400001
0.6774797179199998
0.6754759088799999
0.67387639532
0.6655669721999999
0.6464075544000001
0.64235604228
0.65364372368
0.65864203428
0.66462790368
0.6804267091599999
0.6837079346
0.6889849316
0.6802812387200001
0.67051745248
0.6507431358800001
0.6355375448400001
0.6323691072800002
0.6448090532
0.6571664216800002
0.65234569848
0.6591556418800002
0.650984181
0.64714267228
0.6372402752
0.62516256736
0.6263586544799999
0.6111722070799999
0.6091515572799999
0.6217783822399998
0.6466274989599998
0.6577554100799997
0.6625959078799998
0.6711650033199998
0.6749555940799999
0.6713848724799999
0.6489077488399998
0.63626020972
0.64060673824
0.6242755480000001
0.6295797748799999
0.6420992412
0.63628442964
0.6377602682399999
0.6417083877599999
0.64763759772
0.6412149272000001
0.63994430052
0.6296364113999998
0.6413581047599999
0.65757818792
0.6645862474399999
0.6760095286
0.6659660219600001
0.6579031767599999
0.6471080371199999
0.6332265588399999
0.621479135
0.6089842139199999
0.60361005848
0.6049575507200001
0.62657817152
0.6422642968400001
0.6513018756
0.6775511542
0.6790576450399999
0.68549942324
0.6769780546799999
0.6673430670400002
0.6662924501199999
0.6583186616800001
0.6635393012
0.67482339252
0.68826269736
0.69290778996
0.6949950737199999
0.68316847116
0.6869532867199999
0.6942370667199999
0.6877558874399999
0.6811310653199999
0.6886382814799998
0.6858806985599999
0.68747413212
0.6946149394399999
0.69667681144
0.69621402004
0.6815570183199999
0.6710272114
0.6580748110800001
0.6613093884
0.6586910154800001
0.6697237566000002
0.67464348372
0.6696775164800001
0.6757446207600001
0.6819018014
0.6785865465999998
0.67488147152
0.6515223674399999
0.6487434582399999
0.6470866667599999
0.6443926062399999
0.6451606751600001
0.6517186770400001
0.65846160624
0.6565559911600001
0.66282314548
0.6485874930000002
0.64289919796
0.62567767968
0.6207679634
0.6342216588399999
0.6415779431599999
0.6421284711199999
0.64601216232
0.6452195023199999
0.6519945816799999
0.6584665748799999
0.6579118136800001
0.64440948812
0.6441132563200002
0.6335643394400001
0.63096654668
0.64737355044
0.6379063841599999
0.6408870277600001
0.6422345442799999
0.63703893496
0.6365751801199999
0.6301219796799999
0.62067024312
0.6259270819599999
0.6458511016399998
0.6550318918799999
0.66983353764
0.6751384985600001
0.6726439878799999
0.6717916101600001
0.65999694292
0.66228569144
0.65773144924
0.6356281011600001
0.63569894816
0.64402912684
0.66410128444
0.66420919264
