0.6987190084
0.6710119896
0.6071305477333333
0.5803700068666667
0.5485894948666666
0.5717350647333334
0.6025256214
0.6044770429999999
0.6527888056666667
0.6719240274666667
0.6769150200666666
0.6766532350666667
0.649407646
0.6168016362666667
0.6060055434666667
0.6130750937333332
0.6267191567333333
0.6744684189333333
0.6865747954
0.6992838443333332
0.6974547155999999
0.6952081026
0.6777441127333332
0.6608413715999999
0.6387205062
0.6158729890666665
0.6184978282666668
0.6400784377333334
0.6735010992
0.6912940564666666
0.6983417665333335
0.6913140926666668
0.6941098052666667
0.6688385894666666
0.6433347837333333
0.6449995837333334
0.6324324265333333
0.6561772041333335
0.6753461769333333
0.69020453
0.7109966066666666
0.7028781906
0.7041017796666666
0.6996290665333333
0.6704759107333333
0.6282971008666667
0.6216480678
0.618819893
0.6370511252
0.6609210557333334
0.6672374735333334
0.6909667137333334
0.6902989248666667
0.6738011557333332
0.6695842670666666
0.6444315676
0.6214104708666668
0.6222651359333333
0.6203930192666667
0.6293338662
0.6548964905333333
0.6604317592
0.651744633
0.6561805735999999
0.6445584825333331
0.6188897036666666
0.6072960570666666
0.5744139054666666
0.5810795974666667
0.5892441270000001
0.621437706
0.6586778431999999
0.669197894
0.6809777087333332
0.6905696763999999
0.6989694302
0.6738868920000001
0.6657589727333334
0.6629079323333332
0.6479763883999999
0.6517935801333334
0.6476447820666668
0.6641188402
0.6680742042
0.6625505420666665
0.6565799884666667
0.6328642877333333
0.6139919540666666
0.5869662537333332
0.588562667
0.5958785627333334
0.6334268880666667
0.6406627702666667
0.6233450703333333
0.6452901749333333
0.6506514763999999
0.6438900392666667
0.6445224029333333
0.6330176182
0.6270724609333332
0.6278360185333334
0.6494922992000001
0.6696256332666668
0.6990170393333333
0.7082981374666667
0.6875926753333333
0.6825000750666668
0.6657330503333334
0.6703692793333332
0.6765326643333333
0.6752643627333332
0.6833855249999999
0.7028990499333332
0.7190970594666666
0.7373922194666667
0.7459411010666667
0.7277440541333334
0.7151444200666666
0.6949037221999999
0.6622980636666665
0.6541071768666665
0.6491214696666667
0.6593601427333334
0.6665693933333333
0.6742766098
0.6917662681333334
0.7039501639333334
0.6808483429333333
0.6702912294000002
0.6502431726666666
0.6314498664666666
0.6417043156
0.6370171668
0.6377133076666667
0.6464020460666667
0.6662869551333334
0.6721580582000001
0.6907421300000001
0.6981092918000001
0.6655712661333334
0.6660521790666667
0.6458651320000001
0.6532037332666667
0.6517928284666666
0.6517045069333333
0.6493608732666666
0.6455630958
0.6478591241999999
0.6231427421333333
0.6296460789333335
0.6083213663333333
0.6020604339333333
0.6069068633333334
0.6147853487999999
0.6345866788
0.6268977065999999
0.6385923748666668
0.6496871258666667
0.6598898072000001
0.6567239404666668
0.6428667582666668
0.6514201668
0.6419774532666666
0.6687410479333332
0.6730285202666665
0.6864333531999999
0.6793969059333331
0.6665585423333333
0.6442278148000001
0.6424490219333333
0.6228772355333334
0.6046476638
0.6044132913333334
0.6021169534
0.6248462092666667
0.6506947822000001
0.653769171
0.6720396107333334
0.6828271212666669
0.6556256662666667
0.6675298854
0.6666664106666667
0.6386763873333332
0.6576564958666665
0.6691471849999999
0.6994989328666665
0.7239850826666666
