0.4192590218
0.35344126773333334
0.2921430576
0.3045231527999999
0.3046563051333333
0.2724119723333333
0.225598998
0.15952799406666665
0.09532267313333337
0.034892033
0.00894588333333333
0.024319069600000003
0.036944468333333334
0.044584640333333335
0.05682284006666668
0.06394232626666667
0.06982640926666667
0.0633724276
0.05191522306666667
0.030389936466666666
0.019784359266666662
0.014001540866666665
0.022841198466666664
0.026690033666666665
0.03144193833333333
0.033050723
0.0345613134
0.03548020959999999
0.028090352266666667
0.020702726466666665
0.011109033999999999
0.006090756199999999
0.009670093133333335
0.013401525800000001
0.0198839898
0.022908215466666666
0.024451412466666666
0.027597978999999998
0.02839496833333333
0.027717200066666666
0.026688182066666667
0.0242545684
0.0229658492
0.027368716
0.0310885186
0.036054707666666665
0.03914577533333333
0.0411494784
0.04092125319999999
0.037957240333333336
0.03215759500000001
0.02955577726666667
0.028119725666666668
0.027024307533333337
0.0259629092
0.027991381933333333
0.03185983106666666
0.033462049466666664
0.0355824356
0.03376152746666667
0.030929343333333335
0.025823790266666667
0.0233479108
0.02819967486666667
0.03284878853333333
0.0358396098
0.037443391400000005
0.03994666573333334
0.0402243026
0.03982381406666667
0.037982638
0.0350066268
0.029793062400000004
0.027192493800000002
0.024738833933333332
0.0232419602
0.0259618398
0.026252845133333334
0.021130636133333335
0.019697417266666666
0.022526721666666673
0.023966919733333335
0.020622864666666667
0.020060352533333336
0.021609051599999998
0.023841218
0.02413137166666667
0.024880632933333334
0.023897408800000002
0.02515561626666667
0.02507046093333333
0.023895182933333328
0.024331782733333328
0.024243547533333333
0.022625513799999997
0.02147103473333333
0.02219032933333333
0.022335856866666667
0.025004255533333332
0.024788890866666666
0.021900877599999997
0.021328823999999993
0.0225320416
0.0218841306
0.02052776233333333
0.021050068533333334
0.022744076133333332
0.021099380999999997
0.02371340146666667
0.022383802533333337
0.021536398733333337
0.01829549213333333
0.016760562799999996
0.013318058200000002
0.012351933133333333
0.011733598066666667
0.01073203353333333
0.010198699466666666
0.011196927599999996
0.01452070433333333
0.016876627866666664
0.016753053666666667
0.019310694933333334
0.017985479066666664
0.015252650933333332
0.013880329533333334
0.0138611452
0.013890205466666665
0.01597811813333333
0.016081453599999997
0.0170348998
0.019114404266666666
0.0212417334
0.020708320866666664
0.018720182999999998
0.016984520999999995
0.014609474666666665
0.011218912399999998
0.010285652066666666
0.012062186466666663
0.012572829666666665
0.012164645199999997
0.013418523799999998
0.013060250999999998
0.015582612733333332
0.017161816466666664
0.017327198266666666
0.014582776
0.014749671466666668
0.014892530000000003
0.015404936333333334
0.014860609866666668
0.016317569866666666
0.015131616866666668
0.015611398333333333
