0.34845839954999996
0.30388697475
0.24822825574999996
0.24804974454999992
0.23167393525
0.1989597031
0.1590536077
0.11762339559999999
0.07591540625000003
0.038609568500000004
0.026001300149999997
0.041948726000000006
0.048139309350000006
0.0482941162
0.04978733225
0.04885240265
0.0493071796
0.046251861400000004
0.03967490520000001
0.026763160150000003
0.019438766099999998
0.01577534425
0.024587557249999996
0.025491165599999997
0.0279675886
0.027623663149999998
0.02827749095
0.027683527949999998
0.0249067803
0.022083194549999997
0.01807681955
0.015275931999999997
0.019421024949999997
0.02203471415
0.02475860785
0.024616633199999998
0.0234651149
0.0246810453
0.026000177349999997
0.0277025238
0.029876651650000002
0.031715837399999995
0.03193547954999999
0.034529955999999994
0.035024079949999995
0.0338632403
0.0328746978
0.033258249350000005
0.03225180045
0.0293177974
0.02842900805000001
0.029021428849999996
0.02907909815
0.031390777800000005
0.03223576935
0.0330575226
0.0328927538
0.03222202575000001
0.03515317515000001
0.036344282400000004
0.033701916900000004
0.03159790985000001
0.03235613985000001
0.031729087499999996
0.030717727700000003
0.032797790300000004
0.03310956600000001
0.030334100699999998
0.0315169175
0.0313177129
0.0294954563
0.028469260350000004
0.0268151225
0.02431432555
0.025796199750000005
0.027399950649999998
0.030205256950000002
0.03031235525
0.02562459575
0.022287925
0.023798996450000005
0.023125551200000004
0.0190345761
0.01927174715
0.02031656455
0.0198113235
0.020135677449999997
0.02271916275
0.02210261585
0.02421120965
0.02607175655
0.027376624099999997
0.027374614050000003
0.028529810300000003
0.026106530199999995
0.023329613399999997
0.021146979399999998
0.0204664588
0.0206395807
0.019505597599999997
0.0177179614
0.019095205799999994
0.0198832238
0.02196461035
0.02213234935
0.0234212099
0.023176856
0.021696199099999997
0.0203356933
0.0184013447
0.0160265359
0.012553257549999997
0.011363590749999996
0.010284084749999998
0.011804457699999998
0.013949774099999998
0.015663378049999996
0.0174672138
0.019040621699999996
0.018176015799999994
0.018043905649999997
0.0165146578
0.01628931745
0.0145342308
0.013674583
0.0126504117
0.013167441649999997
0.014724468699999998
0.015826781749999998
0.016580645099999996
0.0178879663
0.0185714589
0.018232373500000003
0.01835716505
0.0163321274
0.014816056999999997
0.013073351449999998
0.011870189099999998
0.010840309749999999
0.013922054349999996
0.015111526899999997
0.01576698145
0.015243896600000001
0.01490544675
0.015688952400000004
0.016665493700000002
0.015381113100000005
0.014539250850000001
0.014174637050000003
0.014000538900000003
