0.6776980666
0.6572177295999999
0.6432079734
0.8244679787999999
0.891701969
0.8202241914
0.6444776468000001
0.5099537006
0.38869136840000007
0.2580390076
0.2538997744
0.3256345116
0.3483976646
0.35827024020000003
0.4220573538
0.4108444560000001
0.4055407798000001
0.3508113444
0.3310908214
0.2855934624
0.2659285692
0.254120214
0.2982453008
0.30757232260000006
0.31833006100000005
0.344633632
0.3581278244
0.32318562400000006
0.2951103424
0.2659940452
0.25243134339999995
0.23190453059999996
0.252293562
0.2582131782
0.258790247
0.24961529380000003
0.25749970739999994
0.2629477986
0.24541884339999998
0.2405092152
0.21612231239999996
0.21328958939999998
0.21048082099999998
0.23107319299999998
0.2396476412
0.2506650024
0.236602934
0.2385575574
0.22119988899999998
0.20682026979999998
0.20816152680000002
0.2116660022
0.2057464172
0.21957980279999995
0.23105844319999996
0.23117168640000002
0.24300985099999997
0.2517342072
0.25331177
0.2517056444
0.23305418060000002
0.1959812938
0.185032389
0.1711154702
0.1659631996
0.1852443754
0.19989852199999997
0.1982915518
0.2109550436
0.20847797220000003
0.196507414
0.18769218699999998
0.171954493
0.1766932184
0.1887502718
0.1847732064
0.18634423579999998
0.2073982036
0.1930452278
0.1723612058
0.1682125734
0.16288785139999998
0.14104238519999998
0.13844842920000003
0.1435696024
0.144512796
0.15921697880000002
0.1646780482
0.1635431942
0.1632951082
0.17237850240000002
0.1729667352
0.1710062248
0.1626969
0.1431729588
0.1366424722
0.125120212
0.11904963959999999
0.1243265828
0.1345707042
0.1299306696
0.1357614646
0.13720583719999999
0.13744961979999998
0.148969785
0.1567559602
0.1572633606
0.1565962776
0.1541613054
0.1401166124
0.1278397352
0.12123730960000001
0.12280027640000002
0.12455652180000001
0.1198091842
0.117125441
0.12473441459999998
0.12693308
0.13107100119999998
0.1402534204
0.1452029156
0.1326386032
0.11956207379999999
0.10258162740000001
0.0973199622
0.0862572404
0.0892215506
0.09650397359999999
0.1018138404
0.10852411199999998
0.11817982939999998
0.1213615874
0.1277948626
0.1261194184
0.10533476319999999
0.1000490736
0.09459247740000001
0.082788969
0.0879088294
0.1004214672
0.1010253588
0.0983491788
0.111747843
0.1127685708
0.1180508826
0.12172232620000001
0.11406985079999998
0.09825587579999999
0.083297303
0.06925591519999999
0.06799560639999999
0.0683233172
0.07781624359999999
0.0809193854
0.0966920744
0.1009431132
0.11299356219999998
0.096668506
0.0965408386
0.0910522296
0.0924173914
0.0826338006
0.09130421200000001
0.08733779280000001
0.0872252308
