0.4622047815999999
0.4408531176999999
0.4123002679666667
0.41753384563333334
0.40695264983333335
0.3913269943999999
0.36996758453333334
0.3471478660666667
0.32315804553333327
0.30146736283333336
0.2962255114666667
0.3054712613000001
0.30598021573333334
0.2992792913666667
0.2985457307666667
0.28992926779999995
0.2867471076
0.28299407513333324
0.2780797835
0.268144112
0.2632326922
0.2585907999666667
0.2642851106333333
0.25976462809999995
0.25501524656666663
0.2536048518
0.251515098
0.24886863003333332
0.2450992081333333
0.24046997693333327
0.2346945275333333
0.23232876909999997
0.23696006056666663
0.23813277939999997
0.2380885768
0.2314650004
0.22634156296666666
0.22574986506666667
0.22361649473333334
0.22261740223333334
0.22073651400000005
0.21674136540000005
0.21497382393333336
0.21787252810000005
0.21727886173333338
0.2174673642666667
0.2124751316666667
0.20855276926666672
0.208809199
0.20879596683333335
0.20648539826666668
0.20409868196666667
0.20335954363333333
0.20411675546666663
0.2030527895
0.19982723936666666
0.19596899016666663
0.1925755383
0.19059485986666666
0.18847131603333336
0.1853840909666667
0.18200351146666666
0.17806617846666667
0.17563343056666667
0.1737362266666667
0.17527147793333334
0.17816775170000002
0.17572848443333333
0.17423033553333334
0.1699378532
0.16717116073333338
0.16570470003333337
0.1625214990666667
0.1597922587333334
0.1576199752
0.15607503666666667
0.15704957963333335
0.15673005643333335
0.15325165896666668
0.15098989406666666
0.15140549563333336
0.15220276709999997
0.14826306876666667
0.14677100523333336
0.14561579516666667
0.14467668926666663
0.1452610101333333
0.14522271729999997
0.1444556873333333
0.1416557254666667
0.1401121301
0.1395139161
0.1389318892666667
0.13904365516666667
0.13781544416666663
0.1355828656333333
0.13279256076666662
0.13035786409999997
0.12902444306666663
0.13017327806666662
0.12718532699999996
0.12680945053333334
0.1266002531
0.12527231933333333
0.12583217936666666
0.12522685363333333
0.12440947100000001
0.12503175733333335
0.12338395243333336
0.11855967573333336
0.1157757058666667
0.11396432380000003
0.11273053923333336
0.11234187310000003
0.11194381820000002
0.11130664313333336
0.11014963533333334
0.110888467
0.11037721460000001
0.11165076793333334
0.11207279066666667
0.10837220803333333
0.10610893296666665
0.10241493156666667
0.09981785039999999
0.0992049058
0.0976529937
0.09915129460000001
0.0988045579
0.09971320243333333
0.10165255126666667
0.10161499563333334
0.09917871666666667
0.09792572426666667
0.09680122203333331
0.09735881159999998
0.0951603645
0.09309694156666666
0.09146212000000001
0.09378296663333334
