0.748961129
0.6508476882
0.5765808370000001
0.6065796736
0.5748704883000001
0.5370619829
0.48505607919999993
0.42917568260000005
0.37348080429999997
0.3400481807
0.3323721152
0.3655876457
0.3496045045
0.34468053080000005
0.3538254081
0.3383865126
0.3298304969
0.3245283226
0.319331572
0.3019617617
0.3052811006
0.30612401920000004
0.31071546240000003
0.3013413325
0.29216205310000004
0.29853248770000007
0.29501617750000003
0.287739593
0.2766617603
0.26239214609999995
0.2510233186
0.24470211899999997
0.25762068029999996
0.2518160108
0.24964973109999997
0.2328688031
0.23539464839999996
0.23671430979999997
0.23824601819999996
0.2400784282
0.2333936574
0.22494626170000004
0.22451918919999997
0.22613654100000002
0.22323395549999997
0.2294132646
0.22413446809999998
0.22215198730000002
0.2203898459
0.21893935650000002
0.2196666066
0.22733792660000002
0.22874031219999996
0.23644578639999994
0.24138204379999992
0.2321129335
0.21949557239999998
0.2183832981
0.2122136201
0.20883442200000002
0.20914927800000002
0.19793990790000002
0.19166197040000002
0.1910352569
0.18722058590000001
0.1908758947
0.19379535450000002
0.18512302239999998
0.193824131
0.198614122
0.1906403102
0.18701821140000002
0.1896763483
0.1848692231
0.18055573880000003
0.17649288989999998
0.1746160436
0.1742202944
0.1657468285
0.1579654041
0.1563626847
0.16105241509999998
0.1528602167
0.1509958117
0.1534323553
0.15844564919999998
0.166091857
0.1678421365
0.1631200471
0.1532340335
0.1545104873
0.1490434736
0.14502793220000001
0.1435117414
0.1388718315
0.1332865709
0.1304408383
0.1281277384
0.1308881013
0.14177024459999998
0.1433433149
0.1465124126
0.1469010574
0.14580546260000002
0.14454319870000001
0.1422978477
0.13925033509999998
0.13969827699999998
0.13935891360000002
0.12996289830000002
0.12248258810000004
0.1229858621
0.12486667820000001
0.12781376149999998
0.13003130229999998
0.1311641783
0.12868650890000002
0.12324757690000002
0.11682631430000001
0.11878669130000001
0.11573007800000001
0.11093007689999998
0.10803302369999998
0.1021977339
0.1029220371
0.10221853490000002
0.105291569
0.11214941809999998
0.11396662939999999
0.10692943759999998
0.10911445149999999
0.1079770324
0.1052919158
0.10701412389999998
0.10287811519999998
0.1005372162
0.0964708281
0.097268406
0.10033870009999998
0.1092361749
0.1113738425
0.1062095148
0.1050018594
0.09803293689999999
0.09365339889999999
0.09485896629999999
0.09119658399999998
0.08803605969999999
0.08210834419999999
0.0829739948
0.0844693598
0.09065843970000001
0.0872423748
0.088730112
0.093872152
0.0966802523
0.09781368139999999
0.09398635899999999
0.0919393157
0.08913873019999999
