0.5406666220999999
0.5082176669499999
0.46309267074999994
0.4756301021999999
0.4643479482
0.43772424774999985
0.40744328804999996
0.3768520026
0.34640618814999996
0.3210049712
0.3188266079
0.33585583245
0.33015998344999997
0.32301093165
0.32299373060000003
0.31845950015
0.3124233372
0.3061339577999999
0.29799666615
0.28217695389999997
0.27815220960000003
0.2754130691
0.28416807135
0.27657867165
0.2709058921
0.26570064540000005
0.26520541295
0.2622269514
0.25745388924999996
0.25123528715
0.242208488
0.23482419034999996
0.24106993474999996
0.23897627589999995
0.23644184329999995
0.23114103385
0.22976455825
0.22943314855
0.22931793204999998
0.22950889235
0.22653013200000002
0.22614209415000003
0.22662975070000005
0.23129116370000005
0.23230799965000007
0.23076309905000003
0.22181502025
0.22026764270000002
0.21630173299999997
0.21388688925000002
0.2144079423
0.21263891725
0.21020114129999995
0.21374052165
0.21430131484999998
0.21149441410000006
0.20664546344999998
0.20175316025
0.20301887554999998
0.203724272
0.19989479410000002
0.19247905965
0.19066915935
0.18795224
0.18388816235000002
0.1836843923
0.18420569905
0.17967165840000002
0.17978547975
0.17828976305
0.17350149745000004
0.17403531325000005
0.1712682825
0.16793251740000004
0.16699404705000004
0.16746926955000002
0.1703539503
0.17103121545000005
0.16443343780000003
0.1555997188
0.15543658600000004
0.15504794435
0.14894407445
0.14725377655
0.1461520934
0.14586611005
0.14826634764999996
0.14798493744999996
0.14700407419999997
0.14750213904999998
0.1489269011
0.1477779431
0.1459644948
0.144658602
0.14170751509999996
0.13779220929999997
0.1348455867
0.13391300769999998
0.13512350744999999
0.13586657144999997
0.1329129515
0.13474913735
0.1358838678
0.13680961204999997
0.13728725049999999
0.13673101299999998
0.13396842199999998
0.13147292694999999
0.12809261395
0.1243747948
0.11910633305000003
0.11695796950000001
0.11644985095000002
0.11500574770000002
0.11647666970000001
0.11669135660000003
0.11698903895000001
0.11769849750000001
0.11539647185000004
0.11285806445000002
0.11242226475000003
0.10945355464999999
0.10666246974999997
0.1046059289
0.10290007614999999
0.10137787555
0.10088119854999997
0.10470891204999999
0.10715266475
0.10808280625
0.110244147
0.10709327360000001
0.10514688759999999
0.1025235304
0.09826575704999999
0.09769809125
0.09383370605
0.09265223284999999
0.09122352214999999
0.09610508485
0.09792160115000001
0.09843397725
0.0961221171
0.09338152445
0.09376277545000002
0.09576960930000002
0.0945051327
0.09101120935
0.08702382994999999
0.08605636250000001
