0.6384005219000002
0.6114729775000001
0.5714572760500001
0.59301058145
0.58371509975
0.56086402965
0.53650499555
0.5123681394
0.4877946540000001
0.46793252920000006
0.469976707
0.4850191593
0.4693765989
0.4599727952500001
0.46101192785000017
0.4557888291000001
0.4461107042500001
0.4385824058500001
0.43077540769999995
0.41360253245
0.4119888555999999
0.40943470260000003
0.41739245734999997
0.40265048485
0.39491729789999996
0.3882089073
0.38636751025
0.3820094945
0.376690653
0.36959630735
0.3589151236
0.34915750354999997
0.35767393225
0.35197869434999995
0.3462266908999999
0.33746189414999994
0.33631313755
0.33416568539999997
0.33185575915
0.33073383354999997
0.3258112582
0.32577708805
0.32678762
0.3327848919
0.33266190119999994
0.3297775872
0.3162920604
0.31411500315
0.30820929565
0.3051126913
0.30625867265
0.30326882755000006
0.29950097775000006
0.30335481385
0.30345554295
0.29952186740000003
0.2928461077000001
0.2852298228
0.28683068945
0.28657823810000005
0.28227902740000005
0.27094061645
0.26800615535
0.26441795310000005
0.25850071985000006
0.25766964625
0.2592664069
0.25351715280000003
0.25329652695
0.25111985569999995
0.24490061224999998
0.24677081034999998
0.24255907210000002
0.23933985540000005
0.23818126165
0.23681686695
0.2387161709
0.2398663627
0.23125146484999998
0.22086430619999997
0.21885389775
0.21982024315000004
0.21321562375000003
0.2103634283
0.20869020739999997
0.2085101496
0.21115553945000004
0.20922776310000005
0.20785493355000004
0.20740901875000003
0.20801655510000003
0.20529857645000002
0.20222095060000003
0.19904685355
0.1956881662
0.1921132134
0.18800731169999998
0.18726468575
0.18957025379999998
0.19081197425
0.1878016491
0.1885016649
0.18892163125
0.1889389555
0.1888212507
0.18719621605000003
0.18324821625000004
0.17994595335000002
0.17491932365
0.17074904200000002
0.16479441420000002
0.1624486362
0.16330875535
0.1618110693
0.1616990313
0.15936741329999998
0.15910041484999995
0.15923744039999999
0.15529742784999995
0.15177891704999996
0.15129645674999997
0.1480827394
0.14445385335
0.141534808
0.1389540579
0.13656591764999998
0.13525117039999998
0.1392894137
0.14316546589999998
0.1439760196
0.14527387185
0.14090924035000002
0.13817565755
0.1346847292
0.13008215255
0.1304396889
0.12593653375
0.1244174141
0.12176493925000001
0.12738251665
0.1289796119
0.1293385278
0.12665092615
0.12328343644999999
0.123752632
0.12662420055
0.1258536933
0.12155821670000003
0.11490883205000002
0.11330245729999999
