0.7293428198
0.715760302
0.7055998929999999
0.8811789865999999
0.9190395574
0.8433360194
0.6974263932
0.6201396954
0.5339237428
0.42634883720000005
0.45797159019999995
0.5370643023999999
0.5347922138
0.5323573899999999
0.6040729391999999
0.5649914323999999
0.540152379
0.4719800966
0.4774783762
0.4383268372
0.4315079794000001
0.4285353152
0.48410377879999994
0.4713622802
0.4686562212
0.492559725
0.4998587440000001
0.44503631939999994
0.4193388854
0.3966953336
0.39493129
0.37442099739999996
0.41220729
0.41565380420000003
0.4099267438
0.38972812780000005
0.3947231422
0.387343968
0.3593247802
0.3602702934
0.3326454604
0.3331082044
0.3383268946
0.368032469
0.3674598274
0.3733161648
0.34799217039999997
0.3463380752
0.314961133
0.2966444936
0.3031822134
0.3179129172
0.3120891432
0.3312832112
0.3457958806
0.34084368360000006
0.3528856792
0.3595419902
0.3648679234
0.3674407664
0.3473457036
0.2904365028
0.2830310088
0.2645165438
0.2520354324
0.276641762
0.2946722352
0.28678517179999996
0.2963231154
0.2907237292
0.2742166178
0.2746488782
0.25180884940000003
0.2612633054
0.2735787488
0.26901919
0.2589241578
0.28442588300000005
0.27084747620000005
0.2521603878
0.24452881180000002
0.24201554379999995
0.22285661400000004
0.21720658459999997
0.22159037480000002
0.22413768539999998
0.2450339404
0.243442172
0.2407770032
0.23868853359999997
0.2422177026
0.2404171784
0.2399951706
0.22702521200000003
0.20149323300000002
0.19301734760000003
0.18305620439999998
0.1788055468
0.1876070496
0.2044667194
0.2059127448
0.2075168202
0.20695520799999997
0.20797987460000003
0.21582647639999997
0.2209187216
0.2183040862
0.2106321726
0.20055296839999998
0.187403345
0.176331031
0.16939932740000002
0.1797717584
0.1911797094
0.1853468996
0.17736777200000003
0.1852561674
0.183294755
0.180064146
0.190510343
0.198563738
0.1841361394
0.1677061592
0.1476187652
0.13988816220000003
0.12747154759999998
0.1314018876
0.1446998784
0.14966557340000003
0.1505682578
0.150919207
0.1520499558
0.1562446248
0.15725241559999997
0.138350639
0.1411257582
0.1385651222
0.1236063846
0.1252642558
0.13939043599999998
0.13812789379999998
0.1298645228
0.1438664412
0.1530821766
0.1592417448
0.1607360944
0.1535353218
0.1391819386
0.11387708
0.094395064
0.093522017
0.09481825699999999
0.10425321239999999
0.106734035
0.1298763018
0.1362909138
0.151406966
0.1312490684
0.13163308479999997
0.1242918582
0.12895596199999998
0.1172812604
0.1244277506
0.1190787166
0.11646855660000002
