1.0
0.999991374
0.88986027
0.76115647
0.76115647
0.76115647
0.76115647
0.76115647
0.76115647
0.76115647
0.76115647
0.76115647
0.691849625
0.676470147
0.676470147
0.676470147
0.676470147
0.676470147
0.676470147
0.676470147
0.676470147
0.645894176
0.645894176
0.645894176
0.645894176
0.645894176
0.645894176
0.645894176
0.643129612
0.643129612
0.617769987
0.617769987
0.617769987
0.617769987
0.617769987
0.614135914
0.614135914
0.583168854
0.501083401
0.501083401
0.501083401
0.501083401
0.501083401
0.501083401
0.501083401
0.501083401
0.501083401
0.501083401
0.501083401
0.501083401
0.501083401
0.501083401
0.501083401
0.501083401
0.501083401
0.501083401
0.501083401
0.501083401
0.501083401
0.501083401
0.501083401
0.501083401
0.495320841
0.47864055
0.47864055
0.47864055
0.47864055
0.47864055
0.47864055
0.47864055
0.47864055
0.47864055
0.475959108
0.475959108
0.475959108
0.475959108
0.475959108
0.475959108
0.475959108
0.475959108
0.475959108
0.475959108
0.475959108
0.475959108
0.475959108
0.475959108
0.453761073
0.453761073
0.453761073
0.453761073
0.453761073
0.453761073
0.453761073
0.453761073
0.453761073
0.453761073
0.453761073
0.453761073
0.453761073
0.451333383
0.451333383
0.451333383
0.451333383
0.451333383
0.451333383
0.451333383
0.451333383
0.451333383
0.451333383
0.451333383
0.451333383
0.451333383
0.451333383
0.451333383
0.451333383
0.451333383
0.451333383
0.451333383
0.451333383
0.451333383
0.451333383
0.451333383
0.451333383
0.451333383
0.451333383
0.451333383
0.451333383
0.451333383
0.451333383
0.451333383
0.451333383
0.451333383
0.451333383
0.451333383
0.451333383
0.451333383
0.451333383
0.451333383
0.451333383
0.451333383
0.451333383
0.451333383
0.451333383
0.451333383
0.451333383
0.451333383
0.451333383
0.451333383
0.451333383
0.451333383
0.451333383
0.451333383
0.451333383
0.451333383
0.428689045
0.428689045
0.428689045
0.428689045
0.428689045
0.428689045
0.428689045
0.428689045
0.428689045
0.428689045
0.428689045
0.428689045
0.428689045
0.428689045
0.428689045
0.428689045
0.428689045
0.428689045
0.428689045
0.428689045
0.428689045
0.428689045
0.428689045
0.428689045
0.428689045
0.428689045
0.409554821
0.409554821
0.409554821
0.409554821
0.409554821
0.409554821
0.409554821
0.409554821
0.409554821
0.409554821
0.409554821
0.409554821
0.409554821
0.391321502
0.391321502
0.391321502
0.391321502
0.391321502
0.391321502
0.391321502
0.347209165
