1.0
0.999700777
0.454652337
0.26877092
0.26877092
0.26877092
0.26877092
0.26877092
0.26877092
0.26877092
0.219354894
0.20218235
0.20218235
0.20218235
0.20218235
0.20218235
0.20218235
0.20218235
0.20218235
0.20218235
0.183942254
0.183942254
0.183942254
0.183942254
0.183942254
0.183942254
0.183942254
0.183942254
0.183942254
0.183942254
0.183942254
0.183942254
0.183942254
0.183942254
0.183942254
0.183942254
0.183942254
0.183942254
0.183942254
0.183942254
0.183942254
0.183942254
0.183942254
0.183942254
0.183942254
0.183942254
0.183942254
0.183942254
0.183942254
0.183942254
0.183942254
0.183942254
0.183942254
0.183942254
0.183942254
0.183942254
0.183942254
0.183942254
0.183942254
0.183942254
0.183942254
0.183942254
0.183942254
0.183942254
0.183942254
0.183942254
0.183942254
0.183942254
0.183942254
0.183942254
0.183942254
0.183942254
0.183942254
0.183942254
0.183942254
0.183942254
0.183942254
0.183942254
0.183942254
0.183942254
0.183942254
0.183942254
0.183942254
0.183942254
0.183942254
0.183942254
0.183942254
0.183942254
0.183942254
0.183942254
0.183942254
0.183942254
0.183942254
0.183942254
0.183942254
0.183942254
0.183942254
0.183942254
0.183942254
0.183942254
0.183942254
0.183942254
0.183942254
0.183942254
0.183942254
0.183942254
0.183942254
0.183942254
0.183942254
0.183942254
0.183942254
0.183942254
0.183942254
0.183942254
0.183942254
0.183942254
0.183942254
0.183942254
0.183942254
0.183942254
0.183942254
0.183942254
0.183942254
0.183942254
0.183942254
0.183942254
0.183942254
0.183942254
0.183942254
0.183942254
0.183942254
0.183942254
0.183942254
0.183942254
0.183942254
0.183942254
0.183942254
0.183942254
0.183942254
0.183942254
0.183942254
0.183942254
0.183942254
0.183942254
0.183942254
0.183942254
0.183942254
0.183942254
0.183942254
0.183942254
0.183942254
0.183942254
0.183942254
0.183942254
0.183942254
0.183942254
0.183942254
0.183942254
0.183942254
0.183942254
0.183942254
0.183942254
0.183942254
0.183942254
0.183942254
0.183942254
0.183942254
0.183942254
0.183942254
0.183942254
0.183942254
0.174109959
0.174109959
0.174109959
0.174109959
0.174109959
0.174109959
0.174109959
0.174109959
0.174109959
0.174109959
0.174109959
0.174109959
0.174109959
0.174109959
0.174109959
0.174109959
0.174109959
0.174109959
0.157212046
0.157212046
0.157212046
0.156216572
0.156216572
0.156216572
0.156216572
0.156216572
0.153934974
0.153934974
0.153934974
0.153934974
