1.0
0.999992352
0.898064399
0.824309058
0.824309058
0.824309058
0.824309058
0.824309058
0.824309058
0.824309058
0.824309058
0.824309058
0.758267297
0.744408777
0.744408777
0.744408777
0.744408777
0.744408777
0.744408777
0.744408777
0.744408777
0.708566699
0.708566699
0.708566699
0.708566699
0.708566699
0.708566699
0.708566699
0.708566699
0.708566699
0.695402694
0.695402694
0.695402694
0.695402694
0.695402694
0.695402694
0.695402694
0.644747993
0.584946132
0.584946132
0.584946132
0.584946132
0.584946132
0.584946132
0.584946132
0.584946132
0.584946132
0.584946132
0.584946132
0.584946132
0.584946132
0.584946132
0.584946132
0.584946132
0.584946132
0.584946132
0.584946132
0.584946132
0.584946132
0.584946132
0.584946132
0.584946132
0.584946132
0.563151341
0.563151341
0.563151341
0.563151341
0.563151341
0.563151341
0.563151341
0.563151341
0.563151341
0.556557736
0.556557736
0.556557736
0.556557736
0.556557736
0.556557736
0.556557736
0.556557736
0.556557736
0.556557736
0.556557736
0.556557736
0.556557736
0.556557736
0.552346885
0.552346885
0.552346885
0.552346885
0.552346885
0.552346885
0.552346885
0.552346885
0.535631602
0.535631602
0.535631602
0.535631602
0.535631602
0.535631602
0.535631602
0.535631602
0.535631602
0.535631602
0.535631602
0.535631602
0.535631602
0.535631602
0.535631602
0.535631602
0.535631602
0.535631602
0.535631602
0.535631602
0.535631602
0.535631602
0.535631602
0.535631602
0.535631602
0.535631602
0.535631602
0.535631602
0.535631602
0.535631602
0.535631602
0.535631602
0.535631602
0.535631602
0.533984345
0.533984345
0.533984345
0.533984345
0.533984345
0.533984345
0.533984345
0.533984345
0.533984345
0.533984345
0.533984345
0.533984345
0.533984345
0.533984345
0.533984345
0.533984345
0.533984345
0.533984345
0.533984345
0.533984345
0.533984345
0.533984345
0.533984345
0.533984345
0.533984345
0.533984345
0.520805504
0.520805504
0.520805504
0.509059931
0.509059931
0.509059931
0.509059931
0.509059931
0.509059931
0.509059931
0.509059931
0.509059931
0.509059931
0.509059931
0.509059931
0.509059931
0.509059931
0.509059931
0.509059931
0.509059931
0.509059931
0.509059931
0.509059931
0.509059931
0.509059931
0.509059931
0.489984966
0.489984966
0.489984966
0.489984966
0.489984966
0.489984966
0.489984966
0.489984966
0.489984966
0.489984966
0.489984966
0.489984966
0.489984966
0.462977364
0.462977364
0.462977364
0.462977364
0.462977364
0.462977364
0.462977364
0.412829344
