1.0
0.771047803
0.771047803
0.771047803
0.771047803
0.771047803
0.771047803
0.771047803
0.695065586
0.688679878
0.688679878
0.688679878
0.688679878
0.688679878
0.688679878
0.688679878
0.688679878
0.688679878
0.685964077
0.676222739
0.676222739
0.660932097
0.660932097
0.660932097
0.660932097
0.660932097
0.635727345
0.635727345
0.635727345
0.635727345
0.635727345
0.635727345
0.635727345
0.635727345
0.635727345
0.635727345
0.635727345
0.635727345
0.635727345
0.635727345
0.635727345
0.635727345
0.635727345
0.635727345
0.635727345
0.635727345
0.635727345
0.635727345
0.635727345
0.635727345
0.635727345
0.635727345
0.635727345
0.635727345
0.635727345
0.635727345
0.635727345
0.635727345
0.635727345
0.635727345
0.635727345
0.635727345
0.635727345
0.635727345
0.635727345
0.635727345
0.635727345
0.619591839
0.619591839
0.619591839
0.619591839
0.619591839
0.596959605
0.596959605
0.596959605
0.596959605
0.596959605
0.596959605
0.596959605
0.596959605
0.596959605
0.596959605
0.596959605
0.596959605
0.586985072
0.586985072
0.586985072
0.586985072
0.586985072
0.586985072
0.586985072
0.586985072
0.561826366
0.561826366
0.544752189
0.544752189
0.544752189
0.544752189
0.544752189
0.544752189
0.544752189
0.544752189
0.544752189
0.544752189
0.544752189
0.544752189
0.533549578
0.533549578
0.533549578
0.533549578
0.533549578
0.533549578
0.533549578
0.533549578
0.533549578
0.533549578
0.533549578
0.533549578
0.533549578
0.533549578
0.533549578
0.533549578
0.533549578
0.533549578
0.533549578
0.533549578
0.533549578
0.533549578
0.533549578
0.533549578
0.533549578
0.533549578
0.533549578
0.533549578
0.533549578
0.533549578
0.533549578
0.533549578
0.533549578
0.533549578
0.533549578
0.533549578
0.533549578
0.533549578
0.533549578
0.533549578
0.533549578
0.533549578
0.533549578
0.533549578
0.533549578
0.533549578
0.533549578
0.533549578
0.533549578
0.533549578
0.533549578
0.533549578
0.533549578
0.533549578
0.533549578
0.533549578
0.533549578
0.533549578
0.533549578
0.533549578
0.533549578
0.533549578
0.533549578
0.533549578
0.533549578
0.533549578
0.533549578
0.533549578
0.533549578
0.533549578
0.533549578
0.533549578
0.533549578
0.533549578
0.533549578
0.533549578
0.533549578
0.533549578
0.533549578
0.533549578
0.533549578
0.533549578
0.533549578
0.533549578
0.533549578
0.533549578
0.533549578
0.533549578
0.533549578
0.533549578
0.533549578
0.533549578
0.533549578
0.533549578
0.533549578
