1.0
0.631762419
0.631762419
0.631762419
0.517315751
0.35917559
0.349328288
0.297921842
0.273626187
0.256286904
0.256286904
0.238388611
0.238388611
0.238388611
0.218928136
0.218928136
0.189559361
0.188084434
0.188084434
0.188084434
0.188084434
0.188084434
0.188084434
0.188084434
0.188084434
0.188084434
0.188084434
0.188084434
0.188084434
0.188084434
0.188084434
0.188084434
0.188084434
0.188084434
0.188084434
0.188084434
0.188084434
0.188084434
0.188084434
0.188084434
0.188084434
0.188084434
0.188084434
0.188084434
0.188084434
0.188084434
0.188084434
0.188084434
0.188084434
0.188084434
0.188084434
0.188084434
0.188084434
0.188084434
0.188084434
0.188084434
0.188084434
0.188084434
0.188084434
0.188084434
0.188084434
0.188084434
0.188084434
0.188084434
0.188084434
0.188084434
0.188084434
0.188084434
0.188084434
0.188084434
0.188084434
0.188084434
0.188084434
0.188084434
0.188084434
0.188084434
0.188084434
0.188084434
0.188084434
0.188084434
0.188084434
0.188084434
0.188084434
0.188084434
0.188084434
0.188084434
0.188084434
0.188084434
0.188084434
0.188084434
0.188084434
0.188084434
0.188084434
0.188084434
0.188084434
0.188084434
0.188084434
0.188084434
0.188084434
0.188084434
0.188084434
0.188084434
0.188084434
0.188084434
0.188084434
0.188084434
0.188084434
0.188084434
0.188084434
0.188084434
0.188084434
0.188084434
0.188084434
0.188084434
0.188084434
0.188084434
0.188084434
0.188084434
0.188084434
0.188084434
0.188084434
0.188084434
0.188084434
0.188084434
0.188084434
0.188084434
0.188084434
0.188084434
0.188084434
0.188084434
0.188084434
0.188084434
0.188084434
0.188084434
0.188084434
0.188084434
0.188084434
0.188084434
0.188084434
0.188084434
0.188084434
0.188084434
0.188084434
0.187999347
0.187999347
0.187999347
0.187999347
0.187999347
0.187999347
0.187999347
0.187999347
0.187999347
0.187999347
0.187999347
0.187999347
0.187999347
0.187999347
0.187999347
0.187999347
0.187999347
0.187999347
0.187365342
0.187365342
0.187365342
0.187365342
0.187365342
0.187365342
0.187365342
0.187365342
0.187365342
0.187365342
0.187365342
0.187365342
0.187365342
0.187365342
0.187365342
0.187365342
0.187365342
0.187365342
0.187365342
0.187365342
0.17777162
0.176251104
0.175868259
0.175868259
0.175868259
0.175868259
0.175868259
0.175868259
0.175868259
0.175868259
0.175868259
0.175868259
0.175868259
0.175868259
0.175868259
0.17072431
0.169482807
0.169482807
0.169482807
0.165005577