1.0
0.737008079
0.737008079
0.737008079
0.737008079
0.737008079
0.737008079
0.731307063
0.654726467
0.63287615
0.63287615
0.63287615
0.63287615
0.63287615
0.63287615
0.63287615
0.63287615
0.63287615
0.630718413
0.622794393
0.622794393
0.567970421
0.567970421
0.567970421
0.567970421
0.567970421
0.538169706
0.538169706
0.538169706
0.538169706
0.538169706
0.538169706
0.538169706
0.538169706
0.538169706
0.538169706
0.538169706
0.538169706
0.538169706
0.538169706
0.538169706
0.538169706
0.538169706
0.538169706
0.538169706
0.538169706
0.538169706
0.538169706
0.538169706
0.538169706
0.538169706
0.538169706
0.538169706
0.538169706
0.538169706
0.538169706
0.538169706
0.538169706
0.538169706
0.538169706
0.538169706
0.538169706
0.538169706
0.538169706
0.538169706
0.538169706
0.538169706
0.538169706
0.538169706
0.538169706
0.538169706
0.538169706
0.496075495
0.496075495
0.496075495
0.496075495
0.496075495
0.496075495
0.496075495
0.496075495
0.496075495
0.496075495
0.496075495
0.496075495
0.482546765
0.482546765
0.482546765
0.482546765
0.482546765
0.482546765
0.482546765
0.482546765
0.46741599
0.46741599
0.458239731
0.458239731
0.458239731
0.458239731
0.458239731
0.458239731
0.458239731
0.458239731
0.458239731
0.458239731
0.458239731
0.458239731
0.453762417
0.453762417
0.453762417
0.453762417
0.453762417
0.453762417
0.453762417
0.453762417
0.453762417
0.453762417
0.453762417
0.453762417
0.453762417
0.453762417
0.453762417
0.453762417
0.453762417
0.453762417
0.453762417
0.453762417
0.453762417
0.453762417
0.453762417
0.453762417
0.453762417
0.453762417
0.453762417
0.453762417
0.453762417
0.453762417
0.453762417
0.453762417
0.453762417
0.453762417
0.453762417
0.453762417
0.453762417
0.453762417
0.453762417
0.453762417
0.453762417
0.453762417
0.453762417
0.453762417
0.453762417
0.453762417
0.453762417
0.453762417
0.453762417
0.453762417
0.453762417
0.453762417
0.453762417
0.453762417
0.453762417
0.453762417
0.453762417
0.453762417
0.453762417
0.453762417
0.453762417
0.453762417
0.453762417
0.453762417
0.453762417
0.453762417
0.453762417
0.453762417
0.453762417
0.453762417
0.453762417
0.453762417
0.453762417
0.453762417
0.453762417
0.453762417
0.453762417
0.453762417
0.453762417
0.453762417
0.453762417
0.453762417
0.453762417
0.453762417
0.453762417
0.453762417
0.453762417
0.453762417
0.453762417
0.453762417
0.453762417
0.453762417
0.453762417
0.453762417
0.453762417
