1.0
0.569915311
0.569915311
0.569915311
0.345465104
0.290536642
0.290536642
0.285239387
0.233836438
0.225059151
0.21196249
0.21196249
0.21196249
0.210988235
0.207134984
0.198712758
0.198712758
0.198712758
0.197142582
0.197142582
0.197142582
0.197142582
0.197142582
0.197142582
0.197142582
0.197142582
0.197142582
0.197142582
0.197142582
0.197142582
0.197142582
0.197142582
0.197142582
0.197142582
0.197142582
0.197142582
0.197142582
0.197142582
0.187972692
0.187972692
0.187972692
0.187972692
0.187972692
0.187972692
0.187972692
0.187972692
0.187972692
0.187972692
0.187972692
0.187972692
0.187972692
0.187972692
0.187972692
0.187972692
0.187972692
0.187972692
0.187972692
0.187972692
0.187972692
0.187972692
0.187972692
0.187972692
0.187972692
0.187972692
0.187972692
0.187972692
0.187972692
0.187972692
0.187972692
0.187972692
0.187972692
0.187972692
0.187972692
0.187972692
0.187972692
0.187972692
0.187972692
0.187972692
0.187972692
0.187972692
0.187972692
0.187972692
0.187972692
0.187972692
0.187972692
0.187972692
0.187972692
0.187972692
0.187972692
0.187972692
0.187972692
0.187972692
0.187972692
0.187972692
0.187972692
0.187972692
0.187972692
0.187972692
0.187972692
0.187972692
0.187972692
0.187972692
0.187972692
0.187972692
0.187972692
0.187972692
0.187972692
0.187972692
0.187972692
0.187972692
0.187972692
0.187972692
0.187972692
0.187972692
0.187972692
0.187972692
0.187972692
0.187972692
0.187972692
0.187972692
0.187972692
0.187972692
0.187972692
0.187972692
0.187972692
0.187972692
0.187972692
0.187972692
0.187972692
0.187972692
0.187972692
0.187972692
0.187972692
0.187972692
0.187972692
0.187972692
0.187972692
0.187972692
0.187972692
0.187972692
0.187972692
0.187972692
0.187972692
0.187972692
0.187972692
0.187972692
0.187972692
0.187972692
0.187972692
0.187972692
0.187972692
0.187972692
0.187972692
0.187972692
0.187972692
0.187972692
0.187972692
0.178915811
0.178915811
0.178915811
0.178915811
0.178915811
0.178915811
0.178915811
0.178915811
0.178915811
0.178915811
0.178915811
0.178915811
0.178915811
0.178915811
0.178915811
0.178915811
0.178915811
0.178915811
0.178915811
0.17386832
0.17386832
0.17386832
0.17386832
0.17386832
0.17386832
0.17386832
0.17386832
0.17386832
0.17386832
0.17386832
0.17386832
0.17386832
0.17386832
0.17386832
0.17386832
0.17386832
0.17386832
0.17386832
0.17386832
0.17386832
0.17386832
0.17386832
0.17386832
0.17386832
