1.0
0.675275986
0.675275986
0.675275986
0.603501245
0.527207594
0.527207594
0.527207594
0.493794401
0.488131982
0.488131982
0.488131982
0.488131982
0.465134857
0.465134857
0.465134857
0.465134857
0.465134857
0.465134857
0.448285534
0.448285534
0.448285534
0.448285534
0.379950874
0.379950874
0.379950874
0.379950874
0.379950874
0.379950874
0.379950874
0.379950874
0.379950874
0.379950874
0.379950874
0.379950874
0.379950874
0.379950874
0.379950874
0.379950874
0.379950874
0.379950874
0.379950874
0.376346791
0.376346791
0.376346791
0.376346791
0.376346791
0.376346791
0.376346791
0.376346791
0.369829459
0.369829459
0.369829459
0.369829459
0.369829459
0.369829459
0.369829459
0.357082338
0.357082338
0.357082338
0.357082338
0.357082338
0.354021636
0.354021636
0.354021636
0.354021636
0.354021636
0.354021636
0.354021636
0.354021636
0.354021636
0.354021636
0.354021636
0.354021636
0.354021636
0.354021636
0.354021636
0.354021636
0.354021636
0.354021636
0.354021636
0.354021636
0.354021636
0.354021636
0.354021636
0.354021636
0.354021636
0.354021636
0.354021636
0.354021636
0.354021636
0.354021636
0.354021636
0.354021636
0.354021636
0.354021636
0.354021636
0.354021636
0.354021636
0.354021636
0.354021636
0.354021636
0.354021636
0.354021636
0.354021636
0.354021636
0.354021636
0.354021636
0.354021636
0.354021636
0.354021636
0.354021636
0.354021636
0.354021636
0.354021636
0.354021636
0.354021636
0.354021636
0.354021636
0.354021636
0.354021636
0.354021636
0.354021636
0.354021636
0.354021636
0.354021636
0.354021636
0.354021636
0.354021636
0.354021636
0.354021636
0.354021636
0.354021636
0.354021636
0.354021636
0.354021636
0.354021636
0.354021636
0.354021636
0.354021636
0.354021636
0.354021636
0.354021636
0.354021636
0.354021636
0.354021636
0.354021636
0.354021636
0.354021636
0.354021636
0.354021636
0.354021636
0.354021636
0.354021636
0.354021636
0.354021636
0.347523564
0.347523564
0.347523564
0.347523564
0.347523564
0.347523564
0.347523564
0.347523564
0.347523564
0.347523564
0.347523564
0.347523564
0.347523564
0.347523564
0.347523564
0.347523564
0.347523564
0.347523564
0.347523564
0.347523564
0.347523564
0.347523564
0.347523564
0.347523564
0.347523564
0.347523564
0.347523564
0.347523564
0.347523564
0.347523564
0.347523564
0.347523564
0.347523564
0.347523564
0.347523564
0.347523564
0.347523564
0.347523564
0.347523564
0.347523564
0.347523564
0.347523564
0.347523564
0.343311392
0.343311392
