1.0
0.721019032
0.721019032
0.721019032
0.684208101
0.684208101
0.684208101
0.684208101
0.684208101
0.684208101
0.684208101
0.684208101
0.684208101
0.678862395
0.678862395
0.678862395
0.678862395
0.678862395
0.678862395
0.678862395
0.678862395
0.678862395
0.678862395
0.620864194
0.6184524
0.6184524
0.6184524
0.6184524
0.6184524
0.6184524
0.6184524
0.6184524
0.6184524
0.6184524
0.6184524
0.6184524
0.6184524
0.6184524
0.6184524
0.6184524
0.6184524
0.6184524
0.6184524
0.6184524
0.6184524
0.6184524
0.6184524
0.6184524
0.6184524
0.6184524
0.6184524
0.6184524
0.6184524
0.6184524
0.6184524
0.6184524
0.6184524
0.6184524
0.6184524
0.6184524
0.6184524
0.6184524
0.6022309
0.6022309
0.6022309
0.6022309
0.6022309
0.6022309
0.6022309
0.6022309
0.6022309
0.6022309
0.6022309
0.6022309
0.6022309
0.6022309
0.6022309
0.581895851
0.581895851
0.581895851
0.581895851
0.581895851
0.581895851
0.581895851
0.581895851
0.581895851
0.581895851
0.581895851
0.581895851
0.581895851
0.581895851
0.581895851
0.581895851
0.581895851
0.581895851
0.581895851
0.581895851
0.581895851
0.581895851
0.581895851
0.581895851
0.581895851
0.581895851
0.581895851
0.581895851
0.581895851
0.581895851
0.581895851
0.581895851
0.581895851
0.581895851
0.581895851
0.581895851
0.581895851
0.581895851
0.581895851
0.581895851
0.581895851
0.581895851
0.581895851
0.581895851
0.581895851
0.581895851
0.581895851
0.581895851
0.581895851
0.581895851
0.581895851
0.581895851
0.581895851
0.581895851
0.581895851
0.581895851
0.581895851
0.581895851
0.581895851
0.581895851
0.581895851
0.581895851
0.581895851
0.581895851
0.581895851
0.581895851
0.581895851
0.581895851
0.581895851
0.581895851
0.581895851
0.581895851
0.581895851
0.581895851
0.581895851
0.581895851
0.581895851
0.581895851
0.581895851
0.573492307
0.573492307
0.573492307
0.573492307
0.573492307
0.573492307
0.573492307
0.573492307
0.573492307
0.573492307
0.573492307
0.573492307
0.573492307
0.573492307
0.573492307
0.573492307
0.573492307
0.573492307
0.573492307
0.573492307
0.573492307
0.573492307
0.573492307
0.573492307
0.573492307
0.573492307
0.573492307
0.573492307
0.573492307
0.573492307
0.573492307
0.573492307
0.573492307
0.573492307
0.573492307
0.573492307
0.573492307
0.573492307
0.573492307
0.573492307
0.573492307
0.573492307
0.573492307
0.550417882
0.550417882
