1.0
0.72594398
0.72594398
0.72594398
0.72594398
0.656854532
0.656854532
0.656854532
0.656854532
0.618501976
0.618501976
0.618501976
0.618501976
0.618501976
0.618501976
0.618501976
0.618501976
0.618501976
0.618501976
0.602922746
0.602922746
0.602922746
0.602922746
0.602922746
0.559314341
0.559314341
0.559314341
0.559314341
0.559314341
0.559314341
0.559314341
0.559314341
0.559314341
0.559314341
0.559314341
0.559314341
0.559314341
0.559314341
0.559314341
0.559314341
0.559314341
0.559314341
0.559314341
0.559314341
0.559314341
0.559314341
0.559314341
0.559314341
0.559314341
0.559314341
0.559314341
0.559314341
0.559314341
0.559314341
0.559314341
0.559314341
0.559314341
0.559314341
0.559314341
0.559314341
0.559314341
0.559314341
0.559314341
0.559314341
0.559314341
0.559314341
0.559314341
0.559314341
0.559314341
0.559314341
0.559314341
0.559314341
0.559314341
0.559314341
0.559314341
0.559314341
0.559314341
0.559314341
0.559314341
0.559314341
0.559314341
0.559314341
0.559314341
0.559314341
0.559314341
0.559314341
0.559314341
0.559314341
0.559314341
0.559314341
0.559314341
0.559314341
0.559314341
0.559314341
0.559314341
0.559314341
0.559314341
0.559314341
0.559314341
0.559314341
0.559314341
0.559314341
0.559314341
0.559314341
0.559314341
0.559314341
0.559314341
0.559314341
0.559314341
0.559314341
0.559314341
0.559314341
0.559314341
0.559314341
0.559314341
0.559314341
0.559314341
0.559314341
0.559314341
0.559314341
0.559314341
0.559314341
0.559314341
0.559314341
0.559314341
0.559314341
0.559314341
0.559314341
0.559314341
0.559314341
0.559314341
0.559314341
0.559314341
0.559314341
0.559314341
0.559314341
0.559314341
0.559314341
0.559314341
0.559314341
0.559314341
0.559314341
0.559314341
0.559314341
0.559314341
0.559314341
0.559314341
0.559314341
0.559314341
0.559314341
0.559314341
0.559314341
0.559314341
0.559314341
0.559314341
0.559314341
0.559314341
0.559314341
0.559314341
0.559314341
0.559314341
0.559314341
0.559314341
0.559314341
0.559314341
0.559314341
0.559314341
0.559314341
0.559314341
0.559314341
0.559314341
0.559314341
0.559314341
0.559314341
0.559314341
0.559314341
0.559314341
0.559314341
0.524439352
0.524439352
0.524439352
0.524439352
0.524439352
0.524439352
0.524439352
0.524439352
0.524439352
0.524439352
0.524439352
0.524439352
0.524439352
0.524439352
0.524439352
0.524439352
0.524439352
0.524439352
0.524439352
0.524439352
0.524439352
0.461489218
0.461489218
