1.0
0.745975059
0.745975059
0.745975059
0.745975059
0.697857149
0.697857149
0.697857149
0.697857149
0.674045799
0.674045799
0.674045799
0.674045799
0.674045799
0.674045799
0.674045799
0.674045799
0.674045799
0.674045799
0.664945652
0.664945652
0.664945652
0.664945652
0.664945652
0.628047384
0.628047384
0.628047384
0.628047384
0.628047384
0.628047384
0.628047384
0.628047384
0.628047384
0.628047384
0.628047384
0.628047384
0.628047384
0.628047384
0.628047384
0.628047384
0.628047384
0.628047384
0.628047384
0.628047384
0.628047384
0.628047384
0.628047384
0.628047384
0.628047384
0.628047384
0.628047384
0.628047384
0.628047384
0.628047384
0.628047384
0.628047384
0.628047384
0.628047384
0.628047384
0.628047384
0.628047384
0.628047384
0.628047384
0.628047384
0.628047384
0.628047384
0.628047384
0.628047384
0.628047384
0.628047384
0.628047384
0.628047384
0.628047384
0.628047384
0.628047384
0.628047384
0.628047384
0.628047384
0.628047384
0.628047384
0.628047384
0.628047384
0.628047384
0.628047384
0.628047384
0.628047384
0.628047384
0.628047384
0.628047384
0.628047384
0.628047384
0.628047384
0.628047384
0.628047384
0.628047384
0.628047384
0.628047384
0.628047384
0.628047384
0.628047384
0.628047384
0.628047384
0.628047384
0.628047384
0.628047384
0.628047384
0.628047384
0.628047384
0.628047384
0.628047384
0.628047384
0.628047384
0.628047384
0.628047384
0.628047384
0.628047384
0.628047384
0.628047384
0.628047384
0.628047384
0.628047384
0.628047384
0.628047384
0.628047384
0.628047384
0.628047384
0.628047384
0.628047384
0.628047384
0.628047384
0.628047384
0.628047384
0.628047384
0.628047384
0.628047384
0.628047384
0.628047384
0.628047384
0.628047384
0.628047384
0.628047384
0.628047384
0.628047384
0.628047384
0.628047384
0.628047384
0.628047384
0.628047384
0.628047384
0.628047384
0.628047384
0.628047384
0.628047384
0.628047384
0.628047384
0.628047384
0.628047384
0.628047384
0.628047384
0.628047384
0.628047384
0.628047384
0.628047384
0.628047384
0.628047384
0.628047384
0.628047384
0.628047384
0.628047384
0.628047384
0.628047384
0.628047384
0.628047384
0.628047384
0.628047384
0.628047384
0.628047384
0.628047384
0.584101962
0.584101962
0.584101962
0.584101962
0.584101962
0.584101962
0.584101962
0.584101962
0.584101962
0.584101962
0.584101962
0.584101962
0.584101962
0.584101962
0.584101962
0.584101962
0.584101962
0.584101962
0.584101962
0.584101962
0.584101962
0.509667032
0.509667032
