1.0
0.653237062
0.589325843
0.580311985
0.499135624
0.499135624
0.499135624
0.468074658
0.459555194
0.458469545
0.458469545
0.423453017
0.423453017
0.423453017
0.423453017
0.423453017
0.423453017
0.41965272
0.41965272
0.418170177
0.418170177
0.418170177
0.418170177
0.418170177
0.418170177
0.418170177
0.418170177
0.418170177
0.418170177
0.418170177
0.418170177
0.418170177
0.418170177
0.418170177
0.418170177
0.418170177
0.418170177
0.418170177
0.418170177
0.418170177
0.418170177
0.418170177
0.418170177
0.418170177
0.418170177
0.418170177
0.418170177
0.418170177
0.418170177
0.418170177
0.418170177
0.418170177
0.418170177
0.418170177
0.418170177
0.418170177
0.418170177
0.418170177
0.418170177
0.418170177
0.418170177
0.418170177
0.418170177
0.418170177
0.418170177
0.418170177
0.418170177
0.418170177
0.418170177
0.418170177
0.418170177
0.418170177
0.418170177
0.418170177
0.418170177
0.418170177
0.418170177
0.418170177
0.418170177
0.418170177
0.418170177
0.418170177
0.418170177
0.418170177
0.418170177
0.418170177
0.418170177
0.418170177
0.418170177
0.418170177
0.418170177
0.418170177
0.418170177
0.418170177
0.418170177
0.418170177
0.418170177
0.418170177
0.418170177
0.418170177
0.418170177
0.418170177
0.418170177
0.418170177
0.418170177
0.418170177
0.418170177
0.418170177
0.418170177
0.418170177
0.418170177
0.418170177
0.418170177
0.418170177
0.418170177
0.418170177
0.418170177
0.418170177
0.418170177
0.418170177
0.418170177
0.418170177
0.418170177
0.418170177
0.418170177
0.418170177
0.418170177
0.418170177
0.418170177
0.418170177
0.418170177
0.418170177
0.418170177
0.418170177
0.418170177
0.418170177
0.418170177
0.418170177
0.418170177
0.418170177
0.418170177
0.418170177
0.418170177
0.418170177
0.418170177
0.418170177
0.418170177
0.418170177
0.413428128
0.413428128
0.413428128
0.413428128
0.413428128
0.413428128
0.413428128
0.413428128
0.413428128
0.413428128
0.413428128
0.413428128
0.413428128
0.413428128
0.413428128
0.413428128
0.413428128
0.413428128
0.413428128
0.413428128
0.413428128
0.413428128
0.413428128
0.413428128
0.413428128
0.413428128
0.413428128
0.413428128
0.413428128
0.392080986
0.392080986
0.392080986
0.392080986
0.392080986
0.392080986
0.392080986
0.392080986
0.392080986
0.392080986
0.392080986
0.392080986
0.392080986
0.392080986
0.383014966
0.383014966
0.372506402
0.372506402
0.372506402
0.372506402
0.372506402
0.372506402
0.372506402
0.372506402
