1.0
0.697912431
0.676079276
0.659640357
0.654358185
0.654358185
0.654358185
0.611906734
0.611906734
0.611906734
0.611906734
0.591224569
0.591224569
0.591224569
0.591224569
0.591224569
0.591224569
0.591224569
0.591224569
0.591224569
0.591224569
0.591224569
0.591224569
0.591224569
0.591224569
0.591224569
0.591224569
0.591224569
0.591224569
0.591224569
0.591224569
0.591224569
0.591224569
0.591224569
0.591224569
0.591224569
0.591224569
0.591224569
0.591224569
0.591224569
0.591224569
0.591224569
0.591224569
0.591224569
0.591224569
0.591224569
0.591224569
0.591224569
0.591224569
0.591224569
0.591224569
0.591224569
0.591224569
0.591224569
0.591224569
0.591224569
0.591224569
0.591224569
0.591224569
0.591224569
0.591224569
0.591224569
0.591224569
0.591224569
0.591224569
0.591224569
0.591224569
0.591224569
0.591224569
0.584577988
0.584577988
0.584577988
0.584577988
0.584577988
0.584577988
0.584577988
0.584577988
0.584577988
0.584577988
0.584577988
0.584577988
0.584577988
0.584577988
0.584577988
0.584577988
0.584577988
0.584577988
0.584577988
0.584577988
0.584577988
0.584577988
0.584577988
0.584577988
0.584577988
0.584577988
0.584577988
0.584577988
0.584577988
0.584577988
0.584577988
0.584577988
0.584577988
0.584577988
0.584577988
0.584577988
0.584577988
0.584577988
0.584577988
0.584577988
0.584577988
0.584577988
0.584577988
0.584577988
0.584577988
0.584577988
0.584577988
0.584577988
0.584577988
0.584577988
0.584577988
0.584577988
0.584577988
0.584577988
0.584577988
0.584577988
0.584577988
0.584577988
0.584577988
0.584577988
0.584577988
0.584577988
0.584577988
0.584577988
0.584577988
0.584577988
0.584577988
0.584577988
0.584577988
0.584577988
0.584577988
0.584577988
0.584577988
0.584577988
0.584577988
0.584577988
0.584577988
0.584577988
0.584577988
0.567567206
0.567567206
0.567567206
0.567567206
0.567567206
0.567567206
0.567567206
0.567567206
0.567567206
0.567567206
0.567567206
0.567567206
0.567567206
0.567567206
0.567567206
0.567567206
0.567567206
0.567567206
0.567567206
0.567567206
0.567567206
0.567567206
0.567567206
0.567567206
0.567567206
0.567567206
0.567567206
0.567567206
0.567567206
0.55074634
0.55074634
0.55074634
0.535269236
0.535269236
0.535269236
0.535269236
0.535269236
0.535269236
0.535269236
0.535269236
0.535269236
0.535269236
0.535269236
0.515483027
0.515483027
0.501231632
0.501231632
0.501231632
0.501231632
0.501231632
0.501231632
0.488407537
0.488407537
