1.0
0.926974782
0.711134963
0.711134963
0.682861131
0.682861131
0.682861131
0.682861131
0.682861131
0.672123503
0.672123503
0.672123503
0.672123503
0.672123503
0.672123503
0.672123503
0.672123503
0.672123503
0.672123503
0.672123503
0.672123503
0.672123503
0.672123503
0.661256717
0.661256717
0.661256717
0.661256717
0.661256717
0.661256717
0.661256717
0.661256717
0.661256717
0.661256717
0.661256717
0.661256717
0.661256717
0.661256717
0.661256717
0.661256717
0.661256717
0.661256717
0.661256717
0.661256717
0.661256717
0.661256717
0.661256717
0.661256717
0.661256717
0.661256717
0.661256717
0.661256717
0.661256717
0.661256717
0.661256717
0.661256717
0.661256717
0.661256717
0.661256717
0.661256717
0.661256717
0.661256717
0.661256717
0.661256717
0.661256717
0.661256717
0.661256717
0.661256717
0.661256717
0.661256717
0.661256717
0.661256717
0.661256717
0.661256717
0.661256717
0.661256717
0.661256717
0.661256717
0.661256717
0.661256717
0.661256717
0.661256717
0.661256717
0.661256717
0.661256717
0.661256717
0.661256717
0.661256717
0.661256717
0.661256717
0.661256717
0.661256717
0.661256717
0.661256717
0.661256717
0.661256717
0.661256717
0.661256717
0.661256717
0.661256717
0.661256717
0.661256717
0.661256717
0.661256717
0.661256717
0.661256717
0.661256717
0.661256717
0.661256717
0.661256717
0.661256717
0.661256717
0.661256717
0.661256717
0.661256717
0.661256717
0.661256717
0.661256717
0.661256717
0.661256717
0.661256717
0.661256717
0.661256717
0.661256717
0.661256717
0.661256717
0.661256717
0.661256717
0.661256717
0.661256717
0.661256717
0.626949085
0.626949085
0.626949085
0.626949085
0.626949085
0.626949085
0.626949085
0.626949085
0.626949085
0.626949085
0.626949085
0.626949085
0.626949085
0.626949085
0.626949085
0.626949085
0.626949085
0.626949085
0.618779841
0.613499807
0.613499807
0.613499807
0.613499807
0.613499807
0.613499807
0.594643028
0.594643028
0.594643028
0.594643028
0.594643028
0.594643028
0.594643028
0.594643028
0.594643028
0.594643028
0.594643028
0.594643028
0.594643028
0.594643028
0.594643028
0.594643028
0.594643028
0.594643028
0.594643028
0.594643028
0.594643028
0.594643028
0.594643028
0.594643028
0.594643028
0.594643028
0.594643028
0.594643028
0.577742524
0.577742524
0.577742524
0.577742524
0.577742524
0.577742524
0.577742524
0.577742524
0.577742524
0.577742524
0.570818363
0.570818363
0.570818363
0.570818363
0.570818363
0.570818363
0.570818363
0.404334837
