1.0
0.92235485
0.688566966
0.688566966
0.637839472
0.637839472
0.637839472
0.637839472
0.637839472
0.63108598
0.591683298
0.591583368
0.591583368
0.591583368
0.591583368
0.591583368
0.591583368
0.591583368
0.591583368
0.591583368
0.591583368
0.591583368
0.591583368
0.590232007
0.590232007
0.590232007
0.590232007
0.590232007
0.590232007
0.590232007
0.590232007
0.590232007
0.590232007
0.590232007
0.590232007
0.590232007
0.590232007
0.590232007
0.590232007
0.590232007
0.590232007
0.590232007
0.590232007
0.590232007
0.590232007
0.590232007
0.590232007
0.590232007
0.590232007
0.590232007
0.590232007
0.590232007
0.590232007
0.590232007
0.590232007
0.590232007
0.590232007
0.590232007
0.590232007
0.590232007
0.590232007
0.590232007
0.590232007
0.590232007
0.590232007
0.590232007
0.590232007
0.590232007
0.590232007
0.590232007
0.590232007
0.590232007
0.590232007
0.590232007
0.590232007
0.590232007
0.590232007
0.590232007
0.590232007
0.590232007
0.590232007
0.590232007
0.590232007
0.590232007
0.590232007
0.590232007
0.590232007
0.590232007
0.590232007
0.590232007
0.590232007
0.590232007
0.590232007
0.590232007
0.590232007
0.590232007
0.590232007
0.590232007
0.590232007
0.590232007
0.590232007
0.590232007
0.590232007
0.590232007
0.590232007
0.590232007
0.590232007
0.590232007
0.590232007
0.590232007
0.590232007
0.590232007
0.590232007
0.590232007
0.590232007
0.590232007
0.590232007
0.590232007
0.590232007
0.590232007
0.590232007
0.590232007
0.590232007
0.590232007
0.590232007
0.590232007
0.590232007
0.590232007
0.590232007
0.590232007
0.567773135
0.567773135
0.567773135
0.567773135
0.567773135
0.567773135
0.567773135
0.567773135
0.567773135
0.567773135
0.567773135
0.567773135
0.567773135
0.567773135
0.567773135
0.567773135
0.567773135
0.567773135
0.557425308
0.546258244
0.546258244
0.546258244
0.546258244
0.546258244
0.546258244
0.534172666
0.534172666
0.534172666
0.534172666
0.534172666
0.534172666
0.534172666
0.534172666
0.534172666
0.534172666
0.534172666
0.534172666
0.534172666
0.534172666
0.534172666
0.534172666
0.534172666
0.534172666
0.534172666
0.534172666
0.534172666
0.534172666
0.534172666
0.534172666
0.534172666
0.534172666
0.534172666
0.534172666
0.525979927
0.525979927
0.525979927
0.525979927
0.525979927
0.525979927
0.525979927
0.525979927
0.525979927
0.525979927
0.509165955
0.509165955
0.509165955
0.509165955
0.509165955
0.509165955
0.509165955
0.384701858
