1.0
0.987278709
0.659714058
0.659714058
0.659714058
0.659714058
0.659714058
0.659714058
0.659714058
0.659714058
0.659714058
0.659714058
0.659714058
0.659714058
0.659714058
0.659714058
0.659714058
0.659714058
0.659714058
0.659714058
0.659714058
0.659714058
0.659714058
0.637682118
0.637682118
0.637682118
0.637682118
0.637682118
0.632596017
0.632596017
0.632596017
0.632596017
0.632596017
0.632596017
0.632596017
0.632596017
0.632596017
0.632596017
0.632596017
0.632596017
0.632596017
0.632596017
0.632596017
0.632596017
0.632596017
0.632596017
0.632596017
0.632596017
0.632596017
0.632596017
0.632596017
0.632596017
0.632596017
0.625239044
0.625239044
0.625239044
0.625239044
0.625239044
0.623326807
0.623326807
0.623326807
0.623326807
0.623326807
0.623326807
0.623326807
0.623326807
0.623326807
0.623326807
0.623326807
0.623326807
0.623326807
0.623326807
0.623326807
0.623326807
0.623326807
0.623326807
0.623326807
0.623326807
0.623326807
0.623326807
0.623326807
0.623326807
0.623326807
0.623326807
0.623326807
0.623326807
0.623326807
0.623326807
0.623326807
0.623326807
0.623326807
0.623326807
0.623326807
0.623326807
0.623326807
0.623326807
0.623326807
0.623326807
0.623326807
0.623326807
0.623326807
0.623326807
0.623326807
0.623326807
0.623326807
0.623326807
0.623326807
0.623326807
0.623326807
0.623326807
0.623326807
0.623326807
0.623326807
0.623326807
0.623326807
0.623326807
0.623326807
0.623326807
0.623326807
0.623326807
0.623326807
0.623326807
0.623326807
0.623326807
0.623326807
0.623326807
0.623326807
0.623326807
0.599786594
0.599786594
0.599786594
0.599786594
0.599786594
0.599786594
0.599786594
0.599786594
0.599786594
0.599786594
0.599786594
0.599786594
0.599786594
0.599786594
0.599786594
0.599786594
0.599786594
0.599786594
0.599786594
0.599786594
0.599786594
0.599786594
0.599786594
0.599786594
0.599786594
0.599786594
0.599786594
0.599786594
0.599786594
0.599786594
0.599786594
0.599786594
0.599786594
0.599786594
0.599786594
0.599786594
0.599786594
0.599786594
0.599786594
0.599786594
0.599786594
0.599786594
0.599786594
0.599786594
0.599786594
0.599786594
0.599786594
0.599786594
0.599786594
0.599786594
0.599786594
0.599786594
0.599786594
0.599786594
0.599786594
0.599786594
0.599786594
0.577460669
0.577460669
0.577460669
0.577460669
0.577460669
0.577460669
0.569522085
0.569522085
0.569522085
0.569522085
0.569522085
0.569522085
0.569522085
0.528084097
0.528084097
0.470252427
