1.0
0.919933198
0.296517211
0.256470105
0.23284674
0.213579448
0.213579448
0.213579448
0.208315441
0.208315441
0.208315441
0.208315441
0.208315441
0.208315441
0.208315441
0.208315441
0.208315441
0.208315441
0.207317541
0.195557449
0.195557449
0.195557449
0.195557449
0.195557449
0.195557449
0.195557449
0.195557449
0.195557449
0.195557449
0.195557449
0.195557449
0.195557449
0.195557449
0.195557449
0.195557449
0.195557449
0.195557449
0.195557449
0.195557449
0.195557449
0.195557449
0.195557449
0.195557449
0.195557449
0.195557449
0.195557449
0.195557449
0.195557449
0.195557449
0.195557449
0.195557449
0.195557449
0.195557449
0.195557449
0.195557449
0.195557449
0.195557449
0.195557449
0.195557449
0.195557449
0.195557449
0.195557449
0.195557449
0.195557449
0.195557449
0.195557449
0.195557449
0.195557449
0.195557449
0.195557449
0.195557449
0.195557449
0.195557449
0.195557449
0.195557449
0.195557449
0.195557449
0.195557449
0.195557449
0.195557449
0.195557449
0.195557449
0.195557449
0.195557449
0.195557449
0.195557449
0.195557449
0.195557449
0.195557449
0.195557449
0.195557449
0.195557449
0.195557449
0.195557449
0.195557449
0.195557449
0.195557449
0.195557449
0.195557449
0.195557449
0.195557449
0.195557449
0.195557449
0.195557449
0.195557449
0.195557449
0.195557449
0.195557449
0.195557449
0.195557449
0.195557449
0.195557449
0.195557449
0.195557449
0.195557449
0.195557449
0.195557449
0.195557449
0.195557449
0.195557449
0.195557449
0.195557449
0.195557449
0.195557449
0.195557449
0.195557449
0.195557449
0.195557449
0.195557449
0.195557449
0.195557449
0.195557449
0.195557449
0.195557449
0.195557449
0.195557449
0.195557449
0.195557449
0.195557449
0.195557449
0.195557449
0.195557449
0.195557449
0.195557449
0.195557449
0.195557449
0.195557449
0.195557449
0.195557449
0.195557449
0.195557449
0.195557449
0.195557449
0.195557449
0.195557449
0.195557449
0.189357943
0.189357943
0.189357943
0.189357943
0.189357943
0.189357943
0.189357943
0.189357943
0.189357943
0.189357943
0.189357943
0.189357943
0.189357943
0.189357943
0.189357943
0.189357943
0.189357943
0.189357943
0.189357943
0.189357943
0.189357943
0.178616973
0.178616973
0.178616973
0.178616973
0.178616973
0.178616973
0.178616973
0.178616973
0.178616973
0.178616973
0.178616973
0.178616973
0.178616973
0.178616973
0.178616973
0.178616973
0.178616973
0.178616973
0.178616973
0.178616973
0.178616973
0.178616973
0.178616973
0.171454086
