1.0
0.986417659
0.618559678
0.618559678
0.618559678
0.618559678
0.618559678
0.618559678
0.618559678
0.618559678
0.595627806
0.595627806
0.595627806
0.595627806
0.595627806
0.595627806
0.595627806
0.595627806
0.595627806
0.595627806
0.595627806
0.595627806
0.595627806
0.582091679
0.582091679
0.582091679
0.582091679
0.582091679
0.564536929
0.564536929
0.564536929
0.564536929
0.564536929
0.564536929
0.564536929
0.564536929
0.564536929
0.564536929
0.564536929
0.564536929
0.564536929
0.564536929
0.564536929
0.564536929
0.564536929
0.564536929
0.564536929
0.564536929
0.564536929
0.564536929
0.564536929
0.564536929
0.564536929
0.56085757
0.56085757
0.56085757
0.556859565
0.556859565
0.552317012
0.552317012
0.552317012
0.552317012
0.552317012
0.552317012
0.552317012
0.552317012
0.552317012
0.552317012
0.552317012
0.552317012
0.552317012
0.552317012
0.552317012
0.552317012
0.552317012
0.552317012
0.552317012
0.552317012
0.552317012
0.552317012
0.552317012
0.552317012
0.552317012
0.552317012
0.552317012
0.552317012
0.552317012
0.552317012
0.552317012
0.552317012
0.552317012
0.552317012
0.552317012
0.552317012
0.552317012
0.552317012
0.552317012
0.552317012
0.552317012
0.552317012
0.552317012
0.552317012
0.552317012
0.552317012
0.552317012
0.552317012
0.552317012
0.552317012
0.552317012
0.552317012
0.552317012
0.552317012
0.552317012
0.552317012
0.552317012
0.552317012
0.552317012
0.552317012
0.552317012
0.552317012
0.552317012
0.552317012
0.552317012
0.552317012
0.552317012
0.552317012
0.552317012
0.552317012
0.530762629
0.530762629
0.530762629
0.530762629
0.530762629
0.530762629
0.530762629
0.530762629
0.530762629
0.530762629
0.530762629
0.530762629
0.530762629
0.530762629
0.530762629
0.530762629
0.530762629
0.530762629
0.530762629
0.530762629
0.530762629
0.530762629
0.530762629
0.530762629
0.530762629
0.530762629
0.530762629
0.530762629
0.530762629
0.530762629
0.530762629
0.530762629
0.530762629
0.530762629
0.530762629
0.530762629
0.530762629
0.530762629
0.530762629
0.530762629
0.530762629
0.530762629
0.530762629
0.530762629
0.530762629
0.530762629
0.530762629
0.530762629
0.530762629
0.530762629
0.530762629
0.530762629
0.530762629
0.530762629
0.530762629
0.530762629
0.530762629
0.503542406
0.503542406
0.503542406
0.503542406
0.503542406
0.503542406
0.50144391
0.50144391
0.50144391
0.50144391
0.50144391
0.50144391
0.50144391
0.465875177
0.465875177
0.430543447
