1.0
0.997341547
0.524728988
0.524728988
0.524728988
0.494213275
0.494213275
0.494213275
0.494213275
0.494213275
0.45114001
0.444724467
0.427610546
0.427610546
0.427610546
0.427610546
0.427610546
0.425980154
0.425980154
0.425980154
0.425980154
0.425980154
0.425980154
0.425980154
0.417819578
0.417819578
0.417819578
0.417819578
0.417819578
0.39114029
0.39114029
0.39114029
0.39114029
0.39114029
0.39114029
0.39114029
0.39114029
0.389399789
0.389399789
0.389399789
0.389399789
0.389399789
0.389399789
0.389399789
0.389399789
0.389399789
0.389399789
0.389399789
0.389399789
0.389399789
0.389399789
0.389399789
0.389399789
0.389399789
0.389399789
0.389399789
0.389399789
0.389399789
0.389399789
0.389399789
0.389399789
0.389399789
0.389399789
0.368035303
0.368035303
0.368035303
0.368035303
0.368035303
0.368035303
0.368035303
0.368035303
0.368035303
0.368035303
0.368035303
0.368035303
0.368035303
0.368035303
0.368035303
0.368035303
0.368035303
0.368035303
0.368035303
0.368035303
0.368035303
0.368035303
0.368035303
0.368035303
0.368035303
0.368035303
0.368035303
0.368035303
0.368035303
0.368035303
0.368035303
0.368035303
0.368035303
0.368035303
0.368035303
0.368035303
0.368035303
0.368035303
0.368035303
0.368035303
0.368035303
0.368035303
0.368035303
0.368035303
0.368035303
0.368035303
0.368035303
0.368035303
0.368035303
0.368035303
0.368035303
0.368035303
0.368035303
0.368035303
0.368035303
0.368035303
0.368035303
0.368035303
0.368035303
0.368035303
0.368035303
0.368035303
0.368035303
0.368035303
0.368035303
0.368035303
0.368035303
0.368035303
0.368035303
0.368035303
0.368035303
0.368035303
0.368035303
0.368035303
0.368035303
0.368035303
0.368035303
0.368035303
0.368035303
0.368035303
0.368035303
0.340831532
0.340831532
0.340831532
0.340831532
0.340831532
0.340831532
0.340831532
0.340831532
0.340831532
0.340831532
0.340831532
0.340831532
0.340831532
0.340831532
0.340831532
0.340831532
0.340831532
0.340831532
0.340831532
0.340831532
0.340831532
0.33976959
0.33976959
0.33976959
0.33976959
0.33976959
0.33976959
0.33976959
0.33976959
0.33976959
0.33976959
0.33976959
0.33976959
0.33976959
0.33976959
0.33976959
0.33976959
0.33976959
0.33976959
0.33976959
0.33976959
0.33976959
0.33976959
0.33976959
0.33976959
0.33976959
0.33976959
0.33976959
0.33976959
0.33976959
0.33976959
0.33976959
0.312047654
0.312047654
0.312047654
0.286133636
0.286133636
