1.0
0.98369586
0.247603782
0.247603782
0.24134735
0.22539386
0.223979594
0.223979594
0.223979594
0.223979594
0.207844429
0.207844429
0.207844429
0.207844429
0.207844429
0.207844429
0.207844429
0.207844429
0.207844429
0.189662228
0.189662228
0.189662228
0.189662228
0.189662228
0.189099893
0.186780884
0.186780884
0.186780884
0.186780884
0.186780884
0.186780884
0.186780884
0.186780884
0.186780884
0.186780884
0.186780884
0.186780884
0.186780884
0.186780884
0.186780884
0.186780884
0.186780884
0.186780884
0.186780884
0.186780884
0.186780884
0.186780884
0.186780884
0.186780884
0.186780884
0.186780884
0.186780884
0.186780884
0.186780884
0.186780884
0.186780884
0.186780884
0.186780884
0.186780884
0.186780884
0.186780884
0.186780884
0.186780884
0.186780884
0.186780884
0.186780884
0.186780884
0.186780884
0.186780884
0.186780884
0.186780884
0.186780884
0.186780884
0.186780884
0.186780884
0.186780884
0.186780884
0.186780884
0.186780884
0.186780884
0.186780884
0.186780884
0.186780884
0.186780884
0.186780884
0.186780884
0.186780884
0.186780884
0.186780884
0.186780884
0.186780884
0.186780884
0.186780884
0.186780884
0.186780884
0.186780884
0.186780884
0.186780884
0.186780884
0.186780884
0.186780884
0.186780884
0.186780884
0.186780884
0.186780884
0.186780884
0.186780884
0.186780884
0.186780884
0.186780884
0.186780884
0.186780884
0.186780884
0.186780884
0.186780884
0.186780884
0.186780884
0.186780884
0.186780884
0.186780884
0.186780884
0.186780884
0.186780884
0.186780884
0.186780884
0.186780884
0.186780884
0.186780884
0.186780884
0.186780884
0.186780884
0.186780884
0.186780884
0.186780884
0.186780884
0.186780884
0.186780884
0.186780884
0.186780884
0.186780884
0.186780884
0.186780884
0.186780884
0.186780884
0.186780884
0.186780884
0.186780884
0.186780884
0.186780884
0.186780884
0.186780884
0.186780884
0.186780884
0.186780884
0.186780884
0.186780884
0.186780884
0.186780884
0.186780884
0.186780884
0.186780884
0.186780884
0.186780884
0.186780884
0.186780884
0.186780884
0.186780884
0.186780884
0.186780884
0.186780884
0.181363727
0.181363727
0.181363727
0.181363727
0.181363727
0.181363727
0.181363727
0.181363727
0.181363727
0.181363727
0.181363727
0.181363727
0.181363727
0.181363727
0.181363727
0.181363727
0.181363727
0.181363727
0.181363727
0.181363727
0.181363727
0.181363727
0.181363727
0.181363727
0.181363727
0.181363727
0.181363727
0.181363727
0.181363727
0.181363727
0.181363727
