1.0
0.998459148
0.657265545
0.657265545
0.657265545
0.657265545
0.657265545
0.657265545
0.657265545
0.657265545
0.608404761
0.600770754
0.594162344
0.594162344
0.594162344
0.594162344
0.594162344
0.593666014
0.593666014
0.588477241
0.588477241
0.588477241
0.588477241
0.588477241
0.563428584
0.563428584
0.555165279
0.555165279
0.555165279
0.555165279
0.555165279
0.555165279
0.555165279
0.555165279
0.555165279
0.555165279
0.555165279
0.555165279
0.555165279
0.555165279
0.555165279
0.555165279
0.555165279
0.555165279
0.555165279
0.555165279
0.555165279
0.555165279
0.555165279
0.555165279
0.555165279
0.555165279
0.555165279
0.555165279
0.555165279
0.555165279
0.555165279
0.555165279
0.555165279
0.555165279
0.555165279
0.555165279
0.555165279
0.486563963
0.486563963
0.486563963
0.486563963
0.486563963
0.486563963
0.486563963
0.486563963
0.486563963
0.486563963
0.486563963
0.486563963
0.486563963
0.486563963
0.486563963
0.486563963
0.486563963
0.486563963
0.486563963
0.486563963
0.486563963
0.486563963
0.486563963
0.486563963
0.486563963
0.486563963
0.486563963
0.486563963
0.486563963
0.486563963
0.486563963
0.486563963
0.486563963
0.486563963
0.486563963
0.486563963
0.486563963
0.486563963
0.486563963
0.486563963
0.486563963
0.486563963
0.486563963
0.486563963
0.486563963
0.486563963
0.486563963
0.486563963
0.486563963
0.486563963
0.486563963
0.486563963
0.486563963
0.486563963
0.486563963
0.486563963
0.486563963
0.486563963
0.486563963
0.486563963
0.486563963
0.486563963
0.486563963
0.486563963
0.486563963
0.486563963
0.486563963
0.486563963
0.486563963
0.486563963
0.486563963
0.486563963
0.486563963
0.486563963
0.486563963
0.486563963
0.486563963
0.486563963
0.486563963
0.486563963
0.486563963
0.486563963
0.486563963
0.486563963
0.486563963
0.486563963
0.486563963
0.486563963
0.486563963
0.486563963
0.486563963
0.486563963
0.486563963
0.486563963
0.486563963
0.486563963
0.486563963
0.486563963
0.486563963
0.486563963
0.486563963
0.486563963
0.486563963
0.486563963
0.486563963
0.486563963
0.486563963
0.486563963
0.486563963
0.486563963
0.486563963
0.486563963
0.486563963
0.486563963
0.486563963
0.486563963
0.486563963
0.486563963
0.486563963
0.486563963
0.486563963
0.486563963
0.486563963
0.486563963
0.486563963
0.486563963
0.486563963
0.486563963
0.486563963
0.486563963
0.486563963
0.486563963
0.486563963
0.467081606
0.467081606
0.467081606
0.412517927
0.412517927
