1.0
0.999872205
0.802402377
0.730036134
0.726083462
0.726083462
0.726083462
0.726083462
0.726083462
0.726083462
0.726083462
0.726083462
0.726083462
0.587771201
0.586619649
0.586619649
0.586619649
0.586619649
0.586619649
0.586619649
0.586619649
0.586619649
0.586619649
0.586619649
0.586619649
0.586619649
0.586619649
0.586619649
0.586619649
0.534452502
0.534452502
0.534452502
0.534452502
0.534452502
0.534452502
0.534452502
0.534452502
0.534452502
0.534452502
0.534452502
0.534452502
0.534452502
0.534452502
0.534452502
0.534452502
0.534452502
0.534452502
0.534452502
0.534452502
0.534452502
0.534452502
0.534452502
0.534452502
0.534452502
0.534452502
0.534452502
0.534452502
0.534452502
0.534452502
0.534452502
0.534452502
0.534452502
0.534452502
0.534452502
0.519159647
0.519159647
0.519159647
0.519159647
0.519159647
0.519159647
0.519159647
0.519159647
0.519159647
0.519159647
0.519159647
0.519159647
0.519159647
0.519159647
0.519159647
0.519159647
0.519159647
0.519159647
0.519159647
0.519159647
0.519159647
0.519159647
0.519159647
0.519159647
0.510150416
0.510150416
0.510150416
0.510150416
0.510150416
0.510150416
0.510150416
0.510150416
0.510150416
0.510150416
0.461551299
0.461551299
0.461551299
0.461551299
0.461551299
0.461551299
0.461551299
0.461551299
0.461551299
0.461551299
0.461551299
0.461551299
0.461551299
0.461551299
0.461551299
0.461551299
0.461551299
0.461551299
0.461551299
0.461551299
0.461551299
0.461551299
0.461551299
0.461551299
0.461551299
0.461551299
0.461551299
0.461551299
0.461551299
0.461551299
0.461551299
0.461551299
0.461551299
0.461551299
0.461551299
0.461551299
0.461551299
0.461551299
0.461551299
0.461551299
0.461551299
0.461551299
0.461551299
0.461551299
0.461551299
0.461551299
0.461551299
0.461551299
0.461551299
0.461551299
0.461551299
0.461551299
0.461551299
0.461551299
0.461551299
0.461551299
0.461551299
0.461551299
0.461551299
0.461551299
0.461551299
0.461551299
0.461551299
0.461551299
0.461551299
0.461551299
0.461551299
0.461551299
0.461551299
0.461551299
0.461551299
0.461551299
0.461551299
0.461551299
0.461551299
0.461551299
0.461551299
0.461551299
0.461551299
0.461551299
0.461551299
0.461551299
0.461551299
0.461551299
0.461551299
0.461551299
0.461551299
0.461551299
0.461551299
0.461551299
0.461551299
0.461551299
0.461551299
0.461551299
0.461551299
0.461551299
0.461551299
0.461551299
0.461551299
0.461551299
0.461551299
0.425068609
0.425068609
