1.0
0.999742422
0.737572675
0.652345121
0.543271535
0.523759153
0.523759153
0.523759153
0.523759153
0.523759153
0.523759153
0.523759153
0.523759153
0.42564123
0.42564123
0.42564123
0.42564123
0.42564123
0.42564123
0.42564123
0.42564123
0.42564123
0.42564123
0.42564123
0.42564123
0.42564123
0.42564123
0.42564123
0.42564123
0.370542068
0.367023493
0.362440098
0.362440098
0.362440098
0.362440098
0.362440098
0.362440098
0.362440098
0.362440098
0.362440098
0.362440098
0.362440098
0.362440098
0.362440098
0.362440098
0.362440098
0.362440098
0.362440098
0.362440098
0.362440098
0.362440098
0.362440098
0.362440098
0.362440098
0.362440098
0.362440098
0.362440098
0.362440098
0.362440098
0.362440098
0.362440098
0.362440098
0.362440098
0.362440098
0.346727534
0.346727534
0.346727534
0.346727534
0.346727534
0.346727534
0.346727534
0.346727534
0.346727534
0.346727534
0.346727534
0.346727534
0.346727534
0.346727534
0.346727534
0.346727534
0.346727534
0.346727534
0.346727534
0.346727534
0.346727534
0.346727534
0.346727534
0.346727534
0.31619423
0.31619423
0.31619423
0.31619423
0.31619423
0.31619423
0.31619423
0.31619423
0.31619423
0.311815471
0.311815471
0.311815471
0.311815471
0.311815471
0.311815471
0.311815471
0.311815471
0.311815471
0.311815471
0.311815471
0.311815471
0.311815471
0.311815471
0.311815471
0.311815471
0.311815471
0.311815471
0.311815471
0.311815471
0.311815471
0.311815471
0.311815471
0.301799116
0.301799116
0.301799116
0.301799116
0.301799116
0.301799116
0.301799116
0.301799116
0.301799116
0.301799116
0.301799116
0.301799116
0.301799116
0.301799116
0.301799116
0.301799116
0.301799116
0.301799116
0.301799116
0.301799116
0.301799116
0.301799116
0.301799116
0.301799116
0.297818154
0.297818154
0.297818154
0.297818154
0.297818154
0.297818154
0.297818154
0.297818154
0.297818154
0.297818154
0.295527174
0.295527174
0.295527174
0.291437847
0.291437847
0.291437847
0.291437847
0.291437847
0.291437847
0.291437847
0.291437847
0.291437847
0.291437847
0.291437847
0.290861574
0.290861574
0.290861574
0.290861574
0.290861574
0.290861574
0.290861574
0.290861574
0.290861574
0.290861574
0.290861574
0.290861574
0.290861574
0.290861574
0.290861574
0.290861574
0.290861574
0.290861574
0.290861574
0.290861574
0.290861574
0.290861574
0.290861574
0.290861574
0.290861574
0.290861574
0.290861574
0.290861574
0.290861574
0.290861574
0.290861574
0.252014565
0.252014565
