1.0
0.999884855
0.815438525
0.784277485
0.784277485
0.784277485
0.784277485
0.784277485
0.784277485
0.784277485
0.784277485
0.784277485
0.784277485
0.643919401
0.643919401
0.643919401
0.643919401
0.643919401
0.643919401
0.643919401
0.643919401
0.643919401
0.643919401
0.643919401
0.643919401
0.643919401
0.643919401
0.643919401
0.643919401
0.62144013
0.62144013
0.62144013
0.62144013
0.62144013
0.62144013
0.62144013
0.62144013
0.62144013
0.62144013
0.62144013
0.62144013
0.62144013
0.62144013
0.62144013
0.62144013
0.62144013
0.62144013
0.62144013
0.62144013
0.62144013
0.62144013
0.62144013
0.62144013
0.62144013
0.62144013
0.62144013
0.62144013
0.62144013
0.62144013
0.62144013
0.62144013
0.62144013
0.62144013
0.62144013
0.614069751
0.614069751
0.614069751
0.614069751
0.614069751
0.614069751
0.614069751
0.614069751
0.614069751
0.614069751
0.614069751
0.614069751
0.614069751
0.614069751
0.614069751
0.614069751
0.614069751
0.614069751
0.614069751
0.614069751
0.614069751
0.614069751
0.614069751
0.614069751
0.614069751
0.614069751
0.614069751
0.614069751
0.614069751
0.614069751
0.614069751
0.614069751
0.614069751
0.614069751
0.552602584
0.547632478
0.547632478
0.547632478
0.547632478
0.547632478
0.547632478
0.547632478
0.547632478
0.547632478
0.547632478
0.547632478
0.547632478
0.547632478
0.547632478
0.547632478
0.547632478
0.547632478
0.547632478
0.547632478
0.547632478
0.547632478
0.547632478
0.547632478
0.547632478
0.547632478
0.547632478
0.547632478
0.547632478
0.547632478
0.547632478
0.547632478
0.547632478
0.547632478
0.547632478
0.547632478
0.547632478
0.547632478
0.547632478
0.547632478
0.547632478
0.547632478
0.547632478
0.547632478
0.547632478
0.547632478
0.547632478
0.547632478
0.547632478
0.547632478
0.547632478
0.547632478
0.547632478
0.547632478
0.547632478
0.547632478
0.547632478
0.547632478
0.547632478
0.547632478
0.547632478
0.547632478
0.547632478
0.547632478
0.547632478
0.547632478
0.547632478
0.547632478
0.547632478
0.547632478
0.547632478
0.547632478
0.547632478
0.547632478
0.547632478
0.547632478
0.547632478
0.547632478
0.547632478
0.547632478
0.547632478
0.547632478
0.547632478
0.547632478
0.547632478
0.547632478
0.547632478
0.547632478
0.547632478
0.547632478
0.547632478
0.547632478
0.547632478
0.547632478
0.547632478
0.547632478
0.547632478
0.547632478
0.547632478
0.547632478
0.547632478
0.523929868
0.521544498
