1.0
0.997569203
0.453757826
0.238204029
0.238204029
0.238204029
0.238204029
0.238204029
0.238204029
0.238204029
0.218890939
0.210331784
0.210331784
0.210331784
0.210331784
0.210331784
0.210331784
0.210331784
0.210331784
0.196887931
0.196887931
0.186982774
0.186982774
0.186982774
0.186982774
0.186982774
0.186982774
0.186982774
0.186982774
0.186982774
0.186982774
0.186982774
0.186982774
0.186982774
0.186982774
0.186982774
0.186982774
0.186982774
0.186982774
0.186982774
0.186982774
0.186982774
0.186982774
0.186982774
0.186982774
0.186982774
0.186982774
0.186982774
0.186982774
0.186982774
0.186982774
0.186982774
0.186982774
0.186982774
0.186982774
0.186982774
0.186982774
0.186982774
0.186982774
0.186982774
0.186982774
0.186982774
0.186982774
0.186982774
0.186982774
0.186982774
0.186982774
0.186982774
0.186982774
0.186982774
0.186982774
0.186982774
0.186982774
0.186982774
0.186982774
0.186982774
0.186982774
0.186982774
0.186982774
0.186982774
0.186982774
0.186982774
0.186982774
0.186982774
0.186982774
0.186982774
0.186982774
0.186982774
0.186982774
0.186982774
0.186982774
0.186982774
0.186982774
0.186982774
0.186982774
0.186982774
0.186982774
0.186982774
0.186982774
0.186982774
0.186982774
0.186982774
0.186982774
0.186982774
0.186982774
0.186982774
0.186982774
0.186982774
0.186982774
0.186982774
0.186982774
0.186982774
0.186982774
0.186982774
0.186982774
0.186982774
0.186982774
0.186982774
0.186982774
0.186982774
0.186982774
0.186982774
0.186982774
0.186982774
0.186982774
0.186982774
0.186982774
0.186982774
0.186982774
0.186982774
0.186982774
0.186982774
0.186982774
0.186982774
0.186982774
0.186982774
0.186982774
0.186982774
0.186982774
0.186982774
0.186982774
0.186982774
0.186982774
0.186982774
0.186982774
0.186982774
0.186982774
0.186982774
0.186982774
0.186982774
0.186982774
0.186982774
0.186982774
0.186982774
0.186982774
0.186982774
0.186982774
0.186982774
0.186982774
0.186982774
0.186982774
0.186982774
0.186982774
0.186982774
0.186982774
0.186982774
0.186982774
0.186982774
0.186982774
0.186982774
0.186982774
0.186982774
0.186982774
0.186982774
0.186982774
0.186982774
0.186982774
0.186982774
0.186982774
0.186982774
0.186982774
0.186982774
0.186982774
0.186982774
0.186982774
0.186982774
0.186982774
0.186982774
0.186982774
0.186982774
0.186982774
0.186982774
0.174467927
0.174467927
0.174467927
0.174467927
0.174467927
0.174467927
0.174467927
0.163597712
0.163597712
