0.70616165315
0.70376909435
0.68586083335
0.6851000014
0.6779229626
0.6802000929500001
0.70556139525
0.7747155126
0.80560006605
0.7858678269999999
0.7427931862999999
0.71293846565
0.7160366241999998
0.7039972613999999
0.6987774344499997
0.6986671677999997
0.6997697729999998
0.7230299856999999
0.7590905016499998
0.7634357040999997
0.7525240639499999
0.745106826
0.7408777566
0.72188558225
0.7269989505
0.69700697705
0.6971489561499999
0.70462398825
0.7085931533000001
0.72722429845
0.76149687065
0.7547813876999999
0.72404932515
0.72466537505
0.7278823694999998
0.7275343086999999
0.7268201539999999
0.7109596893999999
0.70569156625
0.7415077488499999
0.7597149994500001
0.76306337955
0.7224890991
0.6985755295500001
0.6924951015
0.7196741792
0.725361577
0.7247272420499999
0.7174730273999999
0.7135383861499999
0.7291574913999999
0.7658510386499999
0.7960127007999998
0.7990049105999998
0.7312711319999999
0.67500021385
0.6754724402499999
0.68872376965
0.6988091609
0.69904097455
0.69787655325
0.6933397615
0.7552832338
0.7986629216
0.8031305538000002
0.7751415983500001
0.7281617207
0.7049050918499999
0.71397873445
0.7044749087500002
0.6898995860000001
0.6894202980000002
0.6898776314500001
0.6876810601000001
0.7512512731000001
0.8079778433000001
0.80521669025
0.7579845402000001
0.71204535765
0.7097311306499999
0.7121085577999999
0.7039155873999999
0.68984000615
0.68828682775
0.69202624665
0.7207755978000001
0.7564497167500001
0.7740890393000002
0.7670356342000001
0.7587534810500001
0.7444070388
0.7441785874000001
0.7107402341
0.6804768594499999
0.6849893327500001
0.68479621925
0.6875273904499999
0.73189106135
0.7703274074499998
0.7555482961
0.74299639315
0.75449747235
0.76622052575
0.7675391699999999
0.7332973117000001
0.6853626405
0.6947315029
0.6986349857999999
0.70590248935
0.7063010724000001
0.71442758865
0.7051290761
0.73155722805
0.7684950789
0.7710939571500001
0.75365857435
0.7217912516
0.7089645827
0.7156945979
0.7328416992000002
0.7516349064500002
0.7367680690000001
0.6884203676
0.6783167803500001
0.7113476008500002
0.7618131806000001
0.7639340499000002
0.7433208571000002
0.6983504989500001
0.71397825145
0.7374983709000003
0.7475692743500001
0.7494613253500001
0.7303703483499999
0.6962182643999999
0.707244223
0.7342385210000001
0.7361498058
0.7298231949
0.7196816612000001
0.695129178
0.7062219147000001
0.7572145926499999
0.7665159742500001
0.7544762083
0.7074143379
0.6937893008
0.7177258582
0.7487923087
0.7351670093499999
0.7142843747000001
0.70549092185
0.7069698802000001
0.7241270513499999
0.7568185191999999
0.7633294025999999
0.7628648387999999
0.73755402755
0.7363546483500001
0.7274686949500001
0.70324670565
0.6948177488
0.6884683046000002
0.6837095488500001
0.6927860303500002
0.7386833265000002
0.7516841173500002
0.7496977161500001
0.75462172425
0.7660086231000001
0.7871420903499999
0.7727286806
0.70551147535
0.67828463485
0.68001057185
0.6799504655499999
0.67857556045
0.7130838265999999
0.72248044015
0.74037107085
0.7768073971
0.7954759151499999
