0.7414936304400002
0.7360580339200001
0.7278204061200002
0.7226838107600001
0.7063136906799999
0.66646551212
0.66815403468
0.73168344804
0.75149877192
0.7469436455999999
0.75485256316
0.7536436747200002
0.75509753268
0.7506192102399999
0.7219909613599996
0.7014652255999998
0.6958607000799999
0.6978151831199999
0.7157369372799998
0.7471540052799999
0.73416988956
0.73076192336
0.7428309300400001
0.7414783322799999
0.7457547593599999
0.73150293428
0.7075300286399999
0.69115049808
0.68675101912
0.7005552796
0.7426454610800001
0.7647490253999999
0.7510359848399999
0.7519746541199999
0.7561752128799999
0.7503034909199998
0.7464955853199998
0.6973824738400001
0.6673249596
0.6904015232000001
0.7078899817600001
0.71496572416
0.7299105184000001
0.7379482884
0.7349863078799999
0.75722334576
0.76249169464
0.7642614681199998
0.7590804249599999
0.7037927464399999
0.67344813564
0.70130186744
0.7227755404399998
0.7312896828
0.7331020969200001
0.72657728656
0.71971127132
0.7328413093600001
0.7417020438799998
0.7396997671599999
0.72023126088
0.68704439708
0.7158433125999999
0.7502708523199999
0.7445701536800001
0.7334036712
0.73373867144
0.73638177964
0.73524685112
0.733963056
0.73650441716
0.73279438872
0.6923530119600001
0.6617220404399999
0.71587009584
0.75626396172
0.7424657890399999
0.73373429856
0.7332841773600001
0.73408798484
0.7385504965199999
0.73753236128
0.7308879569999999
0.7249690223999999
0.70906849548
0.7088160235600002
0.7465521648000002
0.7410498934400003
0.7084453511200002
0.7183745952000001
0.7324217237600001
0.7312800626800001
0.7259637558800002
0.7278391183200001
0.71930771424
0.7042788016
0.7018904147199998
0.740323087
0.7776792272399997
0.7529409296799997
0.7171537626799999
0.73018509368
0.7379239407199999
0.73906155168
0.7204883560800001
0.70373761624
0.7054956522799999
0.7070244444399999
0.70961290688
0.7282469760800001
0.7398229521999999
0.71337019404
0.7245432347600002
0.7560133090800001
0.7575896074
0.7577497513600001
0.74128295756
0.705546532
0.7040707255599998
0.71758037348
0.7322071926400001
0.73773435572
0.7196042058000001
0.6837106148400001
0.7050331078800001
0.7454462005600001
0.7477658694400001
0.7476855160800001
0.7291871940800001
0.7201807296800001
0.7340762596800002
0.7366577499600002
0.72821729696
0.7250758018799999
0.7164597706399999
0.71092623428
0.72882748804
0.74414653996
0.7447278266399999
0.73488798076
0.6968307377999998
0.7033513411599999
0.7430485982799999
0.74009103752
0.72408863468
0.7074231558399999
0.701011367
0.71860473456
0.749808436
0.75445294388
0.7547410850400001
0.7488942015199999
0.71869145872
0.7298632418799997
0.7414601150799998
0.7077282203999998
0.6972908702799999
0.7060013390000001
0.7078369098
0.71337147608
0.7316740566
0.73972110328
0.7370350970800001
0.7305756375200002
0.7333145665200003
0.7712053578000002
0.76416287084
0.70883322828
0.69340229692
0.7103277938799999
0.7272739577199999
0.7273619123999999
0.72358261584
0.72854595292
0.7283021564
0.718510616
0.72337973136
