0.2881836316
0.25129173524000004
0.21547179380000003
0.22623618884
0.22589951764000002
0.2079697672
0.18102026736
0.14412295415999998
0.10698610887999997
0.0696935394
0.056588273120000004
0.06723442336
0.07475468008
0.07740174412
0.08517819524
0.08787009403999999
0.09112335775999998
0.09348962228000002
0.08122461068000002
0.06816465776
0.06014597715999999
0.0546340298
0.05842835736
0.06392124856
0.06900558272
0.07351384764
0.0771370564
0.08163464652
0.07904472280000001
0.06775179824000001
0.05912235492000001
0.05406553848000001
0.05642074688000001
0.06261135464000002
0.07404205616000001
0.07813344164000002
0.08001031548000002
0.07959159012000001
0.07980903304000002
0.0751601644
0.07094982364
0.07069984480000001
0.06456775479999999
0.06805774764
0.06728890724
0.06673663664
0.07243793255999999
0.08712849087999999
0.09251994908
0.08922918711999998
0.08378288335999999
0.07754176927999999
0.07778324807999999
0.08880698408000001
0.10422151483999999
0.11419359279999998
0.11980157824000001
0.13134630979999998
0.13182931628
0.11665630187999997
0.11602849351999998
0.11729326051999997
0.11930122767999998
0.12027999639999998
0.11478460323999999
0.11941800315999998
0.11969226371999998
0.12618063839999996
0.13701866135999996
0.15079588311999997
0.16028398351999995
0.16323181507999998
0.1551807744
0.14952170292
0.15879413124
0.16879550812
0.16770138424
0.1569227176
0.13807961976000002
0.12217774132000002
0.1097877844
0.10334659544
0.09690314488
0.09532420484
0.10565723924
0.11042205591999998
0.12450136191999998
0.14047712947999996
0.15617584059999998
0.163134122
0.15869090084
0.15404156372
0.15116433827999998
0.13781018612
0.12167676736000002
0.11129876128
0.11584658388
0.12043909564000002
0.13260066452000002
0.14632743180000002
0.1450657338
0.15147414632
0.15906112588
0.15423177740000002
0.15479839676000004
0.15750272852000002
0.15775065608000005
0.15025206936000002
0.15352358272000002
0.1676179166
0.17210513548
0.16788542407999998
0.16256486904
0.15877825656
0.15251477132
0.15064243132
0.15184605716
0.14942594772
0.1506411996
0.15347085656
0.1585366594
0.15425609884
0.14769060567999998
0.13527680964000002
0.11391185680000002
0.10659963364000001
0.10558837796000002
0.09857448672000002
0.10415291228000002
0.10473485084000002
0.10540536528000002
0.1082460194
0.11863702496000002
0.12104858804000002
0.11249488992
0.10752519772
0.11660986035999998
0.1243873478
0.11540811956
0.12259408559999999
0.12580332304
0.12433495952000001
0.12725090660000002
0.12948788351999999
0.12691628264
0.1213035932
0.11184341544000001
0.10778416576
0.11078258671999999
0.11384086936000001
0.11539519772000001
0.11272843995999998
0.11379932112
0.11734631231999999
0.12106822832000001
0.1254089804
0.13811993296
0.14313686228000003
0.1445891794
0.145363352
0.14414248776
0.12011648068
0.09791749772
0.0946917168
0.0938275848
0.09204547104
0.08812556803999999
0.09427334523999999
0.11122930632000001
0.13227792732
0.14853937168
0.15926555527999997
0.16906197832
0.17537371951999997
0.17528461815999996
0.17225799816
0.17068867895999998
