0.2694077528666667
0.2406420403
0.2058239686
0.20686025053333332
0.19508122316666665
0.1753232531
0.1499037024333333
0.1222354116
0.09280444009999998
0.06830035440000001
0.05868543240000001
0.06955579190000001
0.07988071690000001
0.07820245036666666
0.08293603783333331
0.08361436166666666
0.08274826166666664
0.07858842786666667
0.07296505403333334
0.061648276566666674
0.05819552559999999
0.059184261966666665
0.0700565202
0.07817999153333334
0.08011185053333333
0.07852335563333333
0.07628687633333332
0.07328142949999998
0.07050622203333333
0.06853333860000001
0.06712631513333335
0.06572874253333334
0.0684592749
0.07015687690000001
0.07285587523333334
0.07065339116666668
0.07244364310000001
0.07139161250000002
0.07041578663333334
0.06802829783333335
0.06600314716666666
0.06717707399999999
0.07328748503333334
0.08237783603333332
0.07920205103333332
0.07789294743333333
0.07827404486666664
0.08618559579999999
0.09891810446666668
0.10945846063333332
0.11242314326666666
0.11184064453333332
0.11470781556666663
0.11449338326666665
0.1092870916333333
0.11454809729999996
0.11841851089999998
0.12085967556666663
0.11821407836666666
0.10680799779999997
0.10505719243333331
0.10551193329999999
0.11021581939999998
0.11809047689999996
0.13105806343333332
0.14044828039999996
0.1442870492333333
0.14879833469999995
0.15026446543333327
0.1554564043666666
0.16294200699999994
0.15766025459999997
0.14434745139999997
0.13688449670000002
0.13691558913333335
0.1340938941333333
0.13334466633333333
0.13064106290000002
0.11992440056666669
0.11048352863333336
0.1114051499
0.1223349973
0.1284686919666667
0.13850284863333331
0.14553951456666667
0.1406091985333333
0.13613551929999998
0.13676841156666664
0.13269896833333333
0.1368015335333333
0.13368224550000002
0.14108231603333332
0.14401371573333333
0.14658280140000002
0.15173269493333336
0.15026013223333334
0.1478621973
0.14758107763333334
0.14080955876666668
0.1335858104
0.12468324446666666
0.12505239286666667
0.12508218936666665
0.1327943697
0.1483503413666667
0.1633362758
0.17611735450000002
0.18318679543333333
0.19138122506666663
0.18458745796666662
0.1741261780333333
0.15892276533333327
0.14422576009999996
0.1280867675
0.12874881233333332
0.13355371096666666
0.1412610953
0.14111893856666666
0.14447165433333334
0.14526193613333332
0.1463441925333333
0.13931369236666666
0.1293605702
0.1171030985666667
0.0989253262666667
0.09163293736666668
0.08902895376666668
0.0913954386
0.10514171190000002
0.113097419
0.12168833346666669
0.14183335806666666
0.16163286080000003
0.1596183391
0.1470675988
0.13554133433333332
0.12263071153333334
0.11479745806666668
0.1036781233
0.10741673843333333
0.10910467920000001
0.10792556053333334
0.1064174536
0.11125614359999998
0.1122369468
0.11039297446666667
0.10470730996666666
0.10111783306666666
0.10216101746666667
0.1048889692
0.107307393
0.11613858293333333
0.12853075156666668
0.13883860116666666
0.1469545033
0.15396926886666668
0.15172540913333335
0.1443665881
0.13765427973333333
0.1315115112
0.1226415621
0.09889380126666666
0.08970245593333331
0.10019577893333334
0.11548660653333331
0.12805138639999997
0.13703439033333334
0.14126001336666666
0.14949434026666666
0.15254389306666666
0.15285497860000002
0.15374502956666664
