0.5765976811999999
0.538750905
0.5143290408
0.7062309588
0.8220196420000001
0.768998153
0.5632500977999999
0.3596390692
0.16981791999999998
-0.016088849800000006
-0.0872378758
-0.038282037399999996
0.011836190000000002
0.0630916488
0.1567929382
0.20095628419999997
0.22331942099999996
0.1793887804
0.11818408140000003
0.02486174580000001
-0.018396084599999998
-0.03057971020000001
0.012165888600000004
0.0738563352
0.141912112
0.1755283592
0.1873935656
0.1575848426
0.10998055899999999
0.0409897508
0.012090682599999998
-0.005679122200000002
0.012797698800000002
0.021896096200000003
0.0613344294
0.0691712288
0.0811626346
0.105510901
0.0822059816
0.0717252508
0.0623356998
0.0408727812
0.004082455799999999
0.0316672708
0.029066370600000002
0.0484432678
0.0819354228
0.1281973344
0.1494737064
0.1356431896
0.10357089559999999
0.07203597599999999
0.03151534439999999
0.027813718199999997
0.0724410404
0.10714611619999999
0.12404476280000001
0.128651915
0.1078844882
0.06692497060000001
0.033253138800000005
0.0346102812
0.030391724400000004
0.0234495546
0.032368965
0.0412697648
0.049563220000000005
0.11688613619999999
0.15397827800000002
0.13876777
0.1336745014
0.10745460640000001
0.0814711204
0.13090888139999998
0.2106048282
0.25562444279999996
0.28333502079999995
0.299330653
0.24292537920000004
0.1346149756
0.1163206198
0.11150317419999997
0.0684265044
0.050137888799999995
0.0575664774
0.05020068699999999
0.04660529719999999
0.064788778
0.1071428794
0.21242536439999998
0.2455996666
0.26726097679999994
0.2618868162
0.2164934858
0.17875901060000002
0.1762321244
0.1298024522
0.09018083639999999
0.0736984656
0.027522878599999995
-0.0394141758
-0.038438923199999996
-0.0007672105999999956
0.029148304599999997
0.0520124652
0.11949197740000002
0.2172770066
0.28629642740000005
0.35439606760000003
0.3449508912
0.29154491160000007
0.1943063062
0.11822482200000002
0.015314607000000003
0.005138591200000001
0.008638968800000002
0.0762860776
0.108260603
0.1904458778
0.3020123328
0.345066987
0.3079402644
0.2832909876
0.18185402999999994
0.06987770339999999
0.0227707978
-0.007056374400000001
-0.0448124932
0.0256073312
0.1161100644
0.1925040122
0.26795084659999996
0.3478604258
0.3806694368
0.26943516480000007
0.18423139080000003
0.11410947160000003
0.052530215400000004
-0.025370677799999998
0.009919017399999999
0.048110109199999994
0.088336286
0.09958389279999999
0.11362392800000001
0.104217334
0.0853818582
0.06460166
0.037710392800000006
0.026234543199999995
0.023992673600000004
0.016799455999999997
0.006231832800000001
0.055500198
0.11008571
0.1549102598
0.20310317439999998
0.30977005139999997
0.37661204000000004
0.3524670944
0.3199311432
0.2756220174
0.15273496739999998
0.06684800939999999
0.045028142
0.0315300026
0.025611459999999996
0.025878565600000004
0.0022501886
0.020097444
0.0388402676
0.0558398808
0.0690267826
0.0677861696
0.0590531712
0.0601294684
0.0668683694
0.1331892978
0.2021879038
0.2463000454
0.27638587820000005
0.29677071120000004
0.21975278999999998
0.1505152172
0.10297978140000001
0.06225230720000001
0.015136933799999999
-0.007219595800000001
0.048627247
0.1277160896
0.22378171519999998
0.3080809632
0.3815785018
0.37619335400000004
0.34081951
0.2538737218
0.1744330132
0.12614240100000002
