0.6727979171
0.5510005014000001
0.4369840550000001
0.4380244394
0.4029653961000001
0.34088013860000005
0.26248403020000005
0.1857376296
0.11645478439999998
0.07035204419999999
0.05685920420000001
0.09251869180000001
0.0956124852
0.09063786509999999
0.09082734199999999
0.09128009979999999
0.09636985539999998
0.0957773345
0.09602020830000002
0.0833869289
0.07856613729999999
0.07840692769999999
0.0848753656
0.0919184471
0.0914509314
0.0938095209
0.0908572217
0.0851912707
0.06593832759999999
0.0511620901
0.0406309557
0.0377417562
0.059154299900000006
0.05205103890000001
0.06652984009999999
0.0657534643
0.06101770790000001
0.0547966784
0.05693662620000001
0.0503958107
0.05538948379999999
0.061404101999999995
0.0661398951
0.0905704886
0.0823547801
0.0760070817
0.0769856994
0.0798563394
0.08864371229999998
0.10404211499999998
0.1053585059
0.09804036940000001
0.08008362969999999
0.0678491032
0.0696830055
0.0701996275
0.079327522
0.0795218197
0.06566702140000001
0.04964696780000001
0.0372614518
0.04208675060000001
0.0736389303
0.0887139163
0.0855683675
0.08747213310000002
0.0785089132
0.0991786283
0.14244357970000002
0.17468629910000003
0.1946494721
0.19539481360000002
0.1904008867
0.18691713029999998
0.1726099019
0.1859725313
0.1974190975
0.18387857870000002
0.14653163400000005
0.09609072650000001
0.0832606534
0.07905423569999999
0.0666076412
0.07864038409999999
0.13499592089999998
0.14790017679999998
0.15693313699999997
0.1633377971
0.16181818259999997
0.1955921875
0.21091589549999998
0.19853171449999998
0.1760338263
0.14509597570000002
0.1031409446
0.0684089743
0.045681764499999986
0.04470681289999999
0.051423385099999996
0.0397676719
0.0400389008
0.08941904170000001
0.1427646084
0.1917721861
0.1984816782
0.2055184445
0.20579165640000002
0.2022606247
0.1848553373
0.1750447412
0.1500919402
0.13529619189999997
0.11324271250000002
0.1028802424
0.153575462
0.17685297789999999
0.192113171
0.1957757953
0.18614995389999997
0.1859450181
0.18391889239999998
0.15044194499999997
0.11923924719999997
0.10373068059999999
0.09299388389999999
0.107637405
0.1304472361
0.1515239663
0.203138384
0.1927726146
0.1883677015
0.19103015909999999
0.2001953206
0.17764937949999998
0.1396770911
0.11617075000000002
0.1012228788
0.0760570541
0.0441266251
0.0570681757
0.0667459837
0.076468973
0.06864714279999999
0.0699292356
0.06410500379999999
0.05109065709999999
0.0354167464
0.0466052954
0.0681601266
0.08945146670000001
0.10995131519999998
0.15800094209999999
0.21605611900000002
0.23127640219999995
0.2374207015
0.2393625959
0.23125250940000003
0.22173002470000003
0.19874761819999998
0.1757305729
0.15061673869999997
0.0893067665
0.03454909899999999
0.032562793
0.0351851351
0.0407256704
0.0474526741
0.035018179100000005
0.0395753076
0.049484868
0.061354125100000004
0.10110804020000001
0.1349870367
0.15267660830000002
0.16825767330000002
0.18181954030000003
0.17647104389999999
0.17635156050000003
0.1746399134
0.1693190927
0.1559538225
0.1062665971
0.0995712321
0.1153479355
0.14301701120000002
0.16160894850000002
0.187179453
0.21241030049999998
0.2342677998
0.23882771849999998
0.24125698820000002
0.25386045139999996
