0.5155528323199998
0.49243350775999994
0.47041413455999986
0.4912522934399998
0.4941514776399999
0.4841656387999999
0.46971036143999995
0.43915103943999995
0.4144556594
0.39338694947999997
0.39387210752
0.40762927919999986
0.41105168631999994
0.41062318983999985
0.41979254624000006
0.42275178056000007
0.42460213163999994
0.42661988776000004
0.40869580387999993
0.39512169
0.38802978288000006
0.3867715732
0.3947723620800001
0.4017891450800001
0.4058902046400001
0.4106197282399999
0.40867905948
0.41008904632
0.39969992144000005
0.38887314728
0.38315272984000004
0.37809954411999996
0.38728270615999993
0.39379380168000006
0.40130829816
0.40326055884000006
0.40720624684000006
0.4083674613600002
0.41207589016000007
0.4106338240400001
0.40138230164000005
0.38905823276
0.38646320123999983
0.3979928168399999
0.4031922235999999
0.4075566549599998
0.4102679713199999
0.4204265914399999
0.42155435743999997
0.41669060504
0.41243654864000007
0.40981989236000016
0.40455459044000014
0.4189956628800002
0.4303677231600001
0.43434914204000014
0.4338433544400001
0.44124964548000006
0.44335443144000003
0.4253055189600001
0.42207705452
0.4238944542000001
0.42707181368
0.42756571384000003
0.4200868875599999
0.42546741156
0.4353689896399999
0.43671210484
0.44517024492000007
0.44875908359999994
0.4477987024
0.44278559804000006
0.43350892412
0.42913917192
0.43514194552
0.44296007268
0.44510440152
0.44129179708000005
0.42751920136000005
0.41482513400000004
0.39963998484
0.39226675652
0.38463969136000004
0.37948614480000004
0.39347774916000006
0.3976602426000001
0.40517261120000003
0.41485571748
0.42558281008000004
0.43116319656
0.43075495916
0.42768370488
0.42533125032
0.40952291199999996
0.4023469782
0.39986190108
0.41101802676000004
0.42006127808000004
0.4281085066
0.44019135656
0.43752606643999997
0.4427752650399999
0.45117233039999993
0.44230092675999994
0.44037346199999994
0.45259603688
0.4614339670399999
0.45677498615999995
0.4585514161999999
0.46969006596
0.47458801519999994
0.47136565252000007
0.4632442766799999
0.4567452666
0.44257353392000004
0.43670707984
0.43994688568000007
0.4402316928800001
0.44607695112
0.4485464454400001
0.45612107628000004
0.45319326784000014
0.44808423852000007
0.4416908170800001
0.42631754323999993
0.4231417144
0.41990013775999996
0.40896960363999996
0.41451502207999996
0.41944464755999994
0.41935247140000004
0.42096550992000004
0.4317674060400001
0.4317593130000001
0.42175374852
0.41150407419999996
0.41295287411999987
0.41919377447999984
0.4165690125199999
0.4345972940399999
0.44080238135999994
0.43477449035999993
0.43564409303999996
0.43284258027999994
0.43253988799999993
0.42716536344
0.4220507346399999
0.41838564803999995
0.41632198236
0.42073584868
0.42348507116
0.4245565518
0.42906569652000004
0.43868439556
0.4411474372
0.43233369635999996
0.43150352692
0.43111855808
0.43399905548
0.43863130052000004
0.44457128859999995
0.43224929328
0.41627793832000004
0.41253527804
0.4096419918
0.40829996972000004
0.40043413016
0.4007611398
0.41674322292
0.42773313908
0.43684367459999995
0.44244321287999994
0.45040533823999995
0.45799006635999995
0.4551570033599999
0.45181195104
0.44659799367999997
