0.5164210434333332
0.5009615894666666
0.4731605284333333
0.48279104596666655
0.47643945273333327
0.46493032383333327
0.44710144536666657
0.4275457025999999
0.40696182006666665
0.3928242112666666
0.3947702785
0.4099977054333332
0.4186318054666666
0.40997762146666655
0.4135975478000001
0.40906593426666676
0.4081505593
0.4038773898666667
0.40203203319999997
0.39389339746666674
0.3939723119
0.3919769610333333
0.40353303736666674
0.40366749020000003
0.4042587368
0.4060876246999999
0.4056832864333334
0.4038843381
0.40157563616666675
0.39907013650000006
0.39750942386666677
0.39501468320000005
0.4018927208666667
0.40497867903333346
0.4071966067333334
0.40102877360000005
0.3945218334
0.3981414012333334
0.3994523106333333
0.3997639456
0.39640332959999997
0.3962054256999999
0.3987163095999998
0.4127474944999998
0.4118674933333332
0.41431128336666656
0.41118389366666663
0.4116848943333333
0.41800625503333333
0.42465666890000003
0.4258621362000001
0.4266535322333335
0.42985150406666683
0.4379543945000002
0.4294304462333335
0.4299463611000001
0.4331771082666668
0.43505031046666676
0.43312193916666675
0.4228454312333334
0.4195344842
0.41799078573333337
0.4217619374666667
0.42703093960000005
0.4315349952333333
0.4350836635666667
0.4409782301
0.43792107866666663
0.4387027904
0.43849226159999993
0.44381413146666665
0.44021425216666665
0.4290725657
0.4229769583
0.4231021097
0.4151983330333333
0.41202591903333335
0.4132557548333333
0.4050297961
0.39868880123333333
0.3993722782333334
0.40928482223333335
0.41305537046666674
0.41831225470000005
0.4277268292333334
0.4267660714000001
0.4211484946333333
0.420311468
0.41199527140000003
0.4167517374333334
0.4137457381666667
0.4206857610333334
0.42404538970000005
0.4244846751333334
0.4313524890666667
0.43525360150000003
0.44020564133333334
0.4437920709333333
0.43394508733333326
0.42746170676666667
0.42322830319999993
0.42563389029999993
0.42615841239999985
0.4308899751333332
0.44440957786666657
0.46182897019999997
0.4752005688999999
0.4785591915666666
0.48269485619999997
0.4686399832
0.4593051024333333
0.4501270567000001
0.4414581141666666
0.4290737222666667
0.43123777816666675
0.43488416910000005
0.44194373016666677
0.4430062132000001
0.4512912627
0.45132795993333347
0.45465344593333334
0.4476074005000001
0.43454900890000003
0.4226171835666667
0.41017278259999995
0.4080836406666667
0.4074590943666667
0.40998764210000005
0.422105297
0.42889314996666666
0.42758566796666664
0.4347996581333333
0.44724151516666666
0.4477095198
0.4393960066
0.43115040756666656
0.4196344215666665
0.41845796113333317
0.4091548169999999
0.42287640656666653
0.42693273876666654
0.42703027096666657
0.42480117583333327
0.42649545539999995
0.4281524626333333
0.42745677499999996
0.4237434704666666
0.41870022389999995
0.4201118323
0.42253102756666666
0.41574362563333334
0.41712858533333336
0.4284451041333333
0.4383419915
0.4448820274333334
0.44860134896666665
0.44420281093333336
0.43433362540000003
0.4316894906666667
0.42930287600000006
0.4284803205
0.40920213493333335
0.40309743223333333
0.40929999233333336
0.41715627743333333
0.42363381646666665
0.43342087306666666
0.4371022135
0.44745169379999994
0.4470000587666666
0.447995598
0.4441995196666666
