0.6776980666
0.6572177295999999
0.6432079734
0.8244679787999999
0.891701969
0.8202214053999999
0.6444622762
0.5100157839999999
0.38865497120000003
0.2579825364
0.25486276820000003
0.3369755744
0.37869139399999996
0.41638670940000005
0.5059768368
0.5142466912000001
0.5150454898000001
0.4494025288
0.4032464738
0.33390936159999995
0.31073523020000005
0.30846646879999995
0.37075299260000005
0.423505334
0.4811866844
0.520762099
0.543601998
0.4868924978
0.44048480859999994
0.3878793282
0.368753749
0.334056865
0.3695190184
0.3694926234
0.3900105202
0.3992611334
0.42183983659999996
0.45653240120000005
0.4067497796
0.3826225556
0.3406367028
0.3258926976
0.2901649004
0.36871317979999996
0.3877519348
0.42368495700000003
0.4180039002
0.4473364138
0.4130592158
0.39610139759999996
0.383427107
0.39070442120000004
0.37286079699999997
0.4109542098
0.45005508259999993
0.46929289399999996
0.47959037860000003
0.4749427944000001
0.4609030658
0.4366381496000001
0.3898698474
0.33109976620000003
0.34701110059999996
0.336334413
0.34541455340000005
0.3715084694
0.4319413904
0.4599818514
0.4865208828
0.45524384199999995
0.4480844254
0.4157635054
0.3679764088
0.40026574299999995
0.4644869882
0.492990074
0.5108217315999999
0.5563360721999999
0.5327480526
0.42474406159999994
0.40793245640000003
0.4298458774
0.40405363539999994
0.3819594778
0.41054499260000005
0.4068216326
0.38847244340000003
0.3952125564
0.4243570684
0.4887755336
0.4831649236000001
0.4690244324
0.44396594780000004
0.4063655178
0.3871581516
0.42389127680000005
0.42735752280000006
0.4068907736
0.39216589020000003
0.3629029306
0.2763896348
0.24663350659999997
0.27307554359999997
0.2925827698
0.3180071374
0.39803374519999996
0.4943751508
0.555133766
0.6124428042
0.5989722296
0.5722952154000001
0.5010279118000001
0.4475902206
0.34405757800000003
0.34469444180000003
0.3286996332
0.3856960418
0.4176160866
0.49929349079999996
0.5763800434
0.6122121036
0.5861437142000001
0.5624460352
0.46312799100000007
0.36381345779999996
0.351739487
0.3399270166
0.3010888224
0.373835217
0.46459015719999996
0.5079936368
0.5440335782
0.5874802186
0.6034120562
0.46338956940000003
0.3828905386
0.3439340776
0.3325273016
0.29071600059999997
0.3745589993999999
0.42576961539999997
0.4519279526
0.4568788147999999
0.47736282059999996
0.46523553240000004
0.44731529420000005
0.41967806380000006
0.3668728608
0.327249016
0.3294489794
0.332793272
0.34525387739999996
0.4150778344
0.4600566716
0.476135662
0.4687516508
0.5039703992
0.5246120608
0.5274605537999999
0.527607297
0.5293820744
0.45304215880000004
0.41477889440000004
0.3720838394
0.3642719692
0.3575845258
0.3883091740000001
0.37058658980000003
0.394759831
0.40621533579999997
0.4289138328
0.43220714959999995
0.4202731032
0.439061082
0.43150692199999996
0.37703639800000005
0.379988753
0.42534214220000005
0.4366299712000001
0.46355497860000006
0.5299396120000001
0.507699231
0.450408962
0.4201416666
0.3826607534
0.34802548
0.29396634320000004
0.33719490179999995
0.39312356379999996
0.4547277056
0.5003030502
0.5983545876
0.618807582
0.6009940482000001
0.5433346572
0.503755215
0.4529810536
