0.6436333031666666
0.6345448583999999
0.6091337655333332
0.6248165383999998
0.6208297769999999
0.6147430308666665
0.6013563941
0.5873502538666667
0.5729137799333334
0.5644390871666668
0.5720798270666668
0.5878957796000002
0.5927943623333334
0.5813579962000001
0.5878861391333334
0.5827739692666666
0.5806988898666667
0.5756033801333333
0.5759860325333331
0.5704819091999999
0.5744646741999998
0.5716587912666665
0.5845119444999999
0.5782215752333332
0.578078981133333
0.5808015868999998
0.5822724410666666
0.5802696129666668
0.5779638222333333
0.5750578205666667
0.5752850244333334
0.5732941892333334
0.5832774626333334
0.5850696889666666
0.5878548770333334
0.5796253177333334
0.5683457786333334
0.5753399924333334
0.5764479147999999
0.5782143049666667
0.5743040126333333
0.5747677540333332
0.5767713446333332
0.5917264708333333
0.5899194884333333
0.5938990395333333
0.5913769360333333
0.5878465093999999
0.5916639465333334
0.5970702565333333
0.5979203363000001
0.6010566753000001
0.6037755647
0.6166535828
0.6059447572666666
0.6059297097000002
0.6095756742333335
0.6120400761666667
0.6111363714333335
0.6004954311000003
0.5965880819000001
0.5949168332666667
0.5997528642
0.6055524411
0.6064693878666667
0.6055654707
0.6130260867666666
0.6065010182333332
0.6085211090666666
0.6060638795333334
0.6094141211999999
0.6062869910333332
0.5969420911
0.5943979562999999
0.5976278635666668
0.5873892531666668
0.5797887915333335
0.5833584356666669
0.5769437446666666
0.5717368723666667
0.5709071631333335
0.5784439729666668
0.5799933249333333
0.5817606700666667
0.5934220994666667
0.5968294749666667
0.5886942346666666
0.5861902770999999
0.5751478572333334
0.5848064640666667
0.5812542099333337
0.5862578074000002
0.5885674414333334
0.5861618617000001
0.5917048636333334
0.5988518890666666
0.6093156292999999
0.6125296200000001
0.5991048640000002
0.5920012712333335
0.5927379641666667
0.5954790616000001
0.5947728238333332
0.5962082602999998
0.6050420165666666
0.6215587195333331
0.6365934339666667
0.6383026857666665
0.6414147924333332
0.6215629660666667
0.6127771085333333
0.6068635313
0.6027964342000001
0.5928842771999999
0.5950401128999999
0.5936208124333333
0.6000475483333335
0.6006532441
0.6124895351333333
0.6080380148666665
0.6109975465999999
0.6030413218333331
0.5909584172999999
0.5811703800999999
0.5727769503666665
0.573852265
0.5715186653333334
0.5737110924000001
0.5853778073333333
0.592847224
0.5846868150666665
0.5845702768
0.5938567951333334
0.5965418537
0.5918348435333332
0.5868707832333333
0.5759182466000001
0.5804260963
0.5684836984
0.5893908802
0.5943525552666667
0.5958027483333334
0.5915362278666667
0.5916919797666667
0.5940532076333332
0.5953584425666666
0.5938097616999999
0.5890627419999999
0.5912266613333333
0.5949687587666667
0.5844562078000001
0.5842093318333333
0.5921716386333332
0.5996202514999999
0.6047803991999998
0.6064303781
0.6030589842999999
0.5922700956666666
0.5913852727666666
0.5902925960666666
0.5955704662999999
0.5794952461
0.5737695593333333
0.5773526533666666
0.5798002771
0.5811337331666665
0.5917716519999999
0.5937700951999999
0.6064654487666664
0.6022622132666664
0.6049711518999998
0.5999531644666667
