0.7831551141
0.7012472815999999
0.6533805337
0.6971387944
0.6635778154
0.6399306268
0.6123604653999999
0.584480993
0.5568136225000001
0.5496304821
0.5566161471000001
0.595193233
0.5701450538999999
0.5739517824
0.5917487950000001
0.5807657306999999
0.5762470116999999
0.5742688359999999
0.579084406
0.5762997028999999
0.5911286483
0.6071940606
0.603875709
0.6033590383999999
0.6071627205999999
0.6235327351
0.6154617052
0.6033009326
0.5828433113
0.5673870765
0.5684946858
0.5613000451999999
0.6043623240999999
0.5667631677999999
0.5647469018000001
0.5440234420000001
0.5503879527
0.5492403718000001
0.5660303803
0.5677589482000001
0.5637706885
0.546482268
0.5452978004
0.5645425194999999
0.5623273209999999
0.5748485836
0.5809676653
0.5882675345
0.5850177751000001
0.590027437
0.593589699
0.6121002544999999
0.6001722634000001
0.6239033796
0.6364904083
0.6200039275999999
0.5736817178999999
0.5885120709999999
0.5782955889999999
0.5768565296999999
0.5655516504
0.5657207396
0.5848439700999999
0.5867335133999999
0.5709407360000001
0.5868446074
0.6194814248999999
0.5867599227
0.6116784755
0.6243268029
0.6346196595
0.6253490317999999
0.6263104606
0.6393238553999999
0.6104031274999999
0.6109405940999999
0.6355638799
0.6608482347999999
0.6434350497999999
0.6003029607
0.5895929358
0.5936807284000001
0.5881041619
0.5905999544999999
0.6380643000999999
0.6189112106
0.5840329554999999
0.5718948972
0.5704498019
0.593561875
0.6040297683
0.5998312129000001
0.5764116508000001
0.5532700590000001
0.5444161631
0.5323159547999999
0.5197695391999999
0.517332175
0.5169463822999999
0.5213457814
0.5190987853
0.5418199776000001
0.5754641621000001
0.6014119967
0.5977858352
0.6392612594999999
0.6622802093000001
0.6693437591
0.6380473875
0.6395117358
0.6206340762000001
0.6171222317
0.6138265114
0.6038035294
0.6329125926000001
0.6249784529
0.6458971394
0.6509129259
0.6423208222000001
0.6151462965000001
0.6384810310000001
0.6274949755
0.595027798
0.5834092547999999
0.5844276219
0.6004364462
0.6016029532
0.5946513723000001
0.6438761676
0.6100308659000001
0.5792162184000001
0.5759733867000001
0.5995349932
0.5914400474
0.5677801241999999
0.5554475382
0.5526425523999999
0.5563954340999999
0.5512716156
0.5989368822000001
0.6152953904
0.6056556033
0.5783124607000001
0.5686618380999999
0.566123105
0.5656728106
0.5603104904
0.5700864708
0.5609856388
0.5695739239
0.5595488364000001
0.5720818404
0.6037229314999999
0.6295236756
0.6416013013999999
0.6394920009
0.614801697
0.6147963839999999
0.5931938407999999
0.5996618345000001
0.608213439
0.6096708013000001
0.5925732914000001
0.5768904256
0.5744352165000001
0.5809105162
0.6063170977
0.5823053712
0.6195005043999999
0.6156705179
0.585606348
0.5708753538
0.5802186930000001
0.5924466533
0.5983046796999999
0.5988886172
0.5880581582000001
0.5797085318
0.5614614731
0.5555454358
0.5928916119000001
0.5579395832
0.5485166936000001
0.5627208812
0.5666609350999999
0.5636020660999999
0.5809397001
0.6192963826
0.6384343688
0.6355706861
0.6364154958
0.6710445563999999
