0.6333003138799999
0.6176325258399998
0.6036081707199998
0.6296149209199999
0.6338098892399999
0.6273381929199999
0.6192642950799999
0.59085227952
0.57452413656
0.56155791716
0.5694513622800002
0.5833182952800001
0.5835763302800001
0.5838967276800001
0.5953335936800002
0.5987638165199999
0.598840127
0.59880481196
0.5785039546799999
0.5676044850399999
0.5644142802399998
0.5653961831599998
0.57521445744
0.5807281668399998
0.5857376549599997
0.5919657996399998
0.58693422952
0.58721639772
0.5726872000800001
0.56201553228
0.5579022543600001
0.5549056250400001
0.56897118764
0.5733916615200001
0.5788835415200001
0.5799885852000001
0.5855896492400001
0.58596493004
0.5891112274
0.5896568649999999
0.57850595108
0.55985829412
0.5626310864
0.5780046299999999
0.58372739268
0.58859986856
0.5917227639999999
0.6002063693599999
0.59739248064
0.5909295801200001
0.5877355186400001
0.5890579568800001
0.5792159353200002
0.5968590123999999
0.6085271854400001
0.61250829892
0.6094753106
0.6154235398
0.6191149127600001
0.59907985632
0.59467587668
0.59844340704
0.6034863238799999
0.6046716804799999
0.5940522064
0.6003439021999999
0.6174749147999999
0.6152603761599998
0.6240366589599999
0.6235629644799999
0.6160197007599999
0.6057682933999999
0.59830669472
0.59815819588
0.603100662
0.60721796656
0.60961483
0.6111210674
0.6006732923600001
0.5915987085600001
0.57509821888
0.56353649636
0.55471538048
0.54920720664
0.56747772356
0.57048124304
0.5721172690799999
0.5769674383200001
0.5838640711200002
0.5905918583600002
0.5949655483600003
0.5909762887200002
0.5872112193600001
0.5681861798400001
0.5680566978400001
0.57117038928
0.58535297956
0.5937400840000001
0.5972055621200001
0.6063321454
0.6033450222
0.6094026593199999
0.6170117293999999
0.6038064851199999
0.5963487511999999
0.6136364197599999
0.62844315408
0.6248183331999999
0.62379071112
0.6315648815999999
0.63588008656
0.63331584956
0.62468661348
0.6207921534799999
0.60124676348
0.58961840332
0.5939204250400001
0.59689482684
0.6051477750800001
0.6028722369599999
0.60980547136
0.6075239778399999
0.60171418256
0.59977938796
0.58765647932
0.58574517832
0.5778238106000001
0.56785464076
0.57568418144
0.58326296036
0.5806821832
0.5806501838
0.59173765168
0.59080994156
0.58171500012
0.5693901344
0.5660153654800001
0.5714832644399999
0.56994318464
0.59589113456
0.6047924962000001
0.59618150792
0.597842208
0.59151145892
0.59446768424
0.5904964947199999
0.58882666504
0.5859544073599999
0.58019070864
0.58609046828
0.59103854652
0.59644610568
0.5994393722
0.61184692544
0.6142866493999999
0.5984699096799999
0.5930526104
0.5900072962399999
0.59277511444
0.5975827706000001
0.6067744588399999
0.6028366328
0.58983361232
0.58462204444
0.5798643031599999
0.5798297540799999
0.5703077648799999
0.5634954200799999
0.5805859305999999
0.5843824108399999
0.5889299096799999
0.5913441923199999
0.6005228488
0.60923962172
0.6043184909999999
0.60203174592
0.59619874836
