0.7293428198
0.715760302
0.7055998929999999
0.8811789865999999
0.9190395574
0.8433333682
0.6974042086
0.6202579186
0.5338997545999999
0.42618769279999996
0.4598689502
0.5566532534
0.5821169108
0.6150610819999999
0.7110600843999999
0.6903186480000001
0.6696774498
0.5895287951999999
0.5700577776
0.5126883888
0.5075255134000001
0.5159139772
0.595158989
0.6247003994
0.6774064691999999
0.714377518
0.7382597382
0.6474457423999999
0.6164863657999999
0.5724780718
0.5702038836
0.5300801516
0.5928166454
0.5872999542
0.5995727653999999
0.6054788743999999
0.6303574731999999
0.6586623016
0.5828624772
0.5685529932
0.5235675994
0.5130634806
0.48228270240000004
0.589882107
0.6115459983999999
0.6497858676
0.624075883
0.6504703772
0.5813049714
0.5533747422
0.536295503
0.5737655574
0.5625564608
0.6250336034
0.6608613419999999
0.6855462038
0.6891507298
0.6767209855999999
0.6619886826
0.6514160816000001
0.5956402975999999
0.49743172160000004
0.5416647564
0.5337945541999999
0.5429935708
0.5758654014
0.6757232606
0.6710611244
0.6817249519999999
0.6381292204
0.6371487288
0.6064974368
0.542440571
0.5823868018
0.6501343708
0.6697677978
0.6804453548
0.7466523462000001
0.7373235032000001
0.6103782908
0.5894817258
0.6271802432
0.6113755244
0.584578737
0.6242554312
0.6273194988
0.5947522648000001
0.6006137142
0.6321837056
0.6905209236000001
0.644603649
0.6028847132
0.5775959012
0.5465958576000001
0.5328934342
0.5951173986
0.6369534432
0.6173229765999999
0.6009597311999999
0.6012053184
0.5207279052
0.45109832660000004
0.4612751472
0.4775855042
0.48928350159999995
0.5669689796
0.6740694406
0.7279912672
0.7622544662000001
0.7382334532000001
0.7487573272000001
0.6931945346000001
0.6531856792
0.5505332688
0.5819091276
0.5327607808
0.582437853
0.6165548456
0.6999816261999999
0.7255822426
0.7518906444000001
0.7476727502
0.7239335244
0.6233739838
0.5342156748000001
0.5581073494000001
0.5415826626
0.5002008755999999
0.5780157362
0.6700208651999999
0.6786859134
0.694158659
0.7203727429999999
0.7470216102
0.5837238152
0.5096187744
0.4870615024
0.510895277
0.46643539800000006
0.588557121
0.6396347338
0.6555272632
0.6400832144
0.6736597900000001
0.6516878962
0.6322893714
0.5938103650000001
0.5512608278
0.5032946344
0.5151785673999999
0.5362811188000001
0.5666589214
0.6306304164000001
0.6559959074
0.6643127591999999
0.6230521421999999
0.6158653046
0.61390992
0.6374406692
0.6569583284
0.6939899214
0.6489573286
0.6520552331999999
0.5861493851999999
0.5811225295999999
0.5615635004
0.6146122752000001
0.5757505717999999
0.6077509266
0.6059767284
0.6400733872
0.6408407765999999
0.6288711567999999
0.6743912322
0.6688457168
0.5735548300000001
0.5425477782
0.5725861122
0.5511031466
0.5657351662
0.6566306398000001
0.669603621
0.6237264943999999
0.608729442
0.579598651
0.5702998551999999
0.4855516058
0.5132918463999999
0.5577449498
0.5931771371999999
0.5945346262
0.7095093816
0.7603246532000001
0.7528021978000001
0.710204264
0.7088360839999999
0.6680173620000001
