0.6460778599199999
0.6310818381999999
0.61853250132
0.6449796000399999
0.64927643852
0.64308479956
0.63558172544
0.6069016712
0.5920410758800001
0.5799641414000001
0.58845890264
0.6021169140400001
0.6014134165600001
0.6027211158000001
0.61464115592
0.6175808874800001
0.616857758
0.6167224947199998
0.5962813948400002
0.58613973768
0.5842306777599999
0.58553496416
0.5952732761599999
0.6002462607200001
0.6059112595999999
0.6126827485999999
0.60716734532
0.6063355537999999
0.59156717512
0.5811049142
0.5770663456000001
0.57426850916
0.5893576974800001
0.5932766226400001
0.5987815682400002
0.6001348096400001
0.6060826248000001
0.6061385655200001
0.60821436832
0.6091502314799999
0.59816709428
0.5794974744799999
0.5827390564799999
0.5984007837199999
0.6040383469999999
0.6086266546799999
0.6120294304799999
0.62049474088
0.61676935272
0.6093549913999999
0.60609922692
0.60851374124
0.5988887796400001
0.6169857188000001
0.62870691712
0.6327936858800001
0.62984970072
0.63570795672
0.6394436987600001
0.61861030688
0.61358079028
0.6174556033999999
0.6226388644799999
0.62396170964
0.6131781768
0.6199166305199999
0.63691971204
0.6344286560400001
0.6436395399200001
0.64268364736
0.6336642800400001
0.62235200256
0.6157356114
0.61661372104
0.62163649012
0.625258014
0.62844320384
0.6307120925199999
0.6203283069199999
0.6118506796399998
0.5954500354799999
0.5825737981999999
0.57363665272
0.56838070712
0.5876317218
0.59094748624
0.59195163768
0.59695980128
0.60391585296
0.6104273262000002
0.6152350519200002
0.6116400916400001
0.60747419428
0.5875857656
0.5887049670000001
0.5928664782800002
0.6075507196000002
0.6152659831600001
0.6182629193200002
0.6272427286800002
0.62422112744
0.6296945810000001
0.63658809272
0.62274576984
0.6138447999600001
0.6316970162800001
0.6477914482000001
0.6443732384
0.6428318162400001
0.64999227268
0.6540404030400001
0.65180929188
0.6428495335600001
0.6397852450400001
0.61909034508
0.6062126924800001
0.61058268544
0.6143914531200001
0.62296567088
0.6204199437600001
0.62758748308
0.62520056748
0.6190971268800001
0.6177013036400001
0.60564107448
0.60366722848
0.59442809044
0.58456258756
0.59368543376
0.601833653
0.59930198236
0.5994433422000001
0.61064849572
0.609281468
0.6006920318
0.5881752281200001
0.58378467132
0.5893559311200001
0.5873652798
0.61533893444
0.6250494575200001
0.6161638365600001
0.61758792236
0.61130807724
0.6138520161600001
0.6094352108400001
0.6079808389600001
0.60472139384
0.59812630456
0.6047097826
0.610992014
0.61738692128
0.6202434596399998
0.6323456241199998
0.6354432124799998
0.6184467562399998
0.6125646926399998
0.6086345987999998
0.6113670719599998
0.6157276938799999
0.62516245576
0.6233123559199999
0.6105979136799999
0.6056248265199999
0.6002557583999999
0.6004244425199999
0.5906312113599999
0.5828452363199998
0.5999439394399999
0.6026666799199999
0.6070186676799999
0.6096106326399999
0.6197600525999999
0.6289541936799998
0.62351218704
0.6207712070399999
0.6150459497199999
