0.6971499483
0.6559482665
0.6485812134
0.6288552194
0.6060943996000001
0.5837979542000001
0.5645049606000001
0.5395822294000001
0.5255242386
0.5197047682
0.5159006556
0.5060326501999999
0.4954070024
0.4842529281
0.47089065769999994
0.4570402820000001
0.4462392672
0.4297745906
0.4073647982
0.388738134
0.37398272850000003
0.3568553803000001
0.34906378070000005
0.33967269609999995
0.3335383595
0.3278292791
0.3156905268
0.31844024549999994
0.3181065879
0.3165025296
0.31583351789999997
0.31490292929999997
0.3169952397
0.3220382376
0.32608162269999996
0.3330141544
0.33423381
0.3329459866
0.3330025365
0.3316446589
0.330767086
0.3309693359
0.32715144620000003
0.32521629409999997
0.32269423369999994
0.31730678770000004
0.3130292455
0.30704139680000003
0.29749720150000003
0.28900260170000003
0.28059538800000006
0.27513706930000004
0.2697275512
0.26220991369999996
0.2558635881
0.25043481489999997
0.2464287333
0.2456798939
0.2469032647
0.2480567513
0.2502075212
0.2502821082
0.25221624219999994
0.25500446369999996
0.25770714939999995
0.2603182004
0.26278757389999996
0.26296802369999994
0.2642527561
0.2651522329
0.2653678555
0.26469682010000006
0.2627099074
0.26045530470000006
0.2591721668
0.2562822153
0.2531104169
0.2500357047
0.2456903531
0.2408051876
0.2366612594
0.2327733748
0.22780164099999997
0.22390294640000002
0.2205832403
0.21860438870000004
0.21708496079999998
0.21554940390000002
0.21474267940000002
0.2151213133
0.21419394230000002
0.21464703570000002
0.21512626350000003
0.21613814110000001
0.21560553370000002
0.2157993702
0.21654999390000002
0.2155894149
0.21625019129999998
0.2159677458
0.21602783409999998
0.2162612668
0.21665437459999998
0.21529319349999998
0.21347408689999997
0.2125945283
0.2114703403
0.21040029040000002
0.2080879323
0.20549285459999997
0.20412368449999999
0.2018276487
0.199502538
0.1984028559
0.1984377593
0.19683259559999997
0.19402012500000002
0.19219164100000002
0.19136885360000003
0.1895962418
0.1870438321
0.18504065760000002
0.1823357617
0.1800776271
0.17751808460000001
0.1763422929
0.1761155459
0.175305671
0.1742887327
0.17378193299999997
0.17383027960000003
0.1726939246
0.17299064220000002
0.17291863760000004
0.17239118920000002
0.17139859970000001
0.1704904394
0.1700180036
0.1687699335
0.16843387499999998
0.16641802330000002
0.16684887649999997
0.1658301371
0.16452226050000002
0.1639650352
0.1634156004
0.1626568351
0.16115168289999998
0.1604705683
0.1598258269
0.1598445951
0.1588006357
0.1585015831
0.15893973069999998
0.15861963899999998
0.15851149909999998
0.15777594309999998
0.1576600576
0.1573489443
0.1567841123
0.1571809032
0.15718676390000003
0.1567526019
0.15479044770000003
0.15277304070000003
0.14966308379999999
0.14817775900000002
0.1470000712
0.14571500259999998
