0.6264409696000001
0.5708330386
0.556467088
0.5288580985
0.49673506539999995
0.4633253252999999
0.4421504068
0.4176281456
0.4038256906
0.3961119302
0.3930251766
0.3838801758
0.3740965924
0.3644995235
0.35217557019999995
0.34085411839999996
0.32782827079999993
0.31363962059999995
0.29641338329999994
0.28000920129999995
0.2670866124
0.2546892009
0.24755859520000004
0.2381141179
0.23270153649999997
0.2283773975
0.22181339179999998
0.22398359010000002
0.22484674620000003
0.22675789450000003
0.2285960321
0.22879069310000003
0.23000986580000005
0.2345583467
0.23872397050000002
0.24282902330000003
0.2453054166
0.24459776940000003
0.24334103859999998
0.24119570170000001
0.2389750159
0.23761994139999998
0.23477849779999999
0.23146068209999998
0.22741289390000002
0.22194996530000002
0.21633232360000001
0.2112283403
0.2042417806
0.197268903
0.191718234
0.186919371
0.18273800489999997
0.1787095698
0.17557507349999998
0.1743575084
0.1727893643
0.1712813725
0.17243246140000001
0.174645675
0.17561824310000002
0.17701315360000003
0.17792447520000002
0.17938005890000003
0.18064581200000002
0.18146748380000002
0.18306794580000002
0.1835162655
0.1841529146
0.18411336949999996
0.1840159223
0.18274540099999997
0.1810444793
0.1788601341
0.17651816869999998
0.1729223094
0.1701044258
0.16801756569999998
0.1643868953
0.16098623210000002
0.1578733133
0.15495561420000004
0.15181293589999997
0.1492035853
0.1469517471
0.1467838478
0.1464389792
0.1449877579
0.1450200437
0.14465212810000003
0.1446159821
0.1450076002
0.1455186483
0.1467244241
0.14714713409999997
0.14718502809999998
0.14679577729999999
0.1470083962
0.14696995370000002
0.1467830863
0.1464873226
0.1462627191
0.14595746680000002
0.14453593790000002
0.1434296116
0.1426552738
0.1421622371
0.1418052562
0.14059531229999997
0.1389315957
0.1375509282
0.1365532726
0.1354600405
0.1345137051
0.13369047509999998
0.1327785331
0.1315869418
0.1305300991
0.1304268151
0.13034669159999998
0.12983148109999998
0.1288778792
0.1281148203
0.127856923
0.12775115000000004
0.12704671490000002
0.1269735008
0.12667351620000003
0.1263628884
0.1263958469
0.1259461155
0.12601347450000003
0.1261003585
0.1257230801
0.1255510697
0.12564658950000002
0.12517950130000002
0.12408348070000001
0.12291206699999999
0.1222052579
0.1214373608
0.1208519102
0.12026675800000002
0.1202625662
0.119898904
0.11948277339999999
0.11918536440000001
0.1191228838
0.1188646616
0.11848805329999998
0.1187460686
0.11872566030000002
0.1184885586
0.11800116570000001
0.11765566710000001
0.1172588295
0.11688671780000001
0.11676386989999998
0.1163961413
0.11637844900000001
0.1160755434
0.11603420710000001
0.1155840403
0.1146966393
0.1134285883
0.1125352284
0.11168294990000002
0.11115627689999999
0.11086627439999999
