0.4594036955
0.3832682359
0.35808225949999994
0.32191809150000006
0.2808720524
0.247404635
0.23017268639999994
0.2121880848
0.20079188860000002
0.189636374
0.18728686800000002
0.1780210949
0.1713057305
0.1649231205
0.1558167673
0.14926007580000003
0.1426156718
0.13837704990000002
0.1340716684
0.131788556
0.1284235017
0.1261251732
0.1236116875
0.1212412915
0.119974527
0.1195319099
0.1185364517
0.11706927809999998
0.11573562059999998
0.11357894959999999
0.11240198599999998
0.11060028109999998
0.10882962059999998
0.1076553088
0.1060356431
0.10484926000000001
0.1035962064
0.10266455
0.10172973510000001
0.10109147599999999
0.10031008649999999
0.09959142459999999
0.0984990594
0.0974254688
0.09643167609999999
0.09514677279999999
0.09435743099999999
0.09347728039999999
0.09216852140000001
0.0909105385
0.0896375618
0.0880451661
0.08724563020000001
0.08624858869999999
0.08554075489999999
0.08490134299999999
0.0839572887
0.08310821660000002
0.08279786750000001
0.08263739249999999
0.0824867057
0.0825389913
0.0821366436
0.0821513634
0.0817736531
0.08160541479999998
0.08162033209999998
0.08134430670000001
0.080960129
0.0805868226
0.0802086478
0.0796707504
0.07921703940000001
0.0786837919
0.0780023096
0.07737540829999999
0.0766818713
0.0763560694
0.07600817499999998
0.0753620254
0.0746728839
0.07392876500000001
0.07293148270000001
0.0718796555
0.071249045
0.07061396219999999
0.07006758399999999
0.0692024672
0.06841506250000001
0.0679533046
0.0675811752
0.06735494280000001
0.06740725219999999
0.0674679029
0.06743439920000002
0.0673727176
0.06719612300000001
0.067004844
0.0668753372
0.0667822393
0.0664005562
0.06614375079999998
0.065843555
0.0654883976
0.0651066225
0.0649016204
0.0647561537
0.06470656509999999
0.06438533579999998
0.06413088149999999
0.06388837839999999
0.06373362410000001
0.0636511507
0.0635686186
0.0635324891
0.0633431953
0.06280097329999998
0.062396753699999995
0.0621464578
0.06159598980000001
0.06108633010000001
0.0605624967
0.05988597889999999
0.0592891571
0.058757375900000006
0.0581992359
0.05799861919999999
0.057626068299999986
0.0573350695
0.05718964390000001
0.0570685368
0.0569180428
0.0568036859
0.05676825320000001
0.056605579
0.0565975308
0.056327562
0.05631207540000001
0.0562077049
0.056241021999999995
0.056362499499999996
0.0563463979
0.0564367098
0.0563034406
0.056337441099999996
0.0562524071
0.056184032800000006
0.056119446
0.055959199000000015
0.055630622399999996
0.0553761528
0.0552707913
0.0550471658
0.0549144569
0.054647598500000005
0.05432608260000001
0.05393196480000001
0.0533693866
0.0528982643
0.0525437002
0.05212280579999999
0.051664222999999995
0.051110447999999996
0.050585346100000005
0.05008750470000001
0.0495958301
0.049356226600000004
0.049178931800000006
0.0491369108
