0.7179701451
0.6810016001999999
0.6750784467
0.6557161964
0.6348077337
0.6159960577
0.5962447402000001
0.571283208
0.5580829335999999
0.5507640013
0.5483816441
0.5417443880999999
0.5323640077999999
0.5224557065
0.5114351024999999
0.49958091590000003
0.4936423432
0.47549204310000004
0.45286678280000003
0.43636619000000004
0.4211045265000001
0.40276646340000005
0.39452561620000004
0.3853925692
0.37718121190000004
0.36675666920000005
0.3497518142
0.3555255674000001
0.35475362720000003
0.3501639165
0.3492635559
0.3454188552
0.3491227745
0.3553602265
0.3611055599
0.3716413847
0.375352713
0.37385581170000004
0.37380905810000004
0.3743028947
0.37207018649999996
0.37274344209999993
0.36779804950000006
0.36598668180000005
0.3650262661
0.3603901178
0.35625366449999996
0.34906931049999995
0.3393073473
0.32954974150000005
0.32047781630000005
0.31449493000000006
0.30931607240000003
0.3016545635
0.29506273389999993
0.2891077289
0.2825398864
0.282308658
0.2822228249
0.28155803709999994
0.2831413204
0.28459252439999994
0.2875660057
0.2912462984
0.2930848531
0.2944607439
0.29765515849999996
0.29729440909999993
0.2993672072
0.3019768632
0.3035699717
0.3032260821
0.30106752289999994
0.2986287378
0.29711563029999993
0.2946843077
0.292022943
0.28982949710000006
0.28625832360000003
0.28160921040000003
0.27566029670000003
0.26917053729999996
0.2612696803
0.25572710100000007
0.2500886408
0.2473750168
0.24597184490000004
0.2431466935
0.2411594119
0.23948302580000003
0.23927811410000005
0.23896984000000004
0.24113943190000003
0.24222902880000002
0.2428897122
0.2435140769
0.2429188197
0.24213440670000003
0.2424766254
0.24314159159999998
0.24363589619999995
0.24520013360000004
0.24457016620000002
0.24341794259999996
0.241970348
0.2408055033
0.23965686919999998
0.23820349789999998
0.23534372399999998
0.2321782721
0.2294648568
0.2269952307
0.22412008170000003
0.2206211784
0.2176387907
0.21416341519999998
0.21130926910000003
0.2095639696
0.2089193549
0.20754367989999997
0.20610848939999998
0.20400760089999997
0.2029761847
0.2033174497
0.20368131970000003
0.2042061376
0.20382248159999997
0.2039702612
0.20470721730000002
0.20556584550000007
0.2053931583
0.20553784330000005
0.20579642710000004
0.20555007320000002
0.20527521310000002
0.2047376856
0.2040427626
0.20195825520000002
0.199211974
0.1971379923
0.19493340900000003
0.19292934930000002
0.19126443180000002
0.1892053492
0.1869086446
0.18554533310000002
0.18451345999999996
0.1835673934
0.18289509569999998
0.18250120730000002
0.18298371640000002
0.1831094543
0.18338640699999997
0.184311357
0.1854419459
0.1858148032
0.1860848785
0.18644079519999998
0.18732911439999997
0.18757549820000002
0.18737675469999998
0.1880346328
0.1880137365
0.18786000999999997
0.18659874699999998
0.18467491630000002
0.18349603050000002
0.1833023085
0.18173942869999998
