0.6348403002666666
0.6036511307333333
0.5964458492
0.5877432234000001
0.5767206994666668
0.5630587384666668
0.5473394541333333
0.5259344476
0.5046783673333334
0.48773918419999995
0.47476718939999996
0.4638451312
0.45057476733333335
0.4400829426
0.4318165224
0.42318192133333343
0.40890640060000005
0.3989221484666668
0.38077733900000005
0.36362824506666674
0.3493862717333334
0.33695038226666674
0.3325969294000001
0.3293187158
0.3288911036666667
0.3290440785999999
0.321348842
0.32373591453333334
0.32389296526666667
0.32185723753333334
0.322073889
0.3218693354
0.32185173333333333
0.3248719427333333
0.32762863659999997
0.3310026165333333
0.33153471473333335
0.32954338166666663
0.3286327694
0.3259850402666667
0.32305606886666666
0.3206202128666667
0.31521583806666675
0.308511252
0.30290928926666666
0.2960567722666667
0.2921368876
0.2873977580666667
0.2814376875333334
0.2754643264
0.2695012214666667
0.2642598111333333
0.2609014698666667
0.2563025657333334
0.25315096766666667
0.2513239279333333
0.2503054627333334
0.250847655
0.2531091956666667
0.2546006915333333
0.2559830964
0.2560268142
0.2563951182
0.25766446066666665
0.25934339753333335
0.26127928833333336
0.26248418726666667
0.26220099733333335
0.262143889
0.2620109685333334
0.2600328924666667
0.2579123533333334
0.2549414265333334
0.2514550536000001
0.24807542300000002
0.24550799433333334
0.24247472120000005
0.2387567422
0.23524401586666668
0.23229830680000002
0.22885724793333334
0.2261711138
0.22350109086666667
0.2209799700666667
0.21870818733333333
0.21744914566666665
0.21683246706666667
0.2154837814
0.21554254120000002
0.21549853753333334
0.21494932179999998
0.21535552653333337
0.21535960680000002
0.21587813333333336
0.21563119100000003
0.21573144260000005
0.21628333773333336
0.21622042853333331
0.2159095506
0.2144003866
0.21388304579999998
0.2132377296
0.2122089580666667
0.21051132746666668
0.20888940493333333
0.20794765213333335
0.20646844093333336
0.20549584393333337
0.20401132700000002
0.20271372893333336
0.20108622013333335
0.19841030173333335
0.195900469
0.1945617675333333
0.1929708415333333
0.19091385466666663
0.18884865246666668
0.18678615813333335
0.18533779020000005
0.18406388226666667
0.18256529240000002
0.18126889986666672
0.17976922433333337
0.17848568539999998
0.17653362400000003
0.17557897733333333
0.17463118553333332
0.17398549226666665
0.1730376462
0.17259384719999998
0.17213513746666673
0.1715687544
0.1715573856
0.17094722300000004
0.1704774842666667
0.16896279760000002
0.16845340593333333
0.16766846966666668
0.16652666473333336
0.16604924866666665
0.16519201800000002
0.1648773614
0.16366474606666667
0.16264851013333334
0.16210057606666667
0.16126012786666666
0.16066020346666668
0.159990856
0.15997319620000003
0.15950642466666665
0.15992100186666666
0.15882873913333334
0.15821802640000002
0.15786629933333335
0.1573132941333333
0.15710366306666662
0.1570134893333333
0.15705813533333332
0.15618644913333332
0.1548045672
0.15313332766666668
0.15174682133333336
0.15055035180000004
0.14904981393333336
