0.5499810215333334
0.5104205320666667
0.4981975489333333
0.48109299713333326
0.4606531211333333
0.4385466261333333
0.42082188206666665
0.4005970017333333
0.3836958779333334
0.3693619227333334
0.3595897874000001
0.3484173535333334
0.3363125706666667
0.3261298536666667
0.31616921173333334
0.3077208175333333
0.2958477447999999
0.28721730146666663
0.2732214961333333
0.26042166026666663
0.24982460133333334
0.2403728308666667
0.23623723580000003
0.23302800213333336
0.2325574279333333
0.23288209333333335
0.22982269300000002
0.23146413160000004
0.23198480506666672
0.2328981730666667
0.2336528752666667
0.23411697466666667
0.23426335193333336
0.23651261593333334
0.23822020473333336
0.23994717226666668
0.24036039273333332
0.23866073673333335
0.23639409566666666
0.23333483933333335
0.22922216406666668
0.22581139500000003
0.22174233493333337
0.21630157186666665
0.2105834930666667
0.20587331273333334
0.20143636233333334
0.19742089373333332
0.1933064498
0.18958775386666668
0.18614382573333332
0.18259101026666666
0.17941091806666665
0.17694942473333333
0.1754053471333333
0.17498549793333332
0.17522358233333332
0.175218317
0.17673196866666668
0.1785056932
0.17930999226666666
0.18002339346666668
0.17992975846666664
0.1805783212666667
0.1810975444666667
0.18142444053333337
0.18186094013333337
0.1817270548666667
0.1810170838
0.17975402233333332
0.17751270313333334
0.17541757493333332
0.1733251521333333
0.17058287886666665
0.16799115786666663
0.16569499353333333
0.16311938573333332
0.16059150179999998
0.15771753093333332
0.15497960740000002
0.15269132013333336
0.15121329373333336
0.14928733786666668
0.1480228186
0.14674713080000001
0.14682410866666668
0.14638816866666668
0.14559222353333334
0.14594255013333332
0.14575354206666669
0.1455657966666667
0.14577340246666667
0.1460843114
0.14653373086666666
0.14663469026666665
0.14662642519999997
0.14627066193333335
0.14623869613333335
0.14561981293333334
0.14493853106666668
0.1442586578
0.14387649373333333
0.1436087166666667
0.14244765633333334
0.14115766466666668
0.14020369193333335
0.13944232546666668
0.13853979233333333
0.13731564719999997
0.1362101236
0.13511946479999998
0.1340926422
0.13332380486666667
0.13304157446666667
0.132435718
0.13165449680000002
0.13058608686666667
0.12941283506666665
0.12882338766666665
0.12875649313333332
0.12811665593333332
0.12770612766666664
0.127466122
0.1276076966666667
0.12757263253333337
0.12709955173333337
0.12687044200000003
0.1264596746666667
0.12568756433333333
0.12555941186666666
0.12532672820000001
0.12524054240000002
0.12477856226666667
0.12431112600000001
0.12387537113333334
0.12335998233333335
0.12278938160000002
0.12218850253333335
0.12162068286666668
0.12122811660000002
0.12101783346666668
0.120688469
0.12012691246666668
0.11973884700000001
0.11916669353333334
0.11875963506666667
0.11848682093333335
0.11845855446666669
0.11834674866666668
0.11819505606666668
0.11823214593333335
0.11804500740000004
0.11779165373333335
0.11716123040000002
0.11681972353333334
0.11648814839999999
0.1163860494
0.11609932546666665
0.11556806713333333
0.11482207940000001
0.1140915858
0.11334986713333335
0.11290346593333336
0.1124046362
