0.6567890706666667
0.6273124126
0.6218420673999999
0.6161224521333334
0.6077776866000001
0.5981094939333332
0.5853480730666667
0.5639750409333334
0.5413807722
0.5235602050666668
0.5111962512
0.5024062412666666
0.48878446499999995
0.4808895097333333
0.4754833241333333
0.4681818064666667
0.4563625552
0.44613664640000006
0.4262538626000001
0.40783834546666675
0.39011293460000007
0.37441119200000006
0.3708921714000001
0.36908812353333337
0.36796920013333334
0.3679702331333334
0.3575468965333333
0.3618904673333334
0.36124949173333337
0.35766459206666673
0.35713750673333333
0.35613535840000005
0.35711230173333336
0.36136578280000003
0.36605032200000004
0.37151257800000004
0.3728746484666667
0.3700721220666667
0.3687381948
0.36757282513333334
0.3645552146666667
0.3633585646
0.35707665906666664
0.3506638633333333
0.34501310973333327
0.3374035324
0.33230279313333333
0.32704562919999997
0.3206351984
0.3147460512666667
0.30924690959999995
0.3032228608
0.3000837314
0.29482129206666663
0.28936762373333325
0.2859043341333333
0.2845286997333333
0.286043426
0.28859449913333335
0.29043612566666666
0.2919021946666666
0.29199634646666667
0.29206928919999997
0.2932963878666666
0.2939770432666666
0.2955458293333333
0.2983194968666666
0.2985493359333333
0.29953177439999995
0.30080785446666664
0.2995975195333333
0.29694995886666664
0.2935782834666666
0.2899710713333333
0.28632661479999993
0.2830121978666666
0.27932974940000005
0.2745328500666667
0.27043837026666667
0.2662157062
0.26213421626666666
0.2587804674
0.2549643972
0.25165818740000007
0.2479048784666667
0.24607473546666672
0.2439610140666667
0.24207280660000005
0.2410855070666667
0.24040270740000003
0.2407034030666667
0.24127932233333338
0.24220754813333337
0.24282453700000003
0.24327351233333333
0.24358198839999998
0.24344653986666667
0.24302178840000002
0.2425911942
0.24206092219999997
0.2417216625333333
0.2417373418
0.2402502588
0.23823433379999995
0.23613255226666663
0.23421584166666662
0.23283081386666662
0.23101223839999996
0.22802089619999996
0.2250590549333333
0.22207334186666663
0.21914343213333334
0.21691279440000003
0.21523527533333336
0.21318144020000004
0.2110844990666667
0.20906463500000008
0.20752736293333335
0.2066700466666667
0.20606108666666664
0.20523419573333332
0.2036949327333333
0.2034795807333333
0.20462596793333335
0.20513281006666667
0.2052376611333333
0.20521701779999996
0.20501566793333337
0.20442385886666664
0.20454877546666672
0.20432032653333332
0.2037183738666667
0.20280096106666667
0.20188898413333334
0.2007705918
0.19905584206666666
0.1979549296
0.19654511500000002
0.19408928013333335
0.19211064153333332
0.19108844306666667
0.18970211833333334
0.18798160526666666
0.1867856658
0.1855879212666667
0.18455319593333336
0.18399939073333335
0.1841638828666667
0.18415553546666666
0.18431327726666666
0.18500937253333335
0.18513913779999996
0.1847658475333333
0.18553484260000003
0.18603249033333333
0.18577414366666664
0.18634683926666668
0.18712811159999995
0.18746547833333332
0.1870449704
0.18613683913333331
0.18539685526666666
0.18470978186666667
0.18382022373333326
