0.37692628040000004
0.32271668733333336
0.30262009686666663
0.27593757326666674
0.2436191553333333
0.21913718526666667
0.20492465746666663
0.19176395300000001
0.18248449380000004
0.17393097380000003
0.17016386726666669
0.16228164460000002
0.15614995713333332
0.15070662453333336
0.14423015773333334
0.13981642973333336
0.13555964866666667
0.13271302146666666
0.1294507624
0.12748974246666667
0.1249938952
0.1226252158
0.11999232219999999
0.11791495793333334
0.11607161260000001
0.11524436986666667
0.11421605486666667
0.11301473526666665
0.11183985599999999
0.11032113386666666
0.10927773406666663
0.10760590459999997
0.10602756386666665
0.10490725366666667
0.10348291193333334
0.10242982093333335
0.10158603679999999
0.10063458946666665
0.09963308813333333
0.09888961819999999
0.09777425859999998
0.09677733786666666
0.0957926704
0.09458272873333334
0.09339950886666666
0.0922886888
0.09121867659999999
0.09035530959999999
0.08931232386666667
0.08852247080000002
0.08750176293333335
0.0863545806
0.08553210853333333
0.08483099453333333
0.08420331980000001
0.08384864406666666
0.08333971680000002
0.08279488506666667
0.08263421853333333
0.08243121386666667
0.08214699826666667
0.08207135793333334
0.08159789286666667
0.08130535473333335
0.08090069826666667
0.08072018059999998
0.08048202459999998
0.08020076693333332
0.07989150146666667
0.07934115859999999
0.07873946666666667
0.07816661126666666
0.07774417673333334
0.0772098958
0.07662627979999999
0.07609849333333332
0.07535431320000001
0.0745922176
0.07383785246666666
0.07311597353333335
0.0723430096
0.07176450033333334
0.07106779526666666
0.0703640762
0.06992694313333334
0.06956900459999998
0.06913636086666666
0.06862633946666667
0.06814433773333334
0.0678308894
0.06747623206666667
0.06727607233333335
0.0671167028
0.067027864
0.06694907266666668
0.06676006726666667
0.06652047206666668
0.06638706466666668
0.0661932278
0.06593310133333334
0.0656898622
0.06554354626666666
0.06531624473333333
0.06497281926666666
0.06474672753333333
0.06443717446666666
0.06421213946666667
0.06415126913333333
0.06398874873333332
0.0637666012
0.06365162159999999
0.06331502793333334
0.06301837719999999
0.06274485939999999
0.06240630573333333
0.061893647600000004
0.06141636813333332
0.060937545
0.06059129626666667
0.06018426413333334
0.059858859933333335
0.05949169133333333
0.059001655599999994
0.05858916
0.05817774226666667
0.05771054193333333
0.05749441446666666
0.057208833133333324
0.05700582653333333
0.0568573236
0.05686632706666667
0.056668401533333336
0.05661905326666668
0.056534858533333336
0.056500173
0.056486050999999995
0.05639293359999999
0.05641592746666667
0.05631807393333333
0.056289188399999995
0.0563222406
0.05617906153333333
0.05616289333333333
0.05599548906666667
0.055850201933333336
0.05567179900000001
0.055688419800000014
0.05557265440000001
0.05545590860000001
0.055226906066666664
0.054964629333333334
0.05456943946666667
0.054118011199999996
0.05372537153333333
0.05332104133333334
0.052918731466666674
0.05267521326666667
0.052233322400000004
0.051873340000000004
0.05153149426666667
0.05111108086666667
0.05062639633333334
0.0502058552
0.04987367413333334
