0.6331758946000001
0.6113729941500001
0.6037212272500001
0.5890859514500001
0.5731214181000002
0.5577884868
0.5449435417
0.5233876255500001
0.5054748582
0.49356509565
0.4847430853
0.4722554257499999
0.4634448119999998
0.4539241378499999
0.4443081571999999
0.43316879254999996
0.42169707869999995
0.41550880525
0.4038102050000001
0.39326505325000005
0.38518404120000005
0.3740926593000001
0.37182419535000005
0.37037639785000004
0.36914338590000007
0.36919902695000006
0.36255226360000004
0.36469068955000006
0.3642813426500001
0.3622334056000001
0.3606668712
0.35908114865
0.358460412
0.36067345415
0.363065913
0.3660157512500001
0.36580318875000006
0.3614625611
0.35655820269999994
0.35192631809999997
0.3462740014
0.3436191860499999
0.33855706095
0.33382062264999995
0.33004449999999996
0.32474892334999994
0.31939677544999995
0.31568898424999997
0.3107650861
0.3055538893
0.30180956835
0.2995437272
0.29844103905
0.29645043095
0.2940737935
0.29178423640000006
0.29009752245
0.28980153355
0.29079501605
0.29176745014999994
0.2933556460499999
0.29390930325
0.29431676430000003
0.29493751809999996
0.2951002417
0.29457252579999993
0.29483905074999994
0.2935619531
0.29281276539999995
0.29179303679999996
0.28961513419999996
0.28619830969999993
0.28116860159999996
0.2771779194
0.27360213554999996
0.27102966225
0.26899739395000005
0.26648809530000006
0.26370886775
0.26054611810000006
0.2574692054
0.25407018865
0.25120455610000003
0.24897806490000005
0.24648917650000005
0.24544454685000003
0.24444533230000004
0.24264055010000005
0.24181801865000008
0.24131230870000003
0.24145700515000007
0.24208498680000004
0.24285479905000001
0.2428234857
0.24243003009999997
0.24215979010000002
0.24128784445000004
0.2401689523
0.23891017469999998
0.23765993184999998
0.23655037649999996
0.23609768215
0.23434512394999998
0.23201956049999994
0.22980456935
0.22748445925
0.22548306914999997
0.22388373374999992
0.22213153944999994
0.219860976
0.2177866731
0.2155014158
0.21354813320000005
0.21196931405000002
0.21066005520000006
0.20918477640000002
0.20756587535000004
0.2067671154
0.2068132861
0.20655476269999995
0.20575082384999996
0.20477272209999997
0.2043863059
0.20443376145000003
0.2044782664
0.20447191159999994
0.20393262209999996
0.20296425820000003
0.20195959565
0.2013519189
0.20016328364999997
0.1992335963
0.19853042945000002
0.1973777112
0.19609192884999999
0.19514150935
0.1942781113
0.1927628243
0.19105353485
0.18981959980000002
0.18895856270000003
0.18801940180000004
0.18732541940000003
0.18675835310000002
0.18617529525000004
0.18568006815000002
0.18529916925
0.18500409430000003
0.18511210505
0.18503835275
0.18518023555000002
0.18557204354999998
0.18570007174999997
0.18608568350000002
0.18602034644999998
0.18524485975
0.18479045449999998
0.18487155184999998
0.18453427154999996
