0.60652530195
0.5809904583500001
0.5719941079
0.5565540737500001
0.5384925286500002
0.5204191181000001
0.5053721139
0.48467841000000006
0.46644451840000006
0.4542214511
0.4449416920499999
0.43144401525
0.42223539155
0.4119628121000001
0.4022145086
0.3924347805500001
0.380964897
0.3741074180500001
0.36273569305000003
0.3526203318000001
0.3449081232
0.3358791548000001
0.33302951020000005
0.33085546684999995
0.3298099911
0.3304217167499999
0.32496216840000003
0.32569311604999995
0.32555456220000006
0.32407359425
0.3233003019499999
0.3229361326
0.32207334294999995
0.32362726584999996
0.32438792819999995
0.32516047104999996
0.32363152775000004
0.3199936917
0.315249869
0.31032363030000004
0.30568123700000005
0.3030532026
0.2984394987
0.2937131039
0.28927891089999996
0.2838708013
0.27972898939999996
0.27636064534999993
0.2722002331000001
0.2685296765
0.26540145460000003
0.26270958875
0.2609718967
0.2586071887
0.25678536875
0.25537650765
0.25460815360000005
0.2543239588
0.25557801040000006
0.2566044921
0.25778768835
0.25748946415
0.25746307479999997
0.2577298842
0.2584396581
0.25830020785
0.2579489954
0.2565018642
0.25497155460000004
0.25297871025
0.25101455745000006
0.24873509745000005
0.24525577420000003
0.24217912555
0.23987770355
0.23744330200000002
0.23509768885
0.23279255429999995
0.23021651625
0.22796325045000004
0.22542760085000002
0.22371020525000002
0.22146395224999998
0.22002054375000002
0.218094387
0.21720187945
0.21681747735
0.21556940940000002
0.21549643535000004
0.21554452954999997
0.2151108882
0.21545415125000006
0.21589031905000003
0.21571566730000002
0.21453981030000002
0.21419694925000005
0.2140101671
0.21299485265
0.2121690618
0.2107303002
0.2100757593
0.20904445775
0.20807845630000005
0.20684802470000002
0.20595592310000002
0.20471356195000007
0.20274523265000002
0.20129596570000002
0.19972839295
0.1975445482
0.19558375830000002
0.19343415315
0.19091914985
0.18924024150000002
0.18797792195000002
0.18658744425
0.18506783545000002
0.18374865600000004
0.18282879315000003
0.1816890874
0.18043705585000003
0.17886729110000005
0.17766320195000002
0.17649813234999998
0.17495463690000002
0.17387044629999998
0.17330299265
0.1726618373
0.17152933310000001
0.17110790399999998
0.17012415145000004
0.16977140055
0.16941038965000002
0.16872044905000003
0.16817811220000004
0.16740710005000004
0.16657363725000002
0.16558484325000003
0.16462025090000004
0.16412985095000002
0.16313130920000002
0.16282475610000002
0.16216586010000003
0.1617309956
0.16129233710000002
0.16096354975
0.1602163891
0.15940587025
0.1589097563
0.15830496959999998
0.15851274915
0.1579936998
0.1576270925
0.1568650892
0.15569633984999998
0.15408729144999997
0.15297685104999997
0.15233006440000002
0.15153197345
