0.5939058087600001
0.5738443848400001
0.5633020576800001
0.5508201844
0.53921308796
0.52730750696
0.5123154292
0.49619527103999994
0.4789854909999999
0.4650086077999999
0.45342041839999986
0.44134447043999986
0.4354809059599997
0.43043515671999993
0.42535556107999994
0.42061450624
0.41198507519999994
0.4073310976399999
0.39789640815999994
0.38914523124
0.38272431463999995
0.3747878004
0.37207762751999995
0.37097649736
0.37050267796
0.3696102144800001
0.36362551476000005
0.3642535002000001
0.3631443677600001
0.36060926168
0.35843855116
0.3561826808400001
0.35389510524
0.3525424086
0.3514500898
0.35109867332
0.34952276108
0.3457697022
0.34190474228
0.33856878863999995
0.33437622036000003
0.33103109331999997
0.32716945863999997
0.32328744796
0.31963108067999996
0.3156986476
0.31321868564
0.3112537798
0.3088796384
0.306081572
0.30333244332000003
0.30099577988000004
0.29896800248
0.29663965812
0.29441131952
0.29297058916000007
0.29200765267999995
0.29205306476
0.2926081946
0.29310792752
0.29301503987999994
0.29200698508
0.29117337236
0.29048116216
0.28902991011999996
0.28759161627999996
0.28665991303999994
0.28363747368
0.28200990503999995
0.280520169
0.27870851844
0.27655871328
0.27340564747999996
0.27044640756
0.26758917919999997
0.26551856436
0.26318578564000006
0.2611754828000001
0.25915463368
0.25688530860000003
0.25468616052000004
0.25243580832
0.24983240100000004
0.24798556260000004
0.24599956372000004
0.24509919976000005
0.24445666188000004
0.24307175044000004
0.24201848128000006
0.24102976364
0.24074424316000007
0.24063034108000003
0.24060592804000003
0.23983221179999997
0.23883541623999996
0.23793513576
0.2368660162
0.23546110571999995
0.23380318787999996
0.23229206959999998
0.23069836359999996
0.22956611272000005
0.22797574312
0.22650834223999994
0.22469700331999995
0.22297290075999998
0.22130152867999997
0.21979781691999997
0.21813951759999997
0.21650796084000004
0.21492646016000003
0.21301505192000003
0.21173578112000005
0.21102405212000006
0.21013520232000005
0.20880796276000002
0.20765391832000002
0.2068349886
0.20622205728
0.20574673723999998
0.20503559167999996
0.20383406467999998
0.20287105051999998
0.20246037036
0.20193488295999998
0.20111596027999998
0.20030195039999996
0.19951517348
0.19833645499999997
0.19749272312
0.19681032915999996
0.19603640832000002
0.19510753400000003
0.19429142876000005
0.19346283800000003
0.19262699179999998
0.19201673947999998
0.1912816318
0.19017811087999997
0.18944316328
0.18897898712000002
0.18825522240000006
0.18736528124000004
0.18700304524000003
0.18638295204000002
0.18568261944000003
0.18561348756
0.18570382432000002
0.18563732528
0.18522746516000002
0.18487559004000004
0.18448189488
0.18418043192000003
0.18401667704000005
