0.46633026027999996
0.43738362756
0.42437437759999985
0.40722115159999994
0.38839555319999985
0.3699626206399999
0.35436880960000006
0.33938163912
0.32546317392
0.31469776824
0.30710483144000006
0.29777576884
0.29138097844
0.28561661068
0.28040468484
0.27607090335999995
0.26902492411999995
0.26433432719999994
0.25775623636
0.25174258436
0.24702637012
0.24234586516
0.23958144923999997
0.23715321672
0.23601273743999995
0.23531926235999998
0.23294159235999995
0.23278987807999996
0.23177515587999997
0.2307040614
0.22897171127999996
0.22700311424
0.22504934727999998
0.2236042818
0.22183968404
0.22065559696
0.21898398404000002
0.216291644
0.21332028532
0.21023093299999998
0.20727630179999998
0.20460258272
0.20155794996
0.19875392767999997
0.19620836583999998
0.19377128487999998
0.19166707883999998
0.18962232631999998
0.18773589343999997
0.18601097711999998
0.18427328895999995
0.18278178448
0.18105305704
0.17983082067999998
0.17888855607999996
0.17859766767999996
0.17823230979999993
0.17754878192
0.17758323484000002
0.17771068339999999
0.17675491912000005
0.17605580640000004
0.17516488136
0.17410175088000002
0.17305301952000005
0.17200398964000002
0.17109880976
0.16976140728000005
0.1682916844
0.16663311223999996
0.16522116099999998
0.16382613663999998
0.16199019443999998
0.1603577448
0.15865554595999998
0.15726338896
0.15587467151999998
0.1545623604
0.1533202882
0.15184661808000002
0.15048880332
0.14944628716000002
0.14837576119999998
0.14760167264
0.14676151299999998
0.14668939423999997
0.14633798884
0.14573832084
0.14537990523999997
0.14482396988
0.14440158751999999
0.14432893631999996
0.14437268931999997
0.14415836343999996
0.14355345243999998
0.14299622639999998
0.1423837062
0.14192723388
0.1411773698
0.14043930868
0.13966660792000002
0.13896067296000003
0.13837726964000002
0.13763931984000002
0.13683327544
0.13605480760000002
0.13521654696000002
0.13436980352
0.13353215752
0.13282653415999998
0.13189036483999997
0.13124498563999995
0.13066368939999998
0.13037010004
0.13001976955999997
0.12937114428
0.12875704191999998
0.12808784443999996
0.12758326464
0.12747432375999998
0.12712862936
0.12669547712
0.12611306548
0.12572944479999998
0.12542568268
0.12483467536
0.12446302928
0.12398250799999999
0.12351756507999999
0.12329520871999998
0.12298914627999999
0.1228184712
0.12251629087999998
0.12213254023999998
0.12172044400000001
0.12151441684000001
0.12116389308
0.12070852496000002
0.12017287600000001
0.1197991368
0.11951423188000002
0.11916776852
0.11878169544
0.11840176472
0.11805139572
0.1176859984
0.11750577540000001
0.11730874880000002
0.11688670492000001
0.11628846896
0.11595337892000002
0.11550018440000002
0.11513750300000002
0.114643248
