0.28585979856
0.25067628111999996
0.23692287807999993
0.21919121132
0.19888691560000002
0.18285171184000004
0.17340486376
0.1645030468
0.15798721288
0.15234839507999998
0.14991108432
0.14478356744
0.14051768552
0.13671822296
0.13196967448
0.12885065224000003
0.12557590164000001
0.12315966112
0.12073258096
0.11890810271999999
0.11693604111999997
0.11501361203999996
0.11306121331999996
0.1114408688
0.11007955795999999
0.10927065651999998
0.10836620275999997
0.10720846491999998
0.10607410111999999
0.10476535075999999
0.10362534956
0.10230651516
0.10100745047999998
0.09981176075999999
0.09845396256
0.09731291728000001
0.09616968851999999
0.09527900575999998
0.09427928835999999
0.09355007287999997
0.09262509235999998
0.09164931819999998
0.09071888887999999
0.08986878424
0.08909466232
0.08836789556
0.08774680247999997
0.08706784319999997
0.08644793968
0.08582294372
0.08514322368
0.0844608812
0.0838569878
0.08328264832
0.08275672092000001
0.08239264556
0.08187213024000002
0.08136374680000001
0.08105404788
0.08065965216
0.08023836228
0.07991556327999999
0.07950116348
0.07918648284
0.07868522911999999
0.07830126191999999
0.07786072075999999
0.07729305324
0.07668676308
0.07610431315999999
0.07548926488
0.07492700036000001
0.07432749292000002
0.07369196248
0.07315708972
0.07269156608
0.07215456504000001
0.07171823144
0.07128987264
0.0708433438
0.0703548928
0.0699371494
0.06944261475999998
0.06896858060000001
0.0686690616
0.06830162523999998
0.06793931684
0.06751322568
0.06708196168
0.06674118264
0.0664463874
0.06626810488
0.06615264772
0.06597085272
0.0658217962
0.06561139172
0.06540573288
0.06529269908
0.06514338412
0.06497285644
0.06475119544
0.06444651708
0.06414844832
0.06384227467999999
0.06348643244
0.06309683672
0.06275228236
0.06244515304
0.062108912079999995
0.06176291107999999
0.06147066731999999
0.06118846444
0.06086145363999999
0.06058094344
0.060319640999999986
0.05996360328
0.05961703799999998
0.059284001359999984
0.05906207903999999
0.05875279008
0.05855432828
0.0582260396
0.05792582352
0.05763657796000001
0.057403054160000015
0.057171324960000006
0.05703520784000001
0.056899983800000005
0.056724872160000016
0.056649370600000006
0.05662075908000001
0.05647465404
0.05641921036
0.05630459471999999
0.05615235275999999
0.05604209171999999
0.055944076679999996
0.0558684228
0.05575662712
0.055632552440000003
0.05552377740000001
0.05528022284000001
0.055045490640000014
0.054756599160000016
0.05452760124000001
0.05425220172000001
0.054078741080000006
0.053787771840000005
0.0535076836
0.05317114552
0.05281710963999999
0.05248415431999999
0.05214237943999999
0.05188998723999999
