0.2583713550666667
0.229138168
0.21766655916666663
0.20269416783333336
0.18555444890000003
0.17206554023333337
0.16377493663333334
0.1558781376
0.1501997258666667
0.1450012932
0.14270411856666668
0.13824884973333335
0.1345823462
0.13127324026666665
0.12727564579999998
0.12454708190000001
0.12158277663333332
0.11937029266666666
0.11717900803333332
0.11548632719999999
0.11371185806666664
0.11210562629999997
0.11031345583333331
0.10877402303333333
0.1074806154
0.10650931423333332
0.10549669636666666
0.10440370283333332
0.10321129236666665
0.10186032136666666
0.10078321143333334
0.0994122906
0.09819143673333333
0.09710978876666666
0.09600269136666666
0.09496579193333332
0.09397030869999998
0.09308334899999998
0.09223204133333332
0.09154646899999999
0.09081145133333332
0.09005852733333332
0.08929377773333332
0.08860847363333332
0.08791536136666664
0.08721784353333333
0.08664501726666664
0.08597660123333331
0.08530883930000001
0.08471158453333333
0.08411097176666667
0.08341830260000001
0.08286643773333334
0.08236124800000001
0.08177223920000001
0.08129405536666669
0.08075316403333337
0.08026953090000002
0.07992205716666666
0.07952874683333334
0.07912274579999999
0.07871283556666665
0.07809505523333332
0.07757160360000001
0.0770083359
0.07653159509999999
0.07612326246666665
0.07563428109999999
0.07512778883333333
0.07463405086666666
0.07415423563333334
0.07365148606666667
0.07318525810000001
0.07267711676666667
0.0722285846
0.0717873627
0.07131519276666667
0.07085446020000001
0.07043285823333334
0.07003252310000001
0.06955153843333334
0.0691424862
0.06872742996666666
0.06827865200000001
0.06793002223333332
0.0676294334
0.06733995356666665
0.06697129210000001
0.06655857849999999
0.06628880846666667
0.06595670326666667
0.0657441059
0.06563398596666667
0.06550830636666667
0.06535783693333334
0.06520584443333334
0.06491775000000001
0.06470272093333335
0.0644690436
0.06416970353333334
0.06379175490000001
0.0634799572
0.06312689486666666
0.06278205776666666
0.062465495833333336
0.06214801719999999
0.0618519154
0.06157646236666667
0.06128895436666666
0.06097217173333332
0.06068108176666665
0.06040472119999999
0.06011360516666665
0.05987534296666666
0.05963181466666666
0.059379987333333335
0.05904238483333333
0.05877829913333333
0.0585630774
0.05834221856666667
0.058172455466666675
0.05794231246666668
0.05770879153333334
0.05745361696666668
0.05723346533333335
0.057016391266666674
0.056836738000000005
0.056685863233333335
0.056500657800000006
0.05635376276666667
0.05626906303333334
0.056178410666666664
0.05609585383333334
0.05599538356666667
0.05586353953333333
0.055725340166666665
0.05548118653333334
0.05526696933333334
0.05502172273333334
0.05480511486666668
0.054620486033333346
0.05442713740000001
0.05419810786666668
0.05393441453333334
0.05369084810000001
0.05339143993333333
0.05315740806666667
0.05288925479999999
0.052664791366666665
