0.5290111108
0.5062787656666667
0.49768399883333336
0.4842602812000001
0.47017447226666675
0.45622250510000006
0.4421449182
0.4292656885
0.4169985415666667
0.4083151439333334
0.401905634
0.39259698660000003
0.3871553409333333
0.3819879539333334
0.37683687996666665
0.3726279051666667
0.36538786800000006
0.36038694090000006
0.35282464086666665
0.3456284408333334
0.34019444413333333
0.3342425485
0.33107015553333335
0.32897574259999995
0.32743807196666663
0.3260500737333333
0.3209845274333333
0.31947587629999996
0.3162021086333333
0.3123832633999999
0.3090653306333333
0.3070031115
0.3046247457
0.30315481513333337
0.3015464815
0.30025191900000003
0.29789726293333335
0.29522242576666663
0.2924676675666667
0.28956800396666665
0.2871899983999999
0.2854628378
0.2830317465333333
0.28081022383333326
0.27875499040000007
0.27601993433333327
0.2740818509
0.2718964381333333
0.2695510741
0.26740386196666666
0.26539025490000007
0.26337199920000004
0.2615512336
0.2592232273666667
0.25758096810000003
0.25567841020000004
0.25410890803333336
0.25289454076666673
0.2522821246333334
0.2513380572666667
0.25074554536666666
0.24925076770000001
0.2475759302
0.24645423826666665
0.24582085216666666
0.24506826813333332
0.2443276505333333
0.24285104409999997
0.24156192953333333
0.24035957793333335
0.23874101906666667
0.2373724102
0.23521260396666666
0.23349879739999999
0.23178698026666664
0.23022865806666667
0.22891512386666665
0.22705817450000002
0.22556107460000002
0.2239647489
0.2222943452666667
0.2212272257666667
0.2198607597
0.21844476033333335
0.2165542869666667
0.21566609573333337
0.21503509833333334
0.21384636973333337
0.2130269343333334
0.21219397123333333
0.21144848696666668
0.21091198373333336
0.21042772536666668
0.20994473016666668
0.20917245996666667
0.20840883136666666
0.20734681973333333
0.20606044876666668
0.20523565906666666
0.20368561406666663
0.2023984502333333
0.20104319103333332
0.1994975581
0.19792455883333332
0.19647664359999997
0.19525647226666668
0.19386867039999997
0.19263253413333328
0.19124850619999995
0.18962367646666664
0.18833259873333333
0.18652074363333335
0.18494298063333334
0.1837997068666667
0.1827823443666667
0.1815244960666667
0.1802087034333334
0.17917177186666675
0.17814250660000003
0.1772706832666667
0.17576404500000004
0.17486115290000004
0.173718847
0.17250617506666666
0.1712914363333333
0.1703854976666666
0.16975427346666663
0.16882511916666665
0.16784307816666663
0.1673472116333333
0.16669763266666665
0.16611447893333334
0.1657741208
0.16546020960000002
0.1649919544666667
0.16444189973333337
0.16364107253333335
0.16294324803333338
0.1621964820333334
0.16168127140000005
0.16114784053333336
0.1609454253666667
0.16036144070000002
0.15941747963333336
0.15845257163333332
0.15719672776666666
0.1562035124
0.1552706039
0.15451150506666667
