0.7232924140000001
0.6469607826000001
0.6593363556
0.6356276102
0.589735503
0.5295895251999999
0.4947052946
0.4535978204
0.4220885868
0.4037346278
0.39706112539999994
0.38959551899999995
0.3816584708
0.3855627944
0.3884892326
0.38898922779999995
0.3781648326
0.366534714
0.3434362526
0.3158619078
0.292719009
0.27749170900000003
0.2607445272
0.24939051399999998
0.24415649479999998
0.24145421579999998
0.2318866928
0.2343726632
0.2268377218
0.22124657820000002
0.2153005792
0.2117400908
0.21359451700000004
0.2228557706
0.23226921080000001
0.24189148500000002
0.2458412954
0.24642521460000003
0.24626092279999998
0.2451787302
0.2437665616
0.24476953780000002
0.24277032419999997
0.24042115439999998
0.2372126732
0.2341834702
0.230470345
0.22678667140000003
0.22250020980000002
0.2176131146
0.2097164604
0.20219430220000004
0.1956700092
0.1859833514
0.1769246914
0.1737200076
0.17164443980000002
0.1698060006
0.1714357882
0.1742254556
0.17499500920000002
0.1739342888
0.1727567444
0.1734291346
0.17506589440000003
0.17624147699999998
0.1800920184
0.183092206
0.1853309832
0.1862257296
0.1866934906
0.1860438732
0.18394032500000002
0.182974846
0.1820010094
0.18133835399999998
0.17944692879999996
0.1781486336
0.1747454222
0.17103532800000001
0.1645062648
0.16076192279999998
0.1578864978
0.1540283684
0.1509371362
0.1512403618
0.1491493056
0.145739374
0.14437880220000002
0.14296635800000002
0.1423273338
0.14372865280000002
0.14423614180000002
0.14566128520000002
0.1463378982
0.14690463039999999
0.14628654759999998
0.1468011548
0.147787563
0.14795637
0.1474654258
0.147305007
0.1472156376
0.1461523444
0.14560980260000003
0.1455092194
0.1452204312
0.144699296
0.14291953139999997
0.1412494206
0.1398013282
0.139104043
0.1389112164
0.1382710932
0.13661377079999998
0.1353005282
0.13400250219999998
0.1320088646
0.13075631699999998
0.1307671794
0.13025653799999998
0.1291713814
0.12905133359999998
0.1300973132
0.12992620380000003
0.1294064242
0.12858437700000003
0.12717830700000002
0.12561653279999999
0.12557609620000001
0.12468700559999998
0.1253626246
0.1261687254
0.127109244
0.1272155976
0.1272052254
0.12666432440000003
0.1260319916
0.12433691620000001
0.1238865418
0.1240879536
0.12369467819999999
0.1221349698
0.1214872178
0.120523974
0.11878676800000001
0.11800914219999999
0.11839854619999998
0.11903791459999999
0.119273834
0.12017877880000001
0.1203615866
0.1198472214
0.1186914086
0.11770227260000002
0.11731335839999998
0.117089734
0.1171298958
0.11731092280000002
0.1176090616
0.1172043006
0.11668370160000001
0.116397844
0.1154813598
0.1151478364
0.11494678619999998
0.11538471260000001
0.11477023659999999
0.1139119188
0.1117093402
0.11012367059999999
0.10798118720000001
0.10754231719999999
0.10782063
