0.7383750966
0.6894477574
0.7229597861999999
0.7322014892
0.7218050572
0.6975651936
0.672555443
0.6271971072
0.5792309035999998
0.5478104102
0.5344269218
0.5199340374
0.5153693088
0.5369349636
0.5537175924
0.5623363664000001
0.5635547388
0.5493587068
0.5079764494
0.46915261259999996
0.4368254654
0.42372994760000005
0.4016253794
0.3977571162
0.4035797674
0.4053835876
0.38180297920000006
0.387425853
0.37302802220000003
0.3507826564
0.3281297508
0.31770064919999996
0.3236252818
0.3364792322
0.3495451766
0.37039736100000004
0.3731370612
0.37462026719999997
0.3742412208
0.3726659432
0.3728854084
0.3775683648
0.3730913562
0.3733768954
0.3759398462
0.3712549646
0.3679185194
0.36250474279999995
0.3585964681999999
0.354112686
0.349525271
0.3445888096
0.3356338782
0.32001822640000005
0.304986797
0.2914303616
0.28440105039999997
0.28299826660000005
0.2832909006
0.2851386708
0.28678509620000003
0.28067872239999997
0.28161904940000004
0.2811547492
0.27797740340000004
0.2794975446
0.2885063264
0.293512962
0.30133784760000004
0.30819230280000004
0.3094239432
0.3068039906
0.30107585619999994
0.2973965668
0.29576142359999996
0.2977160002
0.2996481736
0.3010591896
0.29986090880000005
0.298469837
0.2916526152
0.2843977124
0.2785998046
0.2726557384
0.2647485838
0.25966797820000004
0.2539433622
0.243939556
0.2387984636
0.23542869780000003
0.23508205540000002
0.2380003276
0.24235383100000002
0.2435203602
0.24353735380000002
0.24347417279999997
0.23993935240000003
0.2399250328
0.24093769739999998
0.2422420706
0.24355398099999997
0.24589828700000002
0.24434378060000003
0.2440155534
0.2440411126
0.24371781139999998
0.2445019802
0.2447965518
0.2428203318
0.2398995834
0.23789319520000002
0.2348117582
0.23161044400000003
0.22786711620000002
0.22445696080000005
0.2210365184
0.21917870320000002
0.21662971940000003
0.21337524060000002
0.2108206206
0.20729031200000003
0.203439835
0.2024982198
0.20446346919999997
0.20426673920000002
0.2049266668
0.20457536679999996
0.20345414960000002
0.2021714302
0.20309590020000004
0.2034856084
0.2030695964
0.2044863728
0.20724300439999999
0.20803579079999998
0.20730070820000002
0.2080060902
0.20710648140000001
0.203857142
0.20251463539999998
0.202174663
0.200079435
0.196810029
0.194566806
0.19176134920000001
0.187692155
0.18577926360000002
0.1857188346
0.18384389240000001
0.18205594
0.1833985112
0.18324765640000001
0.18141595219999998
0.18194629899999998
0.1829464746
0.1825689216
0.1829712522
0.18535686179999997
0.18667641499999998
0.1879374172
0.1890606848
0.1891985048
0.1875247286
0.18798181379999998
0.18721357919999998
0.1856928246
0.1868707608
0.1885027444
0.18773820619999998
0.18598391479999998
0.183657008
0.1801213002
0.17810187260000002
0.1757406512
