0.5142280585333333
0.4635238426666667
0.3949990707333333
0.34088381306666665
0.29904659666666666
0.29572253786666663
0.26792203066666664
0.24336240420000002
0.22903822326666665
0.24624272273333334
0.27028240253333335
0.277128869
0.27127830986666673
0.23034785073333336
0.19462143853333336
0.16788762073333335
0.1527839488666667
0.1518815902666667
0.156735558
0.18517206400000003
0.23021451333333334
0.2825518114666667
0.28670073133333335
0.2745549079333333
0.2557377981333333
0.22520075599999995
0.21021959379999994
0.18190410386666664
0.17959306326666663
0.1744244293333333
0.1733445404666666
0.17865407893333327
0.1958688536666666
0.2244568426666666
0.2012163922
0.16545373073333333
0.10686175013333334
0.0881483926
0.08877123866666667
0.11091509680000002
0.14494970273333335
0.15686519540000002
0.18740363913333333
0.2035225848
0.22053659413333332
0.21915807326666667
0.22019569453333335
0.2188417951333333
0.19332876853333333
0.188664712
0.19473211986666666
0.2362862342666667
0.27640059933333333
0.3048349164
0.3118834542666667
0.31588787220000003
0.3459917539333333
0.32254835573333335
0.3267709257333334
0.33771940786666665
0.36503012100000004
0.3667015154
0.3590638816
0.3771665266666667
0.4019997117333334
0.43173817446666657
0.42663880933333326
0.42401945213333325
0.42052512633333333
0.39690251239999996
0.35843665653333334
0.3085914088666667
0.30298067753333335
0.2764343219333334
0.26158086646666673
0.2504709119333334
0.25068887966666664
0.2569642052666667
0.24429942180000003
0.23554032913333334
0.20032730259999995
0.16696913253333331
0.13365559846666664
0.10872792453333331
0.09357083306666665
0.08375662046666664
0.09702089326666664
0.12327950193333331
0.163056731
0.1860107335333333
0.20776776019999998
0.23268466840000002
0.23870641626666667
0.21462365640000003
0.19242862300000002
0.18706598160000001
0.18707219093333333
0.18521055646666668
0.18081721613333337
0.1880784217333334
0.21335643513333338
0.24568166760000004
0.25017378093333337
0.22893318346666666
0.2056566553333333
0.1831015684
0.16379762253333335
0.13896766646666667
0.13176870233333332
0.13288530166666665
0.1405665898666667
0.13905660813333334
0.1383618217333333
0.15051609966666665
0.1550297602
0.1437331874666667
0.09805195833333334
0.09666625346666666
0.11939015359999999
0.1212448982
0.10931326693333333
0.09685930946666667
0.10689452173333333
0.13156601886666666
0.1732582868
0.17324763593333334
0.171776439
0.17029952766666667
0.15805822886666668
0.15462914880000003
0.152406213
0.1479563458
0.12440336141333334
0.09157103334666668
0.07715662001333336
0.08750813468000002
0.13646178508
0.13952133621333335
0.12226559548000002
0.07919800648000001
0.07692769961333336
0.0825098715466667
0.09440104121333336
0.09783223134666669
0.09973769548000001
0.10890428648000001
0.1232651135466667
0.14305769980000002
0.1483114976
0.14825870333333332
0.13400563999999998
0.08253039726666667
0.0628766878
0.05974127746666666
0.06310907273333334
0.0739156178
0.08301019753333333
0.08949821406666666
0.12309880479999999
0.16469612893333335
0.15772238560000001
0.14340257054
0.1232340838066667
0.12664663367333334
0.13673752234
0.13757245247333336
0.14175067567333333
0.15971108214
0.20180529300666664
0.24626949354
0.28645318847333334
0.32280854667333336
0.34384673480666667
0.34036925547333335
0.32187753327333335
0.30521177434
0.3170964956666667
0.3324939216000001
0.33494078626666673
0.3254740177333334
0.3343478349333334
0.3581279482666667
0.379164143
0.3523311753333333
0.32511121793333336
0.30109903953333333
0.2657681718
