0.49343938373333335
0.4406129335333333
0.36815189499999995
0.3149416074666666
0.2765000386666666
0.28018183973333327
0.24943643299999999
0.22427720233333334
0.21164416226666669
0.23409728533333335
0.26005937520000005
0.2670097844
0.2590916660666666
0.21382994933333332
0.17784312473333333
0.1516412788666667
0.13807966026666668
0.1386027340666667
0.14217325486666665
0.16855785613333332
0.2167072044
0.2709985212666667
0.27268451099999996
0.2598425968
0.24034702333333333
0.20800095913333336
0.19203901460000003
0.1627723680666667
0.16512096720000002
0.15959853426666668
0.15919539659999998
0.1647222826666667
0.1837013582666667
0.21247293106666673
0.18640885866666668
0.1495957510666667
0.09066127886666668
0.07416486786666666
0.07312550753333333
0.09389234233333334
0.12996513126666667
0.1434353962
0.17703284953333334
0.19274517993333334
0.2100231722666667
0.20549326553333336
0.20491211820000002
0.20386828326666667
0.17853639626666667
0.17547178700000002
0.1779746368
0.22003993433333333
0.2604173518666667
0.29133234599999996
0.3005376153333333
0.3041227007333333
0.3338898826
0.30230820833333333
0.30559239920000003
0.3165791852666667
0.34726198560000004
0.3482031092
0.3367298426000001
0.354872927
0.38116445326666676
0.4156999218666667
0.4104209878666667
0.40782180026666665
0.40355089073333333
0.3769406732
0.33826101033333333
0.28786331573333335
0.2925192987333334
0.2651364956666667
0.2502067821333333
0.23895538173333328
0.2415570366
0.25177014233333334
0.23925654653333328
0.23075601519999994
0.19199640986666672
0.15846342953333334
0.12507755946666668
0.10077795466666668
0.09083997473333333
0.08254895793333333
0.09602504686666666
0.12010245166666668
0.16155370519999998
0.1846147671333333
0.20643037226666663
0.23136595846666666
0.2363732488
0.21211910353333335
0.18792188420000003
0.18681622126666664
0.1873001165333333
0.18550879459999997
0.180941741
0.18603579166666667
0.20796686860000005
0.24035377360000001
0.2434758804
0.22202347046666665
0.1987048102666667
0.17607914319999998
0.15609808779999998
0.13369233353333332
0.12916702313333334
0.13214560586666665
0.1391194591333333
0.1370710883333333
0.1352246835333333
0.14703317226666665
0.15088055013333332
0.14187747706666665
0.09602555266666668
0.09426320246666667
0.11734124446666666
0.11839929853333332
0.10644128846666666
0.09494994386666668
0.10411549786666667
0.123691174
0.1653767388
0.16269296473333336
0.16149521680000004
0.16117528286666669
0.14936891133333335
0.1452681230666667
0.14280889513333334
0.13718584306666667
0.11536705906666667
0.08249716933333336
0.06883332493333334
0.07630028386666667
0.12481438633333333
0.12567324146666667
0.11086394306666666
0.06843552566666666
0.06870833426666666
0.0740673542
0.0854699774
0.08749534399999999
0.09036387653333332
0.09930947559999999
0.11459925759999999
0.1343322992
0.13867748966666668
0.13873392133333334
0.12745085653333332
0.07705876519999998
0.060137155133333314
0.05958304999999999
0.06154083239999998
0.07236745653333333
0.08154035666666665
0.0876228776
0.12240198179999999
0.1644347554
0.15680593580000002
0.14210009293333334
0.12207843319999999
0.12540381959999997
0.13550521559999998
0.13786927320000003
0.14109562933333336
0.15487279933333334
0.19356556273333336
0.2387095986
0.27898207619999993
0.31542892733333333
0.3373549334
0.3339463283333334
0.31622537139999995
0.29582804819999997
0.3103574838666666
0.3255335608666666
0.32878049773333334
0.31670605739999996
0.3217810317333333
0.3459488128666666
0.3704072693333333
0.3444275954
0.31680723326666677
0.29276559826666665
0.2561733726
