0.39745022339999997
0.3519162086
0.3128670308
0.2752458204
0.25530986530000005
0.28546696075
0.2803409803
0.26637183794999997
0.2430940207
0.2448772757
0.24299971219999997
0.22826564254999998
0.20569488135000005
0.18726925035000003
0.1825761298
0.18689965225
0.21907623054999997
0.2348792186
0.22859039494999997
0.22507094949999998
0.2318927971
0.23662159644999997
0.21991691369999997
0.20645490429999996
0.190593534
0.16914827745
0.15325444154999998
0.14815179085
0.18302072825
0.18728510925
0.184771716
0.1841296278
0.18658944589999998
0.1772542314
0.1693582783
0.16825201425
0.14255525035
0.1465346381
0.1541174914
0.16512954035
0.16540249105
0.16139103264999996
0.176951943
0.19340029759999997
0.19807827514999998
0.20004860285
0.22665580365000002
0.24633161815
0.23690746785
0.25247028265
0.28107727135
0.32185373255000005
0.3194146793
0.32971099925
0.33254567030000004
0.32805036840000007
0.3158117372
0.30111907385
0.3193030399
0.3302661202
0.35728647529999996
0.37945462599999996
0.39780817465
0.40477926459999997
0.4055456005499999
0.4014996089999999
0.3736437020499999
0.3397168703999999
0.3085542147499999
0.29462859449999995
0.27886095904999997
0.24486429954999994
0.25598346794999993
0.26174640034999996
0.2579624992
0.23641908899999997
0.23269939705000003
0.23311510594999998
0.20785547149999997
0.1794149991
0.1450091375
0.13100396875
0.11815274845000001
0.119702536
0.1413191788
0.17094286409999998
0.1930564131
0.2098877639
0.21721635990000002
0.2079315604
0.19144528009999998
0.1870794964
0.18008654375
0.1610581729
0.14386166579999998
0.15470893525
0.18996857965
0.20524807139999995
0.20945610199999995
0.22372906669999995
0.24348059259999993
0.24120476914999994
0.2207701401
0.19350960665
0.1678141254
0.14088379545000004
0.11654806145
0.1043266096
0.1126352859
0.11555006105000001
0.12216912495000001
0.12298191970000001
0.1387195397
0.16327882894999998
0.17407238519999998
0.1668495705
0.13098581325000003
0.11479032585000001
0.12080700770000001
0.14382759334999998
0.13295306785
0.12199517965
0.12727098739999998
0.13101280479999997
0.13033295209999998
0.1293659649
0.12806189345
0.12724912309999997
0.11811541709999998
0.11488103124999997
0.12197261959999998
0.15710110084999998
0.14359323575
0.12015761920000001
0.10977628455000002
0.10700458615000001
0.10949440340000001
0.11630868675000003
0.10513211524999999
0.07474342419999999
0.08149859875
0.09209597865
0.10679125885
0.11045422590000001
0.10990287380000001
0.10900995925000001
0.10908250620000001
0.09904533925000002
0.09856412660000002
0.10124222290000003
0.09970316045000001
0.07246247930000001
0.08241269139999999
0.10894515525
0.14202171844999997
0.14372267865
0.13952312074999998
0.1300430411
0.1339159912
0.1394837002
0.13273294075
0.12498990765
0.1121885883
0.13881250065
0.1748831185
0.2132726194
0.2517215186
0.2914490125
0.31707633115
0.33392631895
0.3144705434
0.3126762077
0.31009643909999995
0.2906078254999999
0.2572344471
0.26209065889999994
0.2828878949
0.30232603435
0.3062715923
0.31420051815000005
0.33356505355
0.3422785426
