0.3765207945499999
0.32956392775
0.29052636109999996
0.2527368636
0.23421291325000002
0.2703464153
0.2638741425000001
0.24732415915000003
0.22240047985000003
0.22816568620000002
0.22556229165000002
0.2102117917
0.18532339700000006
0.16726684610000003
0.16152546490000003
0.1674671129
0.20181289905000002
0.21807524420000002
0.20999725090000002
0.20507555900000002
0.21422885425000007
0.21858868685000005
0.19793741065000006
0.18452318565
0.16830916354999997
0.1471384132
0.13072064405
0.1279061747
0.1657306859
0.1674738194
0.1653448522
0.16550825630000005
0.16978314000000003
0.15718429510000004
0.14768242200000004
0.14663157500000001
0.12128261570000001
0.12691287
0.13557731665
0.14752517495
0.1465939572
0.14277001905000003
0.16195275295000003
0.17870948625000002
0.18209696270000003
0.18007575390000002
0.20759657105
0.22718276795000003
0.2178724153
0.23586230919999998
0.2657046775
0.30690172379999997
0.300639712
0.31368214385000004
0.31875417229999997
0.31400618745
0.29916123110000004
0.28245165285
0.30008815450000004
0.31070127385
0.33986187115
0.363631566
0.38229063444999994
0.38846493135
0.38911595905
0.3893963907
0.36013345605
0.3272368966
0.29467234315
0.28106198915
0.2648620220500001
0.22996278360000005
0.24539893130000007
0.2513703609000001
0.24783959449999995
0.22452416040000003
0.22309874730000004
0.22498537635000004
0.19947238934999997
0.17234613135000001
0.13935473905
0.1242576967
0.1112024376
0.11339511934999999
0.13673164515
0.16581539215000002
0.18894568129999997
0.2041610068
0.21318900930000004
0.19985648554999996
0.18468463414999997
0.18129928929999997
0.17456536559999994
0.15426876824999997
0.13695360704999995
0.1493323495
0.18442951579999997
0.19944254289999996
0.20432384915
0.2175603902
0.23531069265000001
0.23174426805
0.2123729724
0.18645232245000004
0.16058104885000002
0.1335451457
0.10953745104999998
0.0976843588
0.10523260194999999
0.11166407299999996
0.1176295723
0.11754402594999998
0.13066252394999997
0.1564003887
0.16662960044999997
0.15931222335
0.12318958575000001
0.10822113204999999
0.11310636854999997
0.13631368335
0.12518599395000002
0.11647150654999998
0.12078331785
0.12271926070000001
0.12077164869999998
0.11950726724999998
0.11574724654999999
0.11514549789999999
0.10651965030000002
0.1036897939
0.10931958865
0.1448711464
0.1332223071
0.10910796279999999
0.09962501715000001
0.0972025148
0.100132615
0.10533861735000001
0.09275481890000001
0.0624125249
0.06966192985000001
0.07989538905
0.09462658819999999
0.0986227255
0.09938958879999998
0.09848995009999999
0.10145683995000002
0.0919047714
0.09221809485
0.09273549970000002
0.09260304550000001
0.06560478125
0.07519089134999998
0.1019966202
0.13500257235
0.13738443369999997
0.13083399275
0.12288075055
0.1290239536
0.13428021045
0.12774553325
0.118863996
0.10537540344999999
0.13144706785
0.16749216525000002
0.2063238557
0.24431548925
0.28357898315
0.30741097664999995
0.3273229595999999
0.3048901145
0.30390030799999995
0.3013496639
0.28241856460000003
0.24747882805000004
0.2503278862500001
0.2734661451
0.29264298090000007
0.29702788320000006
0.30426895365
0.32378803145
0.33330731459999996
