0.35742753887999995
0.33375176096
0.30514698323999995
0.26296985504
0.23822812363999998
0.24944820775999996
0.22857639555999998
0.20157043835999996
0.19433963935999998
0.21574251156
0.23434170251999997
0.25735424296
0.25096738348
0.22814944804
0.20443656172000002
0.18616448412
0.18460740960000002
0.18191926708
0.17307747088
0.168087221
0.17685634188000002
0.17774790536
0.17722493192000002
0.19483690064
0.18712945556000002
0.16806352804000002
0.15154513964000002
0.14001130456
0.14372678296
0.15406609227999998
0.17315879556
0.18782085116000002
0.20497733635999998
0.20342062592000001
0.19296641068
0.17012797855999998
0.13809606352
0.13593519528
0.14605318032
0.14820431376
0.15004773463999999
0.16834569148
0.19859829484000002
0.21945361024
0.23862954092
0.26011517804000006
0.28932141112
0.27614144640000005
0.2592923068
0.27106860664
0.28872771927999996
0.29262116172
0.29347418012000004
0.315101632
0.32056758032000005
0.321488609
0.32853704648
0.33707166527999993
0.34593703672000004
0.33878004148
0.33977582492
0.3390921296400001
0.32933205568000007
0.31125236644
0.31590960372000004
0.32531616624000004
0.30553142308000003
0.2882858544
0.28385615232000005
0.27869862024000003
0.25421283448
0.22328117464000002
0.23073327596
0.22304837
0.20333651515999995
0.18094800831999996
0.18778529223999998
0.19935562112
0.19526083336
0.19797979204000002
0.19975443648000002
0.19809840544000004
0.18541672352
0.16899708
0.16528734684
0.16334596104
0.16294325512
0.16652697348
0.17253151719999998
0.16483392087999998
0.16235490043999998
0.18706333444
0.19437906396000001
0.18492098772000007
0.17874906908000004
0.19020407648000004
0.19667920040000003
0.19058558796000002
0.18603052108000004
0.19007072552000004
0.19728826176000006
0.18757088000000008
0.17560031260000003
0.16381919743999998
0.14459339068
0.12362316331999999
0.10585909096
0.10911303616
0.12805427228000002
0.13703551768
0.1419791168
0.1412690968
0.14174960992
0.15168018088000002
0.1776752938
0.17012391943999997
0.14025574592
0.12621995408
0.12022646196
0.11253137836
0.10366101448000001
0.09451174412
0.09811787148000001
0.10005236
0.09904814912000001
0.10428761164000001
0.13391507560000002
0.13601874468000003
0.12997864336
0.12820827912
0.12622243376
0.12708082684
0.12094401904000002
0.10231892168000002
0.09571012516000003
0.09938192676
0.10630133235999999
0.11624795228
0.10904414940000001
0.08306245864
0.08314234672000001
0.08325320464000001
0.07539586804000002
0.07610712656000002
0.07797190472000001
0.08395757059999999
0.09369353500000001
0.10429751016000001
0.12626180916000002
0.15307098344
0.14768531792
0.11667275631999999
0.11409106731999998
0.11776807532000001
0.1233042726
0.12463891008000003
0.12347016972000002
0.11703756120000001
0.13974925780000003
0.16697933796000006
0.19176113096000005
0.21419133684000002
0.22611109068
0.24342311236
0.25956585347999994
0.24871163291999995
0.25665198751999996
0.27332891075999993
0.27928654395999997
0.27640340759999993
0.27428705519999996
0.28211524343999994
0.28670819623999994
0.27296462596000004
0.25840282468
0.27333692843999996
0.28263530464
