0.37529681711999996
0.3516804654
0.32429327855999995
0.28466839268
0.25890582564
0.2644716726
0.24454523775999998
0.21938304632000002
0.21132882244
0.22976256076
0.24723259008000004
0.27012059844
0.2652569389600001
0.24293899668000005
0.21982398564000008
0.20188043560000005
0.19969791608000004
0.19643629844000007
0.18789394280000005
0.18413252524000004
0.19104487416000004
0.19098446672000005
0.19088691600000005
0.20857999408000003
0.20274676243999998
0.18433538699999996
0.16796032711999995
0.15537898859999996
0.15799302943999996
0.16960018059999996
0.18811768479999993
0.20214666399999995
0.21774952775999995
0.21596615887999998
0.20535124332000002
0.18441101012000005
0.15357079656
0.15017155428
0.15984431044
0.16250291076
0.16605420532
0.1836003114
0.21207688588
0.23313814132000002
0.25207559556
0.27364368384
0.30254926899999995
0.29375722899999995
0.27735460872
0.28725305272
0.30415684428
0.30947465572000005
0.31272084768
0.33288148324
0.33715367972000004
0.33812728836000006
0.34546447976000005
0.35404637367999997
0.36333966623999997
0.35789514652
0.35721083379999996
0.3555866976
0.34424055844
0.32721794076
0.3310027454000001
0.33760011952
0.31811624295999996
0.30105901124
0.29656018648
0.29134780464000004
0.2687909466
0.23805090692000003
0.24071071932000002
0.23251386552000003
0.21140600164
0.18844673347999996
0.19377832431999997
0.20276993064000004
0.19875206336
0.20140935848000002
0.20321787096
0.20174375840000003
0.18987118971999997
0.17301930451999997
0.16866347099999998
0.16596854164
0.16513937616000005
0.17004864668000003
0.17514360204
0.16730453480000002
0.1661780474
0.19077399708
0.19869567604
0.18953232036000003
0.18347915420000008
0.19288243044000006
0.19984085240000005
0.19305843052000007
0.18684377120000006
0.19225215216000005
0.20005452328000006
0.19036080508000008
0.17909803856000003
0.16761922324
0.1487159508
0.12775730376
0.10999437104000002
0.11347157835999999
0.13239221868
0.14076891932
0.14623080164000002
0.14571312352
0.14606880968
0.15729305283999998
0.1833600712
0.17598924376000002
0.14601766791999998
0.1311734866
0.12509425048
0.11809944688000001
0.10934009052
0.100489605
0.10473299532800001
0.108273617288
0.10733171032800001
0.114395728528
0.14415622968800001
0.146764518368
0.14034275032800003
0.13786101896800002
0.135905951048
0.136692415848
0.12981435924800003
0.11215949712799998
0.10519512524800001
0.10909470224800001
0.11633308744800001
0.12643090216800001
0.11832090452800001
0.092331960248
0.090850530968
0.09060860464800001
0.082310814448
0.081352579488
0.082948973328
0.08881159392799999
0.097724726888
0.10887127084
0.13107616
0.1577188306
0.1512232528
0.120497558724
0.116658550724
0.120949527444
0.12685566976400003
0.127237382684
0.126153087124
0.12149683900399999
0.14373641648399998
0.17086805216399997
0.19534093512399997
0.21745078676399998
0.229344691844
0.246310814724
0.26189012856399996
0.253946933404
0.26123721776399994
0.27842889100400003
0.28606923272400003
0.28427463676400005
0.28349671296400003
0.291223737564
0.295296396364
0.2812758388040001
0.26711710556400003
0.28136692748400005
0.29087014752000007
