0.6487858102
0.6116772478000001
0.5638094743
0.5501083042999999
0.5381666035999999
0.5574550656999999
0.5538879231
0.5509753391000001
0.5457663244
0.5296033814
0.5267480674000001
0.5050606753
0.5044734864
0.5292153424999999
0.5080544561
0.5140918378999999
0.5202348442999999
0.5238621183
0.5200617723000001
0.5257384457000001
0.5115130323000001
0.5262512902
0.5349762916
0.5205580554000001
0.5292869974000001
0.5322020207
0.5374851226999999
0.5376018243
0.5488762737
0.5358860227
0.5254069540999999
0.527174397
0.5285367589
0.5291480355
0.5351361072999999
0.5353081391999999
0.5088615811
0.4922229378000001
0.4930839926
0.4995610119999999
0.508124248
0.5081848254
0.5100605089
0.49855103730000006
0.5070980705
0.5059238754
0.5224174257
0.5403589029000001
0.5447806126
0.5439320858000001
0.5498918301
0.5496511142
0.5531962944000001
0.5671553476
0.568813153
0.5714054437
0.5812547759000001
0.5738782196
0.5641856459000001
0.5508295476
0.5553856352000001
0.5417696708999999
0.5433174926
0.5449795385
0.5329135747
0.5280979658
0.5235918741
0.512037314
0.5064137596
0.5204588162
0.5039394056
0.4950231839
0.48341682739999997
0.4821109835
0.48462792089999995
0.46635288390000007
0.4715491592
0.4686943414
0.4516491631999999
0.45373995790000005
0.4577454139
0.47710893730000004
0.4872270735
0.48863702709999995
0.476940482
0.4987867648
0.4709464281000001
0.4840899954999999
0.5081091553999999
0.5019401917999999
0.5071750980999999
0.5034865601
0.49295117679999995
0.4831911073
0.47547033679999995
0.4687519602
0.4768540333
0.4833694137999999
0.4916668824
0.49798724910000003
0.49365855220000004
0.49672572519999997
0.46828516059999997
0.4672226709999999
0.49283626839999994
0.4851033129
0.49770554890000007
0.49830295339999997
0.4942621451999999
0.47858118160000007
0.48115844769999994
0.48231210240000005
0.5138004871999999
0.5180947883
0.5118406878
0.511832917
0.5094941239
0.5097306595
0.5114998474
0.5253244438
0.5418380238999999
0.5338834535
0.5329271685999999
0.5324231464
0.5376660429000001
0.539941142
0.5452145055
0.5305415422
0.5264898619999999
0.5284357423999999
0.5140817365
0.5163664608999999
0.5166398323999999
0.5150103077999999
0.5052858241999999
0.5179490713999998
0.5103229149999999
0.5125151591
0.5217669802
0.5301862099
0.5261496179
0.5335274463
0.539358705
0.5289733173
0.5229604136000001
0.5271645356000001
0.5363951489000001
0.5409109702
0.5325273707999999
0.5285181837
0.5077352616
0.5056346780000001
0.4929357645
0.5077777740999999
0.5213437619999999
0.5037071935999999
0.49321682359999997
0.4876159957
0.4770995653
0.46838164970000007
0.49322064490000006
0.4860798527
0.48784959059999994
0.489318774
0.48805309690000004
0.4945549474
0.4718890036
0.48189864460000004
0.47013208440000004
0.4702880035
0.47598731290000007
0.4721366484000001
0.4798324077999999
0.4844115822
0.47884803659999997
0.4601086767000001
0.4876884984000001
0.47721833490000004
0.49526312410000006
0.5009457489
0.49703608679999994
0.5091785606
0.49501585740000004
0.49332580700000006
0.4924447839
0.4995504553
0.49568536109999994
0.49709981870000003
0.502717676
0.5040318873
0.5075329294
0.49231476230000004
