0.6304195037
0.5895878334999999
0.5381652957999999
0.5245524061
0.5089333633
0.5259750383000001
0.5219295395
0.5169433629
0.510554141
0.4955595999
0.49044706280000006
0.4708798452
0.4721321013
0.4899044373
0.473329251
0.47818260209999996
0.4826071097000001
0.4850510038000001
0.48258100959999994
0.4864145015
0.4737002253
0.4840305334
0.49035253450000005
0.4800846096
0.4868274534
0.4884719667
0.49255575459999995
0.49104417259999994
0.4982827608999999
0.48520691239999997
0.47794019819999994
0.47989439519999993
0.47985838020000005
0.4788115942000001
0.4838937378
0.48331840149999994
0.4616346579
0.4490924272000001
0.44905067699999995
0.45592611029999996
0.46082889799999993
0.46200230319999996
0.4659793786
0.45854815969999996
0.46547580450000003
0.4650239850999999
0.47899125929999997
0.49386595699999997
0.49860879859999996
0.5000546255
0.5070350581999999
0.5066334918000001
0.5093598023
0.5202497805
0.521647784
0.523672515
0.5315029391
0.5263036578
0.518136279
0.5068204732
0.5095238988000002
0.49804886540000004
0.49700567840000004
0.4947978653
0.484554858
0.4794056769
0.47486911119999997
0.4653041301
0.4613462279999999
0.4711827932
0.4571363023
0.44843996230000005
0.43939455260000004
0.4409919835
0.4420806048
0.4291638862
0.4342419594999999
0.43191019500000005
0.4181066049
0.42013284189999994
0.42493315449999997
0.44201492899999995
0.4506536393999999
0.4522711374999999
0.4444194939
0.46016821520000006
0.43722446709999996
0.4475434602999999
0.4655173755
0.46064200060000005
0.4630258197
0.4606957143
0.4520513898
0.4449872725
0.4389313677000001
0.43462225069999993
0.4403547840999999
0.4449308405
0.4527489892
0.4577830971
0.45700506059999996
0.4587091474999999
0.43757086460000005
0.4354978159000001
0.4550483757
0.44789783750000006
0.45912400460000014
0.4601471618
0.4571377193999999
0.4452895773999999
0.4461527363999999
0.4466654957
0.4711480473
0.4737994124
0.4685938182999999
0.46878093989999997
0.4666550987
0.467257268
0.46922894300000006
0.4782307492999999
0.49142947019999994
0.4849466618999999
0.48135426899999995
0.4812917507000001
0.48449948870000004
0.4868499816000001
0.49013688459999993
0.4782980266
0.47355706599999997
0.47616277949999997
0.4641834855
0.4665034046999999
0.4701215965
0.46936756690000003
0.4635548953
0.4735060108999999
0.46950487560000004
0.47052095020000007
0.4794019534
0.4868110673
0.48377074779999996
0.49048045949999997
0.4937893285
0.48540908420000006
0.4802943835000001
0.483278742
0.48889553999999996
0.4916752736
0.4815172732
0.47766153939999995
0.46162912249999993
0.45979873109999997
0.45045746109999996
0.45949328350000007
0.4698556721
0.4551593158999999
0.44619210480000004
0.44205369669999994
0.4368215522999999
0.4299484936
0.4487112153999999
0.4426837744
0.44389772670000005
0.4482734376
0.44708116989999996
0.45417361219999997
0.43765051460000004
0.4463574874
0.4365225789
0.4366182461
0.44085290020000006
0.4358179215000001
0.4421217488
0.4455005741000001
0.4418512754
0.4262989804
0.4482815540000001
0.44058133909999997
0.4560271606
0.46154542120000003
0.45843510390000003
0.47010905690000004
0.45917362750000007
0.4583543536
0.45791021139999993
0.462425836
0.45818381839999994
0.45955491579999996
0.46315221700000003
0.46333137
0.46638973660000005
0.4540773599
