0.27845894080000005
0.23738238795000005
0.20944236085
0.20010665039999997
0.19090513825
0.18852202710000002
0.1855673433
0.1844736266
0.18272178239999998
0.1806197471
0.1793833557
0.17822400254999998
0.17773394309999996
0.17649029015
0.1758088577
0.17613206974999998
0.17803660614999997
0.17782856179999998
0.17677867749999998
0.1755702304
0.17510140614999997
0.17453885965
0.1748920261
0.17459610309999996
0.17481608864999998
0.17479281214999998
0.17459778155
0.1738972347
0.17409498879999996
0.17344024784999998
0.17303539464999998
0.17346427215
0.17356218895
0.1739127972
0.1741378428
0.17375527449999997
0.17176167469999998
0.17141713185000002
0.1714523131
0.17121473865
0.17091245044999998
0.17091211209999999
0.17110712495
0.17083045479999998
0.1708693138
0.17059004905
0.1710061109
0.17229635969999998
0.17328589854999998
0.17349288140000002
0.1738307529
0.17338857285000003
0.17350223439999998
0.17304665730000002
0.17219033314999999
0.17155438065
0.17209461365
0.1714933874
0.17172013755
0.17145250110000002
0.17123749655
0.17077862425
0.16964563375000002
0.16972817195
0.16975122275
0.16993215505
0.16966771765
0.16888971690000001
0.1680603591
0.16860270189999998
0.16956869175000003
0.16966061980000005
0.16994237080000005
0.17065733465000005
0.17101140780000007
0.17143925410000002
0.17109055380000002
0.17146961840000002
0.17087697675
0.17069642245
0.1706694869
0.1713197668
0.1721707328
0.17235146155000003
0.17225229500000003
0.17288784295000004
0.17308236910000005
0.17360813805000005
0.17401378965000006
0.17332414080000008
0.17251682705000004
0.17314449040000005
0.17275682525000005
0.172025532
0.17161920585
0.17147579715
0.17207300809999998
0.17214744085000003
0.17339235875
0.17452670339999998
0.1749869309
0.1759229101
0.17639289719999998
0.1762792779
0.17689613215
0.1763933348
0.17620398939999998
0.17574795005
0.17608373650000003
0.1754653706
0.17570424405
0.17528252955
0.17553419625000005
0.17619860970000006
0.17567754425
0.17621282500000005
0.17600678065000003
0.17680551555
0.17638698195
0.17521836799999999
0.1751629677
0.17432777020000004
0.1745572513
0.17504595195000003
0.17469783165000002
0.17508971355000003
0.17524468540000002
0.17565177615000005
0.17566331255000006
0.17694081340000006
0.17680071585
0.17695438815000003
0.17672237145000003
0.17671142715000002
0.17751627395
0.17813865935
0.17922354905
0.1784395284
0.17856169295
0.18036474185
0.18023206195000002
0.18037310595
0.18051098655000003
0.17968052350000002
0.17906512125000001
0.17836886535
0.17694120319999998
0.17621842459999998
0.17567082374999998
0.1751421644
0.1755444792
0.17501876209999997
0.17524380769999998
0.17573812115
0.17617380845000002
0.17547897810000002
0.17490347745
0.17598066945000004
0.17518633490000002
0.1736397329
0.1740996635
0.1735993063
0.17376423014999998
0.17452901419999997
0.1743338772
0.17447632664999999
0.17538596875
0.17571806865
0.1760019761
0.17655711195
0.17620704625
0.176564548
0.1763762821
0.17584166304999999
0.17563888805
0.17561502369999998
0.17513004849999994
0.1740014136
0.17424638499999998
0.17419816009999997
0.17417382639999998
0.1742097452
