0.4600947161500001
0.42558478515000003
0.39675013109999996
0.39202409964999996
0.3768720948
0.3823475333
0.38004747764999997
0.37648230335
0.37273127385
0.36812561525
0.36162089565
0.35667485475
0.35907099285
0.36071422360000005
0.3592765170000001
0.36146730140000005
0.36312853440000004
0.36272332915000005
0.36286316085000003
0.35869505250000006
0.35418333325000007
0.35705315530000004
0.35865069285000006
0.35549659675000006
0.35901916000000006
0.3595728735
0.35554478955
0.35167938884999994
0.3516038978999999
0.3492835552999999
0.3479397605999999
0.35052455719999986
0.3525947599999999
0.35054409024999994
0.3536810906499999
0.3527636472999999
0.3501982927999999
0.3507018801999999
0.35181080594999997
0.3553205397
0.35853382484999996
0.35950160965
0.36184822175
0.36302502200000003
0.36424958100000004
0.36394552085000004
0.36936776495
0.3726942305
0.3725176127
0.37029845745
0.37314045675
0.36907704729999996
0.3677026967499999
0.36762849219999993
0.3643541031499999
0.36257559259999994
0.3630072219999999
0.35914820519999996
0.35608022414999996
0.354321884
0.35020985405000005
0.34384160315
0.3401849374
0.33999706934999996
0.33809106885
0.33465943870000003
0.33432149145
0.33082791619999996
0.32628827989999987
0.32933324094999994
0.3281933632499999
0.3310920242999999
0.3327208639
0.3353181199
0.33503406985
0.33683652955000004
0.33291600465000004
0.3354650291
0.3360879028
0.33570624770000007
0.33765970340000007
0.34253339375
0.3431774851
0.34226854995
0.3390850162
0.34070746175
0.33557782675
0.3397116753999999
0.34621162284999996
0.34595269539999995
0.34653294134999996
0.34655641409999993
0.33940338355
0.33692824374999997
0.33914321655
0.335257299
0.3398226335
0.3414140479
0.34383450985
0.34301838320000005
0.34351110805000007
0.34353282325
0.34442226385
0.34310162344999995
0.3455279346499999
0.3435162848499999
0.34624407569999993
0.34631349824999996
0.3465290554
0.34426311675
0.34622375990000004
0.34396341360000005
0.3472151289
0.34781145435
0.34692864245000005
0.34836673100000004
0.34706791405000004
0.34450275835
0.3428084399
0.3443347709499999
0.3447292666
0.3441946386
0.34505480865
0.3461382134
0.34683041025
0.35083766274999995
0.35194633034999995
0.34932277204999995
0.3509556181499999
0.3558629459999999
0.3529782880499999
0.35600882284999996
0.35869521635
0.35651889969999995
0.35499079054999993
0.35869487595
0.36043545029999996
0.36015081444999997
0.3590578194
0.36100562174999995
0.35691719089999996
0.3579790187
0.3561561905
0.35406799355
0.35377044444999994
0.34952663255
0.34659800989999995
0.3451850726
0.3407962826999999
0.3371978635499999
0.3370813267999999
0.3342983839999999
0.3320628893999999
0.33575154879999997
0.33810848525
0.33646712745
0.3306880473499999
0.3327275148
0.33002999540000005
0.3271341596000001
0.33112966155
0.32645270015000005
0.32846157470000004
0.33311738185000006
0.333110672
0.3320058800500001
0.3339726107000001
0.33460902445000007
0.3360851243500001
0.3383619763000001
0.33898131675000004
0.34119684120000005
0.34072565200000005
0.34121836254999993
0.34055214035
0.33715574254999997
0.34037981129999995
0.3393811944999999
0.34430371205
0.3462922166
0.34681441105
0.3488535791
