0.56043328325
0.5302338393499999
0.50514869855
0.5072284217
0.49113130715000014
0.5020788202
0.5022683245999999
0.5009971833499999
0.49656757529999995
0.4909870506999999
0.48207364405
0.4774551893000001
0.48124231790000005
0.48499452345000005
0.48007835220000006
0.48332728439999995
0.48758143215
0.48804758820000005
0.49043188525000003
0.48581070695000006
0.47582021175
0.4819624643
0.48510545735
0.4794481018999999
0.4853605956
0.48589518410000004
0.47709520625
0.47006829990000004
0.47366671894999995
0.47056651135000005
0.4693845481
0.47094834920000006
0.4729188794
0.46867987695
0.47468477115
0.47417119329999996
0.4703129586
0.47147919210000006
0.4738297377999999
0.4779903678999998
0.4839319780999999
0.48431789749999987
0.48766959045
0.4893989701
0.49356179425
0.49434825005
0.5052470992
0.5100848074
0.5083725388
0.50343754935
0.5082794785
0.5023411786
0.50318274035
0.5075238229000001
0.503101321
0.5015390959499999
0.50318602515
0.4958038939500001
0.4897412535000001
0.4890016332
0.4833301005500001
0.47324441385
0.4682001155
0.4678949244
0.4633177314
0.45428478155
0.45455553535000004
0.44860716255
0.43972641645
0.44565781755000006
0.4410347284
0.44522744564999994
0.4450240959999999
0.4466315605000001
0.4432500493499999
0.44466605069999987
0.4357332133
0.43972682765000004
0.4418119901999999
0.4403874212499999
0.4439794870999999
0.4513553216499999
0.45135251460000003
0.44862920500000003
0.44167543080000005
0.44739523294999994
0.4387896256
0.4462371504
0.45913318235
0.45921254884999996
0.46001544015
0.45970243090000007
0.4448111272000001
0.44024254420000003
0.44698987170000004
0.44126004409999997
0.4497393943499999
0.4525390011499999
0.45494335429999994
0.45153633725
0.45157889850000005
0.4526873215999999
0.45435945595000005
0.4546486141500001
0.46182109700000007
0.45833938870000007
0.46288955165
0.46370221489999996
0.46318333119999994
0.46176016335
0.4687911032999999
0.4658060788
0.4762511581499999
0.47754558155
0.4765466535
0.47781546075000003
0.47839599164999996
0.47277764729999994
0.4713930045
0.47719676440000003
0.47780647785
0.4757250333
0.47573793275
0.47532965880000005
0.47402719200000004
0.48017799625
0.47982088009999996
0.47440948839999997
0.47647950969999997
0.4814869234
0.4739771166500001
0.47849193209999996
0.48195546250000004
0.4773883255500001
0.47192463940000007
0.47839237645
0.4792002078000001
0.4810981119000002
0.48045961330000014
0.4822363033500001
0.4726999351500001
0.47513959530000005
0.4721233948
0.47245118384999996
0.4750750277999999
0.46921902895
0.4675438224
0.46686448515000006
0.45916941275
0.45380501650000005
0.45517016894999995
0.45124125275000004
0.4471775939000001
0.45388336055000017
0.45846842100000007
0.45466646405000005
0.4419213097000001
0.44420559205000004
0.4366720656
0.43328336985
0.4447820578
0.43925084795
0.44300973775
0.44688700585
0.4444662226499999
0.4402362963
0.44296603430000003
0.44346941325
0.44627486975
0.44908183365000004
0.44964400205000005
0.45296348920000007
0.45064768814999995
0.45192746385
0.44988074339999995
0.44436240819999995
0.45323268620000007
0.45006812744999997
0.45958968879999995
0.4624383955999999
0.46241242025
0.46209320840000007
