0.43667996288000005
0.41203408284000004
0.3917831288
0.38549833052000004
0.37704197780000004
0.37964914879999995
0.37617602316
0.37167771376
0.36963615747999995
0.36359467392
0.36061229316000004
0.35903551203999995
0.36186878396
0.36264316596000007
0.3602077107600001
0.3588296189600001
0.35874542776000007
0.35761233292
0.35728582980000007
0.35674638916
0.35626248876000005
0.35600208636
0.35572653500000007
0.3531621691200001
0.3549711462
0.35212293063999994
0.35255768679999994
0.35256767908000003
0.3518864105999999
0.3520390542399999
0.35352649447999995
0.35385426247999985
0.35517349383999985
0.35552043183999993
0.3570429289199999
0.35648283771999995
0.35584388796
0.3569122469999999
0.35741531872
0.36119001195999995
0.36407223883999995
0.36585377407999997
0.36696136512000005
0.3667789818800001
0.36399458416
0.36297699724000004
0.36338349299999995
0.36538632539999993
0.36470608604
0.36409549252000006
0.36523516008000007
0.3638403943200001
0.36041624999999994
0.35994933896
0.3575555635999999
0.35443980312
0.35075853624
0.34849869276
0.34796432944000005
0.34740643528
0.34497272992000005
0.34570967952000003
0.34214512067999997
0.3373895882
0.3360615121199999
0.33437527115999993
0.33276290048
0.3334076321199999
0.33494649179999997
0.33588398243999995
0.33619201832
0.33491156019999996
0.33462611588
0.33471686743999995
0.33463727924
0.33450709176000004
0.33437947364000004
0.33572211668
0.33691499008000003
0.33521694104000005
0.33737081608
0.33909865840000003
0.34176651108
0.342361231
0.34235081335999995
0.34387407327999997
0.3425508386
0.34026800599999996
0.3434584628799999
0.34373196291999997
0.34184316691999994
0.3418960475599999
0.34158066308
0.34152997939999996
0.34102472992000005
0.33984675455999996
0.34287292852
0.34288790448
0.3425259666
0.34307429060000005
0.34205608124000003
0.34206720396
0.34427532159999996
0.34576963535999994
0.3464932937999999
0.34828711179999994
0.3492593080799999
0.34627076879999996
0.34473832808000004
0.34451272056
0.34331019864000006
0.34230524752
0.34566016292
0.34623413631999994
0.34517797344000006
0.34742432864
0.3463705326
0.34580051308000004
0.34436892944
0.34612391224
0.34791732499999994
0.34879800963999996
0.34819572816000005
0.35205283112
0.35476130288
0.35585671436
0.3570711057999999
0.35617614327999997
0.35273020351999995
0.35309485959999987
0.35328709147999987
0.35548287687999996
0.35600871136
0.35523122836
0.35643955688
0.3542646965599999
0.3550994163199999
0.3551232588
0.35337657236
0.35367245104
0.35175521776
0.35072070668
0.34829993932000003
0.34777928656
0.34705526551999993
0.3448516455999999
0.3429527487199999
0.34236823716
0.3405669480399999
0.33889129099999993
0.34007816299999993
0.33522625647999993
0.3352345501199999
0.33404010491999997
0.33415425212000005
0.33221252504000004
0.32791321619999997
0.32977186700000005
0.33262422232000005
0.3313564912400001
0.33182616908000007
0.33151558028000006
0.33106220648000007
0.33339299120000004
0.3347284910000001
0.3364153929600001
0.3386318137600001
0.33880070068000007
0.34090461192000004
0.34157471244
0.3401376956
0.34009139832
0.34108919420000006
0.34088183552000006
0.3407012372
0.34049035192
0.34244564159999996
