0.5394564668799999
0.5200199208799999
0.50502178336
0.49977109344000004
0.4932775740000001
0.5000333060000001
0.49959402364000005
0.49603593595999995
0.495299548
0.48714809363999995
0.48267745208000007
0.4812070893200001
0.4861733340800001
0.48926323536000005
0.4837869936400001
0.48081936996
0.48277996592
0.48120194288
0.48260252928
0.48248174880000005
0.47982598756
0.47750901440000004
0.4769574644400001
0.47292173124000003
0.4768257373600001
0.4738778883200001
0.47453804332000005
0.4735732928000001
0.47298938932
0.47410627000000005
0.47635549148
0.47549330476000007
0.47836283344
0.48033140684000003
0.48211660619999996
0.48130312491999994
0.4801691382
0.48089954468
0.48177619715999986
0.4886826186399999
0.4946484181999999
0.49613672231999995
0.49694094448000004
0.49606128076
0.49128730036
0.49178532384
0.4947348212
0.50006484516
0.5000750724799999
0.5001341177199999
0.5020791297599999
0.50128344552
0.49667084508000003
0.4971805080800001
0.49357009584000006
0.48863025072
0.4825143024
0.47827628340000006
0.4770283464400001
0.47694450944000005
0.4709306609600001
0.4723268326
0.46569100216000003
0.45632323784
0.452964119
0.44913450652000003
0.44671909835999996
0.44801627603999994
0.45068228984
0.45198411772
0.45118838751999996
0.44799707328
0.44590611491999993
0.44461104192
0.4433989760399999
0.4425825636399998
0.4410497395999999
0.4427151799199999
0.44413870763999985
0.4390835475199999
0.4421827668799999
0.4447630019999999
0.44812063007999997
0.4493138441999999
0.44967997296
0.45371903339999997
0.45083661480000004
0.44497944776000004
0.4510951920400001
0.45304976104000005
0.45136864008000005
0.45160663224
0.45191803904000005
0.45126047695999993
0.45002800635999995
0.44811284187999995
0.4546130262399999
0.45442128256
0.45440800680000004
0.45623048812000006
0.4536706881600001
0.453990386
0.4580003903200002
0.46095714516000014
0.46574775900000015
0.47083572968000015
0.4724497773600001
0.46899065396000006
0.4658251114
0.46691704475999996
0.4656086565599999
0.46656148084000004
0.4742912551199999
0.4761808452
0.47419352052
0.47734998888
0.47540153739999996
0.47298042783999994
0.4707170504
0.47422317191999996
0.47654996636
0.4756972328
0.47404041627999993
0.4784218616
0.48148042012000003
0.48334591203999994
0.4849316817199999
0.48359325204000003
0.47718910688
0.4750486256
0.47328967508000014
0.47727678404
0.4781688181200001
0.4785120706000002
0.47874524040000016
0.4732575684000001
0.4727964203200002
0.4724570258400002
0.47156359388000013
0.47252578264000006
0.4696800072400001
0.46915226408000005
0.4669416582
0.46549366476000004
0.46530267971999995
0.4633396502
0.46206797984
0.46180773644000006
0.45911218756000005
0.45663382368000005
0.45784115300000006
0.44802028612000006
0.44796892176000014
0.4459390626400001
0.44783222476000006
0.44636931348000003
0.4408369324400001
0.4419863265200001
0.44470550792
0.44230971807999997
0.44370909616
0.44341341528
0.44401847296
0.44455261348
0.4445081243999999
0.44767962868
0.45040371328
0.4488342988399999
0.45331862844
0.4534944052
0.4491949444
0.44961343288
0.45028134859999996
0.45050412523999994
0.45100820443999995
0.45256607843999996
0.4569744514
