0.25762817012000006
0.22472594960000006
0.202622164
0.19422179899999997
0.18723612603999995
0.18510882384
0.18242126324000002
0.18148250348
0.18045329780000002
0.17882851704
0.17845781496000002
0.17871292400000002
0.17855656624
0.17760534964000002
0.17688868672000002
0.17688343067999998
0.17713922284
0.17683518104
0.17627435639999997
0.17522271987999996
0.1746952672
0.17449826448
0.17418606308
0.17341246971999996
0.17326421371999998
0.17271951787999998
0.17273880631999997
0.17275335335999997
0.17340610963999997
0.17364299360000002
0.17395534999999995
0.17354306171999997
0.17350311724
0.173574968
0.17321339148
0.17270773524
0.17143962759999998
0.17145803156
0.17151577824
0.1714619866
0.17108618152
0.17167206548
0.17210952996
0.17236430608
0.17220564791999998
0.17194987048000002
0.17177143936
0.17243735311999997
0.17256744444
0.17264306184000003
0.1727705388
0.17244733491999997
0.171848076
0.17182084028000003
0.17106511811999997
0.17069351288
0.17065318724
0.17004083308
0.17013646532000004
0.17029117388000004
0.17030194519999997
0.17067654991999998
0.17033560352000002
0.17014822952
0.17039235840000003
0.17113278464000004
0.17069504648000003
0.170554162
0.17046459332000002
0.17065788296
0.17085733976000003
0.17060891968000003
0.17022198320000004
0.17008509584000006
0.16986998956000007
0.16998559788
0.17003330976
0.1705827094
0.17064152451999998
0.17093100900000002
0.17162222232000002
0.1725195458
0.17350560696000003
0.17357672368000002
0.17325069284000003
0.17320052224000002
0.17347646468000005
0.17364784868000005
0.17363673164000004
0.17307108612000008
0.17238302408000003
0.17253883032
0.17198603924000003
0.17227311512
0.17268222604000003
0.17282373932000003
0.1738991948
0.17452133244
0.17496336544000002
0.17589077675999998
0.17620130063999997
0.17642692388000003
0.17636738076
0.17656254363999999
0.17582115331999998
0.17545364311999997
0.17523659304000003
0.17518869524000003
0.17538458768000006
0.17495380888000003
0.17533982244000001
0.17482866251999998
0.17522499148000004
0.17576227508000006
0.17556155576000002
0.17577347576000002
0.17570300447999998
0.17644918079999997
0.17628623999999998
0.17602767936
0.17628352676000003
0.17588434412
0.17577448391999997
0.17606977136000002
0.17585689832000004
0.17577954796000003
0.17583691204000004
0.17596823236000006
0.17588674020000006
0.17659453156000005
0.17728735468
0.17798147812000004
0.17754925720000003
0.17765274168
0.17931131384000001
0.17898886532000002
0.17919606472000005
0.1794135576
0.17892107324
0.17910508196000002
0.17884824488
0.17797509052000002
0.17710342256
0.1765696688
0.17621236451999997
0.17614336047999998
0.1756561734
0.1756418576
0.17594658708
0.1759809276
0.17622996447999997
0.17634074955999998
0.1769558956
0.17643266788
0.17621008100000005
0.17575766864000003
0.17469667051999999
0.17567331900000005
0.17569493024000005
0.17428039024
0.17424365664000002
0.17398538076
0.17326908823999998
0.17362683087999997
0.17420595707999997
0.1744139052
0.17535484924000005
0.17576814360000004
0.17608325852
0.17637830652000003
0.17628640008000002
0.17642977868000004
0.17596198032000004
0.17523927896
0.17462956231999996
0.17471354727999994
0.17414168471999994
