0.5623489699666666
0.5476630711
0.5344197507666666
0.5332939007333333
0.5251693523666666
0.5345829747666666
0.5372026300333334
0.5374797605666667
0.5382347901333333
0.5304092832666666
0.5212226846
0.5194954541666665
0.5226621789666666
0.5263071444666666
0.5241591869333333
0.5272006659333333
0.5221938493666667
0.5178956268
0.5206740128666667
0.5203951601333333
0.5150147448
0.5205368375333334
0.5245245198
0.5160857094
0.5238403917333332
0.5244780117666665
0.5229213764999999
0.5233945549999999
0.5289136262999999
0.5264597068333332
0.5278076773999999
0.5283367788666666
0.5305978540666666
0.5316181401333333
0.5370157769333332
0.5375458194333332
0.5375112608999999
0.5354866867666667
0.5340167503666666
0.5314408817999999
0.5378005711
0.5332018701666666
0.5355247653
0.5368953078
0.5362749327333334
0.5351424283000001
0.5424213585666668
0.5420914788333334
0.5384600060333333
0.5384068165333334
0.5364056236333334
0.5288146563333335
0.5266435381333334
0.5314152898666666
0.5287848828666667
0.5219520978000001
0.5254652697333334
0.5182032916666667
0.5074161895666667
0.5083427739
0.5056901515666666
0.5046339307
0.5046537978333333
0.5052425163666666
0.49816065919999997
0.4977458715
0.4886958204666667
0.4882738836333333
0.48872402606666665
0.4920463219666667
0.48961997253333334
0.4918728937666667
0.4878650259
0.48464637263333343
0.4790129132333334
0.4779638696333334
0.4731165402000001
0.47871791690000004
0.4838084003333334
0.48455579960000017
0.4861930214000001
0.49244040753333346
0.4828211369666668
0.4796836018000002
0.4817490290666668
0.4842140126333334
0.48183533676666673
0.48858745423333344
0.49801272766666677
0.49283620750000007
0.4939973660000001
0.49417479590000013
0.49167894153333336
0.48950285553333345
0.49338243100000007
0.4885627300333334
0.4946845687
0.4971343422333333
0.4991429583333334
0.5006309581666667
0.5055516746000001
0.5043070937
0.5050042721333334
0.5059135352333334
0.5141143330333333
0.5122924573
0.5174713927666666
0.5128583850333334
0.5107506181999999
0.5107804559333333
0.5123594026999999
0.5108540055999999
0.5211224960666666
0.5218427474999999
0.5182641849666666
0.5232410434666666
0.5216771814666666
0.5175957869333333
0.5199188965333333
0.5279821320333334
0.5273564594333334
0.5279257869000001
0.529641902
0.5254689238333333
0.5219707602333334
0.5283515830000001
0.5306441898
0.5279892238333335
0.526928071
0.5290467120000001
0.515988872
0.5185095284
0.5163114339666667
0.5172537997333334
0.5165299999333334
0.5162736002
0.5133116291666667
0.5136807083333335
0.5104646387666667
0.5090286811
0.5090351748
0.5084139923333334
0.5067146867000001
0.5086899551333334
0.5107857575
0.5084755588666666
0.5005003253666667
0.5034752035
0.4932530068333332
0.48906261229999987
0.4923144064666665
0.4879503930333332
0.48687258763333313
0.4938360434333332
0.4960816318333332
0.4861236058999998
0.4842647751999999
0.48224432506666665
0.48083159126666664
0.4798718006999999
0.4887480148666666
0.4891316872333333
0.4875659519333333
0.4890187210666666
0.4864486391333333
0.4847380264666666
0.4850876210333333
0.48540559939999994
0.4893709614999999
0.4917552132333333
0.4935187763666667
0.49120999043333335
