0.2432661435666667
0.21557778183333337
0.19710480516666667
0.19041472573333335
0.1846407045
0.18338329520000002
0.18212915433333338
0.18154326270000004
0.18072201276666672
0.17922509800000003
0.17869632486666673
0.17785238493333339
0.1776074148666667
0.17704730336666671
0.17637935190000004
0.17624797746666668
0.17667199966666666
0.17592301936666668
0.17500828636666668
0.1738617189
0.17298377946666668
0.17296570463333336
0.17318469056666666
0.17295215693333332
0.17346250753333334
0.17353879346666667
0.17292537526666665
0.17283893286666666
0.1732090332333333
0.17295509236666667
0.17304905469999995
0.1729777913
0.1731895361
0.1732740798
0.17308632263333332
0.17255329699999997
0.1719850028333333
0.1722348846333333
0.17267976706666666
0.17247681956666663
0.17213667729999999
0.17219884676666666
0.1722581627666666
0.17191919306666664
0.17171200386666666
0.17137983913333332
0.17125659666666665
0.17123636799999994
0.17162579906666664
0.17162992786666667
0.17185045596666665
0.17118735936666665
0.1705784993
0.17048432963333335
0.17016190926666666
0.1700045507
0.17058903146666668
0.17054994133333334
0.1704184644
0.17073546173333334
0.17124083816666666
0.17136451856666665
0.17148166
0.17180377963333332
0.17180673320000003
0.17194597583333338
0.17131289193333335
0.17068520713333335
0.17001985120000004
0.1697656219
0.16974294530000003
0.16980815533333338
0.16969083156666667
0.17002086580000003
0.1702032171666667
0.17089352556666665
0.1712475351
0.1719597751
0.17194756579999998
0.17198322153333334
0.17209372516666666
0.17294176266666664
0.17355578766666663
0.17333535300000003
0.17305205526666664
0.17297507056666667
0.1729164189
0.17285702310000003
0.17357451763333337
0.17371495623333338
0.17335510473333338
0.17398301553333337
0.17399118250000004
0.17376882796666668
0.17412636673333334
0.17419624603333336
0.17465649216666668
0.1748119962
0.17541873896666668
0.17516252029999999
0.1754502299333333
0.17558360450000002
0.17579809663333335
0.17590011843333334
0.17533555476666668
0.17519172526666665
0.17486602660000003
0.17498860810000003
0.17515664583333337
0.17497777436666667
0.1751191985
0.1747718687333333
0.17519146653333334
0.17578244126666667
0.17617878393333333
0.17660552363333334
0.17677094369999996
0.17714821973333328
0.17693270816666665
0.17677192696666666
0.1766594199
0.17627125653333336
0.17601774613333332
0.17618821793333336
0.17574898263333338
0.17635527496666673
0.17687906636666673
0.17678299366666675
0.17680861680000007
0.17824402186666669
0.17813774376666666
0.17816558633333338
0.17850932673333336
0.17810371713333337
0.17843716860000003
0.1780428838666667
0.17739389206666673
0.17675682576666668
0.17645526936666667
0.1767211245666667
0.17691376090000002
0.17673191780000003
0.1764754504
0.17664966406666668
0.17673296716666667
0.17661478466666666
0.1766515944
0.17700225586666668
0.1764906317
0.17604330153333334
0.1763370422
0.1759288651
0.17653723253333334
0.1766487751666667
0.1763155707666667
0.17560132873333337
0.1748355052
0.1749425192666667
0.17474879146666666
0.17418270463333332
0.1742304171
0.17419287916666668
0.17371898076666664
0.17409042376666667
0.1744488117
0.17477889023333334
0.1754441579333334
0.1755242485333334
0.1755410058666667
0.1754139653333334
0.17542327366666666
0.1753895205
