0.5315222639333333
0.5148327373666667
0.5002166438666668
0.49818048433333345
0.4896966892333335
0.49754320236666677
0.49903080126666677
0.4976795131000001
0.4971393038333334
0.48906033793333337
0.4806958287666668
0.47826825793333344
0.48078100533333334
0.48293354703333335
0.4813501474000001
0.48332432343333337
0.47893250740000004
0.4750625345333334
0.47663814916666675
0.4758491747333335
0.47082310716666675
0.47530907726666677
0.47873009776666675
0.47248145450000006
0.4787323319000001
0.4789381177666668
0.4777272239333334
0.4780008522666668
0.4819807455
0.48039588273333333
0.48193471813333333
0.4828433967333334
0.4850658537
0.4858698448
0.49033910876666664
0.4906716338666666
0.4907096187666667
0.489754014
0.4885985848666666
0.4876004029999999
0.49246261833333327
0.48889488679999993
0.4907816197666667
0.4911986018333333
0.49055948216666667
0.4893673923333333
0.49512110319999997
0.49515791496666667
0.49269710186666665
0.49268596396666664
0.4912317531
0.4843741065
0.4819200111
0.4853465431000001
0.4827610822666667
0.4774140260333333
0.48020466993333333
0.47450599430000007
0.46586303730000006
0.46604536943333336
0.46386445186666675
0.4628345855666666
0.4623512901333333
0.46268699543333336
0.4570183189
0.4562459261
0.44877851259999996
0.44825259513333326
0.44832340279999994
0.45065254523333326
0.44836509216666653
0.4503835351999999
0.44736652726666654
0.44608346449999997
0.44181048879999985
0.4413181173666665
0.4372737368999999
0.4414614985999999
0.44545765653333314
0.4461859798666665
0.44832134493333325
0.45380659693333325
0.44675863126666665
0.4442520753
0.44613307910000005
0.4475627678
0.4455677519333333
0.45087382086666666
0.45846802803333336
0.45457155836666663
0.45539453890000003
0.4553567858333334
0.45359010056666677
0.4514281669333334
0.4541911872333334
0.4504336760333334
0.4553779624666667
0.45744509010000006
0.45970521720000007
0.46043447460000014
0.46486242240000014
0.4634404350333334
0.4633577269666668
0.4635296596666668
0.4693805609000001
0.46784291966666675
0.4719719959666667
0.4685674854666667
0.46664124279999997
0.4665610354
0.4672552306999999
0.46603852076666663
0.4742079709333333
0.47481957666666663
0.4722160674333333
0.47637897746666663
0.47543228629999995
0.4720254149333333
0.47406265413333326
0.48040153203333325
0.47979456783333324
0.4806435087
0.4817550646666666
0.4786894672666666
0.4761162558333334
0.48121157816666665
0.4828457667333333
0.48016475013333343
0.4781587642000001
0.4802117954000001
0.4698611186000002
0.4722608651000001
0.47145612870000014
0.47142331153333356
0.4712349836333335
0.4706480229333334
0.46819750680000016
0.46808330683333355
0.4659135929666668
0.46480703343333346
0.4647036952333334
0.46432098833333335
0.4627148387666667
0.46439193510000004
0.46574374183333334
0.4642038900333334
0.4575793864666667
0.4600288192333334
0.45162046813333334
0.4480760930333334
0.4503977460333334
0.4461001423333334
0.44549231220000013
0.4510890984000001
0.4529293724666667
0.4452106361666667
0.4440413911333334
0.4429975077333334
0.44312376393333336
0.4427040536333333
0.44933307316666665
0.4495369176
0.448397701
0.4507094551
0.44894755223333327
0.4476328095333333
0.44803862899999997
0.4488312474333333
0.45190065216666664
0.4538316791
0.45522591356666664
0.4533347794333333
