0.42537590420000004
0.40347676990000003
0.38522916656666667
0.3807912241
0.3717801329333333
0.3758039378666666
0.3748930428333333
0.3719080862
0.36975662046666663
0.3636509759
0.35855672583333337
0.35606509356666666
0.3577520446333333
0.35803205590000003
0.3583317149333334
0.35978786760000003
0.3575874915666667
0.35534859469999996
0.3550422679333334
0.35375183946666666
0.3506059338333333
0.35343661793333336
0.3557922525
0.3531378845
0.35631946350000004
0.35608134719999995
0.35499358626666666
0.3547211374333334
0.3558096418666666
0.35511425886666653
0.35649867863333323
0.3579495968333332
0.35960353056666655
0.3595725881666666
0.36164709093333325
0.3614400138999999
0.3617469786
0.3619958622666666
0.36147856916666665
0.3614874427666666
0.3632440161666667
0.3614525459333333
0.36182692176666664
0.36122581480000004
0.3598760922666667
0.35808315993333345
0.3599685412333334
0.35970034833333336
0.35879385936666675
0.3584731446666668
0.3580120742666668
0.35349429413333344
0.35133031550000005
0.35254124090000005
0.3512537430666666
0.3493705415
0.35116244436666666
0.34874655293333334
0.34446355180000005
0.34416257693333335
0.34301704176666675
0.3425128223666667
0.3424086832
0.34275454673333333
0.34039908483333325
0.34001049906666664
0.33566736770000005
0.33488088073333333
0.3345073861
0.3354116715
0.33435823870000003
0.3357985251
0.3349801744
0.3356346127333333
0.3344076851
0.33479178760000006
0.33287618086666665
0.3357888664
0.3378844842666667
0.33858311786666667
0.3405657666333333
0.3443226963333333
0.34188764729999993
0.3407086629999999
0.34110051663333324
0.3404090725999999
0.3393347957333333
0.3419383018666666
0.3462048727333332
0.3445350996666666
0.34457006856666667
0.3440923910666666
0.3427811077
0.3408236151
0.34140359496666667
0.33924495779999997
0.3417615615666667
0.3430211791666667
0.34484525266666666
0.3442876972333334
0.3462751376333334
0.3452760429
0.3445794098333333
0.3444039325999999
0.3463296007999999
0.34551525209999995
0.3469948539333333
0.3451323571666666
0.34393608410000004
0.3434564833666667
0.3433676187333334
0.34251787406666667
0.34654872443333334
0.34696359486666667
0.3465283907666668
0.34963186696666676
0.34984402613333343
0.3482936619333334
0.3495926582
0.35285073910000003
0.3525865909666666
0.3535933759666667
0.35409471150000005
0.3533487834333334
0.3526381714
0.35563431283333335
0.35645577033333326
0.3543572346333333
0.3522885934333333
0.3546181533666666
0.35049657273333323
0.3518616108
0.3525094321666667
0.351134621
0.3510895921
0.3504051346666667
0.3495307567
0.3487485381
0.3482512200666667
0.3480928008333333
0.34748796443333335
0.3469958729
0.345433432
0.3464243403666666
0.34682355473333326
0.34605395596666655
0.3422835816666666
0.34329372979999995
0.33833817826666657
0.33546562909999994
0.33593082173333333
0.33215752899999995
0.33235367106666663
0.33553360909999996
0.3365028464
0.33261247073333333
0.33188886363333325
0.3317206781
0.3329360900333334
0.3329970372000001
0.3355307150000001
0.3358077545666668
0.3351464063333334
0.3378579197000001
0.33801135200000004
0.3378066959666668
0.3381381159333335
0.3394244777333334
0.3406764645000001
0.34152853113333337
0.34241954456666673
0.34186099240000006
