0.6961252448
0.6027505358
0.5368314152
0.5290145118
0.5233597454
0.6014463755999999
0.6206039598
0.5907875334
0.5712020968
0.5529734618
0.5134637558
0.4871718864
0.5111631448
0.520330552
0.506233301
0.540032379
0.5229494642
0.49778382799999993
0.538100133
0.5098756112
0.4881512968
0.5175202243999999
0.5499404086
0.5020234116
0.5416012802
0.5348747678
0.534982356
0.5200121745999999
0.5390926992
0.5169727145999999
0.5295292735999999
0.5399878894
0.555191474
0.5586598482
0.5547993308
0.5212846346
0.5143609046
0.5018820438
0.4996362228
0.5154728838
0.5493316438000001
0.5033622576
0.4825638318
0.4865317624
0.4836491402
0.46691685219999995
0.5130073932
0.5375571860000001
0.5105703121999999
0.5305470008000001
0.5449308985999999
0.5318274582
0.5431606198000001
0.5789909129999999
0.5573171708
0.5548527616000001
0.5674747702
0.563231969
0.5553197822
0.5803091352
0.5879581258
0.5950347816
0.5845244702
0.5730515096
0.52134996
0.5228131446
0.4885045602
0.502110515
0.5169075674
0.5444771894
0.5333827870000001
0.5586791879999999
0.5219641129999999
0.4959199517999999
0.496440443
0.47449602420000003
0.43136717979999994
0.4448695418
0.46830201520000003
0.4728153988
0.4582097436
0.5117311386
0.492519141
0.43499631120000004
0.43466451700000003
0.4572810842
0.44248673600000005
0.48193500599999994
0.542277743
0.519216447
0.5402924454
0.4994061201999999
0.486244985
0.47394056780000005
0.48466393659999996
0.47405775079999996
0.507567
0.49965736860000004
0.4924416468
0.4662767370000001
0.46344616960000007
0.44614106659999997
0.467081459
0.490892118
0.5296977611999999
0.5238709348
0.5473103838
0.46948886219999997
0.44355322399999997
0.4559747756
0.446335691
0.448100714
0.5271170446
0.5449710663999999
0.5011875876
0.5159812044
0.5165234908
0.5004839298
0.49121851019999996
0.522493788
0.5076846296
0.502464757
0.5189773892
0.5317811846
0.5281550996
0.5759914182
0.5653021500000001
0.5468769480000001
0.5330651082
0.5471769862
0.5038908658
0.5251268610000001
0.5142061364
0.5199146158
0.5096944985999999
0.5242726071999999
0.5076060607999999
0.5190735284000001
0.5101059998
0.5008771498
0.5116255356
0.5130397691999999
0.5059567898
0.5334279606
0.55949527
0.5406737001999999
0.5540151233999999
0.5727606202000001
0.524518674
0.4864255571999999
0.513655371
0.5187751744
0.5090613202000001
0.5405360676
0.5706108102
0.5018151522
0.4924941816
0.4768102088000001
0.4750194806
0.47207671380000005
0.5055992349999999
0.4939394656
0.49842178260000003
0.47917965
0.4646865856
0.4808420548
0.4782202398
0.47727739859999996
0.499457898
0.5114196082
0.50826784
0.4655577674000001
0.4865198906
0.4408062708
0.4291563988
0.44370678580000006
0.47871552939999995
0.47314492500000005
0.5280168936
0.5285396744
0.4765105676
0.49666146739999995
0.48129174480000003
0.46250935460000003
0.4733518234
0.5175616059999999
0.5216956537999999
0.5087399699999999
0.5241422594
0.5115377444
0.48153930460000005
0.46967506839999995
0.48545966739999996
0.48129309259999997
0.49652603019999997
0.5335265542000001
0.5149544562
