0.5340527422
0.3813603748
0.27521631360000004
0.24022186539999998
0.2137016418
0.2080106964
0.19921030600000003
0.196476745
0.1963053284
0.1909071544
0.1877607958
0.1814181954
0.18146858400000002
0.18091203819999999
0.18216251199999997
0.18401152880000002
0.18754067559999998
0.1846078008
0.1829873696
0.1768492448
0.17430508739999998
0.1741001962
0.1753413766
0.1706823934
0.1725600772
0.1714560108
0.16983694300000002
0.169518011
0.1713793594
0.17166359679999998
0.17475565199999998
0.18066860980000002
0.18184705880000002
0.18206558760000002
0.1812080028
0.17988887439999998
0.1735496896
0.17286165799999997
0.174257072
0.17383267780000003
0.17307071140000002
0.1743358838
0.17136221100000001
0.16867793620000002
0.16705671400000002
0.16442634080000001
0.1653029054
0.168177828
0.17065059300000002
0.1744539766
0.1776351714
0.17385822
0.17326683040000002
0.1722236512
0.1695155862
0.1685175782
0.17015143920000003
0.1716216304
0.1717696388
0.1724509784
0.1717811058
0.17471187900000001
0.17611915
0.17849971120000002
0.1775509844
0.1773891562
0.1748327532
0.1730013268
0.169693628
0.1692437836
0.16852968240000002
0.1686823832
0.1652314424
0.1669175722
0.16656425800000002
0.1672500418
0.1648874816
0.1642306158
0.1638017764
0.16564586499999998
0.1665597398
0.1702682526
0.17309548260000002
0.1718284598
0.172956901
0.175935303
0.1748043618
0.1772119424
0.1800815302
0.1788786072
0.17601193180000002
0.17440211920000004
0.17134043280000003
0.1677961406
0.1653043166
0.164170973
0.1658043336
0.1670350734
0.16969971560000002
0.17186935520000002
0.17543316400000003
0.1773186618
0.1788451036
0.1784777722
0.1772442842
0.1744512394
0.17505284699999998
0.17380669119999997
0.17212849959999998
0.1720588674
0.1718478122
0.17011618999999997
0.1689028952
0.1732634476
0.1769343068
0.178215508
0.1812039416
0.1840168988
0.1812473922
0.18134707020000002
0.1810587796
0.178442979
0.176265315
0.1776956066
0.171521238
0.17169487639999997
0.17136700759999998
0.172951676
0.1725879924
0.17290756200000001
0.17388213600000002
0.17301319440000001
0.1739881724
0.1740169366
0.1750976018
0.1740160788
0.17448789979999998
0.17502384180000002
0.17588327219999997
0.17926492479999998
0.18076576300000002
0.18211063980000003
0.1806434144
0.18016504900000002
0.180493165
0.1785388856
0.1782058186
0.17723405720000002
0.17678045080000002
0.17520940420000003
0.17923391
0.182089838
0.1808568002
0.1814179998
0.1864914734
0.1823896892
0.17908612740000002
0.1833096744
0.1803585944
0.1740664424
0.17331297659999997
0.16838302879999997
0.16347316659999997
0.16412624999999997
0.1648013376
0.16724134100000002
0.17051605420000002
0.1733355896
0.17704964039999999
0.17933598039999998
0.1789719056
0.18162869939999998
0.18380424720000002
0.17921085479999999
0.17635517120000002
0.1768724308
0.1738694428
0.1744439172
0.1777293116
0.17684301959999998
0.1748196292
0.1755296786
0.1712885206
0.1700180976
0.1736942766
0.1741642194
0.1752303712
0.1759684434
0.1764083882
0.1756630848
0.17660381539999997
0.17589070140000002
0.17430477319999998
0.1728297426
0.17059225940000003
0.1711076416
0.1701882296
