0.6540096812
0.5399805036
0.45298643060000005
0.43656655720000004
0.41270742799999993
0.45176216140000003
0.45418069680000006
0.4221045974
0.405323893
0.38086730160000004
0.35719226020000006
0.3426634226
0.3584506032
0.3617631864
0.3662583438
0.3774147618
0.3655145176
0.35345889319999996
0.36444276200000003
0.34765530580000004
0.34302094980000003
0.3578312736
0.3719151196
0.359395254
0.3777215098
0.36885561079999996
0.36069020520000006
0.3524593554
0.35725569199999996
0.34547090859999996
0.35657788319999995
0.36847814119999994
0.3730599484
0.3703589354
0.36393248580000004
0.3482788892
0.3412130012
0.33716834799999995
0.3349765056
0.34895173579999994
0.36457911079999994
0.3517978106
0.34402990359999996
0.3438244586
0.33877909100000003
0.32232315920000004
0.3406092758
0.35612084
0.3530164614
0.36306105000000005
0.37587343000000006
0.3671730836
0.36548842919999996
0.3754257982
0.370490282
0.37135959939999996
0.3784262686
0.3817537142
0.37983336979999993
0.3846679009999999
0.3862258948
0.3912624318
0.3874139386
0.3817948214
0.3629745968
0.3591029028
0.3394464052
0.336154705
0.3334599794
0.3392836328
0.3336139734
0.3428937824
0.331270463
0.32923272600000003
0.33036140540000003
0.32189664520000005
0.3017637932
0.30590064299999997
0.31550075059999994
0.3197446404
0.32402423340000003
0.353181985
0.3499858538
0.32695966359999995
0.32794328519999993
0.333238601
0.3265285366
0.34372649580000003
0.3695793394
0.3620869484
0.3681866386
0.35018970380000003
0.3422471238
0.3323118576
0.3330501168000001
0.3251893406
0.34023334959999996
0.336750467
0.3402233392
0.33325971439999996
0.33621526679999997
0.325359717
0.336122615
0.3427319552
0.355414002
0.35654051940000003
0.370442886
0.3424933284
0.33244582300000003
0.334849033
0.3230840692
0.32325458139999996
0.3502897812
0.359936922
0.3485507834
0.3582045768
0.3550741086
0.3487833308
0.3372917936
0.3432979202
0.33623597399999994
0.3362047268
0.3436875526
0.356441683
0.35035473040000004
0.3673704196
0.3613202376
0.34609985099999996
0.33757541879999997
0.3455111357999999
0.3316559536
0.33567258320000004
0.339440299
0.3399248642
0.33817529739999996
0.3436547192
0.3435810068
0.350991532
0.35061088760000003
0.3532804774
0.3606695586
0.3672114938
0.36075940619999997
0.375711302
0.38648487340000004
0.37593292080000007
0.3775702076
0.38358962820000003
0.359828545
0.342022514
0.3545223052
0.3533790929999999
0.3452626914
0.350080543
0.3622346222
0.33654397900000005
0.3337552804
0.3350130362
0.3306515842
0.3243397682
0.33110732519999997
0.32168745860000003
0.3168749346
0.3226244586
0.3201945498
0.3261516978
0.328371704
0.33110089540000004
0.3396496094
0.34566500080000007
0.3520655078
0.33893774639999996
0.347921193
0.32719432940000004
0.3183373196
0.31519411540000003
0.3168138916
0.3179492758
0.34300113
0.34824581779999997
0.3346121992
0.35176710079999995
0.34146473359999996
0.3344954286
0.341199767
0.3540534446
0.35726862600000003
0.35556740560000005
0.3601825622
0.354425657
0.34476321099999996
0.3356696268
0.342543363
0.33953572740000004
0.3412976246
0.35382878939999995
0.3507089628
