0.6889670535999999
0.5910263059999998
0.5211201834
0.512585166
0.5024396672
0.5718719538
0.5881493609999999
0.5552104082
0.5365196461999999
0.5154270594
0.4800781228
0.45570971799999993
0.4786763176
0.48458863579999994
0.47569214039999996
0.5008160027999999
0.48604997240000003
0.46558788500000003
0.4952202388
0.47096636160000005
0.45554920139999994
0.47916424699999993
0.5045141226000001
0.4699417804
0.5018626414
0.49185124920000006
0.4888968198
0.4761909463999999
0.49022743879999997
0.47179226539999997
0.48509268419999996
0.4962146894
0.5058973988
0.5063380829999999
0.49862155939999997
0.47078771220000004
0.46357410099999996
0.4538193616
0.45128510539999994
0.46916591620000003
0.4958490908
0.4596952148
0.4443654928
0.44681624859999997
0.4426863044
0.42580870519999997
0.46430939159999995
0.48759326439999995
0.4702800708
0.48826530459999995
0.504239265
0.493673127
0.5001386496
0.5269375264
0.5118439464
0.5098308514000001
0.5195938566
0.518580955
0.5135620345999999
0.5314516216
0.5375141786000001
0.5434120216
0.5340263606000001
0.5227105234
0.48218932480000004
0.481533619
0.45268570919999995
0.45998499620000005
0.4668852072
0.48692039119999997
0.4772777348
0.49705251320000005
0.470623264
0.45580724880000006
0.4554451952
0.4369948698
0.3998274114
0.40816584120000005
0.42617671819999997
0.42871601439999996
0.42133290259999995
0.4686565076
0.4556545488
0.4100364916
0.4115496694
0.42853340640000004
0.4153733504
0.44565272999999994
0.4945057834
0.4772893184000001
0.49180302400000003
0.45907558379999996
0.4494341906
0.4365289676
0.4439946828
0.4342486153999999
0.4623158448
0.454668589
0.45344557739999997
0.4338680526
0.434995886
0.41839372340000003
0.435193092
0.4520524010000001
0.4816981416
0.4790142352
0.4990245716
0.4399486372
0.41894323079999995
0.4283986098
0.4167814398
0.4192234376
0.4803456864
0.49533220800000005
0.462180545
0.475524033
0.47410755379999997
0.4619504082
0.4522666168000001
0.47500709160000004
0.46203784679999993
0.45920264359999996
0.47256412779999996
0.4861912692
0.48145440700000003
0.5208210936000001
0.5106906802
0.4901444102
0.4763922322
0.4875445704
0.45287886959999996
0.469583089
0.46645164299999997
0.4707218998
0.4647809886
0.4754881014
0.46342372039999996
0.47379155000000006
0.468013234
0.46232880200000004
0.4715239204
0.4755860308
0.46725035039999996
0.49079067280000005
0.5112933326
0.49601757520000006
0.5053748882
0.5203283066
0.4800274956
0.4492954344
0.4705399088
0.4724161918
0.46302224059999997
0.48300705080000006
0.5060276444
0.45271833619999996
0.44718127040000005
0.4378926816
0.4359795161999999
0.4336836998
0.4576002956
0.4452029392
0.4462147118
0.43766358839999997
0.4262132874
0.4398221352
0.44016460960000003
0.4415807416
0.4588832868
0.4679490524
0.4685250892
0.43513641960000005
0.4511342332
0.414161871
0.40528743980000004
0.4131807112
0.43649942340000003
0.43310926439999997
0.4768392772
0.47841511100000006
0.43941724959999995
0.4600636846
0.4480534138
0.435215044
0.4446757314
0.47745295819999994
0.4801544292
0.4702938412
0.48149366320000003
0.4711446914
0.4473987138
0.4362132076
0.4488159904
0.4448107707999999
0.4555180486
0.4853807593999999
0.4719415122
