1.0
0.996326726
0.996326726
0.996326726
0.996326726
0.996326726
0.996326726
0.995713788
0.992318019
0.987146769
0.987146769
0.987146769
0.987146769
0.987146769
0.987146769
0.987146769
0.987146769
0.987146769
0.987146769
0.987146769
0.987146769
0.987146769
0.987146769
0.987146769
0.987146769
0.987146769
0.987146769
0.987146769
0.987146769
0.987146769
0.987146769
0.987146769
0.987146769
0.987146769
0.987146769
0.987146769
0.987146769
0.987146769
0.987146769
0.987146769
0.987146769
0.987146769
0.987146769
0.987146769
0.987146769
0.987146769
0.987146769
0.987146769
0.987146769
0.987146769
0.987146769
0.987146769
0.987146769
0.987146769
0.987146769
0.987146769
0.987146769
0.987146769
0.987146769
0.987146769
0.987146769
0.987146769
0.987146769
0.987146769
0.987146769
0.987146769
0.987146769
0.987146769
0.987146769
0.987146769
0.987146769
0.987146769
0.987146769
0.987146769
0.987146769
0.987146769
0.987146769
0.987146769
0.987146769
0.987146769
0.987146769
0.987146769
0.987146769
0.987146769
0.987146769
0.987146769
0.987146769
0.987146769
0.987146769
0.987146769
0.987146769
0.987146769
0.987146769
0.987146769
0.987146769
0.987146769
0.987146769
0.987146769
0.987146769
0.987146769
0.987146769
0.987146769
0.987146769
0.987146769
0.987146769
0.987146769
0.987146769
0.987146769
0.987146769
0.987146769
0.987146769
0.987146769
0.956272609
0.956272609
0.956272609
0.956272609
0.956272609
0.956272609
0.956272609
0.956272609
0.956272609
0.956272609
0.956272609
0.956272609
0.956272609
0.956272609
0.956272609
0.956272609
0.956272609
0.956272609
0.956272609
0.956272609
0.956272609
0.956272609
0.956272609
0.956272609
0.956272609
0.956272609
0.956272609
0.956272609
0.956272609
0.956272609
0.956272609
0.956272609
0.956272609
0.956272609
0.956272609
0.956272609
0.956272609
0.956272609
0.956272609
0.956272609
0.956272609
0.956272609
0.956272609
0.956272609
0.956272609
0.956272609
0.956272609
0.956272609
0.956272609
0.956272609
0.956272609
0.956272609
0.956272609
0.956272609
0.956272609
0.956272609
0.956272609
0.956272609
0.956272609
0.956272609
0.956272609
0.956272609
0.956272609
0.956272609
0.956272609
0.956272609
0.956272609
0.956272609
0.956272609
0.956272609
0.956272609
0.918502011
0.918502011
0.918502011
0.918502011
0.918502011
0.918502011
0.918502011
0.918502011
0.918502011
0.918502011
0.918502011
0.918502011
0.865594817
0.865594817
0.865594817
0.81527547
0.52000449
0.434597544
