1.0
0.978639581
0.978639581
0.978639581
0.978639581
0.978639581
0.978639581
0.978639581
0.978639581
0.773712593
0.773712593
0.773712593
0.773712593
0.773712593
0.773712593
0.773712593
0.773712593
0.773712593
0.773712593
0.773712593
0.773712593
0.773712593
0.773712593
0.773712593
0.773712593
0.773712593
0.773712593
0.773712593
0.773712593
0.773712593
0.773712593
0.773712593
0.773712593
0.773712593
0.773712593
0.773712593
0.773712593
0.773712593
0.773712593
0.773712593
0.773712593
0.773712593
0.773712593
0.773712593
0.773712593
0.773712593
0.773712593
0.773712593
0.773712593
0.773712593
0.773712593
0.773712593
0.773712593
0.773712593
0.773712593
0.773712593
0.773712593
0.773712593
0.773712593
0.773712593
0.773712593
0.773712593
0.773712593
0.773712593
0.773712593
0.773712593
0.773712593
0.773712593
0.773712593
0.773712593
0.773712593
0.773712593
0.773712593
0.773712593
0.773712593
0.773712593
0.773712593
0.773712593
0.773712593
0.773712593
0.773712593
0.773712593
0.773712593
0.773712593
0.773712593
0.773712593
0.773712593
0.773712593
0.773712593
0.773712593
0.773712593
0.773712593
0.773712593
0.773712593
0.773712593
0.773712593
0.773712593
0.773712593
0.773712593
0.773712593
0.773712593
0.773712593
0.773712593
0.773712593
0.773712593
0.773712593
0.773712593
0.773712593
0.773712593
0.773712593
0.773712593
0.773712593
0.773712593
0.773712593
0.773712593
0.773712593
0.773712593
0.773712593
0.773712593
0.773712593
0.773712593
0.773712593
0.773712593
0.773712593
0.773712593
0.773712593
0.773712593
0.773712593
0.773712593
0.773712593
0.773712593
0.773712593
0.773712593
0.773712593
0.773712593
0.773712593
0.773712593
0.773712593
0.773712593
0.773712593
0.773712593
0.773712593
0.773712593
0.773712593
0.773712593
0.773712593
0.773712593
0.773712593
0.773712593
0.773712593
0.773712593
0.773712593
0.773712593
0.773712593
0.773712593
0.773712593
0.773712593
0.773712593
0.773712593
0.773712593
0.773712593
0.769308282
0.614939879
0.614939879
0.614939879
0.614939879
0.614939879
0.614939879
0.614939879
0.614939879
0.614939879
0.614939879
0.614939879
0.614939879
0.614939879
0.614939879
0.614939879
0.614939879
0.614939879
0.614939879
0.614939879
0.614939879
0.614939879
0.614939879
0.614939879
0.614939879
0.614939879
0.614939879
0.614939879
0.614939879
0.614939879
0.614939879
0.614939879
0.614939879
0.563029013
0.40761516
0.40761516
0.40761516
0.360850923
0.16086782
0.002900138
