1.0
0.999963818
0.811758218
0.808433731
0.808433731
0.808433731
0.808433731
0.808433731
0.745989128
0.450884148
0.450884148
0.450884148
0.450884148
0.450884148
0.450884148
0.450884148
0.450884148
0.450884148
0.450884148
0.450884148
0.450884148
0.450884148
0.450884148
0.450884148
0.450884148
0.450884148
0.450884148
0.450884148
0.450884148
0.450884148
0.450884148
0.450884148
0.450884148
0.450884148
0.450884148
0.450884148
0.450884148
0.450884148
0.450884148
0.450884148
0.450884148
0.450884148
0.450884148
0.450884148
0.450884148
0.450884148
0.450884148
0.450884148
0.450884148
0.450884148
0.450884148
0.450884148
0.450884148
0.450884148
0.450884148
0.450884148
0.450884148
0.450884148
0.450884148
0.450884148
0.450884148
0.450884148
0.450884148
0.450884148
0.450884148
0.450884148
0.450884148
0.450884148
0.450884148
0.450884148
0.450884148
0.450884148
0.450884148
0.450884148
0.450884148
0.450884148
0.450884148
0.450884148
0.450884148
0.450884148
0.450884148
0.450884148
0.450884148
0.450884148
0.450884148
0.450884148
0.450884148
0.450884148
0.450884148
0.450884148
0.450884148
0.450884148
0.450884148
0.450884148
0.450884148
0.450884148
0.450884148
0.450884148
0.450884148
0.450884148
0.450884148
0.450884148
0.450884148
0.450884148
0.450884148
0.450884148
0.450884148
0.450884148
0.450884148
0.450884148
0.450884148
0.433775273
0.433775273
0.433775273
0.433775273
0.433775273
0.433775273
0.433775273
0.433775273
0.433775273
0.433775273
0.433775273
0.433775273
0.433775273
0.433775273
0.433775273
0.433775273
0.433775273
0.433775273
0.433775273
0.433775273
0.433775273
0.433775273
0.433775273
0.433775273
0.433775273
0.433775273
0.433775273
0.433775273
0.433775273
0.433775273
0.433775273
0.433775273
0.433775273
0.433775273
0.433775273
0.433775273
0.433775273
0.433775273
0.433775273
0.433775273
0.433775273
0.433775273
0.433775273
0.433775273
0.433775273
0.433775273
0.433775273
0.433775273
0.433775273
0.433775273
0.433775273
0.433775273
0.433775273
0.433775273
0.433775273
0.433775273
0.433775273
0.433775273
0.433775273
0.433775273
0.433775273
0.433775273
0.433775273
0.433775273
0.433775273
0.433775273
0.433775273
0.433775273
0.433775273
0.433775273
0.433775273
0.433775273
0.433775273
0.433775273
0.433775273
0.433775273
0.433775273
0.433775273
0.433775273
0.433775273
0.433775273
0.433775273
0.394695878
0.217039223
0.215680185
0.215680185
0.129309246
0.07556716
0.07556716
0.07556716
