1.0
1.0
0.999768961
0.916331887
0.916331887
0.916331887
0.916331887
0.916331887
0.916331887
0.916331887
0.916331887
0.916331887
0.916331887
0.916331887
0.916331887
0.916331887
0.916331887
0.916331887
0.916331887
0.916331887
0.916331887
0.916331887
0.916331887
0.916331887
0.916331887
0.916331887
0.916331887
0.916331887
0.916331887
0.916331887
0.916331887
0.916331887
0.916331887
0.916331887
0.916331887
0.916331887
0.916331887
0.916331887
0.916331887
0.916331887
0.916331887
0.916331887
0.916331887
0.916331887
0.916331887
0.916331887
0.916331887
0.916331887
0.916331887
0.916331887
0.916331887
0.916331887
0.916331887
0.916331887
0.916331887
0.916331887
0.916331887
0.916331887
0.916331887
0.916331887
0.916331887
0.916331887
0.916331887
0.916331887
0.916331887
0.916331887
0.916331887
0.916331887
0.916331887
0.916331887
0.916331887
0.916331887
0.916331887
0.916331887
0.916331887
0.916331887
0.916331887
0.916331887
0.916331887
0.916331887
0.916331887
0.916331887
0.916331887
0.916331887
0.916331887
0.916331887
0.916331887
0.916331887
0.916331887
0.916331887
0.916331887
0.916331887
0.916331887
0.916331887
0.916331887
0.916331887
0.916331887
0.916331887
0.916331887
0.916331887
0.916331887
0.916331887
0.916331887
0.916331887
0.916331887
0.916331887
0.916331887
0.916331887
0.916331887
0.916331887
0.916331887
0.916331887
0.916331887
0.916331887
0.916331887
0.916331887
0.916331887
0.916331887
0.87255062
0.851529561
0.851529561
0.851529561
0.851529561
0.851529561
0.851529561
0.851529561
0.851529561
0.851529561
0.851529561
0.851529561
0.851529561
0.851529561
0.851529561
0.851529561
0.851529561
0.851529561
0.851529561
0.851529561
0.851529561
0.851529561
0.851529561
0.851529561
0.851529561
0.851529561
0.851529561
0.851529561
0.851529561
0.851529561
0.851529561
0.851529561
0.851529561
0.833360087
0.833360087
0.833360087
0.833360087
0.833360087
0.833360087
0.833360087
0.833360087
0.833360087
0.833360087
0.833360087
0.833360087
0.833360087
0.833360087
0.833360087
0.833360087
0.821848486
0.821848486
0.821848486
0.821848486
0.821848486
0.821848486
0.821848486
0.821848486
0.821848486
0.821848486
0.821848486
0.821848486
0.821848486
0.821848486
0.821848486
0.821848486
0.821848486
0.821848486
0.821848486
0.821848486
0.821848486
0.821848486
0.821848486
0.821848486
0.783415146
0.783415146
0.783415146
0.783415146
0.783415146
0.783415146
0.783415146
0.783415146
0.779828821
0.779828821
