1.0
1.0
0.999997564
0.986691374
0.931193601
0.931193601
0.931193601
0.931193601
0.931193601
0.931193601
0.931193601
0.931193601
0.931193601
0.931193601
0.931193601
0.931193601
0.931193601
0.931193601
0.931193601
0.931193601
0.931193601
0.931193601
0.931193601
0.931193601
0.931193601
0.931193601
0.931193601
0.931193601
0.931193601
0.931193601
0.931193601
0.931193601
0.931193601
0.931193601
0.931193601
0.931193601
0.931193601
0.931193601
0.931193601
0.931193601
0.931193601
0.931193601
0.931193601
0.931193601
0.931193601
0.931193601
0.931193601
0.931193601
0.931193601
0.931193601
0.931193601
0.931193601
0.931193601
0.931193601
0.931193601
0.931193601
0.931193601
0.931193601
0.931193601
0.931193601
0.931193601
0.931193601
0.931193601
0.931193601
0.931193601
0.931193601
0.931193601
0.931193601
0.931193601
0.931193601
0.931193601
0.931193601
0.931193601
0.931193601
0.931193601
0.931193601
0.931193601
0.931193601
0.931193601
0.931193601
0.931193601
0.931193601
0.931193601
0.931193601
0.931193601
0.931193601
0.931193601
0.931193601
0.931193601
0.931193601
0.931193601
0.931193601
0.931193601
0.931193601
0.931193601
0.931193601
0.931193601
0.931193601
0.931193601
0.931193601
0.931193601
0.931193601
0.931193601
0.931193601
0.931193601
0.931193601
0.931193601
0.931193601
0.931193601
0.931193601
0.931193601
0.931193601
0.931193601
0.931193601
0.931193601
0.931193601
0.931193601
0.931193601
0.931193601
0.906834877
0.906834877
0.906834877
0.906834877
0.906834877
0.906834877
0.906834877
0.906834877
0.906834877
0.906834877
0.900597196
0.900597196
0.900597196
0.900597196
0.900597196
0.900597196
0.900597196
0.900597196
0.900597196
0.900597196
0.900597196
0.900597196
0.900597196
0.900597196
0.900597196
0.900597196
0.900597196
0.900597196
0.900597196
0.900597196
0.900597196
0.900597196
0.900597196
0.900597196
0.900597196
0.900597196
0.900597196
0.900597196
0.900597196
0.900597196
0.900597196
0.900597196
0.900597196
0.900597196
0.900597196
0.900597196
0.900597196
0.900597196
0.900597196
0.900597196
0.900597196
0.900597196
0.900597196
0.900597196
0.900597196
0.900597196
0.900597196
0.900597196
0.900597196
0.900597196
0.900597196
0.900597196
0.900597196
0.900597196
0.900597196
0.900597196
0.900597196
0.900597196
0.900597196
0.900597196
0.879794307
0.879794307
0.879794307
0.879794307
0.879794307
0.879794307
0.879794307
0.879794307
0.879794307
0.879794307
0.879794307
0.783453849
