1.0
1.0
0.999997549
0.986333331
0.830216221
0.830216221
0.830216221
0.830216221
0.830216221
0.830216221
0.830216221
0.830216221
0.830216221
0.830216221
0.830216221
0.830216221
0.830216221
0.830216221
0.830216221
0.830216221
0.830216221
0.830216221
0.830216221
0.830216221
0.830216221
0.830216221
0.830216221
0.830216221
0.830216221
0.830216221
0.830216221
0.830216221
0.830216221
0.830216221
0.830216221
0.830216221
0.830216221
0.830216221
0.830216221
0.830216221
0.830216221
0.830216221
0.830216221
0.830216221
0.830216221
0.830216221
0.830216221
0.830216221
0.830216221
0.830216221
0.830216221
0.830216221
0.830216221
0.830216221
0.830216221
0.830216221
0.830216221
0.830216221
0.830216221
0.830216221
0.830216221
0.830216221
0.830216221
0.830216221
0.830216221
0.830216221
0.830216221
0.830216221
0.830216221
0.830216221
0.830216221
0.830216221
0.830216221
0.830216221
0.830216221
0.830216221
0.830216221
0.830216221
0.830216221
0.830216221
0.830216221
0.830216221
0.830216221
0.830216221
0.830216221
0.830216221
0.830216221
0.830216221
0.830216221
0.830216221
0.830216221
0.830216221
0.830216221
0.830216221
0.830216221
0.830216221
0.830216221
0.830216221
0.830216221
0.830216221
0.830216221
0.830216221
0.830216221
0.830216221
0.830216221
0.830216221
0.830216221
0.830216221
0.830216221
0.830216221
0.830216221
0.830216221
0.830216221
0.830216221
0.830216221
0.830216221
0.830216221
0.830216221
0.830216221
0.7970335
0.7970335
0.7970335
0.7970335
0.7970335
0.7970335
0.7970335
0.7970335
0.7970335
0.7970335
0.7970335
0.7970335
0.7970335
0.7970335
0.7970335
0.7970335
0.7970335
0.7970335
0.7970335
0.7970335
0.7970335
0.7970335
0.7970335
0.7970335
0.7970335
0.7970335
0.7970335
0.7970335
0.7970335
0.7970335
0.7970335
0.7970335
0.7970335
0.7970335
0.7970335
0.7970335
0.7970335
0.7970335
0.7970335
0.7970335
0.7970335
0.7970335
0.7970335
0.7970335
0.7970335
0.7970335
0.7970335
0.7970335
0.7970335
0.7970335
0.7970335
0.7970335
0.7970335
0.7970335
0.7970335
0.7970335
0.7970335
0.7970335
0.7970335
0.7970335
0.7970335
0.7970335
0.7970335
0.7970335
0.7970335
0.7970335
0.7970335
0.7970335
0.7970335
0.7970335
0.780958369
0.780958369
0.780958369
0.780958369
0.780958369
0.780958369
0.780958369
0.780958369
0.780958369
0.780958369
0.780958369
0.61602657
