1.0
1.0
0.999999986
0.999451842
0.924279094
0.924279094
0.924279094
0.924279094
0.924279094
0.924279094
0.924279094
0.924279094
0.924279094
0.924279094
0.924279094
0.924279094
0.924279094
0.924279094
0.924279094
0.924279094
0.924279094
0.924279094
0.924279094
0.924279094
0.924279094
0.924279094
0.924279094
0.924279094
0.924279094
0.924279094
0.924279094
0.924279094
0.924279094
0.924279094
0.924279094
0.924279094
0.924279094
0.924279094
0.924279094
0.924279094
0.924279094
0.924279094
0.924279094
0.924279094
0.924279094
0.924279094
0.924279094
0.924279094
0.924279094
0.924279094
0.924279094
0.924279094
0.924279094
0.924279094
0.924279094
0.924279094
0.924279094
0.924279094
0.924279094
0.924279094
0.924279094
0.924279094
0.924279094
0.924279094
0.924279094
0.924279094
0.924279094
0.924279094
0.924279094
0.924279094
0.924279094
0.924279094
0.924279094
0.924279094
0.924279094
0.924279094
0.924279094
0.924279094
0.924279094
0.924279094
0.924279094
0.924279094
0.924279094
0.924279094
0.924279094
0.924279094
0.924279094
0.924279094
0.924279094
0.924279094
0.924279094
0.924279094
0.924279094
0.924279094
0.924279094
0.924279094
0.924279094
0.924279094
0.924279094
0.924279094
0.924279094
0.924279094
0.924279094
0.924279094
0.924279094
0.924279094
0.924279094
0.924279094
0.924279094
0.924279094
0.924279094
0.924279094
0.924279094
0.924279094
0.924279094
0.924279094
0.924279094
0.924279094
0.924279094
0.924279094
0.924279094
0.924279094
0.924279094
0.924279094
0.924279094
0.924279094
0.924279094
0.924279094
0.924279094
0.924279094
0.924279094
0.924279094
0.924279094
0.924279094
0.924279094
0.924279094
0.924279094
0.924279094
0.924279094
0.924279094
0.924279094
0.924279094
0.924279094
0.924279094
0.924279094
0.924279094
0.924279094
0.924279094
0.924279094
0.924279094
0.924279094
0.924279094
0.924279094
0.924279094
0.924279094
0.924279094
0.924279094
0.924279094
0.924279094
0.924279094
0.924279094
0.924279094
0.924279094
0.924279094
0.924279094
0.924279094
0.924279094
0.924279094
0.924279094
0.924279094
0.924279094
0.924279094
0.924279094
0.924279094
0.924279094
0.924279094
0.924279094
0.924279094
0.924279094
0.924279094
0.924279094
0.924279094
0.924279094
0.924279094
0.924279094
0.924279094
0.924279094
0.924279094
0.907551914
0.907551914
0.907551914
0.907551914
0.907551914
0.907551914
0.907551914
0.907551914
0.907551914
0.907551914
0.907551914
0.907551914
0.718626903
