1.0
1.0
0.999999986
0.999458744
0.977517579
0.977517579
0.977517579
0.977517579
0.977517579
0.977517579
0.977517579
0.977517579
0.977517579
0.977517579
0.977517579
0.977517579
0.977517579
0.977517579
0.977517579
0.977517579
0.977517579
0.977517579
0.977517579
0.977517579
0.977517579
0.977517579
0.977517579
0.977517579
0.977517579
0.977517579
0.977517579
0.977517579
0.977517579
0.977517579
0.977517579
0.977517579
0.977517579
0.977517579
0.977517579
0.977517579
0.977517579
0.977517579
0.977517579
0.977517579
0.977517579
0.977517579
0.977517579
0.977517579
0.977517579
0.977517579
0.977517579
0.977517579
0.977517579
0.977517579
0.977517579
0.977517579
0.977517579
0.977517579
0.977517579
0.977517579
0.977517579
0.977517579
0.977517579
0.977517579
0.977517579
0.977517579
0.977517579
0.977517579
0.977517579
0.977517579
0.977517579
0.977517579
0.977517579
0.977517579
0.977517579
0.977517579
0.977517579
0.977517579
0.977517579
0.977517579
0.977517579
0.977517579
0.977517579
0.977517579
0.977517579
0.977517579
0.977517579
0.977517579
0.977517579
0.977517579
0.977517579
0.977517579
0.977517579
0.977517579
0.977517579
0.977517579
0.977517579
0.977517579
0.977517579
0.977517579
0.977517579
0.977517579
0.977517579
0.977517579
0.977517579
0.977517579
0.977517579
0.977517579
0.977517579
0.977517579
0.977517579
0.977517579
0.977517579
0.977517579
0.977517579
0.977517579
0.977517579
0.977517579
0.977517579
0.977517579
0.977517579
0.977517579
0.977517579
0.977517579
0.977517579
0.977517579
0.977517579
0.977517579
0.977517579
0.977517579
0.977517579
0.977517579
0.977517579
0.977517579
0.977517579
0.977517579
0.977517579
0.977517579
0.977517579
0.977517579
0.977517579
0.977517579
0.977517579
0.977517579
0.977517579
0.977517579
0.977517579
0.977517579
0.977517579
0.977517579
0.977517579
0.977517579
0.977517579
0.977517579
0.977517579
0.977517579
0.977517579
0.977517579
0.977517579
0.977517579
0.977517579
0.977517579
0.977517579
0.977517579
0.977517579
0.977517579
0.977517579
0.977517579
0.977517579
0.977517579
0.977517579
0.977517579
0.977517579
0.977517579
0.977517579
0.977517579
0.977517579
0.977517579
0.977517579
0.977517579
0.977517579
0.977517579
0.977517579
0.977517579
0.977517579
0.977517579
0.977517579
0.977517579
0.977517579
0.977517579
0.977517579
0.977517579
0.977517579
0.977517579
0.977517579
0.977517579
0.977517579
0.977517579
0.977517579
0.977517579
0.830443678
