0.5305524895
0.4196794647999999
0.31193113370000003
0.22958181659999996
0.28326959569999993
0.24356112359999998
0.18720270369999997
0.11678246960000001
0.036297672200000006
-0.03275098769999999
-0.004583284399999997
6.639600000002411e-6
0.005817957899999999
0.004190437000000001
-0.007654709800000001
0.0013152552999999997
-0.0024001639000000006
-0.005466365899999998
-0.006786906699999998
-0.0094963909
-0.011661915200000001
-0.0032761030999999994
-0.005944231200000001
-0.007297932000000002
-0.013046622499999999
-0.0112405855
-0.007613248
-0.0083967682
-0.008195105
-0.011518068900000001
-0.0165131423
-0.0178296677
-0.014450608
-0.012448030200000001
-0.009124128999999998
-0.006982195699999999
-0.006803590399999999
-0.0053284002
-0.0057737865
-0.004525333899999999
-0.006305649700000001
-0.0037501178
-0.0013986652000000004
-0.0016948120000000004
0.0052071839
0.0082491358
0.0069052451
0.0058373636
0.006550300300000001
0.005659091100000001
0.0114936709
0.012378211900000002
0.0140821479
0.015523183
0.0102418323
0.007127050600000001
0.0112711651
0.0155296729
0.0156661482
0.015377728499999998
0.008179454599999999
0.006637954500000001
0.0089417417
0.012212447100000001
0.0141538946
0.0169289429
0.0125981002
0.0084034054
0.007732442199999999
0.011171876399999999
0.0125475969
0.0110747829
0.0070511006000000005
0.0019198124
-0.0003848286999999999
-0.00016804090000000025
0.0027716087
0.0035468653000000003
0.0083879096
0.007516478800000001
0.0063620772999999995
0.0060959803
0.004942320599999999
0.008744189099999999
0.0137814559
0.0155049995
0.0167183064
0.0184054762
0.015577325499999998
0.012573808000000002
0.014985538200000004
0.0158093049
0.01731279
0.0186672688
0.012648505700000002
0.009583141
0.0068493346
0.006026475100000001
0.003909894400000001
0.0078890365
0.008895047100000001
0.012755256500000001
0.0120738131
0.009452073799999999
0.009349975699999999
0.008391316499999999
0.0092318601
0.008583206699999998
0.0090097927
0.005255415299999999
0.0043505956
-0.00031009850000000025
-0.0026474009999999997
0.0026595948000000006
0.004212719200000001
0.006696440200000001
0.005429781800000001
0.0029290255000000006
0.0044717752
0.009184530399999998
0.0074474581
0.0062064877999999995
0.0081311887
0.0018321093999999997
0.0035159300000000004
0.0036541184999999998
0.0070153661999999995
0.012690087
0.0120167392
0.0079823275
0.0106057662
0.0120445953
0.0123202824
0.015591212799999999
0.015362008400000005
0.013204135100000004
0.0107412758
0.011195175299999999
0.0111189004
0.010635103599999998
0.009374183
0.007102832299999999
0.007164694499999999
0.006479604
0.006780873599999998
0.008681407199999998
0.007468856899999999
0.0041462287
0.0046561145
0.0059129778
0.0065395337
0.0078963504
0.0055061688
0.0037185069
0.002161759900000001
0.0015331638000000004
0.0004963267000000007
0.00025148459999999994
-0.0013355174000000002
-0.0024603662000000004
