0.43249792976
0.40425144296000004
0.37492179207999987
0.35136960796000005
0.36943059751999996
0.36136532812
0.34228139156000004
0.31484081852
0.28886413015999995
0.2652806561999999
0.27609363995999986
0.27697121347999987
0.2745887546799999
0.2724734193199999
0.2607930278399999
0.26986680383999995
0.26782837455999997
0.2604956356
0.25581343532
0.24561008068
0.23889037708
0.24054888396000002
0.23727518540000003
0.23310978220000003
0.22970287244
0.23247642951999997
0.23064348235999999
0.22890383948
0.2247881856
0.2238031988
0.22085465560000003
0.22011183636
0.22263546808000004
0.2195726966000001
0.21554109308000005
0.21528253324000005
0.21396518152000002
0.21319368891999996
0.21088478699999996
0.20798366487999995
0.20309761476
0.19984590603999994
0.20184557891999996
0.20029157712000004
0.20363360564
0.20202287160000001
0.20010524408
0.19971267712000004
0.1982944862
0.19535162848
0.19379525260000005
0.18842257936000004
0.18598441892
0.18759116664
0.18661577243999997
0.18323198691999998
0.17996164612
0.17786256367999997
0.17583024707999997
0.17750665647999997
0.17381374691999998
0.16855975563999998
0.16428782163999997
0.16456258871999999
0.16369118888
0.16238885036
0.16297119928
0.16039696256
0.159320068
0.15693605176
0.15731669816
0.15767909652
0.1559250446
0.15485226523999998
0.14944979324
0.14805111459999998
0.14939853924
0.14849880008
0.14755306176
0.14293225784
0.14205302792000002
0.14135916552000002
0.13857378012000002
0.13900687924000002
0.1400023696
0.1399523286
0.14177267080000003
0.14029250204000002
0.13498445716000002
0.13192066384
0.13083970232000003
0.12895747904
0.1274238536
0.12732823264
0.12626672764000002
0.12468183520000002
0.12333717196
0.12216364576000002
0.12221086304
0.12547628108
0.1258016486
0.12311410056
0.12026046784000002
0.11861727888000001
0.11999891780000001
0.11685569579999998
0.11630890188000001
0.11777642452
0.11629368968000002
0.11375574691999998
0.11219495271999999
0.11119431256000001
0.1125769396
0.11311725748000001
0.11414186808
0.11574863027999999
0.11425437996
0.11299369724
0.11206378055999998
0.11074407907999997
0.10848466091999999
0.1071383978
0.10751476823999999
0.10559639007999999
0.10616371467999997
0.10451490140000001
0.10359864668
0.10573467972000002
0.10500661720000001
0.10300502544000002
0.10421548136000001
0.10182479844000003
0.10069937228000002
0.10069126632000001
0.10073682112000001
0.10085021431999999
0.09879875312
0.09512237540000001
0.09413560284000001
0.09299761348000002
0.09248106832000001
0.09131164748
0.09170081063999998
0.08927592779999999
0.08870704823999999
