0.6355398507
0.5616056273
0.4936082914
0.4434375200000001
0.5171593752000001
0.4703731853
0.42769387820000004
0.37959937730000004
0.3244916119
0.2821968776
0.32181835389999996
0.3112889217
0.30874968299999994
0.30896214949999995
0.2882817799
0.2968633667
0.29576894870000003
0.28680141130000003
0.27742584
0.2651562139
0.2600633881
0.2699747104
0.2556477635
0.24626722390000003
0.23398388770000006
0.24452912620000006
0.2434050536
0.24277569789999998
0.2461970484
0.245565451
0.2416268746
0.2415613357
0.24373642
0.24186487480000002
0.23302043880000003
0.22881019670000002
0.2202330979
0.2154657598
0.21055305669999996
0.2105563914
0.20338743090000003
0.20280671819999996
0.207821921
0.19986271570000003
0.21063900920000003
0.21497408440000002
0.21888209139999998
0.2190484702
0.2124245099
0.19857943930000002
0.2015443855
0.20170930150000005
0.20350032150000003
0.21143855190000002
0.20601661619999997
0.19723427249999997
0.1908965099
0.19176169709999996
0.1936620761
0.20325172019999999
0.1956610426
0.18558325429999997
0.1817632303
0.1790773047
0.1789763004
0.1801315255
0.1742484015
0.16816902100000003
0.1681116895
0.1680944262
0.16799687270000002
0.16852309650000002
0.16442318660000002
0.1562639121
0.1539670093
0.1515906213
0.1520522422
0.14925882829999998
0.1538671071
0.1487051573
0.1451264311
0.1484203928
0.1480976943
0.1523866284
0.1518252084
0.15441842069999998
0.15838160650000002
0.16085628770000002
0.15480149599999998
0.1433728113
0.14428718610000002
0.14031675140000002
0.13842361479999998
0.1386941739
0.1330849414
0.12983769709999998
0.127723269
0.12104502540000002
0.11665044710000001
0.13034845020000002
0.1313436563
0.13298757109999998
0.1287430832
0.12244559560000001
0.1211761723
0.11709311709999999
0.11741617659999999
0.120222878
0.12319001190000001
0.1174861035
0.11624218719999999
0.1122928594
0.115534147
0.12286751069999999
0.12726185439999999
0.1316920518
0.12570830519999998
0.1205151504
0.11691678949999999
0.1174154168
0.11027234859999999
0.1101525938
0.11007697229999999
0.1018575137
0.10104711479999999
0.09732691660000001
0.10318810110000001
0.10953426260000002
0.10869554210000001
0.106533548
0.11432545330000002
0.11227987180000001
0.1082660598
0.11261523909999997
0.10995693390000001
0.10696645769999999
0.10215307250000001
0.1028787186
0.10406534220000001
0.1073164709
0.1036077296
0.099068972
0.1023676066
0.09927388109999999
0.0980677827
0.0995993997
0.0968685954
0.09303848239999998
0.08959470429999998
0.0874798809
0.0881651989
0.0911883672
0.0830035018
0.0815180062
0.0815150181
0.08498942070000001
0.0859969944
0.0857696557
0.08407689280000001
0.07988250170000001
