0.4058071975666666
0.38095641980000006
0.3526685792999999
0.33288896446666677
0.3464750142666667
0.33725522606666675
0.32228929350000013
0.30305882883333346
0.28270483343333325
0.26430618083333324
0.2745028721999999
0.2742749892666666
0.2693779554999999
0.26569808273333323
0.2517620354666666
0.2567342298666666
0.2531357000666666
0.248347623
0.24472531503333333
0.24042601876666667
0.23502589786666664
0.23811425476666667
0.23573536816666665
0.2293316048
0.22588111190000001
0.2294378024333333
0.22750674763333334
0.22576330930000002
0.22305820500000004
0.21823376056666666
0.2155195636666667
0.21535911846666667
0.2183528875
0.2177220474666667
0.2165586880666667
0.21367285120000004
0.21000389973333336
0.20875864236666664
0.20554654756666665
0.20412918363333332
0.20019761966666666
0.19669975799999995
0.1976951576
0.19679285743333338
0.1985439752666667
0.19744662746666672
0.19467566760000002
0.1929930627666667
0.1913994251666667
0.18997519523333337
0.18840076693333338
0.18527188410000003
0.18322891280000003
0.18225992290000004
0.17965330863333331
0.1763188064333333
0.17239905120000001
0.16972984879999994
0.17188029089999995
0.17335043456666666
0.16959478213333332
0.16750891453333333
0.1647613704
0.16257594840000003
0.1615895060333333
0.16204685583333334
0.16156075006666668
0.15942804566666663
0.1589267642
0.15339079826666663
0.15247016329999996
0.15242008023333328
0.15031483189999997
0.14911490479999998
0.14629238636666667
0.14528224636666665
0.14605237256666664
0.14372004713333333
0.14177301673333337
0.14080880626666667
0.14025242450000003
0.1405749051
0.1384214641
0.13784213263333334
0.13536210736666668
0.1337830783
0.13450701736666668
0.13404139703333334
0.13154731833333336
0.130402455
0.13062434320000002
0.12853239396666666
0.12756694833333335
0.12800242673333334
0.1271743227
0.12620762200000002
0.12361591693333333
0.12059435126666669
0.11891908283333334
0.1217499901666667
0.11928606403333333
0.11847767476666665
0.1181180675
0.11572354
0.11649504716666666
0.11537069516666665
0.11543752763333334
0.11675743033333334
0.11626744783333336
0.11381168943333334
0.11361332969999999
0.11157510833333333
0.11129239303333333
0.11244675450000001
0.11275530103333332
0.11199514203333333
0.11034982626666666
0.11097604386666667
0.10989255793333332
0.11042181189999997
0.10940184383333332
0.10716714586666666
0.10690354623333333
0.10458221129999999
0.10302394379999999
0.10129759133333335
0.1007365896666667
0.10181715453333336
0.10078519620000002
0.10044329993333335
0.10203279393333335
0.10084573700000002
0.09787905606666669
0.09780237546666667
0.09651324490000003
0.0971850927
0.09500622076666666
0.0938956189
0.09257897976666668
0.09155961783333336
