0.6280165448
0.5743315609999999
0.5418073832
0.553013136
0.7524468046
0.6430631566
0.5488796935999999
0.4454091996000001
0.333861904
0.28187194579999997
0.297683214
0.3065080628
0.313789555
0.31512131979999997
0.2825218094
0.3459534938
0.3160697806
0.30370981099999994
0.3028029792
0.2940417504
0.2477732396
0.2754681168
0.2698930116
0.25204870079999997
0.23627067740000002
0.2723535366
0.264481304
0.2414025154
0.240485747
0.231697098
0.2167047158
0.22232880319999998
0.2441488804
0.2519083498
0.25943380400000005
0.26654903339999997
0.2607938682
0.2433239596
0.2318213998
0.2066070736
0.19107136
0.1796723276
0.18760756
0.18928471360000004
0.2145057092
0.21570350180000003
0.22594110879999998
0.228036282
0.21044071779999998
0.2067723092
0.214244667
0.211823074
0.2100606584
0.214408302
0.19038656939999998
0.188844104
0.191595529
0.19693998459999998
0.2084688018
0.22164666299999997
0.20562444100000002
0.19019749079999998
0.1865834096
0.17885535040000003
0.1848567774
0.1856976442
0.1809690178
0.176943051
0.179299259
0.17309582340000002
0.17456540680000002
0.1675277852
0.159394991
0.15692412
0.163093029
0.1614283386
0.1695184078
0.1694513822
0.1556037042
0.1448409896
0.141752904
0.13458607660000002
0.12906627440000001
0.15213051000000002
0.152569325
0.1484999582
0.162254709
0.1671291142
0.1526427468
0.1510810918
0.1603368832
0.154508504
0.1545834612
0.15696024520000001
0.1356645308
0.12823748899999998
0.1261249988
0.1222637684
0.1204281026
0.13050535200000002
0.1314379052
0.1293215392
0.1198262824
0.1128727916
0.1301915484
0.1312494074
0.136653603
0.137659884
0.1320183996
0.1121607962
0.1029368268
0.09817875020000001
0.102785872
0.1143616242
0.12281141079999999
0.1295475476
0.1264069686
0.128282422
0.13137339720000002
0.131712298
0.13383655599999997
0.12500964180000002
0.11274787879999999
0.10246018180000001
0.10311853559999999
0.0867081412
0.09529554579999999
0.1074060658
0.1012548456
0.09897569399999999
0.107945692
0.11108065640000002
0.1116624594
0.1161362386
0.11409140199999998
0.12070521459999999
0.1134790872
0.10486966019999999
0.1090942396
0.10582246580000002
0.09322770080000001
0.0908270578
0.100887777
0.0990364448
0.108810476
0.1139877584
0.1073108862
0.10384743619999999
0.0995113174
0.08732508940000001
0.085211041
0.0864263046
0.0822295286
0.0796780912
0.0876346724
0.09111935680000001
0.09595042979999999
0.08377747499999999
0.0833579212
0.0753953638
0.0788594846
0.076043559
0.08776183639999999
0.0847958644
0.08436963959999999
