0.7831564593
0.7012576687
0.6533244289000001
0.6971497322
0.6636310317
0.6391490852
0.6033416602
0.5620211444
0.5169983733000001
0.4971887514000001
0.49364458450000004
0.5216882863000001
0.4895901232
0.4888714307
0.5037991678
0.48257897410000006
0.4696683309000001
0.46271513440000006
0.4585909347
0.43867630700000004
0.44630882949999995
0.44835003230000003
0.44916307459999993
0.43107415979999997
0.4182246879
0.4289986841
0.42255307759999994
0.41444967730000004
0.4029598807
0.38852875789999997
0.37766888169999996
0.37051937290000003
0.38562184010000006
0.37422680989999996
0.3716099078999999
0.34741913049999995
0.35018194290000004
0.3495693117
0.3504214253000001
0.3506638568
0.34016136550000003
0.3277956342
0.3297260244
0.3297305788
0.3208434739
0.32750465779999993
0.3224443322
0.31876205910000005
0.31329009300000005
0.31080381030000004
0.3114611509
0.32375854190000003
0.3238492156
0.335839205
0.3444803285
0.3320505166
0.3101397886
0.3094679472
0.3031284983
0.2994215723
0.30105619440000003
0.28277911320000004
0.2751527399
0.27087042270000006
0.26243075740000005
0.2669932182
0.2755524268
0.26099169839999997
0.27053288059999997
0.2737349039
0.2635018604
0.25910211969999997
0.2608595708
0.25796548350000004
0.2545706823
0.24834607430000002
0.24298038699999996
0.24604260719999999
0.23606017329999998
0.22850480749999996
0.2262993641
0.23443950100000005
0.22425857340000005
0.2207142273
0.221791841
0.22528765959999997
0.23445195479999997
0.23369011820000002
0.2264427564
0.2132238049
0.21140843140000004
0.20520098530000003
0.2021726741
0.20001262929999997
0.1955885738
0.19173263959999998
0.1878591241
0.184765408
0.18926711069999996
0.20159423259999998
0.2046246788
0.2053961676
0.20226922710000003
0.1980810778
0.1957877586
0.19249378720000004
0.18815549930000003
0.18976396350000002
0.1898733969
0.1800297159
0.17097861939999998
0.1716071622
0.17557403540000002
0.1797968332
0.18185474279999997
0.18189864489999996
0.17834093319999997
0.17012794319999996
0.15996525039999998
0.16146836809999998
0.158610209
0.1532901102
0.1510434753
0.1438253054
0.1415433198
0.1368361817
0.13985989650000002
0.1483469376
0.1506296053
0.142089466
0.1439827045
0.1428753686
0.13786423139999998
0.1392443106
0.136364796
0.1362956536
0.13064244430000002
0.1302318898
0.13570132650000002
0.1458625732
0.1465650392
0.1389431121
0.1384870837
0.1301251478
0.12379950910000001
0.12458372420000001
0.1212306232
0.1186029384
0.10782855200000001
0.1089024601
0.11139418459999999
0.11973394350000002
0.11481476860000002
0.11644172509999999
0.12370575489999999
0.12866467690000002
0.13047676340000003
0.124513495
0.1219891121
0.11770245449999998
