0.7251088544
0.710947675
0.7005411956
0.8762785475999999
0.9171890762
0.8412040642
0.6915676624
0.6061076622
0.5180209168000001
0.41007298720000007
0.4370941062
0.515115658
0.5179346266
0.5159758298
0.5843045156
0.5501950628000001
0.5282609145999999
0.4612456198
0.4617670316
0.42329382000000004
0.41496288540000004
0.41107574720000006
0.464184649
0.45541483779999997
0.454058794
0.4776547736
0.48562431739999995
0.4341415002
0.4067334818
0.3823905818
0.3803425946
0.35948183780000004
0.3947578544
0.39918627959999997
0.39466693399999997
0.37499516880000006
0.38155690800000003
0.3764858258
0.34926734020000005
0.3485528818
0.3198430922
0.3188069778
0.3226527976
0.35157551039999996
0.35277483179999997
0.36047963879999995
0.33678429060000004
0.3367992512
0.3078856472
0.288912116
0.2945296768
0.3081043738
0.300724867
0.3186945388
0.33269550459999997
0.32839262500000005
0.33941271000000006
0.3469735642
0.3529838712
0.35626515239999995
0.33570840820000003
0.2808668672
0.27196233019999994
0.2532731254000001
0.24257799220000004
0.2664039806
0.2846913592
0.27834314960000006
0.28846772
0.2822835226
0.26758245579999995
0.26641349439999995
0.24364024720000002
0.2525980412
0.2651862852
0.259421265
0.251790745
0.2780788944
0.2633329258
0.24395507939999997
0.23727088359999998
0.234170029
0.21400632000000003
0.2087874208
0.21305453559999998
0.21532784459999998
0.234708973
0.23451082680000002
0.2326410338
0.23052914639999997
0.2352474746
0.23419493660000001
0.2328694096
0.220244479
0.19591846340000002
0.1875693882
0.17620703399999998
0.1714759386
0.1797807796
0.19525868419999998
0.195895891
0.1995112142
0.1980548774
0.1987534418
0.20792978099999998
0.2133534666
0.21128112100000002
0.2064835768
0.1974087138
0.1836457362
0.1716341078
0.1650298776
0.17304435020000003
0.18233808
0.1764136956
0.170323131
0.1781844468
0.17810372060000002
0.1772555864
0.18729579
0.19347415880000002
0.17849741959999998
0.16215216579999997
0.1426749144
0.1356409462
0.1237462592
0.1280828008
0.1399347848
0.1449756964
0.1474456934
0.14992610420000002
0.1516369922
0.15675909039999997
0.1562835142
0.1367332386
0.1380393048
0.134113745
0.11896937239999998
0.12220510700000001
0.13599635340000002
0.13455200239999998
0.12717114359999998
0.1414944072
0.149197546
0.155728793
0.158578076
0.1507150806
0.13547976020000002
0.11105274960000003
0.09187022520000002
0.0905893724
0.0917461658
0.10172611660000001
0.1046043544
0.12593469499999999
0.1321989968
0.14772172120000002
0.12790342059999998
0.12827909580000002
0.12147681479999999
0.125130357
0.11323180559999999
0.12112356939999999
0.1156991284
0.11392809420000001
