0.64891046545
0.6226008441499999
0.5831279747000001
0.6062346239
0.5969470427500001
0.57445175535
0.5507945974500001
0.52775394615
0.5037804472999999
0.4843512087
0.48675768175
0.50140268515
0.48397810215000003
0.47513423295
0.4769378327999999
0.4709976067
0.4607418589000001
0.45333187120000007
0.44595833650000005
0.42840128395
0.42718178055000006
0.42438454970000006
0.43217283905000003
0.4164199375
0.408887148
0.40246615080000003
0.40052777200000006
0.395728618
0.3905874847
0.38358804955000003
0.37265526075
0.3625611286
0.37105405695000004
0.36449304660000004
0.35857533955000004
0.34971799160000006
0.34843410855
0.34602452024999997
0.34340039835
0.34254262375
0.33749688055
0.3379747428
0.3390740258
0.34478618415000006
0.34433524200000004
0.34117194135000006
0.3273068174000001
0.3252500543500001
0.31890720285000007
0.31547914325000004
0.31700334065
0.31397683360000006
0.31036182850000005
0.31424769845000006
0.31399895215
0.30976194175
0.30316082385
0.29529175505
0.29674272199999996
0.29594466919999995
0.29180581834999997
0.2796704435
0.27651272825
0.2732376102
0.26712457455000005
0.2661015954
0.26756520375000004
0.26146912954999996
0.2614101204
0.25951331015
0.25297557625
0.2551556300500001
0.25063337960000004
0.24752359235000002
0.24650451124999995
0.24497584744999998
0.24659770510000004
0.24767995990000005
0.23896406900000003
0.22848313230000006
0.22597538685000002
0.22763071674999996
0.22127487585
0.21815396235
0.2165597152
0.21632137010000005
0.21900603585000003
0.21729952435
0.21584728485000002
0.21511874059999997
0.21551662915
0.21232357229999996
0.20909702449999995
0.20579127614999998
0.20229744344999995
0.19904496124999999
0.19456910955
0.19404117145000005
0.19682990050000004
0.19826086010000005
0.19513256735000004
0.19511910030000007
0.19516347350000002
0.19494417460000005
0.19477176600000004
0.19329531565000002
0.18927393010000002
0.1853512113
0.17985389725
0.17578718744999997
0.16993352215
0.16754838044999998
0.16886813775
0.16713204849999996
0.16657841564999995
0.16358056615
0.16321103755
0.16298635434999997
0.15865022505
0.1548293505
0.15452006270000002
0.15153827625
0.14806426175
0.1449502525
0.14204937374999999
0.13941110164999998
0.1379703721
0.14210433225
0.14631610535
0.14688776939999998
0.14772723834999996
0.14350373064999997
0.14072484729999996
0.13736898199999997
0.13284447094999996
0.13337794084999993
0.12919580594999996
0.12772699419999997
0.12473938685
0.13072588665
0.13216922975
0.13240626689999999
0.12963766515000003
0.1263315941
0.12695124220000004
0.1298762468
0.12926045130000002
0.12477799249999999
0.1178307291
0.11625794515000001
