0.6768834764666666
0.6500836658666665
0.6201772674000001
0.6491533731333334
0.6498204446
0.6220996806666667
0.5915476915333334
0.5423040019333333
0.514586503
0.4895828712
0.4848236673333333
0.5019173322
0.49695869640000007
0.4937326821333334
0.5036853325333334
0.49635304560000004
0.4895154794
0.4670400649333334
0.45605984726666665
0.434559464
0.43966633146666667
0.43427168553333334
0.4471157960666667
0.4354516566
0.4250927662
0.42573971426666674
0.42300096119999997
0.4148625258
0.39810582326666666
0.3889641236
0.3724349594
0.367417448
0.3792927175333334
0.3810036844666667
0.3792189548666667
0.3652299176666667
0.3586078390000001
0.35733631260000004
0.3474394607333334
0.3414582048
0.33638127953333335
0.33300443066666663
0.33225137099999996
0.33809227106666667
0.33663340053333335
0.3391140206
0.3395969222666667
0.3393230695333334
0.33703742253333335
0.3366270468666667
0.3304572002
0.3204116997333334
0.3182207140666667
0.3202225594666667
0.32175735980000003
0.32161038306666667
0.31266480573333333
0.30978605693333333
0.3085691942
0.30339997599999996
0.2994013611333333
0.28658587206666664
0.27387501000000003
0.27403432153333335
0.27211263680000003
0.2732925232666667
0.2760817570666667
0.2743399680666666
0.27614463233333336
0.2721542886
0.2625882065333333
0.2585295266
0.2530304488
0.2497724554
0.2491098371333333
0.24589522906666667
0.24865788066666666
0.2502415563333334
0.24294368800000002
0.2374797654
0.23696139993333337
0.2424888875333333
0.23543131886666668
0.22833626659999998
0.22059071379999998
0.2197909118666667
0.22283577440000002
0.2207476298
0.21846975493333337
0.21488282866666666
0.21371593166666666
0.21033006766666665
0.20858530846666665
0.2075373787333333
0.2072621429333333
0.20661627133333332
0.2029590369333333
0.1987976424666667
0.19871329753333336
0.20256551360000002
0.20105416580000005
0.19840674460000007
0.199119713
0.19990418413333338
0.19619224033333335
0.19153917486666666
0.19098652700000002
0.19123289533333335
0.19059894126666668
0.1877535292
0.1840875136666667
0.1795972114
0.17692422420000004
0.17295420686666665
0.1719151349333333
0.1678010192
0.16693139813333333
0.1652335975333333
0.15911616153333336
0.16032225433333333
0.15898483086666668
0.15586266093333334
0.15621688746666665
0.1515122514
0.1429356863333333
0.1398388376
0.14067232186666664
0.1415169626
0.14406074826666665
0.1427697776
0.143390953
0.14015986693333332
0.1412391502
0.145199616
0.14566093993333332
0.14666324879999995
0.14065498893333334
0.13555158813333332
0.1307411708
0.1310090816
0.13079533506666668
0.12607270053333333
0.12910053073333336
0.12456443053333333
0.12783770353333332
0.1301830084
0.13325351493333334
0.1248947398
0.11741473326666667
0.11618774133333333
0.11958963093333333
0.1211688278
0.11997667713333332
0.11914861213333335
0.12354557220000001
