0.7863394196
0.7065933475999999
0.6628697941999999
0.7075513647
0.6726941973
0.6506538048
0.6172453478
0.5774659545999999
0.5331405664
0.5152108882
0.5114815113
0.5386083407
0.5033861552000001
0.5049178831
0.5211998881999999
0.4982497059
0.48434384710000006
0.47804193770000014
0.4744203282
0.4534915292
0.4620338522
0.4641970295999999
0.46457004909999994
0.4453505828
0.43267577739999996
0.4437455075000001
0.4371398707
0.42862180469999994
0.4174963448
0.40331103869999996
0.39232970889999996
0.38457206979999997
0.39977562899999997
0.3874892922
0.3850985186
0.3611867941000001
0.3639156733000001
0.3628354313
0.36367862460000006
0.36386506040000005
0.35298081259999997
0.3405501874
0.34233248489999996
0.341496801
0.33205216049999997
0.3382491891
0.33295254379999994
0.32921360920000003
0.3231221721
0.32122018710000005
0.3220129485
0.3353992982
0.3358155667
0.34807556729999994
0.35661832349999995
0.3440946936
0.321661091
0.3212864995
0.3146922336
0.30973809939999997
0.3119937328
0.292554369
0.28490809029999997
0.2804198296
0.2713795808
0.2754291899
0.2846605567
0.2692970106
0.2787932104
0.282151239
0.2716179039
0.26678651800000003
0.2681173662
0.26605539079999996
0.26286956829999997
0.2567740009
0.2504698508
0.2536412485
0.2440270304
0.23687538129999997
0.2343332486
0.24352474209999997
0.233149393
0.2289917939
0.23013945419999998
0.23317769400000002
0.2427255594
0.2417186713
0.23390110760000002
0.22009088329999998
0.21761752510000001
0.21173669139999998
0.2094003587
0.2073161308
0.20297997620000002
0.1994650462
0.1952865123
0.19288037740000002
0.1977934621
0.21014659790000004
0.2134157332
0.21291045320000004
0.2087936903
0.20426642150000002
0.20161491069999998
0.19862487630000003
0.1938517068
0.1952019655
0.1958663389
0.1863751223
0.1768494015
0.1773277474
0.18153325670000003
0.18562192770000002
0.18792862130000001
0.18796575500000004
0.18469615340000003
0.1755004571
0.16384145560000002
0.1651992526
0.16301764280000003
0.1577690135
0.1562030188
0.14864216930000002
0.14522821000000002
0.1391953773
0.1417259217
0.1504722516
0.1534589945
0.14445944840000002
0.1460224826
0.145307539
0.1399255047
0.1412583357
0.1388705375
0.13962682599999998
0.1342148225
0.1337364129
0.13917321619999998
0.1493160904
0.14943199410000002
0.1416999223
0.1415241899
0.1334796283
0.1268184044
0.12712905570000002
0.12417678940000001
0.1217175755
0.1103055575
0.1121356829
0.1149064654
0.12311261150000001
0.11775114039999998
0.1191835599
0.12708408
0.1326234379
0.1343441132
0.1278384095
0.1253559007
0.12038020740000002
