0.5866182610333334
0.5697995726333333
0.5436086661666668
0.5526066102
0.5421899543
0.5308830060666667
0.5129096885333334
0.494709899
0.47501907979999997
0.4573378187
0.45528169079999997
0.4624591467
0.4559106111000001
0.44591925270000005
0.4463247280666666
0.43439400250000004
0.4284664637000001
0.4231663912333333
0.4185317658666667
0.4068892094333333
0.4024481245666667
0.39643976226666666
0.4022260543333333
0.39144555866666664
0.38327548549999996
0.38106049690000005
0.3780026959333334
0.37355694840000003
0.3680990471666667
0.36279876206666667
0.35577449000000005
0.35350718513333335
0.3593078935333334
0.35902055350000006
0.3579230008666667
0.3478435589333334
0.3395097693666667
0.33777851333333336
0.33383101010000005
0.33160778230000004
0.3289958313
0.32283461820000003
0.32101871396666665
0.3233307326333334
0.32001668826666674
0.3192576908666667
0.31309139716666673
0.30659903976666675
0.30553587203333343
0.3043698418333334
0.3018748617333334
0.29824672840000005
0.29628034106666673
0.29818359590000004
0.2969558242
0.29209929479999996
0.28559716616666664
0.2814082528666667
0.27917082479999994
0.2762549065666666
0.2726482951
0.2676218763666666
0.2620582831666667
0.2584890047666667
0.25479620110000006
0.25512696160000004
0.25928532230000007
0.25488564346666664
0.25224044946666674
0.24637250120000007
0.24118955920000001
0.24068265050000004
0.23688903930000002
0.23412110516666665
0.23199633289999996
0.22980558036666665
0.2294939741666667
0.22941343240000003
0.2252405333666667
0.2223709541666667
0.22178883563333335
0.22272396223333332
0.21711448066666666
0.21352478206666667
0.2115781137
0.21042253883333334
0.21062125949999996
0.20993367139999994
0.2091869695333333
0.20553753449999992
0.20262755326666662
0.20065829733333324
0.19990910189999989
0.19906815999999994
0.19750783606666658
0.19535189249999993
0.19127812416666667
0.18786093333333334
0.1858337522
0.18724032426666665
0.18442759250000001
0.1826690713666667
0.1821766552666667
0.1795101728333334
0.17825724733333337
0.17526200286666668
0.17342459396666673
0.17372489140000003
0.17105559633333334
0.16534460776666665
0.16196317563333334
0.16013476663333331
0.15922059340000003
0.15850747756666664
0.15734245626666662
0.15559598609999997
0.15354563253333334
0.15323637386666666
0.1521578887666667
0.15299159713333335
0.15282403983333334
0.14825882493333334
0.14588423779999998
0.1411267111
0.13697238396666664
0.1353170863333333
0.1333725112
0.13530874666666662
0.13431258939999996
0.13530374056666664
0.13678698069999998
0.13670669093333332
0.133066945
0.1313071746333333
0.1309243406333333
0.13312643986666664
0.13091190836666666
0.12776413263333333
0.12494489146666667
0.12727732690000002
