0.7637468637000001
0.7574922047333333
0.7491749685
0.7425493701666667
0.7390252381
0.7382640113666665
0.7570582413666666
0.7962085719333332
0.7816886037
0.7784683243333335
0.7790839431
0.7687101317333334
0.7608297873666667
0.7562400071666667
0.7551938981666667
0.7550168281666666
0.7549729635666665
0.7644492776999997
0.7750601230999997
0.7636456764666665
0.7574275282666665
0.7621210994666665
0.7608566239333333
0.7633428930666667
0.7593857991333334
0.7480245318333333
0.7439859848666667
0.7444391724666667
0.7660256240999999
0.7667614988
0.7660929352666667
0.7603015012666666
0.7505654281999999
0.7448461378
0.7475116936333333
0.7474840979999999
0.7463968625333333
0.7385421208666666
0.7629574947666666
0.7626424530666666
0.7488069258999999
0.7603030333999998
0.7623740088
0.7615888470333333
0.7584949127333331
0.7440657733999998
0.7311584318333332
0.7413057338666665
0.7436941835
0.7611275176666665
0.7644410139333334
0.7382401446333333
0.7412402621666665
0.7413069114666666
0.7428980786999999
0.7498813435666666
0.7547494722666666
0.7540178504
0.7528064393999999
0.7631855962999999
0.7655737597666665
0.7688607685333333
0.7729964482333334
0.7678907299
0.7572276762666666
0.7515403558666667
0.7413295754666666
0.7400925640333332
0.7393755368666668
0.7412985086
0.7570712466
0.7555100272333333
0.7509671529666666
0.7441755225666665
0.7477766465666666
0.7569696716666666
0.7703173902666666
0.7734840135333333
0.7731305951999999
0.7635495256666667
0.7522533855666667
0.7790539844666667
0.7737296837333335
0.7649253251666667
0.7580180414333333
0.7629151021666666
0.7661085030666667
0.7671018265333333
0.7709287293999999
0.7723145597666666
0.7717150163666666
0.7667065812333334
0.7651662451333333
0.7721977711333333
0.7522887826666668
0.7572929125333333
0.7694901338333332
0.7720949506333333
0.7725642740333334
0.7817581125
0.7834510478666666
0.7815714766333334
0.7873213557666667
0.7857416368333333
0.7842329257666667
0.7690503823000001
0.7606111825333334
0.7469353944666667
0.7512748366666667
0.7638523005666668
0.7851034516333334
0.7828970696333335
0.7890025203333334
0.7830371576666668
0.7934859468000001
0.7945841592333334
0.7925936593666668
0.7844155564666668
0.7597343311666669
0.7514926247000002
0.7506861700000002
0.7630535546333336
0.7733801947000002
0.7753816050333335
0.8015630484666668
0.7987651142666667
0.8000870728000002
0.7975432843333334
0.7799005599666667
0.7673696799
0.7633182816333333
0.7546295603666665
0.7536487705333332
0.7679285764333332
0.7541168000333334
0.7684962194666666
0.7768306222
0.7881401591999998
0.7887397527666666
0.7835673353333333
0.7730968660666667
0.7645971349666666
0.7541815708666666
0.7651799394333333
0.7633412491666667
0.7611630965666667
0.7549427809666667
0.7627231838
0.7801265929333331
0.7777490720666667
0.7777432948999999
0.7670538256333331
0.7554970975666666
0.7532309269333333
0.7449086853333334
0.7384996238999999
0.7342393652
0.7363896872666668
0.7551943556000001
0.7679552885000002
0.7710062558666667
0.7742011987000001
0.7757845694000001
0.7745383668333332
0.7876741236333334
0.7612264506333334
0.7304368705666666
0.7271263756666666
0.7187176217333333
0.7244308882
0.7394981177666666
0.7517952808
