0.5504704744
0.4756100503000001
0.4049883178
0.35599779219999994
0.39001694159999994
0.4140897696
0.3527245384
0.2780879399
0.20893584920000002
0.21705233300000004
0.24038950480000004
0.2065912517
0.1857160165
0.1592577704
0.1278770696
0.11196315270000001
0.13138484360000002
0.13556200510000002
0.11854890040000002
0.0926517627
0.07859035880000001
0.09294090270000001
0.0859096114
0.06939376350000001
0.07788206949999998
0.0735237268
0.0638080372
0.0672679892
0.079135311
0.0809963723
0.0806441244
0.0823998967
0.0853670659
0.0881000206
0.07132739340000001
0.061747294900000006
0.0561667296
0.05095926519999999
0.0470725885
0.0490632554
0.049246833
0.0397748105
0.0352267146
0.031229357999999995
0.0312309963
0.029389998499999997
0.0273903735
0.028082370199999995
0.0313953519
0.029532821799999998
0.0340122332
0.0360053499
0.0377723598
0.0406108947
0.0441380327
0.034383218300000004
0.0353091312
0.0339790442
0.027601279200000002
0.0285822361
0.0313818316
0.0310196709
0.0316374352
0.030423937900000003
0.0277945716
0.0356330321
0.0333231515
0.027185728600000004
0.0317243881
0.0283665347
0.0217224459
0.0255842089
0.0319561208
0.0380420826
0.0331869164
0.024787948900000002
0.023671643
0.029804797799999998
0.0225301366
0.0285068054
0.0311199964
0.0232658307
0.015305106100000002
0.005766297599999999
0.0058196611999999995
0.0124191317
0.009536612900000001
0.0009395738000000008
0.006526946699999999
0.0034740091999999993
0.0007769708000000001
0.0118253202
0.0123081668
0.011176109600000001
0.012944940300000003
0.009094036
0.010987141799999997
0.0133364097
0.012407140099999998
0.007538203599999999
0.008823496699999999
0.0018297347999999994
0.003987610599999999
0.0061674105
0.0053966246
0.0062518614
0.0033330208
0.0023877625000000005
0.0009330758
0.001519229800000001
-0.0024357159
0.0006559231000000002
-0.0022725412
-0.0025039169999999996
-0.0037166698
-0.0025081983999999994
0.001018999
0.0007422309000000001
-0.0021577545
-0.0014664794999999999
0.00010712080000000093
-0.0006526416999999999
-0.002421317
0.0040294133
0.0071018771999999996
0.0054845899
0.0034525881999999996
0.0062268576999999995
0.0075232459
0.0061035662000000004
0.0058885635
0.0024543950000000003
0.0018439869000000005
-0.0029235033
-0.0037382425000000003
-0.0003727007000000001
-0.0004198803000000002
-0.002716219500000001
-0.0030834240000000004
-0.0014385745999999997
0.0008498709000000002
0.0031664195000000008
0.004638871
0.0035895170000000004
0.0043382685999999995
0.0043500886
0.0079120347
0.0111996534
0.010554562600000001
0.011183018700000002
0.0088759324
0.0085514365
0.007974048499999999
0.0090654909
0.0071551922
0.0074954287999999996
0.007709305300000001
0.005132469000000001
0.007357781200000001
0.005899458
0.006095309600000001
0.006616965800000001
0.007223083800000002
