0.5864974011
0.5112278054999999
0.4408638624
0.3920112416
0.4145269817
0.43727681500000004
0.3826175949
0.3103374582000001
0.23989465120000003
0.24012324270000002
0.2589502361
0.23026048910000002
0.2110320624
0.1841118052
0.1543074449
0.132525755
0.1483985785
0.15155483399999997
0.14236481660000003
0.12039354580000002
0.1069637448
0.11597406730000001
0.10579393690000001
0.09304793380000001
0.099274448
0.0984074762
0.0879601039
0.0895482866
0.0961127555
0.0963828361
0.09486668439999998
0.0955564593
0.103063729
0.10055379310000001
0.08236649040000002
0.0710636869
0.0612430312
0.0631019182
0.0593637767
0.05966750280000001
0.05973016600000001
0.055983059
0.0493137627
0.0505789299
0.053463125
0.04865931019999999
0.04840067149999999
0.040754048
0.0420423937
0.041328366299999995
0.040824100099999996
0.041690556499999996
0.043333879199999994
0.043305854500000004
0.0422701856
0.0380256512
0.0403886366
0.0403940762
0.0401715188
0.0428518183
0.0498592679
0.049075394999999994
0.0487105533
0.0476209305
0.046744456
0.051418425899999995
0.04787020769999999
0.0419444253
0.0425579174
0.039453414799999996
0.034888124400000005
0.0426749936
0.053741508800000004
0.0655467874
0.0647018673
0.06224300979999999
0.05918357949999999
0.06169348319999999
0.05217782379999999
0.0538403332
0.050605703200000005
0.043046907800000006
0.0325818414
0.019954653300000003
0.016963796100000005
0.019888564900000003
0.0206958332
0.018486874200000003
0.023120654600000002
0.018740722400000003
0.015505188500000003
0.0229294889
0.024573797
0.024057576599999998
0.026408840299999996
0.0233289239
0.024684883799999998
0.026089419800000003
0.026281724200000002
0.024309193599999997
0.025328367
0.013550135399999996
0.010787640200000002
0.011673049600000002
0.013791304
0.014226478500000004
0.009198529899999999
0.0089949386
0.009906452100000001
0.010527194100000001
0.0116345158
0.017649619
0.014180739000000001
0.010541042500000002
0.006620505100000002
0.004829391100000001
0.007081194000000002
0.007588994199999999
0.0020011019000000002
0.0021048527000000006
0.0031232218
0.0004914994000000007
0.0015799004999999997
0.0072884692
0.0093490525
0.010513498799999998
0.012908680799999999
0.014328474899999999
0.019531421299999997
0.018173203
0.0195390414
0.0190325094
0.020170316900000002
0.014425738300000001
0.013107472299999997
0.013499806100000001
0.010476163499999998
0.0089329346
0.0068719885000000005
0.010146498100000002
0.0096828361
0.0097006842
0.010325308799999999
0.0112815368
0.011057436099999998
0.010290140799999998
0.011305148799999998
0.009269690099999998
0.0087380584
0.006571562099999999
0.004131285299999999
0.0037726448
0.0035826735
0.006803235099999999
0.0080260387
0.0097687011
0.0094136667
0.0109057515
0.0111083131
0.0105177155
0.010700689199999999
0.0100214262
0.0097721362
