0.48696707193333333
0.42177184206666674
0.3580792033333334
0.30389815046666663
0.3165491008666666
0.3163327606
0.26817871819999994
0.22111564613333337
0.1788961240666667
0.17341512860000002
0.19462885746666672
0.19228837093333337
0.17846166153333334
0.14559888926666664
0.11830564826666667
0.09266648673333334
0.09498962773333335
0.09299676046666668
0.08586806693333333
0.08063495293333332
0.08338500546666668
0.09709956126666668
0.09949631
0.09218391633333334
0.08705185006666664
0.07178713453333334
0.06233299646666667
0.05953346766666667
0.06556881373333333
0.06641870673333333
0.07215629620000001
0.07258344586666668
0.0761960792
0.077303133
0.06783930733333335
0.055602538666666666
0.04631084533333332
0.038172617933333326
0.033631511733333334
0.0332417894
0.03798687893333333
0.0359104304
0.03800628206666667
0.03950002053333333
0.0399762596
0.03711249753333333
0.03286992553333333
0.02938134766666666
0.029323715866666666
0.029958307599999998
0.028077802466666666
0.03293331086666667
0.0371745018
0.03708130133333333
0.038210419466666666
0.03844038626666667
0.03528945713333334
0.031751391000000004
0.028676106533333336
0.028799474133333332
0.029158335066666666
0.0311451786
0.03011674766666667
0.0311569636
0.02769608746666667
0.029999871333333334
0.028806175600000004
0.030402775400000005
0.03563664213333333
0.031869261
0.02476241326666667
0.026246493333333336
0.0288949894
0.0258944294
0.02817091
0.02699118086666667
0.02210129506666667
0.022482360399999998
0.018331248466666665
0.016838012
0.018560203799999998
0.015548096
0.0082172914
0.004884338799999999
0.0083623052
0.010983862133333334
0.014203746533333334
0.010817939733333334
0.010761897133333333
0.006463435266666666
0.0038762301999999992
0.0073623034
0.006904827133333333
0.009311567133333334
0.009508000133333333
0.008586772133333333
0.009065827799999999
0.012849964266666665
0.010522206333333334
0.007745178866666666
0.0075261572666666665
0.001700770466666667
0.00029122426666666653
0.002482877933333334
0.0018908598000000004
0.0009002708666666665
0.002178348666666667
0.0024439969999999994
0.0005815015999999999
0.00024192993333333398
-2.8306133333333313e-5
0.0011602799333333335
-0.0018723622
-0.003067232066666666
-0.0026845429333333328
-0.0031962228666666662
-0.0004787596666666667
-0.000762056
0.0026457266
0.003963694866666667
0.005251897733333334
0.003024723333333333
0.0037939037333333332
0.0036175431999999996
0.0038622810666666665
0.0024016184
0.0004781709999999998
-2.7551999999999668e-5
0.0021352274000000005
0.0024491862000000004
0.004932016733333333
0.0031798976
0.0035973020666666667
-0.0011243483333333334
-0.0018313534666666669
-0.0006881942666666668
0.0002873918666666666
-0.0010862098000000006
-0.00048725853333333346
0.0012723211333333336
0.003906366800000001
0.006818324066666668
0.009834413066666665
0.007861028933333335
0.008116154000000002
0.0054775611333333345
0.006268269733333333
0.006040635533333334
0.007612018066666667
0.0070014990000000004
0.008336738733333333
0.009846914600000001
0.0101634784
0.010373205066666667
0.009156946933333333
0.006641041800000001
0.005404890466666669
0.0033895891333333337
