0.4227238185999999
0.37074414730000005
0.3259479624
0.2880615234
0.2844172133
0.28490128500000006
0.26550808670000003
0.23094614610000003
0.19112973390000002
0.18025839425
0.18295699045
0.1731172782
0.15841299964999997
0.13857986949999998
0.12679094645000002
0.1154666156
0.11817934120000002
0.12055156029999999
0.11923878605
0.10838819095
0.10091521460000001
0.1057652633
0.10442883295000001
0.09680086345000002
0.09082046920000002
0.08473558155000001
0.07460156755
0.07632510239999998
0.07773826609999998
0.07802516944999999
0.07729842519999999
0.07576975914999999
0.07618874584999999
0.0755663615
0.06791480770000001
0.05986149855000002
0.054821851350000006
0.0519279831
0.05070308520000001
0.05049793455
0.05027713305
0.04883680775
0.04632382095
0.0469423922
0.0478666553
0.0433424807
0.044394654049999996
0.0405740621
0.04110695625
0.0420900923
0.045341684
0.04538297574999999
0.04602221624999999
0.0454633925
0.04450732079999999
0.044722038549999996
0.04412942214999999
0.04116925074999999
0.04136471809999999
0.04115261654999999
0.042373696149999994
0.04587519429999999
0.051226031049999995
0.056583858949999996
0.05572316165
0.056830717850000004
0.05352689359999999
0.05181895424999999
0.047367870599999994
0.046646874
0.042746913799999994
0.0428609507
0.043161675100000005
0.04275072035000001
0.0408328317
0.04106578735
0.03993970635
0.04009017869999999
0.0376492392
0.0362905278
0.033055445850000004
0.03298819835
0.0285778192
0.02200611495
0.021686318200000002
0.021608744400000005
0.0226903585
0.022288147000000005
0.024701189400000007
0.021524958000000007
0.020416777750000007
0.018239812150000003
0.017680718600000003
0.017865313100000002
0.020100072150000002
0.018777701200000003
0.01694170685
0.0175421792
0.01809408815
0.017418193849999996
0.0184814414
0.015599877199999997
0.0124841896
0.01110704605
0.010205904549999999
0.0095279348
0.008139861949999999
0.0082919664
0.0059537769999999995
0.006316023400000001
0.007378868800000002
0.0090705592
0.007880319750000002
0.00891475585
0.007984778800000002
0.007671444950000002
0.009994937400000002
0.01095873455
0.010766261599999999
0.01013902785
0.0113311316
0.0097620044
0.0108751087
0.01085710375
0.011228262400000001
0.012006652449999999
0.01169242215
0.01163070475
0.013201704900000003
0.01415985055
0.01461093875
0.014366596799999997
0.01524781285
0.01285363755
0.012082454199999999
0.01189497345
0.01089065615
0.009101312350000001
0.007805023450000001
0.008359030100000001
0.0069070607
0.0067366645000000005
0.00695399115
0.009042385949999999
0.009541737399999998
0.01002942095
0.010359407749999999
0.0100877208
0.00992318575
0.0085446388
0.0074159872500000005
0.006897035500000001
0.006677404850000001
