0.4002937133000001
0.3457753693
0.2998018546
0.26338032905
0.263770888
0.26958447534999996
0.24999404325
0.21582358419999997
0.17469910560000002
0.16574163655000002
0.1719898316
0.16605250240000002
0.15071690505
0.12995640935000002
0.11557667024999999
0.10409657989999999
0.10912214849999999
0.11235869019999997
0.11065837114999996
0.0995860803
0.0939764502
0.10228422695000002
0.10205439140000001
0.0978626996
0.0936345556
0.08342709345
0.07326798224999999
0.07199150155
0.07526592085
0.07825751774999998
0.0769742775
0.07129119095
0.072119762
0.07301493190000001
0.06754635755000002
0.06120109275000002
0.055246324
0.05193697635000001
0.05331347375000001
0.05284755105000001
0.054229164950000006
0.05067392405
0.0477435053
0.04397863159999999
0.0455400437
0.04193465719999999
0.04265219124999999
0.040460238799999985
0.03998746994999999
0.038011001350000004
0.04219994325
0.04279862295
0.044443683850000006
0.04309653995
0.04255414835
0.04391011315
0.04402922374999999
0.03993689589999999
0.037174036300000005
0.03574302935
0.03487501325
0.037413465150000005
0.0414654678
0.044075773799999995
0.0425838498
0.044356432999999994
0.0436617646
0.04455301625
0.041271005300000004
0.04017857475000001
0.035610809550000004
0.033376455900000004
0.03353023405
0.033962432150000006
0.0338421282
0.030148424400000002
0.0277684984
0.0301462836
0.0306727916
0.0334525128
0.030342532099999996
0.03111983864999999
0.02600840225
0.02171273725
0.02199170115
0.0199093403
0.017523497650000004
0.015270044300000002
0.017266058000000008
0.01714013925
0.017243628500000004
0.019188040100000005
0.016634057949999996
0.01579717035
0.01414134605
0.0147850939
0.014548496900000003
0.012683502800000001
0.0099782365
0.007994656799999998
0.0100187931
0.0080042915
0.007449085949999999
0.0057594328
0.0045560601
0.006826453349999999
0.007728118649999999
0.007484335400000002
0.0059529571000000005
0.0043655714000000005
0.0033360446499999994
0.004000722
0.0040912545
0.004093854900000001
0.0048676134
0.0027491579
0.0026929821500000007
0.004188645249999999
0.006370371599999999
0.00542036785
0.0051355311
0.0030838155500000014
0.0033649298999999994
0.0045214995
0.005318745350000001
0.003954244650000002
0.0038777289499999992
0.0037796122499999993
0.0044780331999999985
0.004981557149999999
0.0069186764
0.00533804345
0.005718918325
0.0049117574749999995
0.0058321327249999996
0.007267511775000001
0.008013979725
0.008048284175
0.0061594299249999995
0.005366457825
0.006307993175000001
0.007614291475
0.008435724725
0.008149257975000001
0.006187244024999998
0.007462283574999999
0.007313150725
0.008118076725000001
0.007262781175000001
0.007582471775
0.005722935925
0.005291015075000001
0.005703786400000001
