0.33696550424
0.30561704268
0.2690723240399999
0.22975845043999985
0.2269901655999999
0.22123579987999992
0.19808359199999986
0.16703323224000002
0.13509517984000002
0.13520190496000004
0.14618680520000005
0.14089623744000002
0.1339841926
0.11901345796
0.10338193788
0.0878575418
0.08995373532
0.08994488264000002
0.08676084839999999
0.07691192911999999
0.07472992124
0.08072642859999998
0.08008149208000001
0.0741393852
0.07185641219999998
0.06277101392
0.05330972208000001
0.049810766440000015
0.05183303144000001
0.05234362256000002
0.05504977712000001
0.05450621692000001
0.05695059560000001
0.05894002056000001
0.05251671312000001
0.04696641648
0.04218864715999999
0.03801251468
0.036423264920000004
0.03760028672
0.03654541468
0.03566991072
0.03639538692
0.034740524
0.035418650200000006
0.03482023116
0.032129823679999996
0.030283782679999992
0.029763804679999995
0.029092813199999998
0.031099894319999995
0.03308924712
0.03317899252
0.034938536039999996
0.03427286556
0.03175321012000001
0.03140735784000001
0.031833282920000004
0.03242249696
0.03055445104
0.0274101806
0.02815576436
0.02999196772
0.027706232799999998
0.028020374639999998
0.030447921359999994
0.026590037639999994
0.02436370768
0.023688504319999998
0.02144942108
0.01982510064
0.01956254116
0.01771282316
0.018147436319999998
0.018292149679999998
0.016505496839999998
0.017990905119999998
0.018412682959999996
0.01546919292
0.01528078332
0.014773736679999998
0.01372371432
0.010264938720000004
0.007893459319999999
0.00803266456
0.010119715960000003
0.00925414184
0.00808580808
0.00892410248
0.006036711
0.00482648268
0.005750590360000001
0.005098001280000001
0.005960170600000001
0.006312492
0.00417777692
0.00570186592
0.00680096208
0.005311757000000001
0.0031604394
0.0035124149999999996
0.0014280618800000006
0.00047162691999999974
0.00062662496
0.00054792408
0.0005830108399999997
0.00104595252
0.0004978713999999999
0.00196066628
0.0029859088400000008
0.0021768522799999997
0.00207720324
0.00136732576
0.0011689591200000002
0.0008307007200000001
0.00043769168000000014
0.0006945021999999998
0.00028036116000000025
0.00041803464000000006
0.0008829199199999998
0.0030020583600000005
0.0016468818799999995
0.0011898544399999997
0.0009371563199999998
0.0017419387999999996
0.0017809193999999999
0.0015534703999999999
0.0018390172
0.00271694324
0.003204819159999999
0.004699245479999999
0.005072752439999999
0.006638242599999999
0.003547216040000001
0.0033743954
0.0031374564000000004
0.00359300972
0.002537893519999999
0.0033338412399999996
0.0036254695600000005
0.0053419916
0.007174716560000001
0.00795363544
0.0076597298400000015
0.007229475600000002
0.00572466052
0.00640774816
0.00651361484
