0.34317259928000005
0.31315640884
0.27745129488
0.23962513151999995
0.23674792071999995
0.23272224159999993
0.21229486467999995
0.18023533951999993
0.14907524072
0.14662027324000002
0.15711775528
0.1538819536
0.14638682111999998
0.13095427367999998
0.11499184747999998
0.09894024411999998
0.0992494052
0.10053088484
0.10159088588
0.09228782312000001
0.08967930340000001
0.09515049920000003
0.09520301244000003
0.08913360496000003
0.08833722452000002
0.07863408332
0.06933258283999999
0.06527228176000001
0.06772790176000001
0.06806405003999999
0.0684867642
0.06523701088
0.06736287816
0.06963992520000001
0.06480855212
0.05904631216000001
0.05249082564
0.04883873692000001
0.04824709424000001
0.049050993840000015
0.04804586900000001
0.047444870640000004
0.04592769036000001
0.042833421239999996
0.04383838111999999
0.045652363159999994
0.044957095399999994
0.04323402759999999
0.04199239704
0.03950135452
0.04203543272
0.043427437119999995
0.04161658528
0.040967208719999995
0.03936588956
0.037985448559999996
0.03822453855999999
0.040461530079999995
0.04085693428
0.04084003284
0.04014768344
0.04183514308
0.04337529911999999
0.040667320199999996
0.03954920596
0.040593285039999996
0.03753650712
0.0376900238
0.0371723668
0.03616625600000001
0.03239421764000001
0.03140333748000001
0.030178665080000004
0.031028210040000004
0.032084581120000004
0.027131383719999996
0.027897030479999994
0.029318735159999994
0.028487895039999996
0.029838970279999998
0.02817514508
0.025923169079999996
0.02241896032
0.019219547560000005
0.019194237520000004
0.018903041440000004
0.017957527520000002
0.015354857160000002
0.016793298840000005
0.015336473039999998
0.01573364512
0.016340970280000002
0.013501280079999997
0.011840853520000002
0.011406604000000002
0.011027678680000002
0.012085664960000003
0.011160977040000002
0.008557208
0.006721808119999998
0.00936228208
0.007209793079999999
0.007599706839999999
0.006611723440000002
0.005093333720000001
0.005644404919999999
0.007139306999999999
0.006411825320000001
0.00625553636
0.00551845236
0.00413806864
0.00314492392
0.0035449499199999997
0.00429941452
0.0044298214399999996
0.0033080284400000006
0.0029139198800000004
0.00370611872
0.0041918184
0.00458107896
0.00451064332
0.003908543040000001
0.00466412788
0.0055866037599999994
0.005433731360000002
0.005718183360000001
0.00522724684
0.004999491659999999
0.005422576659999999
0.006691701419999999
0.00728324234
0.0063555300999999995
0.00671057366
0.005951874540000001
0.00482889698
0.0061550966600000005
0.006850967340000001
0.0071037823
0.0056149274999999985
0.005194579899999999
0.006372045300000001
0.007292011179999999
0.00846664534
0.007779629100000002
0.0072447125
0.00713313638
0.006357875740000001
0.006538830980000001
