0.28981677933333333
0.25838073489999996
0.22553798189999996
0.1948831086999999
0.1985920268999999
0.19985888303333327
0.18263913973333323
0.16030597806666666
0.13554002020000003
0.13023348933333337
0.13320799600000002
0.12731068370000004
0.11899756460000002
0.1055838515
0.0923621775
0.08241139146666666
0.08378653679999999
0.08459641983333333
0.08158559996666664
0.07423713013333332
0.06949377206666667
0.07170520329999999
0.06883446396666668
0.06290771403333334
0.06014681973333333
0.054887006733333334
0.04912171343333335
0.04876987486666669
0.05253441713333334
0.053197483166666684
0.054634396866666685
0.05272668570000001
0.052788713433333335
0.05331342443333333
0.048898807466666666
0.04184017056666666
0.039622078099999986
0.037673559866666664
0.035356406533333336
0.035726104433333336
0.0382136326
0.03559994376666667
0.03487883653333333
0.03408806353333334
0.034387866866666665
0.0331354163
0.03200755206666666
0.02974904766666666
0.030240339733333333
0.028827197533333335
0.029038836899999997
0.030869743233333333
0.033788638600000004
0.036358971733333335
0.035039840233333334
0.03160139976666667
0.030767975233333338
0.030323190200000003
0.02728526796666667
0.028485192066666665
0.028074757966666662
0.026623236833333327
0.02629955403333333
0.024744106033333328
0.02226704973333333
0.024280037566666666
0.022177135799999994
0.0193100334
0.02026049046666667
0.020115783100000003
0.0178731377
0.020225119933333334
0.019856464566666662
0.01832816326666666
0.01731717263333333
0.015433705533333333
0.014731799233333334
0.014693593766666667
0.0138214078
0.013173006066666666
0.013573487966666666
0.0123069619
0.010533627833333335
0.0077032725666666664
0.008053742033333334
0.0092550097
0.007952258499999998
0.005554582
0.006622387533333333
0.004177147533333333
0.0023882505333333343
0.004770326033333334
0.004674412066666667
0.004946534366666668
0.0048749650333333346
0.004279233000000002
0.0051130538666666675
0.005488801033333335
0.003727487133333335
0.0025303179666666662
0.0021649672
0.0006110054000000004
-0.0002354158666666669
0.0025643022666666667
0.0029272773333333334
0.0030760843
0.002601536
0.0031189503666666668
0.0020995223999999996
0.0020521055000000004
0.0011866561333333332
0.0008192254666666669
-0.0009499571000000001
-0.00046600233333333324
-0.00011767836666666664
0.0008678969333333335
0.0013505689666666663
0.0014176230333333333
0.0007606891333333331
0.0010661706999999998
0.002281851733333334
0.0016560575999999996
0.0013538469666666663
0.001565142333333333
0.0025673010999999997
0.0031539925999999998
0.0036482475333333335
0.0049034305333333335
0.004998128166666667
0.005282670099999999
0.005204788933333333
0.004724083666666666
0.0048189688
0.0032438348666666674
0.0025850727666666662
0.0038242722333333336
0.005067153233333333
0.004538634299999999
0.004942973266666666
0.005214634033333334
0.0052737043
0.006111607266666667
0.006612001100000001
