0.3174704606666667
0.2858207873000001
0.2525632872333334
0.2230569935333334
0.22270295820000002
0.2227366820666667
0.20632542576666665
0.18381352626666667
0.15945740776666667
0.15229987486666668
0.1535935551
0.14726367189999998
0.13996324276666663
0.12590451069999997
0.11198279443333332
0.10066563936666664
0.09920057119999998
0.10140167959999996
0.09928044959999997
0.09214796156666664
0.08718686506666666
0.08917119519999998
0.08605714286666664
0.08139355226666667
0.07836802113333334
0.07271015776666667
0.06586793553333332
0.06446808426666666
0.06583964196666665
0.06579290173333333
0.06514031683333334
0.06441002493333334
0.06523712363333334
0.06481285916666667
0.059366600333333346
0.05258288276666668
0.05001077976666668
0.048083347466666676
0.04719256306666668
0.04794922913333334
0.050137844666666674
0.04891633683333334
0.047119398400000005
0.04716857163333334
0.04749258886666667
0.04603446243333333
0.04555317193333333
0.04103084983333334
0.041590609966666664
0.0412111998
0.041857164133333326
0.044480315033333336
0.04859531376666667
0.05215785746666667
0.0512388363
0.0505623623
0.0491474746
0.04801066156666666
0.04496908666666666
0.045381855433333326
0.0451176985
0.044932432133333325
0.04501130116666666
0.04437412373333333
0.04280337313333333
0.04451666686666666
0.04258320679999999
0.040708260899999994
0.03928546526666666
0.03734482346666667
0.033666338700000006
0.03621713010000001
0.036965715733333335
0.03651967243333334
0.03602483456666666
0.03515349953333333
0.034854765499999996
0.03542325906666666
0.033860067533333336
0.03229674973333333
0.0304797529
0.02650884403333333
0.02264775953333333
0.018561759833333327
0.019054646800000002
0.019147989100000002
0.018193082300000007
0.017857077533333342
0.01976961030000001
0.017859036700000004
0.017489357100000002
0.018043081100000004
0.016514058733333333
0.015423889566666666
0.015606883133333334
0.014128264500000003
0.013654869233333334
0.014224450866666667
0.0127297594
0.012313746799999997
0.013362034866666667
0.010563751266666666
0.008849426566666669
0.009834187099999999
0.009920287199999997
0.009856456133333332
0.009729468233333333
0.010304135900000002
0.010479658433333336
0.010268416600000002
0.011432259666666668
0.012391209266666666
0.01197698546666667
0.010751750000000003
0.009692343300000005
0.009614232000000002
0.010155346100000002
0.010283467900000003
0.009468170566666666
0.010141517933333335
0.01078169976666667
0.009741564333333333
0.010691842066666667
0.010998581433333331
0.0111713203
0.0114344819
0.011563331033333336
0.010843699866666667
0.011713822733333335
0.011630421066666667
0.011117720933333332
0.010835279466666665
0.011359433066666667
0.010836836733333332
0.010730315699999998
0.011186215999999999
0.010398326333333334
0.009702792066666667
0.008906120000000002
0.0090785919
0.008171603533333335
0.007831585066666667
0.007893372833333334
