0.6327216766
0.5598664494000001
0.5180617302
0.493822753
0.5155426366
0.4682192722
0.3913536512
0.2919149054
0.21817283140000004
0.2644912466
0.35996026700000006
0.31409542560000003
0.2642609744
0.199698867
0.1696134194
0.1208187426
0.0990870778
0.10717105860000002
0.11881667380000001
0.08614071979999999
0.1031075628
0.16368260939999998
0.1639529516
0.118281127
0.09916280559999999
0.0540731548
0.022199195999999997
0.0078662712
0.0205064
0.056601333399999995
0.0929742988
0.1054168784
0.12666970719999998
0.137764222
0.1053914112
0.06831395
0.059382915
0.0440644246
0.0384358192
0.0372633756
0.0551806398
0.05295054419999999
0.0578541058
0.05570935779999999
0.06086313520000001
0.0433130262
0.0265990768
0.012599323400000001
0.0067493582
0.0015988573999999995
0.015466970799999999
0.028181670199999998
0.043565416999999995
0.0560413456
0.05746678620000001
0.052557495600000004
0.043829029600000007
0.031979302599999995
0.0251804438
0.030809279199999994
0.016208941
0.0267892328
0.0359787858
0.0300221146
0.026355193
0.046554722199999996
0.035250109
0.0272960846
0.030825761200000003
0.029233950200000004
0.024711342
0.031396194
0.027075372599999998
0.032623015
0.027499119199999998
0.018733549800000002
0.0197722238
0.036836869
0.0434611502
0.0388747136
0.030842348
0.027571062200000003
0.022772726599999998
0.0015991229999999996
0.0181388972
0.0313976448
0.018960599200000004
0.007837485600000003
0.009933472200000001
-0.0064995748
-0.0065593814
0.00011262660000000042
-0.0059583380000000005
0.0031204211999999996
0.0134475932
0.008113322999999999
0.0235380138
0.030574671600000002
0.019231798
0.012442287399999998
0.010074749000000001
-0.0015637302000000007
-0.003901852200000001
0.0055824822
0.0026341197999999997
0.0075722444
0.0052231998
0.0118770734
0.0067523388
0.008159129400000003
0.0049314784
0.0014428418000000005
-0.0071015484
-0.004886187199999999
-0.0051206698
-0.009802910199999999
-0.0001309956000000001
0.0025564660000000003
-0.00012164680000000052
-0.0023126698
0.0047865134
0.0021689936000000003
-0.0010720042
-0.0041938622
-0.0006202891999999998
-0.0045722717999999996
-0.0034742770000000004
-0.0037706298
0.0122526888
0.0148240436
0.0155414516
0.010379453399999999
0.0162243452
0.002793803
-0.0026169112
-0.0037643246000000005
-0.005470663400000001
-0.012536371400000001
-0.0086408096
-0.0048595738
0.0030189232000000007
0.004630902800000001
0.0071039324000000004
0.0024739616000000004
0.0019824246
-0.0013191814
0.0017019361999999999
0.0021738096
0.0047050724
0.0066941126000000005
0.0100193586
0.014122133200000001
0.020225497199999998
0.016404052800000003
0.015671924800000004
0.0077325062
0.0029807398000000008
-0.004277400199999999
0.0017269290000000003
-0.0013615403999999998
0.0072583514
0.0124378708
0.014542338200000001
0.0129886334
0.013160456400000003
0.004932267799999999
0.0007960607999999995
-9.617060000000048e-5
