0.6375250950000001
0.5658058712
0.5239621376000001
0.4993292352
0.5207730574
0.4756518816
0.39726431379999994
0.2983090774
0.2255505662
0.2707946852
0.36920245679999997
0.33292117400000004
0.2824993448
0.2121378838
0.1766149162
0.1187954198
0.0871101182
0.09443685859999998
0.11650363100000001
0.08690089320000001
0.11468814320000001
0.18268056700000002
0.18804905600000002
0.1446043414
0.1286560516
0.08527330660000002
0.06149815039999999
0.0378823608
0.046579781199999996
0.07013482
0.09762944999999999
0.1051997584
0.1290664854
0.134945731
0.1126525564
0.07831490099999999
0.05975843199999999
0.05321966339999999
0.06532094479999999
0.06309479440000001
0.0724907162
0.06661558819999999
0.0677974966
0.0542172264
0.0671479002
0.0594620428
0.05359098520000001
0.038395402599999996
0.0375758254
0.027290179199999997
0.034536711
0.041020290599999995
0.0483353428
0.0561398984
0.0538573304
0.05042718980000001
0.0414688322
0.03644577919999999
0.027981576200000004
0.033864765
0.023312685199999995
0.034528657000000004
0.0386644306
0.0382525798
0.0370317308
0.060523187
0.054176712
0.0543291828
0.05001210539999999
0.045462767200000004
0.041377390599999994
0.045942693799999997
0.030308190999999995
0.0324498838
0.026612854400000004
0.0142867902
0.015005797799999998
0.0425600668
0.0555885262
0.061228046800000005
0.06123836419999999
0.059521854799999996
0.0510146244
0.027033505800000003
0.027410630599999996
0.0255406932
0.013035477200000001
0.010238054
0.0207778128
0.020116981
0.01952785
0.023510863799999997
0.016772389199999998
0.0192913216
0.025054392800000002
0.015063220999999998
0.028411158800000003
0.0260085414
0.019748308800000003
0.015384800199999998
0.019505597000000003
0.005136490799999999
0.0080611926
0.009246788799999999
0.008004383
0.014877846
0.019693646999999998
0.0156941086
0.014902262199999999
0.0081218082
0.009693711599999998
0.004952691
0.0009701685999999994
-0.003984413800000001
0.00046763579999999983
-0.0040019821999999995
0.0022343372
0.0050708739999999995
0.002873094
0.0016304134000000004
0.006736238
0.004031799399999999
0.0082021904
0.010020886000000001
0.0072424282000000005
0.0009162112
0.004784060400000001
0.002121785
0.0074658534
0.010129976199999998
0.007346164599999999
-0.00027826839999999995
0.0013597316
0.0051216529999999994
0.0026786535999999994
0.0055435106
0.003797670799999999
0.0017760125999999993
-0.004522394399999999
0.0012239234000000002
0.0020110922
0.007207453
0.0098609198
0.0098470208
0.0058936754
0.012773938200000001
0.0106253184
0.009879009300000002
0.0092007505
0.0135322785
0.0087415061
0.010425476699999998
0.010677194999999999
0.0101123428
0.000815954
0.0017054362
0.0021989178
0.0033257748000000004
0.0034369178000000005
0.0045070682
0.0066282538
0.00600289
0.0085903278
0.0063011136
0.011474586400000002
0.005816547599999999
0.002536775799999999
0.00022184799999999983
