0.36482856065
0.32175959660000003
0.2662982701
0.26433115225
0.24689636905000004
0.2160801192
0.1794269428
0.14075748205
0.10623749634999999
0.07686948655
0.06771267075000001
0.08546280975000001
0.09024392540000001
0.0912781561
0.09113913669999998
0.09254481034999998
0.09361353854999997
0.0904843026
0.08097926795000002
0.0672745095
0.059598546499999995
0.05807434195
0.07201483275000001
0.07198474299999999
0.07899038575
0.0797814926
0.0759374648
0.06999397455000002
0.06143747690000001
0.0507789504
0.04801021974999999
0.049572929099999996
0.0626470975
0.07131076375
0.0744423101
0.07088027300000002
0.06900170365000001
0.0673265089
0.07279016925000001
0.07721896285000002
0.08037399485
0.0797222357
0.0731117624
0.0792097959
0.0760188928
0.0731033546
0.07815661069999999
0.07968907955
0.07715536685
0.0768445414
0.07130997884999998
0.07006356
0.07686128
0.07828150975
0.0776256865
0.0788358803
0.07891821759999999
0.08935022399999999
0.10405530055000001
0.11216663345
0.11595546195000002
0.11874078210000001
0.1320199085
0.13781552329999996
0.1290891347
0.1367223322
0.13796400534999997
0.14152860349999996
0.14448760684999998
0.13538851279999997
0.13895506274999997
0.13722452464999998
0.12850426394999998
0.13277875719999999
0.1538029114
0.16693635404999999
0.17717611725
0.17360818790000002
0.15417490830000002
0.145841457
0.14708827445
0.1387929751
0.12132073375
0.1118681799
0.11906843275000001
0.10815457554999999
0.10130745074999999
0.10402230499999998
0.10662078384999998
0.11767992969999999
0.12547739814999997
0.1439753781
0.15939921734999998
0.1684340809
0.1508113114
0.1369637094
0.12573671044999998
0.1234837188
0.11813936119999999
0.10740620655000002
0.0950654205
0.1123576168
0.12800366045
0.14732621425
0.17602857010000003
0.19118571120000005
0.19895241370000005
0.19901821000000003
0.18550264560000002
0.18049487965
0.16700541630000004
0.14286906844999997
0.11624097985
0.10330546149999997
0.12328467294999998
0.14224519144999997
0.16128020355
0.1736498808
0.19464416894999997
0.18935881635000001
0.18614329694999998
0.17073605205
0.15971728389999998
0.14069003005
0.1163354875
0.1119040775
0.11583505745
0.1137905102
0.12363250455000001
0.12492039515
0.12755684260000003
0.13374956605000002
0.13442123170000003
0.12378930755000002
0.10189104745000002
0.08363070354999999
0.0683198126
0.06133117475000001
0.056143375849999996
0.07325982119999999
0.08834864945000001
0.11723495754999999
0.1423516309
0.1506028189
0.15076285265
0.1452266265
0.1333346279
0.13416766005
0.1334538724
0.13259101980000002
0.13028402695000002
0.1236538543
0.125302609
0.1319195976
0.13630291830000002
0.14004413315
0.13935259174999998
0.1283741019
0.11916146289999999
0.11260772044999998
0.10598543189999998
0.09520740335
0.08476806784999999
0.09261970065
0.1017214042
0.11127260534999998
0.111961859
0.1056848698
0.10710761050000002
0.10940198035000001
0.10865397380000001
0.10368731865
0.11727913440000001
0.1340122719
0.15563734224999998
0.1717142444
0.18182524844999998
0.1943809305
0.20445385659999998
0.20407340559999998
0.19860540534999999
0.18006352425
