0.748959736
0.6508400029
0.5766118787
0.6065614749999999
0.5748422527
0.5375420867999999
0.49071892529999994
0.444353589
0.40252084030000007
0.3819796866
0.38455472970000004
0.4260105321
0.4140469614000001
0.4098165916
0.41994309920000006
0.4124909607
0.41175597929999996
0.41007776069999996
0.4133759038999999
0.4075480229999999
0.4157486646
0.42603423339999996
0.4288227452
0.4319950713
0.4345330063
0.444757924
0.4388294315
0.4282057581
0.40498871599999997
0.3889449242
0.3840074412
0.3779483508
0.4130257098
0.3881212015
0.3863165379
0.3699489181
0.37386626710000004
0.3733486508
0.38773147970000005
0.38518724520000003
0.3821608299
0.37194829890000003
0.3687506571
0.39088619779999995
0.39192666619999994
0.403556032
0.40435416069999996
0.4100986054
0.41200671279999995
0.4230782401
0.4263600005
0.43514739990000006
0.4239017957
0.4359286378
0.44334661610000003
0.4295813707000001
0.4053450724
0.4109769475
0.3986187394
0.3910263515
0.3806891584
0.3815205783
0.40349647600000005
0.41142764789999997
0.4003291977
0.40979644739999993
0.4238524479
0.4139791301
0.44339331290000006
0.4598654151
0.4705372497
0.4632926185
0.4621562405
0.4665068978
0.44461552489999995
0.45046126519999996
0.47033380449999995
0.48019485380000004
0.45735376520000004
0.41764452709999994
0.4073770445
0.40915916040000005
0.3996330959
0.4031582731
0.44966026310000007
0.4449932781000001
0.42874843789999995
0.41958925210000003
0.4153612931
0.43796684259999996
0.45352810019999995
0.44819097760000004
0.42542836070000006
0.399265704
0.3750305411
0.3501404558
0.3369955147
0.33998315859999995
0.34237432999999995
0.340455034
0.33721169
0.37050432869999994
0.4141046548
0.452512787
0.4584896835
0.48516448030000003
0.4977015312999999
0.5013619933
0.47825019110000005
0.4718333357000001
0.45049742429999995
0.4433619768
0.43260315359999996
0.4216755344
0.46053724259999995
0.47045586840000003
0.48591987799999997
0.4900310609000001
0.48121074090000004
0.47009675060000006
0.4819757953
0.4630353654000001
0.4317674288
0.418481604
0.4142018074999999
0.42986656190000005
0.44198029739999994
0.4442845205
0.4886236366
0.46398986329999997
0.44544208769999993
0.44398382790000007
0.46000376010000005
0.4470640284
0.41897428440000006
0.404330077
0.3979310151
0.3947030582
0.38403941059999996
0.4198972659
0.4365424548
0.4358030082
0.4118758378
0.4023059183
0.39734225590000005
0.3900542831
0.38246597060000004
0.3909753476
0.39365284380000004
0.40279232070000004
0.40077246140000006
0.4246121383
0.46984494760000006
0.49375861270000004
0.5018714795
0.4990668626
0.478506279
0.4696954776
0.4497721966
0.44593963310000007
0.4434833000999999
0.42067566640000004
0.3926827421
0.3834218352
0.3852436525
0.39324917930000003
0.4102581618
0.3954298465
0.41691045649999997
0.4188611289
0.4029751154
0.4060979512999999
0.4228076227
0.4378455266
0.4475309503
0.45348800499999997
0.443843992
0.43787555210000007
0.4283858189
0.42310786599999994
0.438982546
0.4008327871
0.3938019319
0.40663261520000005
0.41869422950000007
0.42416426510000005
0.44616046540000004
0.47800124189999993
0.49705880599999996
0.4990311814
0.5020291326
0.5256678206000001
