0.7251088544
0.710947675
0.7005411956
0.8762785475999999
0.9171890762
0.8412013738
0.6915468882
0.6062198718
0.5179990412000001
0.4099665546
0.43865987980000004
0.5331740426
0.5627421142
0.5956282037999999
0.6892944096000001
0.6745724143999999
0.6572124234
0.5775479936
0.5522753610000001
0.4942031804
0.48695904700000003
0.49528160000000004
0.5709896783999999
0.6058934509999999
0.6583962254
0.6952982496
0.7191065212
0.6367617396
0.6008246258
0.5559292158
0.5517672206
0.5118168892
0.5698401256000001
0.5648619968
0.5788449372000001
0.5852221510000001
0.6107832012000001
0.6388845226000001
0.5686643387999999
0.5506488664
0.502824733
0.48999270419999996
0.45959622099999997
0.5633964218
0.5848690299999999
0.624716644
0.6029718318
0.6309993797999999
0.5656886172
0.539785612
0.5249805232
0.5589634988000001
0.5455356892
0.604346933
0.640269262
0.6621988748
0.6652370102
0.6548088375999999
0.6434598262
0.6327115546
0.5778089804000001
0.4821264256
0.5222153044
0.5131313518
0.5210015048
0.5532943203999999
0.6493150536
0.6474726358
0.660335675
0.6208799671999999
0.6203948944
0.5896477962
0.5260472096000001
0.563021276
0.6277736386
0.6488444246
0.6610502674000001
0.7265737116000001
0.7156264348
0.5930326164
0.5730367636
0.6100774924
0.5951227579999999
0.5712436648
0.6075733050000001
0.606149108
0.5772839644
0.5810855657999999
0.6099562441999999
0.6685552952
0.6316733132000001
0.5907819465999999
0.5627042286
0.5309433595999999
0.5185684548
0.5763862234
0.6088804792
0.590119073
0.5755967583999999
0.5702638714
0.4882456862
0.43065859920000005
0.444545277
0.4582960062
0.47242769139999996
0.5499518844
0.652981356
0.7063830471999999
0.7445279872
0.723143979
0.7285706346
0.6715790626
0.632304471
0.5315667877999999
0.5558794926
0.5126975178000001
0.5626654008
0.5953485518000001
0.676040271
0.7099456926000001
0.737259388
0.729128878
0.7064773
0.6086013734
0.5203469004
0.5397026739999999
0.525861073
0.483578296
0.5582171362
0.6485083434000001
0.6611702184
0.6773448334000001
0.7057244486
0.7295351990000001
0.5715533884
0.49726221840000007
0.47460194
0.49334553779999996
0.45334489580000004
0.56400686
0.6136328580000001
0.6306831648
0.6194453303999999
0.6491983354
0.6338669043999999
0.6169579228
0.5806280418
0.5371795909999999
0.48812534080000003
0.4983793056
0.5143876984
0.539992939
0.6029933506
0.6338459368
0.6407685422
0.6047099744000001
0.6041707418
0.6044525124
0.6252014144
0.6424340606000001
0.6742740274000001
0.6254326522
0.6251402556
0.5611862672
0.5568896083999999
0.5421528506
0.5939089504
0.5600063272
0.592594584
0.5919808246
0.6196681818
0.618725245
0.6046044152000001
0.6464064248
0.6393602111999999
0.5515445142
0.5230254625999999
0.5558329708
0.5384868818
0.5572491482
0.6462327202
0.6530908538
0.6035840928
0.5844360644
0.5538417233999999
0.5395505035999999
0.4627883126
0.49344929439999996
0.541005698
0.5794801467999999
0.5876536286
0.6990910875999999
0.7451434708000001
0.7358630396
0.6916612254000001
0.685177363
0.6429980252
