0.7863380939999999
0.7065822553
0.6629289058000001
0.7075393705999999
0.6726136251
0.6516011592000001
0.627028731
0.6011874147
0.5744804183
0.5686238885999999
0.5750937991
0.6131653516
0.585822853
0.5925594297999999
0.6118742366
0.5989220807
0.5927957134999999
0.5923438920999999
0.5973790885000001
0.595047429
0.6109515157000001
0.6270868576999999
0.6213023657
0.6205933826
0.6249422705
0.6422907008000001
0.6341699449
0.6201311939
0.6018931599999999
0.5860254186
0.5878413790000001
0.5802188124000001
0.6257394735000001
0.5850812157
0.5840628793
0.5645232369000001
0.5717104769000001
0.5704725020000001
0.5863722920999999
0.5900494958
0.5866767335
0.5685696818
0.5663765398
0.5855935392
0.5824603703
0.5930406853
0.5989207202
0.606513419
0.6031692874
0.6071180421
0.6109208533999999
0.6314581436
0.6196387232
0.643511143
0.6561387117999999
0.6405932507000001
0.5932912257
0.6091928710000001
0.5978916184
0.5972048262000001
0.5857528495
0.5865774911
0.6063629403999999
0.6077597531
0.5905613956
0.6065070651
0.6411103487
0.6067508477000001
0.6320558769
0.6441317956
0.6534582633000001
0.6434713958000001
0.6445464586
0.6598551525
0.6302563308
0.6296247617999999
0.653812799
0.6790139353000001
0.6609511201
0.6173168609999999
0.6084006122999999
0.6109662539999998
0.6059946192999999
0.6083812212999999
0.6573881774
0.6359615739000001
0.598818489
0.5891048077
0.5893897816
0.6117071789
0.6198605238000001
0.6199190782
0.5974594389000001
0.5737777944
0.5670493763000001
0.5579226519
0.5440258849
0.5392990619
0.5392726177
0.5452444100000001
0.5438484424000001
0.5625838836
0.5946332072
0.6199199851999999
0.6137584774
0.6578631533999999
0.6836319875999999
0.6905884731999999
0.6563938675000001
0.6600712904000001
0.640759054
0.6378161938000001
0.6348702624
0.6252574474999999
0.6537456851
0.6423257126
0.6650553016
0.6702441849999999
0.661677805
0.6298989586999999
0.6549989969
0.6446277063999999
0.6120672
0.60069486
0.6021182700000001
0.6183966314
0.6178706608
0.6102868093
0.6625186732
0.6268723402
0.5941523438999999
0.5906100807
0.61563401
0.6067285041
0.5861404681
0.5746267541
0.5712943827999999
0.5754892457
0.570047594
0.6201225086
0.6359620525999999
0.6246688141
0.5956720211000001
0.5884772122000002
0.5834332318000001
0.5842852451
0.5802346432000001
0.5909456221
0.5796452709000001
0.5897456633
0.5796666305
0.591262113
0.6222701681999998
0.6467182883
0.6606355437999999
0.6585210318
0.6324113165999999
0.6329825765999999
0.6117950272
0.619040429
0.6277767109000001
0.6317848019
0.6139029024999999
0.5969501558999999
0.593549629
0.6008184437999999
0.6277265259
0.6023108642999999
0.6410710794
0.6374112226
0.6068141086
0.5916942774
0.6007286345
0.6127471894000001
0.6172904415
0.6150927348999999
0.6060756996000001
0.5981563032999999
0.5799162943
0.5726669086
0.6134652475
0.5775776134
0.5685091703999999
0.5832371959
0.5863878941
0.5824172407
0.5975304937000001
0.6368082498
0.6552735738
0.6516907006
0.6516853550999999
0.6887633718
