0.6775150460666665
0.6566059213333333
0.6359915741333333
0.6767132743999998
0.6854291115333332
0.6645069888
0.6412449706000001
0.5973012082
0.5730062047333333
0.549978722
0.5525710372
0.5807482268
0.5889348983333333
0.6032730863333333
0.6337183141333333
0.6374072264666668
0.6412837217333335
0.6107111755333333
0.6037481809333335
0.5875243099333333
0.5973689716666667
0.594751289
0.6118071256000001
0.6094955731333335
0.6164857688000001
0.630020092
0.632899121
0.6329748964666666
0.5955495990666667
0.5802012768000001
0.5664167858000001
0.5578337018
0.5779205498000001
0.5866815128000001
0.593223919
0.5929441138
0.5891656122666667
0.5971384604000002
0.5846831851999998
0.5778245779333332
0.5698829900000001
0.5703016403333333
0.5651031801333333
0.5987402272666668
0.6085940275333334
0.6238758581333332
0.6289973900666667
0.6299159412
0.6227757524666667
0.6218840552666667
0.6058273348
0.5867826695999999
0.5936474009333333
0.6069389467333334
0.6184236648
0.6190173009333334
0.6207685706666667
0.6298156221333334
0.6258360629333334
0.6108462909333333
0.6028848092666668
0.5932174729999999
0.5850554839333333
0.5993021026666666
0.610419054
0.6275939759999999
0.6542220174
0.6533846805333334
0.6671450856666667
0.6328806273333334
0.6321327508000001
0.6380410116
0.6334894805333332
0.6347630140000001
0.6282560309333334
0.6288563408000001
0.6341259542666666
0.6528805282666668
0.6513619819333333
0.6417182151999998
0.6204682911999999
0.6082724070666665
0.5965283799333333
0.5877861000666667
0.6158899296666667
0.6223468488
0.6115301404
0.598510864
0.5932464314666668
0.6082065587333335
0.5868163176000002
0.5636454943333333
0.5520646750000001
0.5417136976666667
0.5411274180666668
0.5609380944666668
0.5873737368
0.6021964636666668
0.6135999005333335
0.6095740910666668
0.612151404
0.6061207672666666
0.6141506978666667
0.5967910797333332
0.6031420274666667
0.6161623625333335
0.6499006094
0.6659105973333334
0.6709231204
0.6819082744666667
0.6778029174666665
0.6744350459333334
0.6645580164000001
0.6246296262666667
0.6139023483333333
0.6142529248666667
0.6238977552666667
0.6135630818666667
0.6337904487333332
0.6432729275333333
0.6628946357333333
0.6611380239333332
0.6481690476666667
0.6494704434
0.5959867850666668
0.5821373457333333
0.574267608
0.5771562985333333
0.5971575814666666
0.6141006004666667
0.6093131405333332
0.6122491415333333
0.6237837448
0.6290389327333333
0.6079896108
0.5938476265333333
0.5787997102
0.5674131064000001
0.5477966074666667
0.5851411948666667
0.6027350746666668
0.6053321832
0.6073248195333334
0.6109834439333334
0.6103930742666666
0.5972075441333333
0.5921115303333334
0.5986003880666666
0.5989104036666666
0.6121498849999999
0.6177743941333333
0.6104938515333334
0.6321985231999999
0.6265286539333333
0.6341312057333331
0.6262018546666666
0.6264783027999999
0.6139052416666666
0.6104469936666667
0.6146858621333333
0.631875603
0.6348034601333333
0.6188923206
0.622763848
0.6186483249333334
0.5917305725333333
0.59933361
0.5924026135999999
0.6110817684666666
0.6135192037999999
0.623419619
0.6176640586000001
0.6083945877999999
0.6114079402666666
0.6047265113333334
0.6001617749999999
0.5659010016666667
0.569868151
0.5725258461333332
0.5795036514666666
0.6071550404
0.6215548694666667
0.6324476646666667
0.6397588631999999
0.6276600174
0.6245568551333333
0.6210261164666666
