0.7863782409
0.7000817516
0.6358118627
0.6600408821999999
0.5750145173999999
0.4927834295999999
0.4183833138
0.34361960039999995
0.2859782601
0.2320726272
0.20767404630000003
0.25735722780000003
0.27201681240000003
0.2620952284
0.27467865700000005
0.2682182905
0.2574269369
0.26358147739999993
0.25126538359999995
0.22981278879999997
0.19515439510000002
0.1433931568
0.136602996
0.1453862303
0.1315393373
0.1260139868
0.11612902840000001
0.08706899100000001
0.06531726770000001
0.06149627840000001
0.05671299310000001
0.069678565
0.0980794592
0.11049740099999998
0.1192447842
0.12736171899999998
0.12891081059999998
0.12605015649999998
0.12648291619999996
0.13365259079999997
0.1285511398
0.11241441309999997
0.0833418994
0.0660217102
0.0692237439
0.07377613499999999
0.0773976063
0.07976960620000001
0.07789211459999998
0.05579258709999999
0.050882849200000003
0.0594016192
0.0673612729
0.0734620115
0.07852492879999999
0.0873821375
0.0924310464
0.0927739227
0.08827542540000001
0.0903671515
0.08448198040000002
0.0786812686
0.0849789719
0.0884081842
0.0848152589
0.0789353404
0.0830547974
0.0989174294
0.11023633689999998
0.10776155949999999
0.1088342461
0.0989159298
0.0825053304
0.07363439589999998
0.07350497919999999
0.0716886694
0.06843010149999999
0.0652119338
0.06616866369999999
0.0694429211
0.0701400757
0.0712018143
0.071840397
0.0726535023
0.06953945479999998
0.07241097889999999
0.06646033919999998
0.06403092060000001
0.06346823680000001
0.07157213659999999
0.07791480539999998
0.08044931209999999
0.07656529
0.07105595279999999
0.0630223005
0.0567386021
0.0597410927
0.058037463
0.0538361505
0.0537119617
0.058856192200000004
0.06092576599999999
0.0628876107
0.06358816009999999
0.0675666389
0.06776501269999999
0.06569998129999999
0.06445618049999999
0.06146164089999999
0.05337614930000001
0.04278918550000001
0.044662207100000004
0.05015656350000001
0.05606739870000001
0.054877030699999996
0.0515903474
0.0467697297
0.04538296979999999
0.04994439860000001
0.05500238350000001
0.056397487800000014
0.0514224427
0.04644605420000001
0.040789334700000006
0.0409385478
0.04261065910000001
0.04259636950000001
0.03987879560000001
0.037045629100000005
0.0311182081
0.0320987674
0.0314645735
0.0310906621
0.031958726
0.0319524894
0.0362292206
0.042177567
0.0415054793
0.0372156781
0.037922925499999996
0.037268057400000006
0.037725964300000005
0.03947599560000001
0.03882006560000001
0.03921269620000001
0.0349068803
0.027592456199999997
0.03187052580000001
0.0359560307
0.0360018261
0.0341832501
0.03602637300000001
0.0360538381
0.0374056041
0.0362204528
0.0366322408
0.039214199
0.034423749999999996
0.031144854699999995
0.0323679477
0.0334750161
0.0299817068
0.0299120332
