0.7725070726999999
0.6780965757999999
0.6166160152
0.6446126542
0.5562202075
0.4730626613000001
0.3995205393
0.3200287185
0.2544008425
0.1979151967
0.1734739269
0.2288185731
0.23560390309999998
0.2298594431
0.2417770851
0.23351533140000003
0.2182928402
0.2325056927
0.22421156000000003
0.19980214470000002
0.16295024219999998
0.11289542059999999
0.1148341441
0.12402126520000001
0.1122592501
0.11676047910000001
0.10824240120000002
0.07431600600000002
0.054893591500000005
0.05187838339999999
0.0473887994
0.05494719229999999
0.073091139
0.0853493687
0.095873819
0.0973580846
0.10108054609999999
0.0980561947
0.09863947170000001
0.11007530509999999
0.10696306869999998
0.09676700249999999
0.07731018469999999
0.0687203178
0.07189668299999999
0.0758134701
0.0775137347
0.0809056294
0.07883491200000001
0.0617661366
0.0577246434
0.06212894180000002
0.0665482221
0.06274138979999999
0.0628363894
0.0703612138
0.0769699739
0.08332399800000001
0.07828026490000001
0.0733764955
0.0683725119
0.0689056721
0.07485433059999999
0.0767713664
0.0761125751
0.074235622
0.07631358939999999
0.08471031479999999
0.09453358519999999
0.09122890789999999
0.0943158379
0.08187412889999998
0.0685788778
0.05828897439999999
0.05561970960000001
0.049470963400000005
0.0450558741
0.0434701315
0.0462128992
0.049579200000000004
0.0467173265
0.044038877600000005
0.045487294
0.048367968500000004
0.0505433539
0.051430844899999995
0.0472808951
0.044079101499999995
0.043261561899999995
0.0552025024
0.06474623669999999
0.06742753799999998
0.0598438952
0.057936672
0.0510336862
0.045745414000000005
0.04603751870000001
0.0405752822
0.038971635299999995
0.0368222891
0.0357041752
0.0440228428
0.0499734233
0.0477966817
0.0457003359
0.0479063257
0.04869494579999999
0.054296814699999994
0.04952223929999999
0.041594867800000004
0.035941971700000006
0.035381728300000005
0.03606649020000001
0.0411368739
0.04030413710000001
0.03758750940000001
0.03461765630000001
0.0301201681
0.0321068791
0.0389452582
0.0407379189
0.0346029775
0.031867012699999996
0.03140333
0.0342961241
0.0347944757
0.0349244236
0.034197595799999994
0.035434236200000004
0.0299510995
0.026600286
0.025489725
0.029036719299999996
0.026784112300000003
0.0292076936
0.033779309300000004
0.034624159
0.0319472308
0.0315138047
0.0335700863
0.0373541775
0.039758880600000004
0.0358221328
0.0380637526
0.0358566092
0.030429678299999995
0.030695135899999997
0.0335344595
0.0294395723
0.0282562343
0.0272174106
0.0294051073
0.0322907096
0.0328740912
0.030104200799999998
0.033508200599999996
0.030575456799999994
0.02847604119999999
0.029261098899999994
0.025905912999999996
0.023370516
0.0217378592
0.0244658127
