0.7748460961999999
0.6825218256
0.6198875560999999
0.6489541479
0.5638991227999999
0.4814266957
0.411338835
0.3341353778
0.2675963172
0.21189734919999997
0.18700739630000002
0.2414917671
0.25156209749999997
0.2441331242
0.25002252419999993
0.24001615259999998
0.22671240049999994
0.23777704240000003
0.23636882909999998
0.20774168509999996
0.16538776679999997
0.11178663820000001
0.1105053944
0.1200771262
0.1146923227
0.1149845622
0.10293794619999999
0.07100231709999999
0.0489746172
0.0487558808
0.0539056749
0.0623048343
0.08726921979999999
0.1011407214
0.1084427128
0.1108095807
0.11159151680000001
0.10835090040000002
0.1092587702
0.1259237239
0.12316664790000001
0.11700134470000001
0.0924267969
0.0749044851
0.0760874483
0.08338181600000001
0.08651241350000001
0.08985802940000001
0.08593248810000001
0.0633928475
0.0550568912
0.0654031397
0.06878193440000001
0.0751005096
0.0792895498
0.0924897937
0.1013490208
0.1048952053
0.10206876919999999
0.0942921305
0.08727651760000002
0.07782917250000002
0.08817352040000001
0.0924655656
0.0889149236
0.079757968
0.0791224965
0.0869501682
0.09711644640000001
0.1018649388
0.10562815900000003
0.09403200000000002
0.07675847570000002
0.06317043370000001
0.0668695169
0.0653895425
0.06455094180000001
0.066907399
0.06781363910000002
0.06809985190000001
0.07297365110000001
0.0759088221
0.07415437000000001
0.0746296062
0.0710683906
0.07022352779999999
0.0636710791
0.059719696700000005
0.0594969172
0.07515350950000001
0.0764432082
0.07779646440000001
0.0792590846
0.0792579436
0.0681728466
0.0639073769
0.0652239197
0.05959804530000001
0.056426688700000005
0.0511789522
0.0537370467
0.0580349675
0.056737017
0.055200204800000006
0.06009541570000001
0.0613924059
0.0625764061
0.0639704328
0.0582666284
0.0495993615
0.0444705045
0.0460021881
0.0515002418
0.055980715400000006
0.0595824448
0.06217601319999999
0.0570239469
0.055788315
0.059927493899999996
0.062474888099999994
0.06098498319999999
0.05373762110000001
0.050065210900000004
0.04884476930000001
0.046451696800000004
0.042342738799999995
0.041778163599999994
0.0408307718
0.0413067269
0.0397278021
0.0370833237
0.03755117880000001
0.038736176
0.036787061600000004
0.036152385999999995
0.04111113839999999
0.04407571849999999
0.0476200407
0.0427865178
0.03654514799999999
0.0402212055
0.039970438299999994
0.039017575799999996
0.0411961401
0.040278344099999995
0.034363772900000006
0.0340613736
0.0327049357
0.0331258757
0.042950464300000005
0.040867331500000006
0.043205692399999995
0.043102439000000006
0.0409951375
0.0400747431
0.0443307821
0.044033267999999993
0.04138037029999999
0.0406919292
0.037683723200000005
0.03811907690000001
0.0355243096
0.0351407727
