0.5528355706
0.5018484194666667
0.46932124013333343
0.4968419113333334
0.4649485546666668
0.4413122389333335
0.4171327168000001
0.3584893289333333
0.2928122116
0.23604314180000005
0.18309386313333337
0.18147235993333335
0.20351929400000007
0.21204632533333342
0.22183859806666673
0.2280022536000001
0.2178716283333334
0.21129934580000004
0.19560507606666666
0.17027731266666665
0.13218130566666667
0.09248227286666669
0.08586353013333334
0.08973362366666666
0.09045495340000001
0.09825336446666669
0.10365976880000001
0.10101907180000001
0.09935972346666669
0.09545602786666668
0.08388068526666667
0.07816579213333333
0.07332430393333333
0.07100302053333334
0.0891424764
0.09868928333333334
0.10336180660000001
0.10682024013333334
0.10833148206666668
0.10712420633333333
0.10134437633333333
0.09095459606666667
0.07287111213333335
0.05877831546666667
0.05648699479999999
0.05997811646666666
0.07173607313333333
0.08178001599999998
0.08328917646666666
0.0735916536
0.07791852453333332
0.08110054493333332
0.07882785246666665
0.07348889146666666
0.06959728053333333
0.06732317019999999
0.07367103306666666
0.08549010546666666
0.09397667866666667
0.09764087546666668
0.10023448326666667
0.09531510500000001
0.09488719293333332
0.09620832113333333
0.09023376479999999
0.07824433166666668
0.07053184593333332
0.07068688433333332
0.07409687793333332
0.0772118954
0.08100124513333333
0.07760338259999999
0.07373966226666666
0.07126171113333332
0.0663110958
0.060778998199999996
0.056729633200000004
0.05138446339999999
0.04700280086666666
0.051881837133333324
0.060479119666666664
0.065968666
0.07289967926666666
0.07716803086666665
0.07927317293333333
0.0811598122
0.07626026986666666
0.06759650026666666
0.06221006946666666
0.060134384733333324
0.060454583733333324
0.06429805586666665
0.06590736526666666
0.06846049633333331
0.07136170786666665
0.07190915966666665
0.07014729120000002
0.06387485773333333
0.05764475386666667
0.05457719313333333
0.05362802286666666
0.05577560419999998
0.060054596199999984
0.06312045493333332
0.06584840466666667
0.06862306286666665
0.06770780186666665
0.06565251913333334
0.06278233413333334
0.055159953133333335
0.0471576872
0.042631894000000004
0.04420117373333333
0.049260676999999996
0.05090966353333333
0.049434892266666655
0.04872986226666666
0.04725377813333333
0.04387108006666666
0.040955699
0.03825634286666667
0.0349410042
0.03378701793333334
0.03422288066666667
0.03586644646666667
0.0403695202
0.04402340773333334
0.04263541973333334
0.03884687473333334
0.035615621533333336
0.03494064886666667
0.03506500586666666
0.03392185113333333
0.033712929600000004
0.033774013266666666
0.03553953206666667
0.0363282076
0.03875028946666667
0.03809730246666667
0.03584883986666666
0.033627553266666665
0.030889822199999997
0.030977133599999998
0.0324279968
0.03332485500000001
0.032044656266666666
0.02993302826666667
0.030354804733333334
0.0337090844
0.03558271666666667
0.03460609466666666
0.03173443613333333
0.02949980493333333
0.027757382799999994
0.028316014866666666
0.028997325533333333
0.03125427346666666
0.030548150599999997
