0.5214052386666667
0.46945904079999995
0.441847267
0.47817849073333335
0.4473388084666666
0.42462386860000007
0.40149808466666664
0.33965182419999995
0.2744034691333333
0.21660285106666669
0.16207741113333332
0.16292321706666665
0.18577371866666667
0.19791109460000003
0.20972676660000003
0.2178822558666667
0.21041467220000004
0.2028554412666667
0.1874837509333334
0.1594988866666667
0.12426844593333333
0.08253910246666667
0.07824845393333332
0.08126719353333334
0.08312763213333334
0.0937979012
0.10151757360000001
0.09657907213333333
0.09490895673333331
0.0902133362
0.08054034086666667
0.07466251946666665
0.06706315433333332
0.06434599786666667
0.0816716688
0.08726629426666667
0.0938673078
0.09857519126666665
0.10412677426666667
0.10355886926666666
0.09949012133333332
0.08970688106666666
0.07227281460000001
0.06000302673333333
0.05893321386666666
0.06084400013333333
0.0678995716
0.07756987620000001
0.08019471966666666
0.07206625879999999
0.07508888473333333
0.07650886200000001
0.07628202346666665
0.06637632479999998
0.059919755533333334
0.05588336133333334
0.0621608632
0.07353567700000001
0.07881902260000001
0.08163055113333333
0.08609620379999999
0.08596529373333332
0.08839008526666665
0.08757112173333333
0.0788481012
0.07185311073333334
0.06543029986666667
0.06370559686666667
0.06549149559999999
0.06979269386666666
0.07349517146666668
0.07006542839999999
0.06746728586666667
0.06719881026666667
0.06115918446666667
0.0535075804
0.04391382533333333
0.037556916333333336
0.034714417799999994
0.0426689912
0.04490517613333333
0.047003272533333335
0.05113410166666667
0.05718053526666667
0.06088104633333334
0.06369109593333334
0.05882826793333334
0.0484727588
0.04253026633333332
0.04363864866666667
0.044257234466666656
0.04833569993333332
0.047859427133333333
0.050916313133333335
0.0517336698
0.05320664946666667
0.05665623306666667
0.05240230666666667
0.045553679533333336
0.037303871
0.03303062713333333
0.03584730513333333
0.044161373466666674
0.04530669133333334
0.0454411242
0.04667102126666667
0.049552372799999994
0.04939644533333332
0.04699717193333332
0.039625102999999995
0.034286183266666666
0.029577180800000005
0.030925870000000008
0.034846822933333334
0.04093773906666667
0.04189208340000001
0.04015772726666667
0.034443244000000005
0.03491789906666666
0.03475927386666666
0.033521185933333336
0.029272311
0.029679940399999997
0.031045064466666668
0.034035714
0.034567267799999996
0.03407243973333333
0.0337209448
0.03136938786666667
0.028267564133333332
0.028882112866666667
0.029286432000000005
0.02973341913333333
0.03111871426666667
0.03355168880000001
0.03627373566666667
0.037295411066666666
0.03480396946666667
0.0331223988
0.0322045706
0.03143504106666666
0.03275670593333333
0.0327319126
0.03288902093333333
0.0329173826
0.03189913653333333
0.033816043266666665
0.03503295533333333
0.034029256466666664
0.029893980266666665
0.028871056466666663
0.026634423399999996
0.027834518199999995
0.02702058513333333
0.02628358513333333
0.027193028333333327
0.027844525466666662
0.028987190799999996
