0.4729904998
0.45345757444999996
0.42610995915
0.43723604865
0.3989986462999999
0.35328899635
0.30890668974999996
0.27626720559999995
0.23930620124999996
0.19885867070000002
0.16821208455
0.17085699685000003
0.17521902360000002
0.17694035415000003
0.17701816760000003
0.17513790525
0.1632676207
0.15341084935
0.13955257575000002
0.12584026405
0.1051695208
0.08392130645
0.09396264155
0.10468531695000001
0.10406653455
0.10705928185000002
0.10466147365
0.08618610034999999
0.0767665316
0.08097684424999999
0.07717593404999999
0.07585709739999999
0.07520066184999999
0.07703484325
0.083885251
0.08658577735
0.0892971404
0.08948091205
0.08873719185000001
0.08592072084999999
0.08234385605
0.07944797215
0.0719292034
0.0657308538
0.0673665362
0.07308734195
0.0772418543
0.0821148137
0.07855758845000001
0.06757131605
0.06304857765
0.06551730695
0.07070127635
0.06975637809999999
0.06947448225
0.0722984179
0.07664178164999999
0.0840171564
0.08640692505
0.08230270170000001
0.0813441749
0.0753899005
0.07171660419999999
0.06753017039999999
0.06586614234999999
0.06185329269999999
0.060684731749999984
0.06409022315
0.07037324219999999
0.07040405395
0.0705165822
0.06295650324999999
0.0570330859
0.053328471450000005
0.05308153175
0.050450904149999996
0.046168384599999994
0.0437746165
0.04473723055
0.0523908512
0.05573178160000001
0.055733207800000004
0.0526655946
0.053152320249999996
0.05078852005000001
0.04858812945
0.04665920690000001
0.04232719185
0.04111659859999999
0.046012395750000004
0.05022520595
0.05572519039999999
0.054908659250000005
0.05286667685
0.04836701105
0.04682586985000001
0.04736623225000001
0.047436048450000004
0.044246937300000004
0.03920857845000001
0.03582307345
0.03970228555
0.04301995675
0.0444667778
0.04300223649999999
0.04274691754999999
0.04165630104999998
0.04220849139999998
0.04081455919999998
0.04027006299999999
0.0383399453
0.03499235290000001
0.03396675145000001
0.03627010195000001
0.03730013060000001
0.03619099255000001
0.034771039950000006
0.03215888195
0.03377055764999999
0.03444817885
0.03366910245
0.03004635125
0.030451866
0.02909372115
0.031751908849999996
0.0342868925
0.034774291299999996
0.033072413300000006
0.03347402045
0.0317605929
0.03197723175
0.0326243028
0.03242942605
0.03242393245000001
0.03253215140000001
0.03210449380000001
0.03265964745000001
0.03274084515000001
0.030476688500000005
0.0309131603
0.03228579405
0.034581993949999994
0.034056421200000006
0.035468921900000006
0.032980405000000004
0.031968939450000004
0.030635296350000008
0.031005250350000006
0.029350335600000006
0.02708107365
0.025293963299999993
0.025571483249999992
0.028378261149999993
