0.4809267462499999
0.46200679635
0.4357248267999999
0.44654363605
0.40696082349999996
0.36072142415
0.31902561775000005
0.28595621010000005
0.25198257315000006
0.20981951715
0.17619758155
0.17663920265
0.18103374595
0.18210512520000002
0.18235742345
0.1775003574
0.16482517335
0.15438967975000004
0.14267172315000004
0.12824878295000003
0.10964672085
0.08704573625000002
0.0988873071
0.11060892380000001
0.11156751775
0.11289707144999998
0.10726473149999997
0.08967660875000001
0.0791166937
0.08733980235000001
0.08853616140000001
0.0896530895
0.08984800835
0.08802260324999998
0.09226508055
0.09709569834999998
0.09905196515
0.0991044649
0.09759562915
0.09465828569999998
0.08911176955
0.0912022422
0.08060436565000001
0.07500249735
0.07768849905
0.08793580485
0.09393071715
0.09737661735
0.09400062865
0.078842489
0.0711667044
0.0716161561
0.0784777274
0.0837830376
0.0841022367
0.08612388084999999
0.09023575864999998
0.09592268675
0.09959260779999998
0.09807853465
0.09645233830000001
0.08593058625000001
0.08246599805000002
0.07781799965
0.07789222025000002
0.07257375525000002
0.07183671915000003
0.07692878360000002
0.08246504275000002
0.08498239535000003
0.08930090505000003
0.08497041105000003
0.07545642285000001
0.06890001995000002
0.06896895375
0.06780653515000001
0.06411101045000002
0.06331354785000001
0.06365527815000001
0.07162668069999999
0.07470842964999999
0.07685264324999999
0.0767067273
0.07694377490000001
0.0696206186
0.06706545235000001
0.06444749940000001
0.059658871
0.057961802949999995
0.06316623085
0.06509012745000001
0.06791571595
0.0679980508
0.0672290742
0.06413413115000001
0.06264989140000002
0.06390016290000002
0.06178423905000002
0.057346658550000006
0.050389156850000005
0.0491037756
0.0520185778
0.05411862940000001
0.0555904601
0.05983893025
0.061784209550000004
0.0598001765
0.05987937390000001
0.059097061150000005
0.056037124800000004
0.05272774385000001
0.0498699046
0.050782726349999995
0.05241274235
0.05301707079999999
0.05225937599999999
0.049401055250000006
0.0483095434
0.05061711040000001
0.05110134510000001
0.049034153450000006
0.04564439995000001
0.044400693450000014
0.042815915450000006
0.0413020414
0.0417269386
0.04292694105
0.04422540625
0.04204662235
0.03813647505
0.0386522646
0.03876080855
0.038876875899999996
0.038991600849999995
0.03821536505
0.037737455649999994
0.03906854604999999
0.04016248819999999
0.03795619674999999
0.039747806149999995
0.040544268499999994
0.041588065349999995
0.041060007399999994
0.04109563880000001
0.0401765436
0.0393472775
0.03904732079999999
0.037042652999999995
0.036908902449999996
0.04031709375
0.0394932042
0.039365001
0.03912160585
