0.36964374726666677
0.3399368565
0.3223513541333334
0.3328311208333333
0.30341884756666654
0.2744461572666666
0.24201859356666666
0.20895013906666668
0.17783533133333335
0.14986524160000003
0.12793765616666666
0.13222039533333335
0.14117639540000002
0.14641002566666667
0.1499700514
0.14921129836666666
0.14253859583333334
0.1349592978
0.12591487440000002
0.12058527773333336
0.10576737010000002
0.08820320513333334
0.08841182260000004
0.09269698390000002
0.09334325070000002
0.09664401126666668
0.09561222733333333
0.08442594336666666
0.0774559917333333
0.0745732750333333
0.07069217050000001
0.07128104553333332
0.07231651526666666
0.07227035876666667
0.0768689638
0.0811775895
0.08518808489999997
0.08742860736666666
0.08525154953333332
0.0817393124
0.07768674133333332
0.07593387213333332
0.0729042458
0.06941102466666667
0.0702818825
0.07347010196666666
0.07693243266666668
0.08297998073333335
0.08388292070000002
0.07545718
0.07347099773333333
0.07096958093333333
0.06999381016666666
0.06593391019999999
0.06485622469999999
0.0646892664
0.0661131458
0.07050148143333333
0.07300891643333333
0.0713948678
0.06980189210000001
0.06493955953333333
0.0629735008
0.06114276976666666
0.0607585462
0.05837914343333332
0.0562167862
0.05741984926666666
0.06133601543333333
0.0653368701
0.0685931337
0.06444684816666665
0.05797002233333333
0.0548645383
0.052398916566666655
0.04888240743333332
0.04612476263333333
0.042708171733333335
0.042815365466666665
0.04720133049999999
0.0490559128
0.0518297528
0.05176820416666666
0.051367107399999994
0.04909245866666667
0.04836086153333333
0.04733778653333333
0.046317066133333334
0.04391847883333333
0.04453988643333333
0.04546412786666666
0.048944036366666666
0.04862793623333334
0.04895674253333334
0.0456793864
0.04374641636666667
0.04311670693333334
0.04166408833333334
0.04020025123333334
0.03912080503333333
0.037461355266666656
0.03800251619999999
0.039302308733333326
0.0401122952
0.040100199033333325
0.040096103599999995
0.03941234189999999
0.03953819286666666
0.039021118199999996
0.036830408499999995
0.034426725533333334
0.03182481026666667
0.032323407400000004
0.033108105400000004
0.0346026516
0.035387098133333336
0.03472207963333333
0.03208833156666667
0.033018306666666664
0.034155481333333335
0.0348974608
0.033283861033333334
0.03224195493333334
0.03208373163333334
0.0331201423
0.03300115443333334
0.033414572833333336
0.033226428700000005
0.03212920440000001
0.03059247336666667
0.030390624700000004
0.03155123763333333
0.03238318723333334
0.032573985366666676
0.03172283453333334
0.032572396066666676
0.03196491723333334
0.03131924383333334
0.030071491966666676
0.02924407786666667
0.029314034700000005
0.030300615700000002
0.030859551700000005
