0.3757470864333332
0.34526674363333326
0.3273183493333332
0.33772146609999987
0.30953798989999987
0.2788091368333333
0.2469963939
0.21430491243333333
0.18431325450000002
0.15613163836666663
0.13543361266666668
0.13852774653333336
0.1497789039
0.1551169906
0.1577191865666667
0.1552700985
0.14708062116666668
0.1390434199666667
0.13153407216666665
0.12747376326666665
0.11415336319999998
0.09703093906666665
0.0967338037
0.09870744423333333
0.09974082793333335
0.10305865296666666
0.10034729216666666
0.08973708230000002
0.08138862516666669
0.07935748406666666
0.07737640466666666
0.08156977289999998
0.08282598369999998
0.08371523869999999
0.08793990363333333
0.09556039679999999
0.09981765036666665
0.10103471169999997
0.0990866758333333
0.09453623396666665
0.08850001889999999
0.08674455229999999
0.0831274172333333
0.0808235201
0.08143064056666667
0.08520985923333334
0.08899464360000002
0.0939011343
0.09503923456666666
0.08651663893333335
0.08265385593333334
0.07908810406666665
0.07790464349999998
0.0769121696333333
0.07835799676666665
0.07921243473333332
0.08167415303333331
0.08625092416666665
0.0889996182333333
0.08808564039999998
0.08862610923333333
0.08258999820000001
0.07969545536666667
0.07675520183333333
0.07561761036666667
0.07179034610000001
0.06911483913333336
0.07119242130000002
0.07480900090000002
0.08170610006666669
0.08501500610000003
0.08257909550000002
0.07672397676666667
0.07235266116666667
0.0687035847
0.06650681573333334
0.06448198020000001
0.062075047
0.061245748333333336
0.06481077119999999
0.06771796866666667
0.07058008466666665
0.07005015720000002
0.06969591820000001
0.06644555096666667
0.06517443686666667
0.06382380163333334
0.06109605826666668
0.058063411433333344
0.058643941066666684
0.05821691980000001
0.060611206666666674
0.06249878113333334
0.06347962126666667
0.06261690236666667
0.062491932000000014
0.06160809090000001
0.05978559770000002
0.05820693700000001
0.05441773393333334
0.053064178133333334
0.05259159223333333
0.052767489900000006
0.053341896500000006
0.0553765191
0.055303719300000005
0.05379283886666667
0.05352983986666668
0.053166949733333344
0.05060068390000001
0.04751293713333334
0.04576366266666666
0.04676720956666667
0.0472041821
0.0473955092
0.048543296799999996
0.047625943000000004
0.04807970916666667
0.048006912866666675
0.0462492794
0.04609650413333334
0.04375307940000001
0.042606320900000015
0.04227599033333334
0.04096080896666667
0.03927255003333334
0.03997175190000001
0.04038524940000001
0.03907304013333335
0.03974113813333334
0.039390620233333326
0.0402424365
0.04028539693333333
0.03965944639999999
0.038835157733333334
0.03993523113333333
0.040723453366666676
0.040568448900000005
0.038868107566666664
0.03905977849999999
0.039735871299999996
0.039566813433333334
0.039086929166666666
