0.39640222743333337
0.3669440454
0.3481438903666667
0.35584078030000005
0.32707750390000007
0.29567190229999996
0.2639797597
0.23142335626666669
0.20085363713333332
0.17446056479999997
0.15318047816666663
0.15680964986666665
0.16889975586666667
0.17265961989999998
0.1751542595
0.1738646654333333
0.16748892529999998
0.15890020829999996
0.14768852249999992
0.14165388600000003
0.12680617600000002
0.10849537830000003
0.10600811820000004
0.10730178050000003
0.1066692884666667
0.10905061360000001
0.10747914843333335
0.09762958456666668
0.08989743283333332
0.08364715209999998
0.07871566069999997
0.08049819909999997
0.08292754383333328
0.08332704089999998
0.08899781896666664
0.09617333049999996
0.09957982109999998
0.09953122846666665
0.09755015206666663
0.09327077646666668
0.0879719898
0.0834991003
0.07856071473333333
0.07596396863333332
0.07752131053333335
0.0800312043
0.08429448336666669
0.0904869861
0.09213462563333333
0.0846404327
0.08139969189999999
0.07899960586666666
0.0782818584
0.07850153053333334
0.07894838896666667
0.07933538243333334
0.08130531510000001
0.08563442863333333
0.08822680866666668
0.08919054403333335
0.08781876740000001
0.08293300423333333
0.07977489976666667
0.07823202746666665
0.07595323096666667
0.07434499623333335
0.07264841270000001
0.07605342793333336
0.07995774580000002
0.08292553906666669
0.0856297090666667
0.08352235206666668
0.07697033913333333
0.07244795033333332
0.06868891149999999
0.06694608346666667
0.06487717779999999
0.06242677246666665
0.06115768366666665
0.06490900646666665
0.06897035776666666
0.07085896413333331
0.07043109923333332
0.06909920506666664
0.06670946473333332
0.06563819789999999
0.06396713773333333
0.06217485470000001
0.05958867606666667
0.05955341586666667
0.05985339436666667
0.06201242840000001
0.06320315473333334
0.06357050386666668
0.06182199003333334
0.058697987400000005
0.05740360123333334
0.055958871099999995
0.055080729999999994
0.054030164833333325
0.05268095516666667
0.05233680526666665
0.05316340946666665
0.05348163116666666
0.05446073913333333
0.05398867306666666
0.05168869349999999
0.04990598196666666
0.04948388953333334
0.04649891363333335
0.04376181356666668
0.04251640776666669
0.042564426600000024
0.04293848646666669
0.04258935596666669
0.04347674236666668
0.04384788873333333
0.04225574823333334
0.041401901933333346
0.04134783903333334
0.04192143753333334
0.04020432683333333
0.0390042373
0.03718937543333333
0.037367911133333334
0.037915586666666674
0.03745546423333333
0.037751600233333335
0.036739112633333335
0.0350143199
0.03451669163333334
0.0350723036
0.035540165266666666
0.036061465233333326
0.0357952128
0.03592278056666666
0.03632807406666665
0.035933251699999995
0.034772187833333336
0.03543089976666666
0.0349754412
0.0345780147
0.03514728896666666
