0.5877134760666665
0.5553502960000001
0.6247247887333333
0.6270013474666667
0.6152139592000001
0.6013848064666668
0.5921755356000001
0.5824828877333333
0.5135237496666666
0.4508999244
0.3871383235333334
0.39716009806666663
0.4513674811999999
0.48654264659999996
0.5383207960666667
0.5548940558
0.5616216909333333
0.5423753688666666
0.5072935689333333
0.49834361373333336
0.4689306491333334
0.4137148013333333
0.3585911946
0.3853545490666666
0.4065651564666667
0.44623174233333335
0.4590137825999999
0.4674103654666667
0.4840559151333333
0.47081758659999995
0.43210313913333326
0.3969639348
0.4044364349333333
0.43719794286666663
0.44631418640000003
0.4546901933333334
0.4640474853333334
0.47249727180000006
0.48116983053333334
0.49345330986666663
0.46944641820000005
0.41499638406666667
0.36433843313333336
0.3260057619333334
0.33119406326666667
0.3837111122666667
0.441662279
0.46784038619999996
0.45541052480000005
0.4450241376000001
0.4641032479333334
0.5075211199333334
0.49174062673333346
0.4668448679333334
0.4290831348666667
0.4385728292666667
0.5022716451333333
0.5603932833333334
0.5978988824666668
0.5979440260666667
0.5768684928666666
0.5733475138666666
0.5845033874
0.6041296347999999
0.5849554592666666
0.5352790160666666
0.47824661913333333
0.47431717333333334
0.49515159533333336
0.5338249541333333
0.5793415333333335
0.5570049553333333
0.5261517238666666
0.5220596167333333
0.5539363578666666
0.5443291505333333
0.4829348899333334
0.41554433539999996
0.3702795630666667
0.3887981156
0.4139622346666666
0.445345621
0.5077615725333333
0.5452843252
0.5569728045333334
0.5297113284
0.5388978760666667
0.5522837309999999
0.4992463788
0.43196592733333344
0.3848102756000001
0.3953717471333334
0.41186574780000007
0.4486313473333334
0.47156104826666667
0.5117439904000001
0.5417729072
0.5211393484
0.4814157644
0.4751005244666666
0.4680089282666666
0.4388306588
0.3996417338
0.3990017166
0.4008264634666666
0.4416286802666667
0.49384943426666666
0.5259193122666667
0.5066085604666667
0.47405329133333335
0.4490366456
0.4245776880666667
0.43103467060000006
0.4555397380000001
0.44975760613333343
0.4292793197333334
0.41104357626666665
0.4184577725333333
0.4707998934666667
0.4992570618666667
0.4767160413333334
0.4157405502
0.40295964493333336
0.4380673802666667
0.47010414373333337
0.4689589726666667
0.4437251168
0.4112757500000001
0.3864469087333334
0.40635628333333335
0.4598909916666667
0.5019098984666667
0.4915085322666667
0.4429834566666667
0.4279026860666667
0.4743542435333333
0.5185817804666667
0.5403440859333333
0.5001719948000001
0.4427118755333333
0.41118411213333333
0.45249169053333327
0.4919047938666666
0.47988168499999995
0.4299553120666666
0.38682781239999997
0.3869454654666667
0.4088898130666667
0.41924147466666667
0.4301754912
0.4372305702666666
0.4251637117333333
0.4014377810666667
0.4289469668
0.4823568672
0.4808048859333333
0.4313462484666667
0.3885525410000001
0.3923007206666667
0.3931290005333334
0.39016014973333335
0.38046969246666673
0.39571482473333325
0.4379742413333333
0.4758408740666666
0.4857346104
0.5132932532666666
0.5279546286666666
0.4999189533333333
0.46495843299999995
0.4319679490666666
0.4503131216
0.43461792439999997
0.47883318019999993
0.5239447716
0.5517241143333333
0.5728516889333333
0.5920283720666667
0.5869663876666666
0.5684187145333334
0.5595933988
0.5410458717333333
0.4871031035333333
0.47062032919999996
0.44041283953333327
0.5135975805333334
0.5554103327333333
