0.55390579696
0.5402220150400001
0.58811926492
0.5819974154800002
0.5703993804400002
0.5577617474400002
0.5432230708800002
0.5160705024000002
0.48606207200000007
0.47085959472
0.4483692421999999
0.4285683672399999
0.43153526535999986
0.4437700295599999
0.46434709476
0.46901675672
0.48242010699999993
0.49373061095999987
0.49623015608
0.48376155688000005
0.4561927470400002
0.4260961104000001
0.4092426307200001
0.44026658792000006
0.46810815192000005
0.48890036408
0.4687007996
0.44421313972
0.44054633992
0.43742660304
0.41774817416
0.39444492288000005
0.3869084495200001
0.38745747188
0.38347182660000007
0.4050610249200001
0.44286459700000014
0.47479214568000017
0.4823001733600002
0.4911835406000001
0.4996232674400001
0.49780520200000006
0.4588112964800001
0.4302197116
0.41238593199999996
0.42162998824
0.4576295490799999
0.4804825585599999
0.4838780356399999
0.4744497304
0.47836800464000007
0.50844461412
0.54199581504
0.55607605592
0.54608483024
0.53912282616
0.53575534304
0.5247985406
0.53170721164
0.53396446652
0.5390082408799999
0.5268351548799999
0.51546936116
0.5238674908
0.5397970625599999
0.5265035462
0.49369287612
0.49627804024
0.49813687300000015
0.5219138186800001
0.5243564694000002
0.5015997285600001
0.4932195141200001
0.5001384772800002
0.5093817336000002
0.5107139422000002
0.5061653722
0.49613756732
0.46093753719999997
0.4480033433999999
0.43622230191999994
0.44396795292
0.45880718492
0.4702247242
0.48455547516
0.48379794364000006
0.4924604996800001
0.49021208883999995
0.47575216588
0.46208023356000005
0.46492180884000006
0.4797028335200001
0.48659600636000017
0.4781708293200001
0.4552203521200001
0.45282216928000013
0.47307024088000005
0.46970182875999994
0.44701926536
0.43480376723999997
0.43539313396000007
0.42386838688000006
0.4174626526000001
0.4495281814000001
0.47275524084000003
0.49160323532
0.489105931
0.49055122120000005
0.49147195700000007
0.47183796028
0.43180539984
0.3974508266799999
0.39879400668000003
0.42101023488
0.4318059388
0.4359631606
0.42680506167999993
0.42444306232
0.44199529668000004
0.4760731327600001
0.5025606221600001
0.49394220951999995
0.4699047532
0.45329689472
0.44414759711999996
0.44699595859999997
0.4538532821199999
0.46437965588
0.44778958896000004
0.42757850044
0.4251060360400001
0.45167393023999997
0.46851127511999996
0.44744437159999995
0.43449208287999996
0.44862768479999987
0.4766651586799998
0.4734628540799999
0.44200135135999985
0.42019040559999987
0.42795891715999995
0.44271643907999997
0.45847687451999997
0.4732896238
0.47317885076000005
0.4376543726
0.4093357402400001
0.4067376803600001
0.41703473
0.41362787156
0.39811122852
0.39379790587999997
0.38668529736
0.40468269928
0.44006780472
0.47268921612
0.4791973767200001
0.48010677540000013
0.4853119848
0.49418072332000007
0.4647384546000001
0.44735633392
0.4221745471600001
0.45278975332000004
0.46988943980000003
0.46680735496000003
0.48241069220000016
0.5010396519600001
0.49949435179999996
0.49170491312000003
0.5199623238400001
0.54501715068
0.53923711292
0.5323037499200001
0.5225510267200001
0.53880091308
0.55232071808
