0.5473904406400001
0.5334243610800002
0.5822458144800001
0.5760107478000003
0.5644995165600002
0.5518318334800002
0.5374066695600002
0.5097566527600002
0.4793105956000001
0.4641350404400001
0.44197236952
0.42203376464000003
0.42336004736000005
0.43645742076000005
0.45837935400000007
0.46306408128
0.47675043512000004
0.4880312206800001
0.4905275760799999
0.4774694871199999
0.44966604492
0.4195425665199999
0.40237912375999996
0.43320977167999997
0.46071483832
0.4831077083999999
0.4629755418
0.43888347104
0.43527868219999993
0.43230485475999997
0.4121265088399999
0.3879586955999999
0.38093014523999996
0.38138720655999997
0.37669855459999996
0.39799676459999994
0.43641221195999996
0.46990625144
0.4772836852
0.48673399423999997
0.49500546848
0.49323632184000005
0.45375278476000014
0.42520140968
0.40725193164000006
0.41620952860000004
0.45224452032
0.47553600252
0.47918089048
0.4700446590399999
0.47407417231999993
0.5043725274799999
0.5376209845199998
0.5516218964799999
0.5412647551599999
0.5353833185600001
0.53020900056
0.5188699694000001
0.52553541448
0.52851679276
0.5336285122800001
0.5214349378800001
0.5101933371600001
0.5186624106400001
0.5345269678400001
0.52112769936
0.4886514184400001
0.49057500048
0.49097567396
0.5154150708
0.5177189802800001
0.49506365859999996
0.4867397011199999
0.4937198803599999
0.5030408622
0.5042604868799999
0.49972512908
0.48974597068000003
0.4555347666799999
0.440012642
0.42746523179999996
0.43607061536
0.45128727228000004
0.46358548472000005
0.477877656
0.47712110608
0.48580355028
0.48348490364
0.46900584528000006
0.45526094256
0.45803576288000003
0.47105304092
0.4790960222
0.47048166344000003
0.44816174191999997
0.4466561399999999
0.4668074643599999
0.46335296259999986
0.44057818344
0.4284152185199999
0.42898656339999997
0.41713251447999994
0.4100825985999999
0.4412400393999999
0.4665635109199999
0.4850690309199999
0.48442892944
0.4858415425999999
0.48668041464
0.46706766596
0.42723795512000007
0.3928531483600001
0.39388148904000003
0.4160506344
0.4267966804
0.43093648063999995
0.42225143231999995
0.42000428043999993
0.43918479055999987
0.47264103535999985
0.4990234773999999
0.4903925243599999
0.46678292947999994
0.4495678543999999
0.43969155200000004
0.44246975760000007
0.44919947036
0.46021593284000006
0.44342467852000006
0.42388382844000005
0.42183355144
0.4483034624
0.4651841138
0.44430958612000004
0.431282583
0.44429035991999993
0.4722505226399999
0.4687607271999999
0.43646579675999986
0.41499466883999986
0.4229617306799998
0.43862921207999983
0.4541586561599999
0.4689795067199999
0.46887533888
0.43390977627999994
0.4048464497199999
0.40113000395999987
0.41138474876
0.40717109992
0.39191245928
0.38806038772
0.38100633244
0.39915913784000007
0.4345386862
0.4673008987600001
0.4737576626800001
0.4747602892799999
0.4789625605200001
0.48768811312
0.4573131146400001
0.43879414256000004
0.41514933840000007
0.44662512116
0.46352733268
0.46041753576000005
0.47600162056
0.49476375027999997
0.4932472572799999
0.48524918268
0.51276085576
0.53832223008
0.5315131407199999
0.52531330208
0.51696857624
0.53306896896
0.54653815036
