0.5914941076999999
0.5780153723666667
0.5961595222
0.5801690052000001
0.5698139892
0.5489042944333333
0.5167704102666667
0.4858438754999999
0.4642646466333333
0.44371825219999994
0.4315609499666666
0.4416072588666667
0.47083962986666666
0.4961868819
0.5130876729666666
0.5035021558666666
0.48946639489999993
0.48434575746666664
0.48336925246666673
0.48374369990000005
0.4734459463666667
0.4500593217666666
0.42551727869999995
0.4392974867333333
0.4549076106333333
0.46055772586666666
0.4401889393333333
0.41910969673333337
0.4088357049333334
0.40568713483333346
0.41303068163333345
0.4251161678000001
0.44176252390000015
0.45174741066666685
0.4511013194333335
0.4639626653666668
0.4899466980333334
0.48830320770000013
0.48177781680000004
0.47070839326666664
0.46575250966666665
0.4704452974
0.47419112459999996
0.4738601629666666
0.4753019564666666
0.4904259685
0.5174788834999999
0.5353597843
0.5390289460666666
0.5260034386666667
0.5107757839666667
0.5068172280666667
0.4992177117333334
0.4984059749333334
0.49995877503333336
0.5264266821333334
0.5461439072333334
0.5596952865666668
0.5759727852000001
0.5911520949
0.5771362025
0.5456721852333334
0.5182653674333335
0.5076704262
0.5072106647333335
0.49547376766666684
0.4829744100333334
0.5088926697000001
0.5369668128
0.5604482422333334
0.5672633620666667
0.5607365929666668
0.5525629174333334
0.5241711715666668
0.5076734255
0.47988795413333346
0.45487257119999996
0.42930739323333333
0.42509390853333334
0.4438499073666666
0.47620596596666664
0.5046458121666666
0.5244347573
0.5233489203999999
0.5261046890666666
0.5089256564333333
0.49955961020000006
0.48672845096666667
0.4603049607333334
0.4272404032666666
0.4239628427
0.45433440213333337
0.4779656877666667
0.48478728610000005
0.4800968435333334
0.48732619870000005
0.4901861093333334
0.4832786671000001
0.4756684592333334
0.47029627546666675
0.45704698586666664
0.4337191983666667
0.4181641975
0.4433154490333333
0.45687010693333335
0.46557004223333337
0.46050806969999997
0.4714665029
0.47910978963333334
0.47885992073333333
0.4662975735666667
0.4422789808333333
0.4290520350333332
0.4298627521999999
0.43700738306666653
0.4535381894999999
0.4650816124333333
0.46442155106666666
0.4660854836
0.4744060117
0.4847680151666666
0.4765494926333333
0.4808947753333333
0.4789265339
0.4662774095
0.45087947336666667
0.4583251881666667
0.4610386360666667
0.44324955763333335
0.42742564110000003
0.4331117370666667
0.4538826147
0.45947860806666674
0.44113642620000004
0.4396844909333334
0.46624251620000007
0.4825521483666667
0.4805104277
0.47411679589999994
0.4718350030333333
0.4557831443666667
0.45090707950000003
0.44962204836666664
0.4446197618
0.42078464869999993
0.3978413078
0.3927937487
0.4105915372666666
0.4366694267666666
0.45979387316666664
0.46853849373333334
0.4761472924333333
0.4717010200999999
0.4707573729999999
0.47828890943333324
0.4629905312999999
0.44834816596666655
0.42325288449999987
0.44672052273333324
0.4697359834333332
0.4811146968666666
0.4867552406999999
0.5032639810666666
0.5215300121333333
0.5309992588333333
0.5316085979333333
0.5367428192666667
0.5204838647
0.4982823046
0.4691861898333334
0.48834251236666665
0.5182160908
