0.6339174230000001
0.6297032594
0.9209257206
0.9723007528000001
0.9863368076000001
0.9685573124
0.8717653022
0.6622895416
0.4706242206
0.2342945198
0.1399170722
0.1423906138
0.2739686964
0.4207501880000001
0.6080136226
0.6780632118
0.7446912408
0.7928727350000001
0.6302923752
0.49108074860000006
0.3164971838
0.2785713892
0.2611723788
0.3860862024
0.5027718842000001
0.6561243872
0.6496148018000001
0.5584799119999999
0.4887999918
0.484514427
0.41925999259999996
0.2949007776
0.23030651459999998
0.2563583464
0.2055160876
0.245375631
0.4159739662
0.597324563
0.6911009646
0.7034642882
0.61107303
0.4586518978
0.3646122504
0.3437033532
0.4073075046
0.48370550119999994
0.4957362656
0.4436941152
0.39643075499999997
0.3607219664
0.30121838939999995
0.2745305708
0.26871328299999997
0.21934261359999999
0.2064829262
0.3486112714
0.5371683594000001
0.6751870456
0.7358407396000001
0.7556932858000001
0.7304191504
0.7000945155999999
0.5165572295999998
0.43068958699999993
0.3060539752
0.21709333059999997
0.2536928902
0.47352833920000004
0.6136007572000001
0.7212711415999999
0.7730287198
0.7563763014
0.7541190252
0.758635785
0.716822447
0.6077641206
0.4037129362
0.17495820739999998
0.08891020359999999
0.14274311420000002
0.33983723999999993
0.49329804600000005
0.6318038844
0.7014757204000001
0.7857441612
0.6679150858
0.5361769184
0.41846554620000004
0.2922559036
0.21049449
0.2000497352
0.285754091
0.45435184240000004
0.6273217892
0.6594000986
0.7057362528
0.7796836537999999
0.7691503729999999
0.5677102166
0.401681346
0.2237878452
0.08544036760000001
-0.0173352846
0.1291637938
0.3320681842
0.5881166113999999
0.7419627206
0.7927920412
0.7285775232
0.672660594
0.5724883698000001
0.46242437160000005
0.39652113899999997
0.29963499439999997
0.17499848679999996
0.14315162080000002
0.2645262082
0.3756365444
0.4778043892
0.5606674816
0.6173883698
0.5313089044000001
0.5027985530000001
0.5710194963999999
0.592422808
0.5042001828
0.42192244239999993
0.36145943540000003
0.35636567
0.3345889594
0.2989612324
0.28408381520000003
0.33299177339999997
0.375428622
0.4713056662
0.5909809974
0.6094157914
0.5271350960000001
0.41530577520000006
0.4042202616
0.48358660459999997
0.6052316683999999
0.6095297896
0.5297197083999999
0.3959200648
0.33461977079999994
0.32534363439999997
0.4699635698
0.540303617
0.5133841901999999
0.40101915200000005
0.41744240260000004
0.3863003402
0.360790208
0.3715827322
0.4112452748
0.40381911640000007
0.35087484039999994
0.3362096752
0.38986609540000006
0.4843378512
0.4413092386
0.45412474080000004
0.577874325
0.6736236118000001
0.5383268325999999
0.4363178566
0.34438652859999996
0.2417459186
0.08739887
0.1246331858
0.24141332440000002
0.3693452122
0.4791755623999999
0.6502221215999999
0.7779613494000001
0.8459287773999999
0.8550701243999999
0.7598073214000001
0.6373298668
0.3613063542
0.22900151579999997
0.05282008600000001
0.17452247840000001
0.2690621932
0.49985995679999995
0.6273466286
0.8521968002000001
0.8109850055999999
0.7822328618000001
0.8000434326000001
0.7479209042000001
0.5281334808
0.4020761426
0.24599583779999995
0.22617375180000004
0.2824929258
