0.7644239098666668
0.7556258764000001
0.7480718140333334
0.7409834923333335
0.7346300496000002
0.7309584649333335
0.7483600756333335
0.7823277321333335
0.7768487936
0.7741412678666667
0.7680853758666668
0.7555846181000001
0.7472881688000002
0.7416307049
0.7364502374333333
0.7313564512666667
0.7273013028000002
0.7374506527666668
0.7448815142333335
0.7406504195000001
0.7373746594333332
0.7396952455333332
0.7364563899000002
0.7337824103333335
0.7274627899666668
0.7189520790666665
0.7164123228666666
0.7157430386666666
0.7298931850999999
0.7295923185999998
0.7269042770999997
0.7201784632333332
0.7134926008999999
0.7110263809333331
0.7109322686333333
0.7079841527333333
0.7065836012000002
0.7037942517000001
0.7125723562333335
0.7126748045333334
0.7128287689333335
0.7165205530000002
0.7163892396000001
0.7145535689666667
0.7080285164333333
0.6990742742999999
0.6936725261333334
0.6965509947666665
0.6968812386666665
0.7045663393666666
0.7080467346000001
0.6979265447333335
0.6960550937000001
0.6938616998000001
0.6945686936000002
0.6982664358333335
0.6980559317666668
0.6941766742999999
0.6907869284
0.6944568003666667
0.6974848955666667
0.7030529411
0.7018061675333335
0.6977149830666668
0.6929825306333334
0.6856438169
0.6795174214666665
0.6776966873666666
0.6769623194333332
0.6756951339333332
0.6777271339
0.6814190231000001
0.6788620630000002
0.6754051876000001
0.6794004385666668
0.6833038561666669
0.6862723504666668
0.6826395132333335
0.6760341226666668
0.6679575385666667
0.6642576611333334
0.6692388826666666
0.6676883571
0.6650195487
0.6646393250666667
0.6652452288666666
0.6645687169666668
0.6639811541666667
0.6633411309999999
0.6602040889
0.6570859250666667
0.6528146918000001
0.6539902069
0.6535694411333334
0.6467930752333333
0.6523279659666665
0.6529203867999999
0.6519236251666667
0.6517177637333335
0.6524401662666666
0.6489409722
0.6442761345666665
0.6436108073333333
0.6431651379000001
0.6412094315
0.6361208533333332
0.6302987267666668
0.6287932134666666
0.6321053813666666
0.6372467813666667
0.6423012277666668
0.6412856142666665
0.6382470472333333
0.6362700136333334
0.6375727127333334
0.6333482668
0.6309060190333333
0.6265470017
0.6229097940999999
0.6229950541333333
0.6205696922333332
0.6210989258333333
0.6231265395333332
0.6232858249999998
0.6290117426333331
0.6229533387999999
0.6212813707333333
0.6184848592000001
0.6158559463666667
0.6147099089333334
0.6139633344
0.611674173
0.6100648417666666
0.6097868054666667
0.6051544982666666
0.6077213001666666
0.6091712977666668
0.6084159259
0.609187299
0.6073907177666666
