0.516579152
0.45741446220000004
0.4239902421999999
0.3945879682
0.38712212679999997
0.43191969510000006
0.4737116951
0.4512197606
0.42313031749999996
0.4315230392999999
0.4041574767
0.3756775619
0.3333153164
0.2902289809
0.23379751340000002
0.2021872622
0.2094289273
0.2397070153
0.2673052981
0.2733450903
0.2727967821
0.26518540520000006
0.25335875020000004
0.25665186360000003
0.265603817
0.26828060099999995
0.2652641323
0.2629083999
0.25291270069999994
0.26281984299999994
0.267874837
0.25997918189999997
0.25827379809999995
0.2364552878
0.20522795350000003
0.1787109386
0.150760852
0.1320629109
0.1608405911
0.18704494190000004
0.18983385040000003
0.2005147935
0.19800798300000003
0.19337407010000002
0.2034207881
0.21080135709999998
0.21516438200000004
0.20340134520000003
0.17278313590000002
0.147175041
0.1641986935
0.16316422619999998
0.1622309284
0.1631540174
0.1478647822
0.1387403391
0.1329238145
0.13239936989999998
0.1378823978
0.139752519
0.1360694208
0.1588004915
0.1775677744
0.1758922396
0.17901855419999999
0.17356355969999998
0.1557530848
0.1558631802
0.1580525538
0.15019542290000004
0.13158166570000002
0.11940545259999998
0.1140111908
0.138706655
0.15703320950000002
0.1593443887
0.17060599299999998
0.1634451921
0.1509209459
0.15194511619999998
0.15847300959999996
0.14985587849999998
0.1402898182
0.12731026709999999
0.11722336950000001
0.11674823869999999
0.1141721607
0.1119366243
0.11204114949999999
0.1115769911
0.1193216659
0.13111715269999996
0.13347454669999997
0.1267041529
0.1227347081
0.1215660073
0.12812662160000002
0.12989367820000003
0.1298587853
0.12675366770000002
0.11535143809999997
0.1067521934
0.1040043799
0.10432275099999999
0.1075267279
0.11136290330000001
0.1068788651
0.10779309559999999
0.10739723770000001
0.10794125780000001
0.10482646459999997
0.1070231859
0.1135715641
0.1167645974
0.10950536529999999
0.09861923339999999
0.0934565444
0.0902323853
0.08613419729999999
0.08710062030000001
0.0819466231
0.07860044050000001
0.0726224027
0.07537750969999998
0.0792490131
0.08527034539999999
0.09133884340000001
0.0949118184
0.10041149359999998
0.0974576619
0.0972010247
0.09291464429999999
0.087826949
0.08075618949999999
0.0804443571
0.0845423008
0.0805440514
0.07649535389999998
0.07161821329999998
0.069942757
0.07809234339999999
0.08081196560000001
0.0804229241
0.0803933311
0.07862796670000001
0.07312012279999999
0.0732322989
0.0748971785
0.0793562227
0.0814538483
0.0778077551
0.07640140620000001
0.0785019753
0.07548534579999999
0.07262716360000002
0.0726055037
0.0744313234
0.0751686686
0.073642023
0.0711892669
0.0688423518
0.0682929931
0.06783696800000001
