0.5731708838666666
0.5361997039333333
0.4819667028
0.414469055
0.3518270468666667
0.33826201926666666
0.3442301477333333
0.3327938344
0.3338566522666666
0.35995754566666666
0.36717946939999996
0.3743708793333333
0.3655359564
0.3348804964666667
0.2825665384666667
0.23752049320000002
0.21324744580000002
0.21077123679999998
0.23157073266666667
0.2583481827333333
0.2813088168666667
0.30540050846666666
0.32044656413333333
0.31300439039999994
0.3049958147333333
0.28243336453333334
0.2455660152
0.21541235139999998
0.20925536006666665
0.21305272153333332
0.21932003466666664
0.2271629517333333
0.24134261099999996
0.25224109513333326
0.2571373973333333
0.2400634377333333
0.21273619493333332
0.18728723773333333
0.18165749586666666
0.1792537817333333
0.18817616559999994
0.2087403
0.21766125046666662
0.2191705291333333
0.22375193346666666
0.23362424753333333
0.2277824078
0.2085833281333333
0.1820814517333333
0.15370630939999996
0.15355854766666663
0.16303602893333333
0.1706891298
0.17748847906666665
0.17946082046666667
0.18451843053333333
0.1866325696
0.18871288233333333
0.1801447188
0.16916924713333334
0.15466387499999998
0.1489183734
0.15516919326666667
0.16646698113333333
0.17672012686666666
0.1735794714666667
0.16917454893333334
0.1695757338666667
0.17677313206666664
0.17638720839999994
0.16218592873333332
0.1453541397333333
0.13427371659999998
0.13833914053333332
0.14801617379999998
0.15473662446666667
0.15858943353333332
0.15810722039999997
0.15427055680000004
0.15294526393333335
0.149974765
0.14403290700000002
0.1339412044
0.11784532213333335
0.1114962008
0.12055406773333334
0.1316657228
0.1382711546
0.13652457133333332
0.13232387593333333
0.1300428802
0.1360112556
0.13172769186666666
0.12548559746666665
0.1153686514
0.1143030254
0.11636093906666667
0.12103200713333333
0.12398178580000001
0.12246727786666667
0.11693917913333335
0.11297830739999999
0.11243796593333336
0.11243801
0.11052858340000002
0.10722395813333332
0.10036064006666666
0.10227883986666668
0.10327825906666667
0.10697759413333334
0.10779670706666668
0.1045776356666667
0.10152489813333335
0.10224749186666666
0.10522227193333333
0.09749785453333333
0.093277848
0.09003485653333332
0.09345169106666666
0.09643082753333335
0.0964859914
0.0976392436
0.09680953553333334
0.0987746798
0.0987308028
0.09832217306666666
0.09846390193333333
0.09636108913333334
0.09427876313333335
0.09216196126666666
0.09680243200000002
0.09521660066666665
0.09209098113333332
0.08691706853333332
0.08412728779999998
0.08593301160000001
0.08674376060000001
0.0837465666
0.07863072593333334
0.07711272046666667
0.07983265
0.08516140533333334
0.08902167773333332
0.08845770733333332
0.08552694086666666
0.08274984706666667
0.0847788936
0.0860272322
0.08747080473333331
0.08405672473333332
0.08082628413333333
0.07933528206666665
0.08196782226666667
0.08464935846666667
0.08667098186666666
0.08253137426666668
0.07647080326666669
0.07318292146666668
