0.44502496459999985
0.40146732685000003
0.36373124650000005
0.3270029134500001
0.2959495423000001
0.30491051850000017
0.33089473065000014
0.3355393014500001
0.3339316637500001
0.34378620540000016
0.32708698785000007
0.30953685595
0.28334053829999994
0.2657819081
0.24215183510000005
0.22769373980000002
0.23043989215000002
0.24363014485
0.25399639630000004
0.264562219
0.26531959795
0.2564287497500001
0.24689453965000002
0.23937597075
0.22827422865
0.21540828485000002
0.1977596406
0.1873231279
0.20096658375
0.21984583084999998
0.22750584395
0.2279262681
0.22269377945
0.20902179254999997
0.19735933089999996
0.18747106699999996
0.17448807704999997
0.16346747149999996
0.16093448774999997
0.16010410935
0.16832080815
0.17502032205
0.1753670995
0.17077387225000001
0.16446976275000003
0.1675500007
0.1692022313
0.16297862885
0.14721820905
0.13396395335
0.13920740955000002
0.15020521309999998
0.16065611265
0.15987435445
0.15492596379999998
0.14419000055
0.13185317964999999
0.13199511745
0.13464115990000003
0.13139470535000003
0.1257753156
0.12716939509999997
0.1329172806
0.14548314124999998
0.16085308145
0.15827668955000002
0.15225748655
0.1465439613
0.14568439035
0.14484509890000002
0.13557858955
0.12377792115
0.11679479644999999
0.1180346014
0.12084988535
0.12382039355
0.1276363549
0.12146497554999999
0.11535275915000001
0.11541082905000002
0.12228792905000001
0.12603578775
0.12375836265000002
0.11640101039999999
0.10727924159999999
0.10399354850000002
0.10781298184999999
0.11026510225000001
0.10826188170000002
0.10209017670000001
0.1007688186
0.10249281635
0.10163559355
0.09992829640000002
0.09848812935000002
0.10236758900000001
0.10385214900000003
0.10609902025000004
0.10733770195
0.10605052625
0.09851405849999999
0.09437200479999999
0.09355514449999998
0.09115896214999998
0.08780898144999999
0.08577121164999998
0.08287974139999998
0.08057212485
0.07898324955
0.0818954267
0.08136746835
0.08068087485
0.08007210345
0.08367886295
0.08678852055
0.08174344655
0.07924589525
0.07860494145
0.07972414505
0.07999496274999998
0.07740287985
0.0744111996
0.07241198945
0.072463739
0.07393961955
0.07641745795
0.07744655215
0.0763240491
0.074185168
0.07274836429999999
0.07518579685
0.0769440337
0.07588088875
0.07293629165
0.06927779395
0.0694296623
0.07070185215
0.07084946885000001
0.0690707113
0.06707844140000002
0.06854113815000001
0.0696493665
0.07035490575
0.0690499903
0.06800262965000001
0.06849671865
0.06868278779999999
0.07068446195
0.07302105375
0.0731354317
0.06845881425
0.064273263
0.06435509915000001
