0.43019407895999995
0.41072700248
0.39196017912
0.36177049888
0.32701316756
0.31707432039999994
0.31910357351999996
0.30833892379999994
0.30943440192
0.32723733288
0.3311966102
0.33423863515999996
0.32660947380000005
0.30546389528
0.28036657664
0.25575156736
0.23634678924
0.23202756827999999
0.23864228192000003
0.24374857236
0.24570912964000002
0.24886325591999994
0.25346818976
0.26046506764
0.26554524387999995
0.2549269912
0.23725782451999994
0.21966024259999994
0.21353009491999994
0.21837892259999994
0.22614497079999993
0.23364250175999995
0.2361615764799999
0.23120215979999992
0.22299082279999993
0.21709838803999992
0.20229239551999992
0.18635024815999998
0.18191130443999998
0.17477154067999998
0.17760210108
0.18773983276
0.19282630964
0.19446996632000002
0.19822378195999998
0.20526400832
0.20932427248
0.20458373927999995
0.18794433399999996
0.17020993267999998
0.16585865039999997
0.1640017026
0.16707942148000002
0.1727969956
0.17325134776000004
0.1688440846
0.16400038212
0.16397499967999998
0.16903152808000002
0.16980494692000003
0.16240101704
0.15986731164
0.15999797236
0.16169894728
0.16679585132
0.16656549648
0.16133374535999997
0.15953027583999999
0.15886624223999996
0.15734201383999996
0.14811788527999997
0.13844058456
0.13111199291999998
0.13165189008
0.13520111912000002
0.14193513268000002
0.14951572128
0.14985914916
0.14373350140000002
0.14015810076000002
0.14044354172
0.14143576936000002
0.13682145064
0.12809372148
0.12073087964
0.11938814328
0.12104466416
0.12316696724
0.12303747723999998
0.11987178155999999
0.11925666547999998
0.12214904559999999
0.12245759648
0.11863397332000002
0.11470809244000002
0.11479305760000001
0.11523240920000001
0.11782403192
0.11935348364000001
0.11801971564000002
0.11173372688000002
0.10479181188
0.10111921336000002
0.10247122956000004
0.10361081916000003
0.09972965008000001
0.09650900104000001
0.09744189528000001
0.09941362947999999
0.10334539811999999
0.10410283719999999
0.10399939192
0.10329054895999999
0.10422922003999999
0.10377783059999998
0.10056352324000001
0.0960831686
0.09147308728
0.09157568143999999
0.09259084587999998
0.09347673439999998
0.09342257739999998
0.09132918004000003
0.08959691516000001
0.08963521432
0.09098461991999997
0.09329906687999998
0.09262355003999997
0.09005916048
0.08691209972
0.08996440052000003
0.09121330300000001
0.09086517999999998
0.0885792912
0.08604851388
0.08523504779999999
0.0857063674
0.08485979804000002
0.08281459011999999
0.08083076748
0.08048708655999999
0.08182189495999999
0.08398758991999998
0.08428151767999999
0.08361751208
0.08140176587999999
0.07996582456
0.0795203442
