0.4097103297599998
0.38925778152
0.36910963448000006
0.3372709085600001
0.3018263672000001
0.2945346813600001
0.2983301396000001
0.2880808344000001
0.29285717084000007
0.3139038955200001
0.3172882551200001
0.32081372020000004
0.30966920988
0.28853278792000003
0.26132097128000004
0.23449538072000004
0.21461240296000003
0.21164893784
0.21741021456
0.22272799036000002
0.22601698596000003
0.22629163252000006
0.22798313960000005
0.23644184480000002
0.24094339804
0.23261094172000005
0.21595536956
0.1978044168
0.19292927388
0.19676239591999997
0.20559551843999999
0.21277469708
0.21377075644
0.20465485163999997
0.19568279068
0.18699703539999996
0.17027674687999997
0.15703850156
0.15083219531999997
0.14265402536
0.14780130816
0.15651041776
0.16085041096000002
0.16271563544
0.16549517780000003
0.17165024148
0.17791182756
0.17647080459999998
0.16005549043999998
0.14482650228000002
0.13894284372000001
0.13591622632
0.14121182684
0.14515034552
0.14291109023999998
0.13764043428
0.13242180131999998
0.13259834884
0.13847111812000001
0.14325320304000003
0.13976601328000002
0.13830014935999999
0.1377919004
0.14264404992
0.14979544672
0.14607311256
0.14157237944
0.13952373868
0.13670860432
0.13433524788
0.12663323092
0.11786113976
0.10985891716
0.10953306928
0.11129898244000001
0.12011877708000002
0.12776788780000004
0.12600894500000004
0.12387899852
0.12396083204000004
0.12234059960000002
0.12281501876000002
0.11967015772000003
0.11286704228000001
0.10278512292
0.10006681580000003
0.10176064328
0.10359704448000001
0.10010372916000002
0.09724967224
0.10006443048
0.10192052204000002
0.10130229620000002
0.10097554972000003
0.09945949516000002
0.09987370904000001
0.10115640772000002
0.10368108016000002
0.10452396092
0.10187935396
0.09312722568
0.08829018168
0.08512116747999998
0.08293283359999996
0.08247807099999999
0.08196595167999998
0.08005495768
0.07944264543999999
0.08043731416
0.08500834732000001
0.08484413284
0.08332298516000002
0.08287777452
0.08481222863999999
0.08466496188
0.07990194172
0.07760364820000001
0.07673145552
0.07662479056
0.07619062859999999
0.07544994524
0.07474981956
0.07133629116
0.06935379828
0.07042957728
0.07349761984
0.07530639152000002
0.07568965656
0.07559974784
0.07491424112
0.07529388799999999
0.075339767
0.07549966684000001
0.07312570732
0.06889689856000002
0.069340095
0.0699264252
0.07013142696000002
0.06808546676
0.06659676212000001
0.06832501628000001
0.07016709012000001
0.06995426916
0.06979965008
0.06978622699999999
0.06713070488
0.0647677602
0.0661144966
