0.3835971635999999
0.35239344716666665
0.32396585643333337
0.3024856236666667
0.28391774866666675
0.29179445516666674
0.3095953125333334
0.3092313447
0.3073036935666667
0.3179194989333334
0.30802387000000003
0.2925618412
0.27201169319999996
0.2522882378666667
0.2269993220333334
0.20688057360000003
0.19646752973333337
0.2017637047666667
0.2186260689666667
0.23421000456666669
0.23858441650000003
0.23669940800000006
0.22994087840000002
0.2238315430666667
0.21819094106666667
0.2135014875
0.20532421013333332
0.19451679139999997
0.19197224289999998
0.1954647682333333
0.20217975019999998
0.20288415193333334
0.20002940066666666
0.1889495473
0.1752112738
0.1667847475333333
0.15564242250000002
0.14799602743333334
0.14744061079999998
0.14714449413333333
0.15450962423333334
0.16588371689999998
0.17244859373333335
0.1708304655333333
0.16929209783333338
0.16602263130000006
0.1613865695
0.1576314511
0.14775529366666665
0.13649735123333334
0.13435939796666668
0.13571290326666666
0.14017840143333332
0.14659044643333333
0.15087377416666667
0.14732182923333334
0.14082202883333333
0.1367136873
0.1372738792
0.1369718205
0.1326814785
0.1317221163
0.13340039169999998
0.13567095163333331
0.14021217956666662
0.13686955986666668
0.13367598523333335
0.12995568223333334
0.1265116604
0.12412860170000002
0.12307974430000002
0.11959995303333334
0.11557990143333334
0.11760821706666666
0.11910929270000002
0.12052419453333335
0.12479523030000003
0.12222701050000004
0.11968769373333335
0.1174354680666667
0.11601048050000001
0.11527106380000002
0.1125459336666667
0.10530105506666668
0.09863554483333334
0.09959682616666668
0.1014057602
0.10299238820000002
0.10094720146666668
0.09826555326666668
0.09837005693333332
0.09999600880000001
0.10008680013333333
0.09969112423333336
0.09708202343333336
0.09515807326666667
0.09495748796666668
0.09496511003333336
0.095441354
0.0950918665
0.08873017336666665
0.08503445519999998
0.08342176086666665
0.08348629009999997
0.08497506413333333
0.08476342486666666
0.08236103580000001
0.08188561433333334
0.08192204370000002
0.08353541063333335
0.08279276443333333
0.08127493096666669
0.0806043974
0.08138141930000001
0.08071635023333336
0.07785798590000001
0.07735375673333336
0.07511512926666668
0.0733396647
0.0728904252
0.07317799893333334
0.0734158078
0.0716389237
0.0713378431
0.07262093913333333
0.07386905863333333
0.07424244296666667
0.07540384366666666
0.07531368486666666
0.07365742043333333
0.07424187763333333
0.07392059206666665
0.07412626559999999
0.07162883753333334
0.06819242296666667
0.06902683396666667
0.07031168510000001
0.06983480960000002
0.06887093716666667
0.06831740450000003
0.06721528853333333
0.0666571834
0.0662676635
