0.8415642492
0.6423844599999999
0.5260650664
0.37966098979999996
0.1767981096
0.1915940548
0.2724444644
0.321915418
0.40951494660000004
0.597446144
0.6722453354000001
0.6749789258
0.5805241032
0.4367456884
0.26559993460000003
0.136069618
0.07637619799999999
0.08610652960000001
0.14371227339999998
0.2019950922
0.2683049064
0.3424816566
0.393307501
0.39089832280000003
0.3446950884
0.27728865779999995
0.18788915379999999
0.1134099994
0.12240540439999999
0.1865125456
0.2592725442
0.3426391108
0.4124068004
0.383419997
0.3391271404
0.2764771298
0.177319253
0.10414079579999999
0.0894905786
0.07132876660000001
0.0809447474
0.124202451
0.159985026
0.23219060360000002
0.30276111720000004
0.2987229534
0.27682713600000003
0.23603094000000002
0.15455753660000002
0.104080459
0.1228797608
0.153501628
0.17077175039999998
0.1910087352
0.190269623
0.20551762619999997
0.17282682440000002
0.15369010639999997
0.1352992996
0.10545994139999999
0.071963052
0.09302080459999999
0.11110863340000002
0.140465496
0.1740450966
0.2001757896
0.22458017840000002
0.24402691540000002
0.21131898319999998
0.18399201180000002
0.1469513298
0.08692599120000001
0.067699445
0.10478612439999999
0.11639883399999999
0.1162120016
0.15188491399999998
0.1603229366
0.17262718559999998
0.19766758499999998
0.20247677579999998
0.189327072
0.16656744760000003
0.1292147062
0.10622264740000001
0.1144692434
0.11038468500000001
0.11401218880000001
0.125405828
0.12822409159999998
0.119027234
0.11795963639999998
0.10986105979999998
0.098676471
0.09492989059999998
0.1196160978
0.144274669
0.15708803359999998
0.15473183480000002
0.1505395256
0.12351591679999999
0.11197857419999999
0.1026993228
0.1049857358
0.1029678098
0.1071869594
0.1015258126
0.10530943699999999
0.10365976620000002
0.112085646
0.11553884719999999
0.1122319176
0.11027675420000001
0.11113470919999999
0.10379686960000001
0.094114082
0.10181445419999999
0.116866374
0.12239448559999999
0.115213861
0.1031243848
0.0850986346
0.06359839660000001
0.049873909
0.0589873796
0.0607688614
0.0721022464
0.0816464088
0.10088111039999999
0.0995106466
0.1097718294
0.11057544039999997
0.108177228
0.0999418768
0.0954046772
0.08463022
0.0752538482
0.06747666999999999
0.0615705022
0.065484037
0.08445438159999999
0.0858342546
0.08551403780000001
0.0816659244
0.07440147700000001
0.0717303052
0.0757896766
0.0753318104
0.0791207378
0.08285445640000001
0.0745099404
0.0706749212
0.0744625466
0.07959170759999999
0.0800532402
0.08110556979999999
0.0821278912
0.082541404
0.071378984
0.065201087
0.06410543760000001
0.0667347556
0.0677959332
0.075905062
0.07717744680000001
0.073579266
0.06985123060000001
0.0678780028
