0.47463695130000005
0.3595729232
0.2640774452
0.1891150528
0.20228753279999995
0.21393512339999998
0.1741304965
0.10974415300000002
0.03161682259999999
0.020746255199999987
0.0406043826
0.053157401100000015
0.050650631099999996
0.03460542529999999
0.0137107502
0.029194617200000005
0.0355255993
0.039120794199999996
0.03796460380000001
0.0378177613
0.039160733600000004
0.038527290400000004
0.043738887500000004
0.040855892
0.028051260900000003
-0.0013002115
0.00036484800000000024
0.0034905243
0.0057876377999999985
0.0024948889999999984
-0.0005727734000000007
0.00036242409999999865
-0.0041528614
-0.0045919041
-0.0002063884000000002
0.012200197800000001
0.0167640808
0.016128550399999997
0.015141754899999998
0.016673429599999994
0.015124966699999997
0.0167541607
0.010720896199999998
0.009987075199999997
0.013681508899999997
0.0119621329
0.0078769123
0.006112232600000001
0.0079688098
0.009000213500000001
0.015904362
0.018617568100000002
0.0243916295
0.023701259800000003
0.016822518600000003
0.0117859724
0.0187482294
0.027119271700000003
0.027505685900000004
0.0263867241
0.0194210768
0.017029356699999998
0.013524001899999999
0.014344341099999996
0.016481672899999997
0.019286007
0.008537132900000001
0.0022108742
0.0016514603999999995
0.00419162
0.007873545400000001
0.0067532727
0.008143518800000001
0.0005120855000000001
0.0016962507000000005
0.0021532635
0.006564509100000002
0.0105703204
0.0195467824
0.0258994899
0.028454252699999998
0.029599976699999996
0.0288194391
0.0314273585
0.0305289696
0.0274073563
0.0270902337
0.022815246400000003
0.018371696
0.014751888599999999
0.016639727
0.0234204195
0.0276530865
0.031054503100000002
0.027605884300000005
0.031438204100000006
0.030775234700000004
0.030104196700000002
0.023081354199999998
0.0208725835
0.018043789200000004
0.014714263
0.0137705465
0.0131350089
0.0128758299
0.008887223800000002
0.0106083395
0.012921134300000001
0.017461504699999998
0.016504403699999996
0.0148618999
0.01212584
0.0086110917
0.008329919199999999
0.007612882599999998
0.008303251099999999
0.004254959399999999
0.0020536150400000007
0.00520654984
0.01071257334
0.01063424204
0.01056917174
0.012837069339999998
0.01087734944
0.013852699940000001
0.01320329824
0.01576077204
0.0189482559
0.013992320600000002
0.010893534700000002
0.016743455
0.021041775300000003
0.0224894729
0.0264422176
0.0274734238
0.029657871000000002
0.0279253259
0.0257075801
0.0256615918
0.0222708351
0.0167705294
0.013443437600000002
0.012760661799999998
0.0099432236
0.011633744799999998
0.011512560500000001
0.011001734400000001
0.0112625667
0.011472171800000003
0.011802809340000001
0.011280660040000001
0.011280373239999999
0.008023958040000001
0.00803564024
0.00440563974
0.0032043689399999993
0.0031079918399999997
0.0022083117399999998
0.0015884258399999998
0.0015795268799999999
