0.47659102639999995
0.43857776595000003
0.4053310089
0.3758292971
0.38213483759999994
0.39456009969999994
0.3764714476
0.34978562775
0.31557318204999996
0.3143888183
0.3228125353
0.32260399345
0.3176832942
0.30670909865
0.2921424798
0.2821918189
0.28556251895000007
0.2871744828
0.28564865635000003
0.28126398500000005
0.27701497080000004
0.27485538605000004
0.2722892173
0.26649040319999995
0.26144774609999993
0.2510322086
0.25364772259999996
0.2530408153
0.25417414375
0.25325490005000006
0.24831860920000004
0.24864469755000002
0.23967211975000008
0.23285260505
0.23356201095
0.23814111085
0.2362460944
0.23369223019999996
0.23027895329999995
0.22775088754999992
0.22668248199999996
0.22768048025
0.2253185829
0.2236438778
0.21719521200000003
0.20955230835000002
0.20576423240000002
0.2055944287
0.20463644460000002
0.20184573465
0.20069237450000005
0.19815109445
0.20143685695000002
0.20204906445000007
0.19757887145000003
0.19321377015000002
0.18532639320000002
0.18197519410000002
0.18182161454999998
0.18347857399999998
0.18113859955
0.17542910355000002
0.1704374415
0.1639068783
0.16766547189999997
0.16686267775000002
0.16237955854999997
0.16005399469999998
0.16175400014999997
0.16479811079999998
0.16496705855
0.16396082355000002
0.1636360077
0.15918812475000002
0.15797816415000002
0.15542669130000003
0.15827742350000001
0.15726273965000004
0.15693683545000003
0.15370242400000003
0.15262323175000006
0.15716465995000004
0.15759829635000006
0.15885297880000004
0.15204259965000003
0.15310176670000003
0.15463449210000002
0.15159467705000002
0.1449814151
0.14103342595
0.1412502683
0.1417112862
0.13884721564999997
0.13789445914999998
0.13384245194999997
0.1303390223
0.12912482954999996
0.12710424784999996
0.12552961524999998
0.12527276934999998
0.12543504119999999
0.12209640765
0.12152591935000004
0.12150313509999999
0.121392922
0.11862757904999999
0.11410049130000002
0.11328769884999998
0.11560375604999999
0.11583039035
0.11196433865
0.11161579659999998
0.11251406819999996
0.11224725304999997
0.11385809139999999
0.1150404376
0.1147169922
0.11518856065000001
0.11191791885000002
0.11266726205000002
0.11605236739999998
0.11602124660000002
0.11446768700000003
0.11264679365000001
0.1138912066
0.11300644970000003
0.11432035230000004
0.11478396015000003
0.11277049890000002
0.11113175100000001
0.11152262890000002
0.11024884274999999
0.1101617444
0.10894508300000001
0.10878926149999998
0.10690658315000001
0.10384736944999999
0.1032822091
0.10373869855
0.10249651504999999
0.09748496414999999
0.0964850476
0.09425574604999999
0.0928702928
0.09156438675
0.09235735884999999
0.09182272579999999
0.08989118785
0.08773093805000001
0.08502241475
