0.8171228323999999
0.7710703400000002
0.7996074071000001
0.7333987212000002
0.6349536064000001
0.5637969963000001
0.49725044790000006
0.438105363
0.3928502941
0.35281407379999996
0.3264324286
0.3457841934
0.4200697808
0.4139481484
0.42614529039999993
0.40123084219999994
0.3990700134
0.3982674034
0.3813308139999999
0.3590191113999999
0.3347095509
0.29023526359999996
0.2335445541
0.2472224636
0.28113024420000005
0.2965278545
0.2695160849
0.23226890050000004
0.21863705420000001
0.2044563455
0.1909868111
0.2018264173
0.22853719919999999
0.24630844540000002
0.2269600148
0.21849993799999998
0.22019968419999997
0.23098941690000002
0.23838476449999998
0.2444715936
0.2455428496
0.2284403
0.200447964
0.19920615979999998
0.2030763171
0.21205498879999998
0.2237123983
0.2260894851
0.2050891569
0.18384464269999998
0.1765923176
0.1801679274
0.1928362902
0.1823080678
0.1799847666
0.1918093552
0.2026138562
0.20023937960000002
0.19746973750000002
0.19449130330000003
0.1908225732
0.19109565830000003
0.18907139290000002
0.1966109281
0.19392054860000002
0.18068552250000003
0.1737974808
0.18252600679999997
0.1963108095
0.20883270559999997
0.20216828039999996
0.1767876219
0.1559578212
0.1497676909
0.1508479081
0.1567842307
0.1595249546
0.156613831
0.1526334241
0.15030772860000002
0.1549690585
0.1622510433
0.16619946859999998
0.1584928524
0.15415330189999998
0.14596083489999997
0.1365720821
0.14291680879999996
0.1442760588
0.1508073591
0.1529830893
0.15788189589999999
0.1628119685
0.1555920729
0.14631223049999997
0.1439080589
0.14272154460000003
0.12946692320000003
0.1288071129
0.1305119733
0.130517463
0.13108381139999997
0.12639680979999998
0.1254172169
0.1306244465
0.1318665907
0.1342679136
0.1349878953
0.12704658200000002
0.1132140479
0.11264363959999998
0.1183808355
0.1223666734
0.12598316010000002
0.1237376845
0.11350677759999998
0.1043227798
0.1021169918
0.10609832189999999
0.11140274409999999
0.10937393119999998
0.10037754800000001
0.0989326925
0.1025641576
0.10400738949999999
0.11167922329999999
0.1140632318
0.1116455384
0.10836166529999999
0.10267495320000002
0.0989053879
0.0968119969
0.09450170499999999
0.08820607280000001
0.085813463
0.086012195
0.0900929275
0.0937998915
0.0889580039
0.08549190539999998
0.08730222400000001
0.08614702240000001
0.08754171300000001
0.09331107279999999
0.09321269669999999
0.08853975349999998
0.0840851718
0.08002074309999999
0.0811840826
0.0878486572
0.0859744149
0.0855534021
0.0819250859
0.0757283479
0.0761346879
0.08345255030000001
0.083699696
0.08261894880000001
0.0829790092
0.07922018410000001
0.0761090351
0.07655995010000001
0.0778000682
