0.8008295720000002
0.7502220973999999
0.7901016661999999
0.7197337867999999
0.6114611408
0.5461742397999999
0.4778608951999999
0.4079423515
0.35554702250000003
0.3100721158
0.27985309220000004
0.30243193249999994
0.3776059477
0.37306072980000005
0.40314463959999997
0.36283860170000004
0.35826584060000005
0.3667498916
0.3496865547
0.3268789542
0.3012441433
0.2538745272
0.19764906769999996
0.2123886374
0.2345339364
0.2635866697
0.23883284800000001
0.1967731161
0.1859529736
0.17160299459999998
0.1588506179
0.168058659
0.1913071885
0.20221919559999998
0.18252816249999998
0.1699585871
0.1767208548
0.1981301848
0.20665624109999997
0.21909353549999996
0.22263149969999999
0.20369846370000003
0.1844764592
0.1863912146
0.20024464150000001
0.19888402700000002
0.20284079029999996
0.1977829887
0.1810635008
0.16807302670000002
0.1618161343
0.1656406122
0.16961221680000002
0.1573539965
0.14779028389999999
0.16480150119999998
0.1844190503
0.18181332040000003
0.1765832364
0.1684612372
0.1678320979
0.1743756172
0.17860360309999998
0.1861239251
0.1783170251
0.16876615860000002
0.1564195373
0.16836093019999998
0.1785109866
0.1861414207
0.1713598756
0.1501591158
0.12871481420000003
0.1332862819
0.1367031562
0.1419536837
0.140113104
0.1369169719
0.13986966799999997
0.1401236541
0.14618623969999997
0.1509479195
0.15507934549999997
0.1407655371
0.13977910529999998
0.13439852709999997
0.1254999741
0.1249217416
0.12547523740000002
0.12955944930000002
0.1379854419
0.1406595215
0.14662391010000003
0.1435504376
0.13478849440000001
0.1311778362
0.1356159993
0.12778216339999998
0.12219497319999999
0.11840678409999998
0.1145692635
0.1165063583
0.1111825214
0.107999808
0.12099756069999998
0.12498054180000003
0.1241326473
0.1263800255
0.12151149559999999
0.11338401050000002
0.1116260429
0.11378687679999999
0.11534096529999997
0.11923777759999998
0.10691463579999998
0.0961844097
0.0958721889
0.0915500003
0.09420849369999999
0.09806625620000001
0.0953453678
0.08661617599999999
0.0813228349
0.08179308789999998
0.0857538252
0.0887500951
0.08579943860000001
0.0884367046
0.09015051510000001
0.0882542741
0.08941871700000001
0.0888961014
0.0898146568
0.0838909895
0.07785783770000002
0.07909657140000001
0.08025235910000002
0.07626578050000002
0.0698228142
0.07038572209999999
0.0709013024
0.074747288
0.077768846
0.0820902499
0.08292526400000001
0.0780641963
0.0766101619
0.0777577889
0.07724708890000001
0.07663132389999999
0.0742914171
0.07193844860000001
0.07028052710000002
0.0700667098
0.0693378701
0.07498891059999999
0.0736925582
0.0715394572
0.07252444710000001
0.07065292360000001
0.06824258050000001
0.0683464302
0.0683517202
