0.5717776305000001
0.5584272667000003
0.6098385939500002
0.5736734348000002
0.5305494484000002
0.4825139192500001
0.44816023064999994
0.4181863832
0.38709055405000004
0.3559165926
0.33057098975000004
0.31800972850000003
0.32680716745000005
0.330585306
0.35363776730000007
0.34887934835
0.3342930491500001
0.31526815195
0.2999839341
0.28173772844999995
0.262848181
0.24603084045
0.23104087665
0.24676545450000004
0.2540451295
0.25751389625000004
0.24485788455000007
0.23162915870000003
0.22851090935000004
0.22446396955
0.21826483035000002
0.21513335865000002
0.2144925816
0.22275730259999998
0.21501816594999998
0.2152774634
0.22195604125000004
0.22853945100000006
0.2217369607
0.21415811815000002
0.21106758360000005
0.20430411370000004
0.1966421271
0.1907571138
0.19153054185
0.20193217199999997
0.21316312725
0.21316443235
0.2012794472
0.18916797299999996
0.1837074454
0.18563179285
0.19095384155
0.18945949794999997
0.1869526576
0.18624743885
0.1882056685
0.1913826932
0.19689027350000002
0.20166200445000002
0.1964954268
0.18394164010000003
0.17251460705000005
0.17318930950000003
0.17238422835000003
0.16873487660000003
0.1666612177
0.1695699189
0.17447211680000002
0.17957021709999998
0.17856866945
0.16951933260000002
0.16107864489999998
0.15413027164999998
0.152500605
0.15137253280000001
0.14804851835000002
0.14976531990000003
0.14845474144999998
0.15055754385
0.15397607389999998
0.16006646959999998
0.16450571855
0.15704246265000002
0.1502327662
0.14493444689999999
0.13964681335
0.13619186600000002
0.13654158585000004
0.1406596662
0.14175027615000002
0.14448285365000002
0.14460438915
0.14050464490000003
0.1384683385
0.13788732480000004
0.13849472910000002
0.13222740925
0.12792684745
0.1218630106
0.12158055129999998
0.12473232344999999
0.12438174159999997
0.12570018849999998
0.12718106549999997
0.12268668414999999
0.11929534670000001
0.11855244354999998
0.11657245195000002
0.11230839600000002
0.11100878539999999
0.10937919175
0.11064968295
0.11427365884999999
0.11387253699999997
0.11259300044999998
0.10919300579999999
0.1068812651
0.1072299936
0.10703884864999999
0.10413965955
0.09859477245
0.09671719875
0.0953851152
0.09491042624999999
0.09884570914999999
0.10207807965
0.10272271494999999
0.0986598346
0.09408342930000001
0.09310380595000001
0.09147950964999998
0.09102170899999999
0.0907585728
0.08951307985000001
0.08727597425
0.08708904965
0.08691031730000001
0.08507104325
0.08667028130000001
0.08663831945000001
0.08585021225
0.08473339945
0.08451971034999999
0.08467369229999999
0.08599615189999998
0.0838924339
0.08131984595
0.08208154589999998
0.08353442065000001
0.081041725
0.08105667609999999
0.07986257705
