0.5725168563499999
0.5587035989
0.6046394162
0.5702800192499999
0.5268544423000001
0.48174306840000003
0.44960492395000007
0.42130529299999997
0.3866635949
0.3520936654499999
0.32521468454999997
0.3135589322
0.32268206829999996
0.32720248714999994
0.34841223744999994
0.3435291332
0.32815760134999994
0.31253885495
0.30052484029999993
0.28185338019999995
0.2639948886
0.2470013357
0.2327570691
0.24793421145
0.25528906100000004
0.25326945375000004
0.23737918755000006
0.2235238689500001
0.22344889029999998
0.2228512898
0.21983676539999997
0.21230700160000002
0.209879236
0.2152897217
0.20900757354999996
0.20627926934999996
0.20999728499999998
0.2144010469
0.20794674409999997
0.20410981960000002
0.20082940659999998
0.19396185885
0.186827066
0.1791393856
0.18086288825000002
0.19334030035
0.208390027
0.20517330785000004
0.19001952510000003
0.175869224
0.17129841755000003
0.17815996425
0.18509097884999998
0.1832780605
0.17798713670000002
0.1764626142
0.1809726149
0.1856123464
0.19216842915000001
0.1942188669
0.18517293560000003
0.17307465805000002
0.16335764585
0.16496501025000002
0.1647410688
0.1626824906
0.15619044669999999
0.1609248145
0.17037601200000002
0.17803099515
0.17166840630000002
0.15910399625000002
0.14728363600000002
0.14252714445000006
0.14538798020000004
0.1462845505
0.14252926045
0.1435880826
0.1427252042
0.14570499609999998
0.15285105555
0.15870408965
0.161061946
0.15200522644999998
0.14083435264999997
0.1327069258
0.13052424199999998
0.12856682125000002
0.1274469389
0.13076945075000002
0.1359817479
0.14312378485000005
0.1447655726
0.1391076647
0.13531060940000003
0.13590061565
0.13671245415
0.13191396114999998
0.12570182859999995
0.11871423229999997
0.1181203203
0.12150029529999999
0.12390422425
0.12722122205000003
0.1314619629
0.12938256420000002
0.12547053610000003
0.12242903610000003
0.12016721235000001
0.11703510214999999
0.11366519905000001
0.107865138
0.10919205969999998
0.11351155929999998
0.11413189685
0.10875130625
0.10373900394999998
0.10246737205
0.10584275255000002
0.10637635125000003
0.10397099465000001
0.09859426355000002
0.09374641295000001
0.09244960340000001
0.09274969560000002
0.09576935690000002
0.09839366755000001
0.09777801615000001
0.09349052100000002
0.08732201805
0.08669417830000001
0.08754856465000001
0.0887778023
0.08831342749999999
0.0845049405
0.08427178090000001
0.0871120754
0.0860402659
0.08181501825
0.08272475274999999
0.08238156364999999
0.0818615039
0.08128949059999999
0.08088929039999998
0.08141600584999999
0.08263145864999998
0.08163500139999999
0.08084252869999999
0.08209604734999998
0.08503708424999998
0.08329308839999999
0.08098139454999999
0.0778468519
