0.6808742006
0.676661253
0.9195022976
0.9720505804
0.9856986448
0.9691436956
0.8823699848000001
0.6843910252000001
0.5007797536
0.2938957568
0.1778575086
0.13542329020000002
0.20187184780000003
0.2790699598
0.40137398700000004
0.4621920206
0.5403598676
0.6127924942
0.5292197832
0.4264493806
0.31777904879999996
0.24026655319999998
0.1861658048
0.23758488299999997
0.28665553740000005
0.3430301602
0.33818601779999996
0.28989812639999996
0.26293532259999997
0.27917004479999996
0.2511153032
0.1938179668
0.1612989944
0.17235937240000002
0.13513855800000002
0.14405504219999998
0.215734805
0.2936653508
0.3188572678
0.3201921038
0.27487730940000005
0.2017779606
0.1492330042
0.1396435984
0.15690445260000002
0.20929940680000003
0.237897274
0.23531959460000001
0.2302986482
0.22379517980000002
0.196885319
0.1845791004
0.179386238
0.142987462
0.11554754219999999
0.1222555912
0.1515931004
0.1833694272
0.2036278338
0.22720437840000002
0.2449208844
0.2594906332
0.2226179716
0.1831641564
0.1369297956
0.12113187559999998
0.11697702300000001
0.1549902786
0.2033327898
0.23226683060000003
0.21754210559999998
0.195829703
0.18147170819999997
0.17854893659999999
0.180474463
0.1570968768
0.12000127299999999
0.094350625
0.0948141582
0.109293186
0.1549591044
0.1919537878
0.2128866462
0.2048081634
0.190089501
0.1570755384
0.12863122119999998
0.10042556459999999
0.0919373196
0.1016947708
0.1160066824
0.1295307598
0.1666894946
0.1793411756
0.1817425266
0.183362897
0.18470058979999998
0.1642460786
0.13193424719999997
0.0898106122
0.0743825854
0.0792343972
0.0829061472
0.1065750132
0.1498298934
0.1701748268
0.1790293926
0.16522056999999998
0.13858022279999999
0.1198594054
0.11568215340000002
0.10388543700000001
0.1152830488
0.1257178312
0.11535701820000002
0.1122417156
0.1238519544
0.132207131
0.138011821
0.1408015346
0.119431561
0.09511536039999999
0.0770053946
0.07835897439999999
0.0921224504
0.1073053662
0.10860780020000001
0.11227266440000001
0.11195761060000001
0.1082465842
0.0960265822
0.08738090080000001
0.0883842982
0.0950426042
0.0843348358
0.0931204692
0.10327299279999999
0.0973232946
0.0844392244
0.086294912
0.08662501
0.0943129764
0.0931318074
0.0825226448
0.0704117402
0.0710046518
0.06522738860000002
0.076271809
0.09124923659999999
0.09697827399999999
0.0863369926
0.0856349438
0.0774341526
0.0690489672
0.0772140848
0.0855596002
0.08227070680000001
0.0783201934
0.08073631299999999
0.0810599244
0.08762459
0.0934069664
0.09134395980000001
0.08734967260000001
0.08489605380000001
0.0736511708
0.0626129612
0.0642891018
