0.665216789
0.6610036196
0.9200047570000001
0.9721228516
0.9858222616000001
0.9690288758000001
0.8811370604000001
0.6792100571999999
0.49467459080000004
0.2840849512
0.15856511680000002
0.11336383539999999
0.19700066879999997
0.29102599739999996
0.42154319640000004
0.49429974039999997
0.5782045514
0.6431388928
0.5368702994
0.43074738439999993
0.30816194399999997
0.21993547540000002
0.153395914
0.2257913286
0.2872908384
0.3612571578
0.3605350518
0.3136931942
0.2686535986
0.27496965
0.23179855119999998
0.178497118
0.15084460679999998
0.1686205098
0.13394304099999998
0.150175071
0.2251557166
0.3062297916
0.323996381
0.3199769886
0.28682480500000007
0.2152436518
0.1557490422
0.152773148
0.1689661986
0.2042608942
0.24163694819999998
0.24514688579999996
0.24563917159999998
0.23718643559999997
0.21984908339999998
0.20578784840000003
0.20703208440000004
0.1645391422
0.1305028498
0.13333555179999998
0.1545480064
0.178640496
0.2000769934
0.2294666834
0.2502831586
0.250679706
0.2218382632
0.1948624816
0.1595159232
0.13136198780000002
0.1315116106
0.1563045226
0.1983593746
0.228325174
0.23000905719999998
0.21608335099999998
0.208747491
0.1942622444
0.1893402372
0.1743275036
0.1374918928
0.10316815139999999
0.1052731374
0.11235557900000001
0.1392409578
0.1815580164
0.2100595106
0.1999937108
0.1882598782
0.1706971592
0.1429440702
0.12233942659999997
0.116991994
0.1200467256
0.12122451059999999
0.13020009400000002
0.16349419099999998
0.1715601236
0.1815679926
0.184741668
0.18556369779999998
0.16212974600000002
0.13962402219999998
0.11105646840000001
0.1030744498
0.09987939139999999
0.09680410040000001
0.11799020359999998
0.1499674782
0.15796047620000003
0.16228823139999998
0.15598951919999998
0.13284423020000002
0.1112814148
0.1057727052
0.10624759580000001
0.11398627139999999
0.12124893380000001
0.115146681
0.11951457400000001
0.1305140752
0.1307470754
0.13071738640000002
0.132328688
0.10749898119999998
0.0781314844
0.07348690819999999
0.08147925739999999
0.0904768002
0.11124888120000001
0.12262361159999999
0.1243784768
0.12364905779999999
0.11753797880000001
0.11210956539999999
0.10550285200000001
0.09891259999999999
0.0930742728
0.08781192759999999
0.0857012104
0.0881211418
0.09009081000000001
0.0833378728
0.0838149984
0.08632317960000001
0.09206471320000001
0.09750897300000001
0.09457813500000001
0.0871688124
0.08828126840000002
0.0802293316
0.077574453
0.09204401059999999
0.099256581
0.0887982386
0.087941012
0.0824670332
0.07032415460000001
0.07644073339999999
0.0831505912
0.0831657922
0.08138313859999999
0.08113254119999999
0.07582864240000001
0.0837545094
0.0842335998
0.083854759
0.0848254772
0.08261172580000001
0.0684635608
0.0688863004
0.0717453774
