0.6390138584
0.6348006064
0.9209479607999999
0.9718881064
0.9856247467999999
0.9682860604
0.8738043354
0.6638980286
0.4759811804
0.2476269922
0.132329006
0.08810257660000001
0.16562257819999998
0.2419153368
0.3797944852
0.4382929755999999
0.5262310736
0.5990068954
0.5070401926
0.41126341260000004
0.2833408614
0.18564158479999998
0.11789868839999999
0.18076295080000002
0.211867886
0.275227492
0.2731713084
0.20927780340000002
0.17511000959999998
0.19977664099999998
0.1809982706
0.1383008298
0.127073147
0.1338348568
0.09839719
0.10155505360000001
0.14848214980000002
0.214830044
0.23976157579999996
0.23499305920000002
0.2032127342
0.1532096874
0.1189940714
0.11220648740000001
0.13995882219999997
0.1853221048
0.21314660019999998
0.2107265774
0.201771365
0.1887695578
0.14975234919999997
0.1351583888
0.130354013
0.0951640838
0.0745963338
0.0951212682
0.12478643900000001
0.139907145
0.170759163
0.18387804179999998
0.1906734114
0.20271181239999997
0.17471852659999998
0.1380398968
0.1069884788
0.0942608918
0.08764973940000001
0.1295394268
0.17817267080000002
0.1962611796
0.19726852299999997
0.18290833539999998
0.16324229099999998
0.1573158336
0.1551522944
0.12301888179999998
0.08539689040000001
0.0629521976
0.06041925659999999
0.06312381380000001
0.10860779319999998
0.14464511520000004
0.1718685936
0.163521947
0.16623934999999998
0.1350351476
0.1042668556
0.071890527
0.0674858002
0.07333463700000001
0.08622003019999999
0.10148913099999998
0.1369213734
0.1462559758
0.1462154326
0.14811370040000002
0.1580094744
0.13982416320000002
0.1001541274
0.07547306980000001
0.060306017999999996
0.05083212
0.0504285188
0.083982637
0.11202135040000001
0.130025314
0.1422682102
0.13740695
0.11414790080000001
0.09599724740000001
0.083007516
0.0735863166
0.0868318656
0.096353192
0.09453203560000001
0.10040761979999999
0.11921041880000001
0.11256904460000001
0.1139785606
0.11747453300000002
0.0983110784
0.060129953400000005
0.0529917466
0.055932185999999995
0.05859416320000001
0.0734832478
0.0799596874
0.07450206000000001
0.0785056282
0.0748300708
0.0599120338
0.06306063099999999
0.0709899254
0.0631424578
0.0571830382
0.0687478898
0.0672943094
0.0583229752
0.0486815198
0.049701164000000006
0.05298192260000001
0.0626325986
0.06582807160000001
0.0623773952
0.058982134000000006
0.061024111400000004
0.056224012600000005
0.059166447999999996
0.0728274076
0.07062425219999999
0.0481531226
0.045825005999999995
0.04794254760000001
0.037734481
0.047099315200000005
0.0592614246
0.062226651
0.06321792879999999
0.069595824
0.06296268819999999
0.07187069739999999
0.06996307
0.0584185378
0.05585919480000001
0.062346633
0.046187367
0.040204437800000006
0.046789703
