0.2416006740333333
0.21163383849999998
0.17775774259999996
0.17821918793333327
0.16752312079999995
0.14609816579999996
0.11980026943333334
0.09118459626666668
0.06100635340000001
0.033166985666666676
0.02099830316666667
0.029440191500000004
0.036212338966666674
0.03633749630000001
0.03876278326666668
0.037525680133333336
0.037958582733333336
0.036521260366666676
0.03265837443333334
0.025136963133333336
0.02134628736666666
0.019226476666666666
0.02521958873333333
0.027542500999999997
0.029579569199999996
0.02986945253333333
0.029407940899999995
0.029223029399999993
0.02772953413333333
0.02589562253333333
0.023581870833333334
0.022618265766666663
0.02540978576666666
0.027161389499999997
0.028920615066666665
0.02753290523333333
0.027003594866666664
0.027858852333333333
0.02770963793333333
0.026840054633333332
0.027339782
0.02805719973333333
0.028213949333333332
0.0314755758
0.03242502303333333
0.0334920255
0.0324847828
0.0322486946
0.03456046403333334
0.03540301443333334
0.0339986024
0.03349958433333334
0.0340331957
0.03362430506666667
0.03289336163333333
0.03298700996666667
0.03343322893333334
0.031627555933333336
0.0313874647
0.029250180700000007
0.02708565176666667
0.02589281503333334
0.02480037796666667
0.024665155499999997
0.0262731029
0.029183165733333336
0.030705155566666673
0.0302847652
0.03014232756666667
0.030716432833333338
0.030911928
0.029568999233333337
0.02733684766666667
0.025544951300000007
0.024947225100000008
0.02415621056666667
0.024928511366666673
0.025292313933333335
0.022687091833333336
0.02116146553333333
0.021998878200000002
0.02307862453333333
0.021479360766666667
0.022532304033333336
0.02319897123333333
0.0228710478
0.022730097833333334
0.023706337266666665
0.022890769699999997
0.022841689300000002
0.023060264733333332
0.02331962953333333
0.022715581866666664
0.0239784745
0.02250465816666666
0.02150371673333333
0.020242910733333338
0.019548209833333337
0.01916115686666667
0.018570412
0.016817237833333335
0.016030428766666664
0.016365370533333333
0.0165405291
0.01752423333333333
0.0189633482
0.019748564899999998
0.020205037966666662
0.020849440266666665
0.018818226733333335
0.01770836413333333
0.01607831866666666
0.01532538413333333
0.014648088166666665
0.014216693366666667
0.014384248933333335
0.0149232189
0.015720216433333333
0.015952624233333334
0.016620443666666665
0.016930574433333335
0.01568126416666667
0.01526480366666667
0.01413556556666667
0.013657418700000002
0.0132265796
0.013012895199999997
0.013654364633333332
0.014519184566666666
0.015832033166666665
0.01709835813333333
0.018220801266666666
0.0179122547
0.017728996166666667
0.0168063565
0.01619472866666667
0.014735042266666668
0.013768241133333336
0.012708634466666669
0.0138367924
