0.6678023416000002
0.6392103318
0.6081944948000001
0.6367584314000001
0.6371888596666667
0.6094977444
0.578314745
0.5284293028666667
0.49858792606666674
0.4725571076000001
0.46741735146666674
0.4848174399333335
0.48112163180000006
0.47771923306666675
0.48721904320000015
0.4809375739333335
0.4749869930666668
0.45319058966666675
0.4413051170666667
0.41991439860000007
0.42432008453333325
0.4187273007999999
0.4310280011999999
0.42044486639999995
0.4103721032666667
0.41099751233333337
0.40888768773333334
0.4017950601333334
0.3850623672
0.37520346586666664
0.3583936185333333
0.35328190786666663
0.3646321592666667
0.3666763767333333
0.36533154919999994
0.3517726332666667
0.3457160588
0.34531262486666664
0.3362428326
0.3300799432
0.3249508026
0.3212318807333333
0.3200589719333333
0.3260518988
0.32479415079999996
0.3278006468666667
0.32810045813333333
0.3281658941333333
0.3265213524
0.325957591
0.31954356999999994
0.309461317
0.30655358713333336
0.3083171784666667
0.3105128830666667
0.31016833793333337
0.30165697880000003
0.29909301466666666
0.29824157219999997
0.2937088890666667
0.2898982815333334
0.2773239069333334
0.26464857566666666
0.2647796288666667
0.2633492666666667
0.26446923380000004
0.26763186620000007
0.26668743040000004
0.26813289566666665
0.2638082957333333
0.2547582014666666
0.2507914228
0.24524182053333332
0.24157279593333333
0.24073196673333333
0.23733999773333334
0.240223249
0.2421986804
0.23492046013333331
0.2291795871333333
0.22928206759999997
0.23435797953333334
0.22712885213333334
0.22055764453333332
0.21316738179999997
0.21271490246666666
0.21503698119999998
0.21295205833333336
0.21088876413333335
0.20723543133333336
0.20623758460000005
0.20330439493333338
0.20080007520000004
0.19959290013333333
0.19970230953333337
0.19893958193333333
0.1956664564
0.1920047976
0.19198097839999997
0.19561140046666664
0.1936278218
0.1919407376
0.1925276014666667
0.19283341186666667
0.1893297376
0.1851035684666667
0.18483181513333335
0.1858772158666667
0.18566746006666665
0.18245174060000002
0.17847713253333333
0.17390391466666666
0.17110007886666667
0.16742286026666667
0.16645014393333335
0.1625145163333333
0.16158822239999995
0.16006355706666667
0.15496873239999998
0.15679414319999996
0.1557155074
0.15273907086666666
0.15294868033333334
0.14797804166666667
0.1399399594
0.13723722273333333
0.13794451266666666
0.13855441586666667
0.14115477253333333
0.1400584284666667
0.14083913713333335
0.13764062693333334
0.13907429000000002
0.14256205573333333
0.14281946166666667
0.14372312773333334
0.13733332306666668
0.13198117993333333
0.12748513420000002
0.12786512386666668
0.1279064836
0.12321079666666666
0.126233428
0.12161821666666665
0.12451123773333334
0.1271221484
0.1300609892
0.12170309913333335
0.11464539993333335
0.11309391166666667
0.11597290873333334
0.11756656420000001
0.11691770220000003
0.11619419286666667
0.12044653466666667
