0.5695343035
0.5208689309000001
0.48292349830000003
0.45122545359999994
0.4361534067000001
0.5117270679
0.4776171958999999
0.4428947496
0.4188979292
0.4471329109999999
0.44185684710000006
0.4356329765
0.4167548528999999
0.3938998344
0.3807985749
0.38582314149999997
0.4072599294
0.4106194499
0.40548381020000007
0.40179859090000003
0.39498512809999997
0.38724535359999995
0.3982032839
0.4061203933
0.40337591570000003
0.3990138545
0.4181654591000001
0.4224842214000001
0.4221377902
0.4291229352
0.45485872610000005
0.4562640217
0.45196720929999995
0.4415915294
0.43813989109999996
0.4217873475999999
0.42487263979999995
0.4311905195
0.44111166409999997
0.43606913449999996
0.42870594980000004
0.431068661
0.4362008272
0.4458292794
0.43901713859999997
0.44326856359999994
0.44032226849999995
0.4203045799
0.426259108
0.4115056838
0.4001594067000001
0.4018518124
0.39358617130000007
0.3892992524
0.39000016930000003
0.38499329540000005
0.39756259509999997
0.43967104070000007
0.41887282299999995
0.4480136515
0.4592681545
0.45087925100000004
0.4396012550999999
0.4291394556
0.41596225909999995
0.4072311712
0.3877890154
0.3556821173
0.3310020474
0.3254721969
0.32518144949999994
0.32900941619999996
0.32298780769999996
0.3388241137
0.37624714220000005
0.3990886349
0.40866924039999997
0.4355252889999999
0.5037580551999999
0.5292040024
0.5373264389000001
0.5225434431999998
0.5339707946
0.5069152261
0.4776204665
0.4465749621
0.4261659397
0.39296361059999996
0.3594255717
0.3423023786
0.342769522
0.3505799493
0.3479880958
0.3624878216
0.37334092490000004
0.4063767694
0.4436949575
0.46935148169999996
0.46594672139999993
0.45696806049999994
0.4511621673
0.4478292751
0.42361851440000003
0.42075893240000006
0.40839166439999997
0.40499798519999997
0.38613236609999996
0.4034001687
0.45652004150000003
0.4997564228
0.5040329155
0.5150992055
0.5324116536000001
0.5314553046
0.5312623447
0.5174077272
0.4920840342
0.4817898016
0.46506892110000003
0.4459059851
0.47146324469999995
0.47881116740000007
0.494085451
0.48427246329999996
0.4778013585
0.4688332958
0.4869784697
0.4603953734999999
0.44487457710000006
0.434836294
0.43134547790000005
0.42976100019999997
0.43146719429999997
0.4444565831999999
0.4647728218999999
0.4525069746
0.43684819910000006
0.44353422229999995
0.4321136375
0.42171379519999996
0.3978032468
0.42459081869999993
0.43710505879999995
0.44838651789999995
0.4407806764
0.45867869260000005
0.46746138309999996
0.47086327609999995
0.46887807540000004
0.4564445169000001
0.44354771600000004
0.3987807875
0.3686576466
0.35958889510000003
0.34801796669999996
0.35432924979999997
0.35299122219999995
0.3878511675
0.40815702609999993
0.4283649947
0.44297621950000005
0.45557710929999995
0.4669020538
0.4784363611
0.4801770627
0.46534119799999996
0.46994304719999996
0.426489503
0.40879521690000004
0.3864052485999999
0.37370166380000003
0.3746702054999999
0.37305585939999997
0.35453836949999995
0.3619950653
0.3601146747
0.348980023
0.3715416101
0.3975573435
0.4353094713
0.4677279843
0.4915539686
0.5042630185999999
0.4948823094
0.4979547018
0.5130300973999999
0.5339665988
0.5131866759
0.4739508975000001
0.46572904800000003
0.45653774029999994
0.4588202249
