0.46879209289999996
0.4479157536666665
0.43262721169999996
0.4170818937666666
0.40677596576666664
0.43218802129999995
0.43434752813333327
0.42533280696666664
0.4155065098666667
0.42601814569999996
0.43056690043333334
0.4263807839333333
0.4223084487
0.41387058569999996
0.40743812723333334
0.4022081145333333
0.4167660094333333
0.42143139693333337
0.4229110881666667
0.42233022020000005
0.42618326799999995
0.42485934543333337
0.4287904401333334
0.4311804007
0.4268443151333333
0.42135658856666663
0.4277867891333333
0.4246597736
0.4298361874333333
0.42556591783333336
0.42790802753333335
0.42972816503333333
0.42725140259999994
0.42557335373333327
0.42238573299999993
0.4166830688666666
0.4209191678
0.4303887133666666
0.4287478650333333
0.43186282326666664
0.42937783699999993
0.4279332414666666
0.42312941786666664
0.42142266246666665
0.41499318899999993
0.4118310100666666
0.4085579596666666
0.40521924596666664
0.39204465946666667
0.3949971774
0.3948696702333334
0.3939134932000001
0.3853917447000001
0.38575427390000006
0.39406985686666673
0.39710436716666664
0.39800695030000005
0.4102928156666667
0.4178776418666667
0.4342299502666667
0.44059201430000006
0.43414403679999997
0.4321866191333334
0.42495959846666675
0.42327662260000004
0.4176315894000001
0.4075413985000001
0.3947236723
0.39806189143333337
0.3989928593
0.4017591367999999
0.40071093623333326
0.40164889936666665
0.4027423871333333
0.4090695112
0.4173467888
0.42617671253333334
0.43261346043333326
0.44304344943333335
0.44282481383333333
0.44375270940000006
0.44031755586666665
0.43519246826666674
0.43005399336666666
0.4197843519333334
0.41931657223333335
0.4186644211
0.421905087
0.42729744486666665
0.4330089539666666
0.43265486826666677
0.4378361433
0.43467275459999993
0.43823401953333335
0.4376649779999999
0.4429274939333333
0.44063711926666665
0.45151381733333334
0.4625118946666667
0.4675434894666667
0.4755527758333333
0.4805798826666667
0.4833718730000001
0.47882890010000007
0.4724851225333334
0.4637463360666667
0.45506495666666674
0.44852844793333346
0.4554878465666667
0.4601662339666667
0.46894721270000006
0.4745571243666667
0.48598809963333345
0.4867281170333334
0.49127884169999997
0.4795826658666666
0.4719702343333333
0.4619064658
0.44735237856666665
0.4341520247666667
0.4335373231333334
0.4443876621000001
0.45421923470000003
0.4590385214666667
0.46111828560000007
0.460006321
0.46376268396666664
0.4582642906333333
0.4486220966666667
0.4376648687
0.4242321469
0.4177108687999999
0.4124099665666666
0.4174773320666666
0.4178571549999999
0.4218383056666666
0.4191002681333334
0.43408288863333333
0.43638291300000004
0.4355077689333334
0.42810906076666666
0.4263162385
0.4242215863999999
0.4288039247
0.42299190193333325
0.4261163801333333
0.43013188416666653
0.4284013155333333
0.4286101061333334
0.4237382534
0.42007519976666674
0.4096760341000001
0.4028718532666667
0.3975212085666667
0.3967300315666667
0.3932617075
0.3906380974666667
0.3952940935333333
0.40483652883333326
0.4166932382
0.4281352892
0.44060042779999997
0.4480736439333333
0.4426190133333333
0.4467089432666667
0.44616199003333346
0.45096322300000014
0.4370725963333334
0.42676781930000013
0.42914792263333335
0.4326557961333334
0.4416814663333334
