0.6581242147
0.6278320324
0.6044202201
0.5848380179000001
0.5790475478999999
0.6542085969
0.6073752563999999
0.5908975441
0.5843228804
0.6203615229999999
0.6022635626
0.6013520378
0.5928391591
0.5804933188
0.5748787428
0.5861448407000001
0.6055801901
0.6021228003
0.5943464326
0.5980256856999999
0.5902771630999999
0.5768126313999999
0.5850328599
0.5915731303999999
0.5874161666
0.5866408518
0.6131469254999999
0.6139984573999999
0.6062676127
0.6126255098
0.6473226777000001
0.6499355443
0.6463815692
0.6352658201
0.6334411617999999
0.6091259721999999
0.6203418539999999
0.6251079759
0.6398569192
0.6269725956000001
0.6214750341
0.6299187014000001
0.6296610525
0.637851447
0.6371529255
0.6546258176000002
0.6525954871999999
0.6282255102
0.6400639888999999
0.6123546487999999
0.5913384400999998
0.5918195487
0.5915996807999999
0.5915518838
0.5892318687
0.5794385233
0.5863709669
0.6320554204000001
0.5966655379
0.6471897773
0.6676800230000001
0.6527426386
0.6246035895
0.6183885711
0.6052742766999999
0.6011520194
0.5881935815
0.570452142
0.5511653407000001
0.5370653688999999
0.5360397053
0.5502250041
0.5548180169999999
0.5527077799
0.5870771388
0.6064093318
0.6112763018
0.6278891939
0.6946577113
0.7075715883
0.6941216688
0.6678497713
0.6925785365999999
0.6730429264
0.6493773684999999
0.6203664792000001
0.6075033822000001
0.5755479383
0.5538300906
0.5533034114
0.5581836269
0.5583902114
0.5408554921
0.562023698
0.5699978285
0.5930209193999999
0.6093814961
0.6346463782
0.6241536658
0.6236523957
0.6406578884
0.6471817041
0.6147096078
0.6183191262
0.602542407
0.6098019379
0.5998520777
0.6008041392999999
0.6419114351999999
0.6617953186
0.6575075024
0.6795556721
0.7032905283
0.6860286617000001
0.6914625283
0.6827544773000002
0.6590769068
0.6564348134000001
0.6482946724
0.635797593
0.6471071586
0.6401172325
0.6672927046999999
0.6565168213
0.6430280961999999
0.622008805
0.6552120106000001
0.6353160784
0.6238268847
0.6183905341000001
0.6252070079000001
0.6223928267
0.6217484026
0.6312155151
0.6515432350999999
0.6249934041999998
0.5968567146999998
0.6123385916999998
0.6029368569999999
0.5986227542
0.5781914607
0.6045245336
0.600637218
0.6133699087
0.6058145544
0.6274762995
0.6330639384
0.6278933697
0.6287471527999999
0.6123435826999999
0.5931457593
0.5606096161
0.5406049612999999
0.5500709882999999
0.5387381267
0.5664414076000001
0.5535624148
0.5735709897000001
0.5776519028
0.602425465
0.6305989082
0.6393392483
0.6536948483
0.6593204473000001
0.6496778804
0.6185531741999999
0.6344566575
0.6046233909999998
0.5988282507999999
0.5709743275999999
0.5587137731999999
0.5630494898999999
0.5601388273
0.5370449133999999
0.5700825446000001
0.5711832317
0.5514006722
0.5647897860000001
0.5807058958
0.6017750311000001
0.6216816745
0.6381736534
0.6513043629
0.6370831871000001
0.6301903780000001
0.6561590338000001
0.6918044997000001
0.6779519484
0.6394715218000001
0.651220303
0.6285271800000001
0.6243252134999999
