0.6739290015
0.6735488987
0.6675492416
0.6665665133
0.663643931
0.6693481819
0.7272724421
0.8469605479
0.8560612357999998
0.7833936434
0.7647717372
0.7532256124000001
0.7232506708
0.7056107984
0.6866112713
0.6696151241
0.6574680403
0.6815332279999999
0.7294170411
0.7573350583
0.7183234049
0.6718837917000001
0.6814547579
0.6749456054
0.6765057868000001
0.6717307127000001
0.6707646078
0.6588702026000001
0.6456313899
0.6498518164
0.6875764072000001
0.7075811464000001
0.6700456998
0.6422920044
0.6334780464
0.6121727671
0.5990150408
0.6001859379999999
0.6129578824
0.6334908367
0.6327320144999999
0.6215997677
0.6317017663
0.6311366950000001
0.6100673377
0.6140592854
0.6138925955
0.5982430982
0.5739513769
0.5617152603
0.5679186974
0.5806034434999999
0.5743310757000001
0.5709763209000001
0.5706969275
0.5582904026
0.5533120382
0.5628230383999999
0.5666619463999999
0.5624290345999999
0.5667392833
0.57399734
0.6026914327
0.6097746373
0.5877782870000001
0.5682591278
0.5533177468999999
0.5388637995
0.5424037104000001
0.5399797876000001
0.5250071389000001
0.5114201871000001
0.5077530109999999
0.5289225925000001
0.5694654955
0.5851313014999999
0.5709386201
0.5606092568
0.5506422557999999
0.5504580478
0.5550856376
0.5513510884
0.5331367481
0.5158933018999999
0.5043952141
0.5224355372
0.532092521
0.5214788304000001
0.5070275974
0.5037431601000001
0.5049378234999999
0.5153876018999999
0.5297433858
0.5269441317
0.5218090441000001
0.5094572451
0.5178642474999999
0.5356651952999999
0.5372513791
0.5097057719
0.49533500920000006
0.4853049651
0.4788828549
0.47879275769999996
0.4860710511999999
0.4920049794999999
0.4886901692
0.4899005416000001
0.4991043372
0.5222913216
0.5173492039
0.5087736491
0.5091008063
0.5116086390000001
0.5005211334
0.49161702900000004
0.49460948839999996
0.49389738169999997
0.48418264429999996
0.47865193980000004
0.4804418373
0.48136203699999996
0.46691856299999995
0.462932171
0.4717447571
0.4737846273
0.4699389892
0.4689324973000001
0.47971635730000006
0.47980613210000006
0.48021649229999996
0.47372147150000005
0.4727024439000001
0.46841378039999987
0.4589329084999999
0.4621466531
0.4724159628
0.4618903485
0.45332224619999995
0.45501939590000007
0.4604834597
0.464834077
0.46337174999999997
0.4565713381
0.4501817975000001
0.4426616599
0.43451456330000005
0.44737974469999997
0.4554479645000001
0.4496354195
0.4433457033
0.4453181891
0.4569919467
0.46475330179999996
0.45806314260000003
0.45258161779999995
0.44711411190000006
0.43836916100000006
0.43521804340000003
0.4410934064
0.44096964089999996
0.4362065211
0.4316480942
