0.6739310389
0.6735510975999999
0.6671163599
0.6661103977
0.6626997803
0.6680579038000001
0.7231018238000001
0.8320939974000001
0.8343282026000001
0.7664570389
0.7509999701
0.7400500428
0.7065129272999999
0.6833388213
0.6611597423
0.6439714109000001
0.6361345979999999
0.6677664155999999
0.7160973034
0.7355874125999999
0.7016102551
0.663993459
0.6737647256999999
0.6665419176000001
0.6686986017
0.6612873310999999
0.6553193909999999
0.6504959976999999
0.6425567890999999
0.6477301265000001
0.6713379958
0.6821250166
0.6602091211000001
0.6453900015
0.6351113560000001
0.6155131047000001
0.6015932601
0.5982695890999999
0.6101007048
0.6299720578
0.6390265023
0.6301983630000001
0.6343796438000001
0.6324352457000001
0.6285174702
0.6327805376000001
0.6282075679
0.6143727728
0.5897479723
0.5800808938000002
0.5831720722
0.5915262573
0.5814344435999999
0.5766883514
0.5692942083999999
0.5676219358999999
0.5766850473
0.5824741075000002
0.5809795360000001
0.5730108311
0.5738692782999999
0.5826214827999999
0.6042994056999998
0.6051822644
0.5845771137
0.5659579254
0.5483668712
0.5428202805000001
0.5529411345
0.5516209728
0.5344588298999999
0.522755252
0.5219760734000001
0.5425570597000001
0.5688029812000001
0.5762677705000001
0.5680214628999999
0.5539845975
0.5446096447999998
0.5510562567999999
0.5533732895999999
0.5430988532
0.5250949284
0.5098534649000002
0.5051085876
0.5126970790999998
0.5145526152
0.5073260473
0.49734072749999997
0.4853230388
0.4917215573
0.5017652396
0.5128061443
0.5095753243
0.5041203231
0.5023964197999999
0.5135647609
0.5226877287
0.523503936
0.5114479496000001
0.49500985599999997
0.4832226146
0.47761114009999994
0.47061695659999997
0.46960077040000003
0.47015883550000004
0.4698084734
0.47541708280000006
0.481757796
0.48771762720000006
0.4897290654
0.4908266237
0.48881397080000005
0.4940867183
0.4874242724999999
0.4796030163
0.4722769014
0.4655782133
0.4620785155
0.4637843902
0.46450200199999997
0.4637482403
0.4589873161000001
0.46137501719999996
0.46873172399999996
0.4661474437
0.45820498369999996
0.45756625180000005
0.4585052021
0.457034625
0.45421424109999997
0.44401671270000004
0.4378413021
0.42981535590000003
0.42484311430000005
0.4338349963
0.44830680990000005
0.4441218514
0.4349816608
0.43529690990000003
0.43741266990000005
0.44040430950000004
0.44093486330000004
0.4362951568
0.4312459701
0.4242821559
0.41596334739999996
0.42045778689999996
0.42767367259999994
0.42137684910000006
0.4198485544
0.42556186269999996
0.43075691939999994
0.432960529
0.4267982803
0.4211482115000001
0.4176698739
0.41309508600000006
0.411477019
0.41719031759999997
0.4138339353999999
0.40890692259999994
0.40557113519999993
