0.6739276728999999
0.6735474685
0.6672664663
0.6662766388
0.6632978383999999
0.6688767443
0.7255261092999999
0.8394382076
0.8414668154000001
0.7691633963
0.7509235508
0.7404840135999999
0.7061041892999999
0.6910512598999998
0.6705932283999999
0.6531142703
0.6433797632
0.6710569892
0.7242509941
0.7507239539
0.7140220688000001
0.6759203010999999
0.6899025226999999
0.6799775424999999
0.6817200695999999
0.6792522074
0.6760851472
0.6683097642
0.6600753171
0.6656419891
0.7024325881
0.7144573673
0.6817456139999999
0.6621148304
0.6571858893
0.6343698116999998
0.6196723339999999
0.6184665063
0.6240420563
0.6421826987999999
0.6446034424
0.6361274473999999
0.6493339857
0.6514500604
0.6381370872000001
0.6444845685
0.6494964238
0.6321643672999999
0.6110173991
0.5993324724000001
0.6026168252999999
0.6091241225
0.5962684663
0.5864015449000001
0.5842195580999999
0.5792053128999999
0.5773833952999999
0.5902136565
0.5938987146
0.5882618753
0.5853847504
0.5986602596
0.6247298979
0.6302701969000001
0.6049624882000001
0.5875184112
0.5714371423
0.562068571
0.5652871541
0.5655104804000001
0.553411555
0.5345946834
0.5327961829000001
0.5520338633999999
0.5847858185
0.5971689645
0.5904848967999999
0.5777220443
0.5727806693999999
0.5737925697999999
0.5752008054
0.5706794501999999
0.5518161171999999
0.5319618985
0.5274103802
0.5322507054999999
0.5328335613999999
0.5274355815
0.5184622628
0.5144853934
0.5253908326000001
0.5350780182999999
0.5435749114000001
0.5437547108
0.5353921166
0.5282836227
0.5369032086
0.5464747475999999
0.5421162329
0.5283133634999999
0.5103663838
0.5073390586
0.5079221091000001
0.5062498635
0.5078070981
0.5092086983999999
0.5069022717999999
0.5109523144999999
0.5188933704999998
0.5249450583
0.5236806701999999
0.5172459292999999
0.5138783219999999
0.5213095604000001
0.5140489453000001
0.5088176557999999
0.5091685952999999
0.5042292307999999
0.4965922577
0.4969550569999999
0.4990569173999998
0.49586952469999995
0.4918027167
0.48848941660000006
0.4981136813
0.5061477551
0.5009958562
0.5001955221
0.5087510705
0.509780793
0.5051381707
0.4944177508000001
0.4881422329999999
0.4806639574999999
0.476823029
0.47708283549999997
0.4861911508
0.4810298262
0.47132835990000005
0.4702777728
0.48056890379999995
0.4916825698
0.4929784530000001
0.48995056520000013
0.48093174769999997
0.4731691296999999
0.46745837359999987
0.4786316261
0.4850305002
0.4770708496999999
0.46409055239999997
0.46526768969999993
0.4739489477000001
0.47684520100000005
0.47205104240000006
0.4696030869
0.46811020349999993
0.46179069970000003
0.46179686880000004
0.47052620860000005
0.47480199800000006
0.4662979807
0.45456713749999994
