0.7742611959999998
0.7680827453999999
0.7348093250000001
0.6865690138
0.6403479755333333
0.6210647458666668
0.6563858974000001
0.7356728647333335
0.7692826006000001
0.7531963988
0.7542881106666666
0.7431384123333333
0.7352426954666667
0.7198936175999999
0.6889397303999999
0.6434329800666667
0.6169803208666667
0.6301200169333332
0.6574250772666665
0.6880241073333333
0.6944796846666665
0.6866513111333333
0.6978980757333334
0.6927055961333334
0.6799866532
0.6616773699999998
0.6476405999333333
0.6250818206000001
0.6102868760000001
0.6210400696
0.6370815844
0.6450511785333334
0.6475679846666668
0.6550781209333334
0.6541689572666667
0.6468368174666668
0.6308932479333332
0.6143375846666667
0.6035391804
0.6082316320666667
0.6113766122666667
0.6091062127333334
0.6170104191333334
0.6179834348
0.6174819824666666
0.6252761291333333
0.6241819127333332
0.6031141543333333
0.5812642781333331
0.5677797324666667
0.563773568
0.5734306689333334
0.5824067282666667
0.5836796283333333
0.5804775563999999
0.5860019562666666
0.5937911893333333
0.5963985762666667
0.5915538062
0.5707772123999998
0.5522974701333332
0.5446577448666666
0.5566639528666666
0.5678481504
0.5686953993333332
0.5638932189333334
0.5578379924666667
0.5560665535333332
0.565938822
0.5679719791333333
0.5538964649333332
0.5349243982666666
0.5231207473999999
0.527466404
0.5463481614
0.5555034617333333
0.5543259804666665
0.5442496521333332
0.5372137089333332
0.5369637223333332
0.5393886310666667
0.5294559737333333
0.5133540633333333
0.4973221825333333
0.49069486646666666
0.49913931959999996
0.5101551649333332
0.5167973499999999
0.5138574952666667
0.5056730998666666
0.5054040512
0.5097665788666667
0.5117492635333334
0.5064224966
0.4949211078
0.4873478375333333
0.48926849786666665
0.4969874118666667
0.49604164799999995
0.49519158760000004
0.4910289033333333
0.48846206806666664
0.4868232225333333
0.48787747773333334
0.48398597720000003
0.4789029346
0.47410973973333337
0.4744049066
0.47643016953333334
0.47917580286666667
0.4807576768666666
0.4811649259333334
0.4788012713333334
0.48218518366666674
0.4801083904
0.4751317122666668
0.4700695843333334
0.4634517288000001
0.46284165033333335
0.4665185340666667
0.46503659573333334
0.45941716593333326
0.45796945866666666
0.45846417286666663
0.4598486254
0.4582058621333333
0.4512294585333333
0.4449604546666667
0.4413328772666666
0.44055768346666657
0.4445919252666666
0.449122879
0.4480591488666666
0.4408686019333333
0.43755874933333333
0.43904934626666664
0.43936234240000005
0.4338728623333334
0.4265261804
0.4233652468666667
0.4246372018000001
0.4304206354666667
0.43647013873333335
0.43944081306666666
0.4352479058666667
0.4297250516666667
0.4241990442666666
0.4249629076666666
0.4251787591999999
0.4176994938
0.4137942295333333
0.41526434506666665
0.41791028719999995
0.4228953878666667
0.42587747086666666
0.4227595713333335
0.4194947610666667
0.41503847320000004
