0.7748070896666666
0.7696989357333334
0.7397054651333334
0.6913265154000001
0.6421509223333335
0.6210115556666668
0.6566727918666667
0.7355004436666668
0.7745366273333335
0.7598853863999999
0.7609314879333334
0.7495871322
0.7422324803999999
0.7299760855999999
0.7004349993333333
0.6511084386666666
0.6236022530666666
0.6358099870666666
0.6668771120666667
0.7015898352666667
0.7131505923333333
0.7066545545999999
0.7170361969999999
0.7093254570666664
0.6971341731333331
0.6839873171999998
0.6709873224666666
0.6429357369333334
0.6254530029333334
0.6392311255333334
0.6600490875999999
0.6691559098666667
0.6694121860666666
0.6720351329333333
0.6707759259333332
0.6608881405333332
0.6443488559333334
0.6302852179333333
0.6197028317999999
0.6208945242666666
0.6214170745333334
0.6258486142
0.6363580216
0.6379701787333334
0.6322069813333333
0.6397194829333334
0.6373167149333333
0.6154865245999999
0.5946091575333333
0.5822524304666667
0.5778183215333333
0.5866859128
0.5969444688
0.5996026148666667
0.5989568400666665
0.6003196041999999
0.6034259387999998
0.6105302116666667
0.6074443560666666
0.5860057743333333
0.5677527121333333
0.5615612593333333
0.5741445386000001
0.5855263543333334
0.5864841216000001
0.5831237656
0.5749001308666667
0.5722518959333333
0.5795344552666667
0.5836884031333335
0.5756088548666667
0.5561110174666667
0.5428059695333334
0.5472000026666667
0.565704176
0.5749120284
0.5743950027999999
0.5654169267333332
0.5573176182
0.5582883363333333
0.5615016218666667
0.5549369361333334
0.5392322352666666
0.5248189356
0.5188372259333334
0.5270599404666666
0.5374570838
0.5426521714666668
0.5379669791333334
0.5326880342
0.5302235000666667
0.5324194417333332
0.5356713222
0.5315884918666667
0.5194392148
0.5124703926666666
0.5204607486
0.5296431898666666
0.5298253795999999
0.5282358373333333
0.5194354106
0.5136356107333333
0.5139229242666666
0.5150142649999999
0.5124745092666666
0.5094017576666665
0.5073558957333332
0.5079122394666665
0.5159542645999998
0.5187262252
0.5184029252666665
0.5148553018666667
0.5114610054000001
0.5085758611333334
0.5052398152
0.5026339036666667
0.5000007309999999
0.4951458409333333
0.495684962
0.5008386405333333
0.5067143151999999
0.5040219198
0.5023391387999999
0.5002035345333333
0.5023943803333333
0.5001809136
0.49016683466666666
0.48442117573333326
0.48506609519999994
0.4874172885333333
0.4920649272666667
0.49756967053333334
0.49515721179999994
0.4887628300666666
0.483837108
0.48312834606666666
0.4839579770666667
0.47960979633333334
0.47253242500000003
0.4681845916666667
0.47075223326666665
0.4795967524
0.48881680720000004
0.4916738585333334
0.48400232179999997
0.47446682399999995
0.47000900299999987
0.4748892106666666
0.47621031906666655
0.4693667713999999
0.4634416886666666
0.4638818415333333
0.46802497166666673
0.4729047276000001
0.47706529573333334
0.4755554028666667
0.46923540773333333
0.45884621826666666
