0.71789091815
0.712417672
0.6916005947499999
0.6828550282999999
0.66985882785
0.66251028825
0.6852115252000002
0.75463799265
0.781094346
0.75810789965
0.7327911210500001
0.70587915785
0.6962302469
0.68223519625
0.6717398135000001
0.6608424826
0.6540785688499999
0.6622289390499999
0.68233825885
0.6945726405999999
0.6904712598
0.6761880462499998
0.6688349310999999
0.6530969683
0.6515587861
0.6385383986
0.6284133119499999
0.6247773914499999
0.6236538649499999
0.6355601629
0.6519553059499998
0.6536413073999998
0.6400050720999999
0.6306698059999999
0.6193137818
0.6093689254499999
0.602215979
0.5939040878999999
0.5841824317500002
0.5893996108000001
0.5920085206000001
0.5923875857500001
0.59210292415
0.58783215645
0.5788847664000001
0.57921699335
0.57867395395
0.5735772756499999
0.5622674902000001
0.552189722
0.5548837237
0.5644030481
0.574492919
0.57376666185
0.56437859775
0.5513399348
0.5425320357000001
0.5416327107000001
0.5431473837
0.5394475666000002
0.532991454
0.5274045408000001
0.536336932
0.5489316858500001
0.55491534455
0.55300977955
0.5440755924499999
0.53561992415
0.536321705
0.53672776525
0.52784849985
0.5182796889000001
0.5072018186000001
0.5078730810500002
0.5190732206500002
0.5327266113000001
0.5312603899000001
0.5242493485999999
0.5188112044499998
0.51749007425
0.524135826
0.52814565795
0.5233413085
0.51325543015
0.5049036441499999
0.5041517891
0.5111192690999999
0.5117982772999999
0.5044652878000001
0.4956689755500001
0.4927311040500001
0.4935335867500001
0.49589218665000007
0.49156946420000003
0.4872517436
0.4842806113999999
0.4882446755
0.49448100795000005
0.49824924535
0.4924847885
0.4800923620499999
0.47346649444999994
0.47297721904999995
0.47515135619999993
0.4731893178
0.4683658466999999
0.46290816889999986
0.4613132358999999
0.4631579739999999
0.46898080564999994
0.46963631100000003
0.46541579645
0.46171021775000004
0.46332534675000014
0.4645381275
0.46269980005000005
0.4583490413500001
0.45414200505000013
0.4505009224
0.4509737947
0.45295364764999996
0.44998761555
0.44309379260000004
0.4374569549999999
0.43806860575
0.44341655049999995
0.4464144082
0.44594451035000005
0.4445255949500001
0.44078256285000006
0.44136934890000007
0.44069103775
0.44010204019999993
0.4363517526
0.4309098414000001
0.42712634204999994
0.42875595850000003
0.42857417875000003
0.42863237815
0.42695827455
0.4269336490000001
0.43008254535000007
0.4352464736500001
0.43540750015
0.4311123899
0.4255006956500001
0.42156646145000004
0.42382063175000007
0.42675719249999994
0.42682818219999996
0.4220774196999999
0.42080006789999996
0.41927777504999997
