0.7190080478666666
0.6995527676
0.6907515567666666
0.6823743056999999
0.6755869963666665
0.6702313395666665
0.6851683633999998
0.7291213261666665
0.7437032222666665
0.7301935060333331
0.7235571831
0.7108968501666665
0.6915837094999998
0.6742828027333332
0.6655317014999999
0.6511728679666665
0.6424158962999998
0.6468631228666666
0.6626687711333332
0.6802259037999999
0.6795439421999999
0.6670215685999998
0.6610674079999999
0.6494581016
0.6400170569666667
0.6326542550666668
0.6278907480333334
0.6190997462666668
0.6108468830666667
0.6150193044666666
0.6294090397
0.6365947858666666
0.6253595139333332
0.6148016734333334
0.6047474372000001
0.5948408183666667
0.5887398915000001
0.5870840248666666
0.5845237352333333
0.5858783772
0.5891299984
0.5920668504000001
0.6029080915666666
0.6039625510666667
0.5895141840666667
0.5802029385999999
0.5735074601999999
0.5666433120333332
0.5610056779000001
0.5547080274999999
0.5532217065333334
0.5553403235333332
0.5615918398
0.5698911835666666
0.5759802366666666
0.5705602773
0.5591894684000001
0.5540986982333334
0.5532359708666665
0.5509556233333333
0.5489440199333333
0.5455895384999999
0.5478603972666665
0.5515301772333333
0.5538796655333332
0.5586086554999999
0.5521162959999999
0.5403172955666665
0.5333578545333333
0.5313936651666666
0.5283435333333333
0.5260529591333334
0.5235443816333334
0.5239200087
0.5318899179
0.5390080279333334
0.5402984628666666
0.5392510941666667
0.5316404107666667
0.5213023266
0.5184528234333333
0.5173478851333334
0.5139209962666668
0.5072100637666667
0.5040917698
0.5079659206
0.5128823125666666
0.5156815224333333
0.5144611045666667
0.5119134178666667
0.5058740122
0.5031554053666667
0.5059090156666667
0.5057818428
0.5028004095666667
0.4976930845333333
0.5003879683666667
0.5064877061999999
0.5068461201999999
0.5035496777666666
0.49770868346666663
0.4918135503999999
0.4849674080666667
0.48444452256666665
0.4861123138999999
0.48580221193333323
0.4844128822666666
0.4842434735333333
0.4876677796
0.49358313116666674
0.4926691778333333
0.4879523858666667
0.48290727106666664
0.4809848634666667
0.4770662663333333
0.4758494364666666
0.4789881467999999
0.4749067424999999
0.4724070825999999
0.4711591559333333
0.47371392976666665
0.4733058618333334
0.46766425229999997
0.4626390965
0.4602864877
0.4595309801
0.45895650509999997
0.45940086350000003
0.46282885599999996
0.46148698250000003
0.4613485517666666
0.46129124586666664
0.46435538020000006
0.4632461401
0.4557259495333333
0.4524633102666666
0.45134821266666664
0.4492130847333334
0.4479960847
0.4485827406000001
0.44826626796666674
0.4487862624
0.45067059696666667
