0.9866677804
0.8580445886
0.5402399802
0.3910459154
0.38812597439999996
0.36118756539999997
0.4890503484
0.7942929524
0.9415073622
0.9384697024000002
0.9765659232000001
0.9620018701999999
0.8845834627999999
0.7414262685999999
0.5998570901999999
0.5252811784
0.518966157
0.5276249158
0.6406762512
0.7413293665999999
0.7809473622
0.7677933693999999
0.8144890625999999
0.8078257369999999
0.7601185412
0.6470967754
0.5840472328
0.5653159828
0.552129348
0.603321598
0.7114076394
0.7681230616000001
0.7713035455999999
0.7680212862
0.7279623801999999
0.6934575368
0.6607916730000001
0.5921876824
0.5562083746
0.5864093984000001
0.5752820866
0.578552995
0.6447453302
0.691875738
0.6979559992000001
0.7139247982000001
0.6937018998
0.6539226412
0.6110243827999999
0.5783181752000001
0.5750443387999999
0.6052909478
0.6104060934
0.6110104154
0.6203467696
0.6301893117999999
0.6129572972
0.5821308392000001
0.5617926744
0.5480923466000001
0.528221314
0.5418094934
0.5982964738
0.6260047548000001
0.628431404
0.6425481867999999
0.6555110257999999
0.651163322
0.6345356389999999
0.5814935724
0.5324886356
0.4873632588
0.47297382
0.4960386692
0.5495273883999999
0.5743344744
0.5818261079999999
0.5926185458
0.6080290576
0.6200442486
0.6200034546
0.5991436856000001
0.5628255428
0.5375322812000001
0.5275408909999999
0.5303981561999999
0.5422152147999999
0.5408066916000001
0.5263915158
0.5272798694
0.5341032548
0.523451908
0.5140644714
0.5105330097999999
0.5016909174
0.5166784104
0.5467041286
0.5730853513999999
0.5769764117999999
0.5690933158
0.539888835
0.5271022885999999
0.5198641438
0.5072560540000001
0.4875334112
0.4808439326
0.4875758285999999
0.49598007439999997
0.5052436730000001
0.528080785
0.5375734642
0.526228715
0.5259245546
0.5325430680000001
0.5218093316
0.5097878762000001
0.5082631436
0.5018320894
0.5100760528
0.506288559
0.5078474353999999
0.510074047
0.5066263722000001
0.4831084626
0.48762155499999993
0.4902663994
0.48166500240000004
0.47697906119999994
0.4938703706
0.5086058076000001
0.5220291107999999
0.5203267100000001
0.523411983
0.5236317704
0.5109557784
0.48824723059999997
0.46850879160000003
0.452872483
0.4376961446
0.4426902796
0.4659184404
0.50387351
0.5091871694
0.5049605752
0.497865266
0.4952193672
0.4794916295999999
0.47676973659999994
0.4749405552
0.4639982293999999
0.45111889220000007
0.45542511760000004
0.4804935156000001
0.4951204452000001
0.49014347
0.47706221260000004
0.4751102618
0.46740437980000005
0.4585699568
0.45395861480000005
0.46214396120000006
0.4611101452
0.45617701959999996
0.4650237808
0.4870938024
0.48746003479999994
0.47148581619999996
0.4529572554
