0.9866677804
0.8580445886
0.5402399802
0.3910614086
0.3881418718
0.3612067754
0.489070447
0.79405031
0.9412783821999999
0.9382321992
0.9760464973999999
0.9615410092
0.8882599704
0.7549439072
0.6175718458
0.5476426194
0.5410146432
0.5438521184
0.6441364152
0.7354893946
0.7651452608
0.7492200014
0.7923895718
0.7840186794000001
0.741138159
0.6423301066
0.5717409776
0.560419327
0.5458417832
0.5927598546
0.6882519436
0.7543386531999999
0.7522547390000001
0.7553561576000001
0.7089031542
0.6661577282
0.6294525528
0.5702760866000001
0.527171253
0.5634339766
0.5574138160000001
0.5581210642000001
0.6161594132
0.666246266
0.6771436662
0.695997736
0.6726529593999999
0.6213300495999999
0.5739055474
0.5277743302
0.5179064216
0.5486373395999999
0.5678508022000001
0.5694066606
0.5892464702
0.5967161087999999
0.5901389798
0.5630714316
0.5417701518
0.521374599
0.506247707
0.503266537
0.5420568191999999
0.5639876009999999
0.5703634886
0.5986646574
0.615569336
0.624992623
0.619902234
0.5765298332000001
0.5037312660000001
0.46115329000000005
0.43640996899999995
0.44692954799999995
0.4895223456
0.5233221856
0.5296290002
0.5418883167999999
0.5649073604
0.5832457108
0.5863210092
0.5699507436
0.5391887877999999
0.5135476776
0.49761317139999994
0.49801953860000003
0.5123857218000001
0.5113202008
0.5061077382000001
0.5059116548
0.5232437118
0.513076094
0.504600089
0.49068204159999995
0.48318976
0.48895904439999993
0.5171700724
0.5382561564
0.5426842632000001
0.5328999904
0.5063848616
0.5018451882
0.49301666299999997
0.4783871081999999
0.46067449699999996
0.4523367984
0.44204299240000006
0.4476958381999999
0.4545244438
0.472242727
0.4894417412
0.4919204489999999
0.4989553742
0.5174011662000001
0.5041219396
0.47220604699999996
0.4580573482
0.45224100080000007
0.4502927066
0.4557181076
0.4594788002
0.4596118860000001
0.4463607304
0.43041357939999997
0.44384044840000003
0.4574186556
0.45207350259999995
0.4492837656
0.45519393480000003
0.45447201439999996
0.4616956974
0.4636534286
0.46868252339999994
0.4661034688
0.4498646084000001
0.4332214374
0.424611645
0.408048151
0.398116837
0.40409735179999995
0.42133041159999995
0.4453190566
0.45776360139999994
0.45868813919999996
0.4546962767999999
0.4492298492
0.42918002079999995
0.42591388500000005
0.4224985654
0.4149811286
0.40472367
0.4159131116
0.42257107759999996
0.43522597099999993
0.43405834100000007
0.43245066520000003
0.42991799240000006
0.43473733059999997
0.42521732500000003
0.4207138132
0.4155985982
0.411254721
0.41206023379999995
0.4240869086
0.437559446
0.43553674540000004
0.4261144465999999
0.4077424582
