0.9866677804
0.8580445886
0.5402399802
0.3910477924
0.3881275378
0.3611902226
0.4890532088
0.794858503
0.9420852342
0.9391603241999998
0.9775061411999999
0.9654916754
0.8990625928
0.7700372374
0.6276269626
0.5520373332
0.5409595493999999
0.5474387488
0.6411843594000001
0.74559558
0.787192915
0.7739765312000001
0.8156277072
0.8176497228
0.7690745366
0.6494538948
0.5697910522
0.5472818086
0.532241488
0.5839370369999999
0.6940075306000001
0.7717381634
0.7704585965999999
0.7590212918
0.7157665958000001
0.6811452838000001
0.6434241293999999
0.569632803
0.525562717
0.551189497
0.5432002504
0.5546059522
0.630739073
0.7003530478
0.7157921763999999
0.7222637786
0.6885935832000001
0.6326644596
0.5619203422
0.504342499
0.5058547922
0.5391916078000001
0.5638217368
0.5859824116000001
0.6190880216000001
0.6299826025999999
0.6220152792
0.5848404146
0.5559702302
0.5223058333999999
0.4865982025999999
0.48460879720000005
0.5408056622
0.5773536626
0.6025522358000001
0.646880364
0.6633858828
0.6645772032000001
0.6421956120000001
0.5730043382000001
0.48963789160000004
0.44324961100000004
0.41315039579999996
0.44261180880000006
0.506955237
0.5603763862
0.5795907631999999
0.6023556261999999
0.6152333762
0.631975754
0.6098862167999999
0.562286477
0.5188628874
0.4860511354
0.4689403415999999
0.5002850583999999
0.5404156998000001
0.5474106088
0.5457354684
0.5398500866000001
0.544586016
0.5237693421999999
0.49554705200000004
0.4683197264
0.46763623360000006
0.465289631
0.5070058615999999
0.5639397196
0.5855685370000001
0.5759818546
0.5536248591999999
0.5287226334
0.507390671
0.48893422119999996
0.4434296892
0.43704515920000003
0.44188729680000005
0.4503750388
0.4686512942
0.5287124132000001
0.5469647998
0.5354930416
0.5294260444
0.5295573802
0.51587023
0.487733608
0.4820542566
0.4887755682
0.4936598978
0.4851720368
0.49550045000000004
0.5071647201999999
0.4990191952
0.47470539079999996
0.4721318428
0.46538322460000003
0.4555593538
0.4348179308000001
0.45115895120000005
0.4713576714
0.48218603
0.4843186246
0.5030470638000001
0.5082737634
0.4882545928
0.4782469546
0.46312431839999996
0.442357824
0.42855379740000005
0.4296112242
0.4460463516
0.4817076072
0.481422873
0.478090695
0.48042756760000005
0.4749205678
0.44796054679999997
0.44532062699999997
0.4350519812000001
0.4199360274
0.410402752
0.4210685798
0.44943886239999997
0.47584394779999994
0.4793348116000001
0.47628865459999997
0.46956779839999996
0.464545031
0.4536626558
0.43679147360000004
0.428874581
0.42466042540000004
0.412193291
0.416773431
0.44539533919999996
0.4530647008
0.4477526168
0.45110289740000004
