0.44389625934999993
0.4039386981
0.3615663455
0.3748880991
0.34725480470000003
0.31125319105
0.26691475025000005
0.22169408710000008
0.17915764190000003
0.13872596715000002
0.11248679030000001
0.1243672149
0.1364665941
0.13653904955
0.13959258915
0.1339375272
0.12914585709999998
0.11777185974999997
0.10411459114999996
0.09018828609999999
0.0774145443
0.07207547235
0.08584874629999999
0.0890744401
0.08874336235
0.08511260409999999
0.09406856825000001
0.09659665364999999
0.09386799344999999
0.09118865944999999
0.0876891245
0.08634652234999998
0.08681134665
0.09444657819999999
0.0909612504
0.0881531262
0.0811094936
0.08148097415000002
0.08344259885000001
0.09097172170000001
0.09586738725000002
0.09590206925
0.09080485945000001
0.09280260885000001
0.09534500075
0.0937173039
0.0850133973
0.08397382295000001
0.0833850157
0.0792485345
0.07915720774999999
0.08004207579999999
0.08198398334999998
0.08380489114999999
0.08733206515
0.08836325249999999
0.08772316725
0.0879762209
0.08988394224999999
0.08440445734999999
0.0793990427
0.07980104870000002
0.08189482140000001
0.08284910205000001
0.08578652270000003
0.08690947350000003
0.08576840295000002
0.08033130205000003
0.08090423770000002
0.08382667805000002
0.08021350225000001
0.07508462475000001
0.0701696594
0.06660434070000001
0.07185873755000001
0.0765846003
0.08077690330000001
0.08157560690000001
0.0777812514
0.07498033095
0.07618661099999999
0.0744206169
0.07000378775
0.0670920321
0.06449676215000003
0.0661761589
0.06891639825
0.07265251720000002
0.07077125575
0.06863165795000001
0.07367253994999999
0.07303366684999998
0.07227702629999999
0.07493798115
0.07043224885
0.06643009320000001
0.06398464265
0.060058404350000004
0.05943982295000001
0.05752758335000001
0.055537720449999994
0.05531988654999999
0.05606357669999999
0.0577860167
0.05664414735000001
0.05695848130000001
0.05622390250000001
0.05675663615000002
0.05626787190000001
0.05410430280000002
0.04718397205
0.04421580065
0.0433558064
0.04072046215
0.041678317
0.04305413179999999
0.04478831769999999
0.04726113555
0.048603412400000004
0.0517497945
0.051689844250000005
0.0491948301
0.046872844600000005
0.04484324975
0.044095365000000004
0.0433193295
0.043063424
0.0422404567
0.042862210649999996
0.0443276222
0.046431258999999996
0.04872118134999999
0.04876330575
0.04918836705
0.046308648699999996
0.04342157184999999
0.04171183865
0.040301682549999995
0.03866483835
0.0373088995
0.0380135948
0.04063721755000001
0.042488762050000004
0.043214977099999996
0.04367231605000001
0.044378293299999996
0.04381125605
0.0437335145
0.0446663087
0.04599596614999999
