0.6186394861333332
0.5849228008666666
0.5664241221999998
0.6084635067999999
0.6015634069333333
0.577381052
0.5425565411333332
0.4836403209333333
0.4378018196666666
0.39530403966666666
0.3775915821333334
0.3945880714666667
0.40166175093333334
0.39511791860000006
0.4053323274000001
0.40290037840000004
0.39303534986666666
0.38261162760000006
0.34830432773333336
0.32418377126666675
0.3136294863333334
0.3118283441333333
0.33013523473333334
0.33185185813333334
0.328400721
0.3173896778
0.3166298668
0.31615147113333336
0.30629939139999995
0.2941000445333334
0.2787761939333333
0.28210797779999996
0.2826473891333333
0.29851960366666663
0.30355725520000004
0.2987485161333333
0.29346553919999996
0.2930227745333333
0.29205174106666665
0.27357319613333336
0.2650103556666667
0.2605770856666666
0.2614343952666666
0.2733943995333333
0.28428033980000006
0.29122735866666677
0.28541825480000005
0.28232258340000005
0.28177919619999997
0.27846869700000004
0.2689570272
0.2561300200666667
0.24832867153333332
0.24350644706666666
0.2567208517333333
0.2626572697333333
0.26432496499999997
0.2682482362666666
0.26516499806666666
0.2525606948
0.24578861919999997
0.23249965933333333
0.22432142046666664
0.22540416566666668
0.2270167844
0.2287177734666667
0.23565581160000001
0.23820281226666665
0.2379277815333333
0.2406514778
0.23728410239999997
0.22692549186666666
0.2136346325333333
0.20137097006666668
0.20189353993333334
0.20071124093333337
0.20905280380000005
0.2135256224666667
0.2074462546666667
0.20423890233333336
0.20903657926666666
0.2090002038
0.20425065446666668
0.2026608374
0.1939182272666667
0.1899001374
0.19197259353333335
0.19384846733333333
0.19681711353333334
0.19580440286666664
0.1961713256
0.19544741626666665
0.18996289386666668
0.18649389406666664
0.18487377726666665
0.18615136333333335
0.18038969266666668
0.17706715253333336
0.17602003833333335
0.17868858140000002
0.17878433573333335
0.17798347446666665
0.17339498693333333
0.1750720062
0.16997557979999997
0.16770763546666664
0.1660877686
0.16916929833333333
0.17228295493333334
0.1689558176
0.16134658353333334
0.1625420342
0.16112142073333333
0.15588722013333328
0.152007959
0.14920826546666663
0.14892490573333333
0.1517075602
0.15125698566666668
0.15483057113333337
0.15491094746666667
0.15260894793333335
0.15003133566666665
0.14893022506666667
0.14910561733333336
0.14713652466666666
0.142966461
0.14047882413333335
0.14361164959999997
0.1430466518666667
0.14363435806666666
0.14335375666666667
0.14294330066666666
0.13927185120000002
0.13845780526666665
0.13892476080000002
0.13441097793333334
0.13372714979999997
0.13275506686666666
0.1278747992
0.1265591518666667
0.12461543393333334
0.12658325973333331
0.12321306573333332
0.1265956924
0.12777693200000004
0.13074381940000002
0.12810503466666667
0.12533933153333335
0.12451643473333335
0.12418914500000001
0.12627317873333335
0.12545959186666666
0.11988964939999998
0.12343992419999998
