0.811071726
0.7256787187
0.6858259531
0.7477458794
0.7101601828
0.6839187351
0.6499823214000001
0.6102644531
0.5766251264
0.5468403944
0.5335923161999999
0.5728404854
0.5506033415999999
0.53472678
0.5470684158999999
0.5473576349
0.532497602
0.5158719137
0.49469157140000003
0.47700607480000007
0.47162992690000005
0.45931677419999994
0.4876662211999999
0.4487915748000001
0.43267245170000007
0.4185706844
0.42383296560000006
0.4333016840999999
0.4346295453
0.4251296196
0.4116783825
0.413526347
0.40264218330000007
0.41516808029999996
0.4187413525
0.39629789149999994
0.39080190299999995
0.3847560417
0.3795405535
0.37647650610000005
0.3737241334
0.3696452472
0.384964391
0.40408164859999995
0.3696085723000001
0.36753559140000003
0.355308014
0.3478745367
0.3532138878
0.3592523789
0.3594166845
0.3641571495
0.35494570029999994
0.3515912293
0.38494111509999995
0.37822274019999996
0.36018031
0.3537676034
0.3403576665
0.32489093049999995
0.31789381990000004
0.3050043828000001
0.3077444328000001
0.3094956618
0.29913011449999993
0.31171447129999996
0.3119687683
0.3013576832
0.30529624069999994
0.31003456789999995
0.301774114
0.30056793270000004
0.2947239239
0.2850317382
0.2909619628
0.2881585345
0.2863152737
0.288926743
0.2694186891
0.2601485643
0.2620530625
0.2621933177
0.25678095970000003
0.2531873235
0.24908217119999992
0.24940725019999999
0.2647243384
0.2676207629
0.2778351766
0.27072591830000003
0.2636547997
0.25229268759999995
0.24593670860000003
0.2425108165
0.2396716221
0.23560710900000004
0.2322972814
0.22711875829999997
0.2215471482
0.23002788889999998
0.24329929110000004
0.2451219618
0.24144811390000004
0.23981844469999997
0.23708792889999994
0.23123284920000003
0.22106862249999998
0.21426423919999998
0.21991036689999993
0.2084152843
0.1978574536
0.2025969204
0.20945880919999998
0.2112651283
0.20979696579999998
0.2094681765
0.21330553330000002
0.21778908020000004
0.2063470765
0.20743021920000002
0.20335918570000003
0.1961749715
0.187666033
0.18751908090000002
0.1861539002
0.18536350810000002
0.18369129620000002
0.1855919953
0.19250271620000003
0.19652187200000004
0.19628181200000003
0.1937067245
0.19078184670000004
0.189103459
0.18228346489999997
0.1777961822
0.1725711651
0.1697380761
0.1655668452
0.1654791302
0.16999859609999998
0.1664011711
0.1709513075
0.16857371849999997
0.16730508500000002
0.1671360245
0.1628718536
0.1626055627
0.15788183349999999
0.1587752637
0.1541832341
0.1642146732
0.15715349140000004
0.1500160563
0.1584950576
0.1645409716
0.1704273651
0.1704882525
0.16567144789999996
0.1615726488
