0.6925866777333334
0.668800404
0.6571971058666667
0.6994550502666667
0.6956299390666667
0.6756761907333335
0.6474747872666667
0.5915352338666666
0.5597175952666666
0.5277763951333332
0.5235100170666667
0.5465196601333333
0.5490378248666666
0.5349804238666667
0.5442709963333333
0.5375377539333334
0.5226069255333333
0.5123797435333334
0.47501585706666666
0.4517672336666666
0.44554191020000006
0.44590827706666675
0.4718538169333334
0.46899118100000003
0.4638950662000001
0.4475713306
0.4438006472666666
0.43629662466666663
0.4209561264
0.412338924
0.3941789518
0.3991488727333334
0.40098571886666673
0.42237898166666665
0.42543454073333337
0.41758187933333335
0.4071406325333333
0.40382517940000007
0.40058054666666665
0.3733371633333334
0.36335736846666666
0.3580518582666667
0.3622750087333334
0.37851284700000004
0.3826009767333333
0.3895678866
0.38740135699999995
0.382241499
0.3799596892
0.37846599960000005
0.3650157147333334
0.3507615239333334
0.340038354
0.33408009113333326
0.3521761335333332
0.35511807266666656
0.35176877999999984
0.35330987866666663
0.3492660013333333
0.3365344060666666
0.3324647317333333
0.31423978513333334
0.30266847420000004
0.30112267233333334
0.29930486300000003
0.3026485112000001
0.31080665213333336
0.3128807211333334
0.3113736787333333
0.3131288335333334
0.31180197893333333
0.3015876711333333
0.29056624713333334
0.27528555713333336
0.2743098702666666
0.2697302406666667
0.27782004486666667
0.2833206520666666
0.27704475273333334
0.27275346526666666
0.276290879
0.27751616113333333
0.2717845842666666
0.2695372604
0.2604628932
0.25272465573333336
0.2545717234
0.25425698453333334
0.2583436534666667
0.2587560196
0.25839285986666666
0.2567927992666667
0.25196684886666665
0.24897610313333332
0.24800996479999995
0.24947874379999996
0.24192616773333328
0.2373973556666666
0.23322789479999992
0.23575469439999994
0.2368243325333333
0.23608661139999995
0.23022621626666667
0.23313742333333334
0.22617877740000003
0.22312697480000004
0.22112631086666668
0.22426248313333333
0.22472691739999998
0.22108586093333332
0.2129224037333333
0.21377334073333332
0.21349997453333333
0.2099640392
0.20602933706666668
0.2048671408666667
0.20514837460000004
0.2070426552
0.20363316326666667
0.2062469276
0.20430565686666663
0.20063407213333326
0.19637855206666663
0.196298076
0.19558860706666667
0.19406503526666666
0.19003504119999998
0.1877054833333333
0.19152173926666669
0.18866647473333328
0.18592660273333333
0.18366525613333332
0.18385961653333333
0.18067859953333334
0.1811879632
0.18332763346666664
0.17843592266666664
0.1781403431333333
0.17550995026666666
0.16948203546666668
0.1672452196
0.1639056522
0.1654270594
0.16006100239999999
0.16635902853333334
0.1679470114
0.1730085950666667
0.16916154353333335
0.1651247664
0.16557593359999997
0.1645643278
0.1673445614666667
0.16580683326666668
0.1588108126
0.16262870159999998
