0.6150622158333334
0.5957036647666668
0.5847884247000003
0.5872354536666667
0.5736985863666668
0.5606090504666668
0.5466915321666668
0.5316945254000001
0.5143543881333333
0.4958357306666667
0.4855406738333335
0.49516015370000016
0.4926672247666667
0.47796827513333334
0.4783049601666667
0.46585835286666666
0.46087789913333327
0.45668273119999997
0.44869741936666657
0.4386008871999999
0.43156189476666657
0.42652445479999995
0.4378394981666665
0.43478586383333323
0.4186161147666666
0.40546434953333327
0.4009262527666666
0.3992858167
0.3997344867
0.39746995036666666
0.3918734192000001
0.3932751148666667
0.3916136089333334
0.4011693354333334
0.4019502701666668
0.3912987970333334
0.3789510782333334
0.3719317667000001
0.36733031890000006
0.36275664843333344
0.35923772056666675
0.3549103191333334
0.3577924437000001
0.36388942416666675
0.35956769140000006
0.36101630916666677
0.35082057106666664
0.3424549866
0.3405411807666667
0.33888543129999993
0.3338321129666666
0.33078408803333326
0.3264595375666666
0.32272688493333324
0.33265248353333327
0.33346002579999995
0.32667822556666665
0.3219380629
0.31227577923333333
0.3054221381666667
0.3010974862
0.296029915
0.29299456313333333
0.2890837125333333
0.28602916413333335
0.28946969510000004
0.29416140663333334
0.29233265270000003
0.2904554695666667
0.2867958633666666
0.28226331733333326
0.27807969726666665
0.27241161583333334
0.26681460530000006
0.26653294493333335
0.26406155026666667
0.26730642206666666
0.2676437504666667
0.26301042793333335
0.26038171503333335
0.26288481140000003
0.2597211644333334
0.2545909699666667
0.25138257760000005
0.24810879380000003
0.24477449413333338
0.24532916740000002
0.2422416004
0.24574053840000004
0.24246739850000004
0.24075991733333338
0.23895955506666672
0.23811466600000003
0.2368515102666667
0.23454791286666668
0.23120057376666664
0.22784975423333334
0.2254486651
0.22159596699999998
0.22089201573333334
0.22084573670000002
0.22061749300000003
0.21863443573333333
0.2183852933
0.21621285250000002
0.21371631583333336
0.2108801915
0.21032051759999998
0.21051249669999997
0.208337234
0.20349371949999998
0.20190419096666667
0.20060272893333334
0.2007428892333333
0.1973479059
0.19539687179999998
0.19440681536666665
0.19545113586666665
0.19215588139999998
0.1937174454
0.19381664516666666
0.1895349974
0.1872594476
0.18590401313333332
0.18253532126666663
0.18065512743333334
0.17697034669999998
0.17656627136666667
0.17579137083333332
0.1775127516333333
0.17693680706666667
0.17833692560000003
0.17651058003333334
0.17290168296666666
0.17338194839999999
0.17394598063333333
0.17289024206666664
0.1719735882
0.16716038143333334
0.16605536853333336
