0.7590254264000001
0.74839552195
0.7435610291500001
0.7387981149
0.7324425656000001
0.7281065462
0.7502908574
0.8030415464999999
0.7827478606
0.7750817495500001
0.7771528623
0.7716554236000001
0.76090718215
0.7518386502
0.74743611195
0.7471929918
0.7458601502
0.7808053728
0.7686044763
0.76595988195
0.7780679214999999
0.7692525591499999
0.7605389224999999
0.7575473009
0.76145002685
0.7646217213
0.7718957998
0.7571398551499999
0.7837707533
0.7721293697
0.74954642325
0.75533886405
0.7610835123
0.76998839925
0.7629834071499999
0.7427473268999999
0.73068247265
0.7253874472999999
0.7592533911999999
0.75752151125
0.75766635055
0.7590424778999999
0.7455106434000001
0.7347478461500001
0.73591280515
0.7358938965499999
0.73299599865
0.7419446375499998
0.7504505338
0.76445504685
0.7651370179500001
0.76652546005
0.7628149998
0.7549162318499999
0.7601136972499999
0.75868358365
0.75265447025
0.75243969725
0.7502735923999999
0.763678398
0.74706854125
0.7222468291
0.7470957632500002
0.76467955975
0.75606298475
0.74634319525
0.7432113872499999
0.7486010416
0.7440268081499999
0.7583362261
0.7828166013499999
0.7718790806
0.76144430255
0.7442006704499999
0.73401195045
0.7471057702499999
0.7482527140999999
0.7401248828
0.7439725638499999
0.7347115332499999
0.7540823669499999
0.7924302839499999
0.777405336
0.7592191484999999
0.7674315490500001
0.7693160758
0.7760063472500001
0.78163894195
0.7807598261
0.76422429205
0.7270879799500001
0.737536653
0.7481956165000001
0.76023145265
0.7572485325
0.7634053147
0.7803797786499999
0.78911493535
0.79135659695
0.8048603028500001
0.804782256
0.7886739116
0.7827429408000001
0.7862340433000001
0.7407801546000001
0.7475906315500002
0.7470118294500001
0.73804128845
0.7431230821000001
0.7620244135
0.8008788604000001
0.7962065222000001
0.7977928440500001
0.790443616
0.8067538755499999
0.778518996
0.7677603664500001
0.75138929385
0.7512789870000001
0.75153090325
0.74717063285
0.7618223856
0.7839500293000001
0.7764905324500001
0.8190442787000001
0.81934218475
0.8150350669500002
0.8075958441000001
0.7721116826500001
0.7594620711500001
0.7556349392
0.7608970286
0.7618311992000001
0.7706939956000001
0.76677533865
0.7921627295000001
0.8062256648500001
0.8139531232499999
0.78606166705
0.7673004824999999
0.7682011054
0.7538052583
0.74476221935
0.7677807441500001
0.7477001554
0.7393870863500001
0.7441158107
0.7569761979499999
0.7947871193999998
0.7996429691999999
0.7807866769499999
0.7641377560999999
0.7551520935499999
0.7611880340499999
0.7617115797499999
0.7629391581999999
0.7473186291999999
0.7553656933
0.7724507321
0.7750311594
0.7772724591
0.7795334265
0.7646036897499999
0.7486475213499999
0.7529631666000001
0.7471678361499998
0.7423387793499999
0.7363274153499999
0.7357435712999998
0.7438824122499998
0.7650651900999998
0.7682113538999998
0.7771667171499999
0.7818183852499999
0.7841994671
0.7394821174499999
0.7073569451000001
0.70358098575
0.7026736626000001
0.7196656934000001
0.7234189112500001
0.7412499388500001
