0.9963128702
0.8617321478
0.6249801706
0.5538126232
0.5039441337999999
0.47755686280000004
0.5965993862
0.8264409118
0.8941289970000001
0.940462847
0.9632552382
0.9623094612
0.8275890286
0.72158472
0.6665075712
0.5989767344000001
0.5729410926
0.6952340056
0.7856661194000001
0.8188557104
0.8726373494
0.8693134896
0.86290224
0.729611606
0.6745008696000001
0.6737421272
0.6820576509999999
0.6579034544
0.7704921553999999
0.8298802966000001
0.8434157562
0.8591283676
0.9071817912
0.7886480243999999
0.7406026512
0.7224764532
0.6665107284
0.6141682044
0.7414374177999999
0.8008162899999999
0.8188525486
0.8798864521999998
0.8493059706
0.8345054156
0.7172182410000001
0.6134409350000001
0.615829908
0.6736780830000001
0.7153627391999999
0.7932964464
0.8162193708000001
0.760502802
0.7643975312
0.7457079922
0.7187550675999999
0.7821525478
0.7799507494000001
0.6946609888
0.6434152376
0.7143814656
0.7317627326
0.7757005352000002
0.8350419472
0.8973161662000001
0.8313872078
0.7304134205999999
0.7499477536
0.757159532
0.7332255314
0.775931048
0.7904056336
0.7050188428
0.722896321
0.7271374344
0.7330138706
0.7356923782000001
0.6583201848000001
0.6732852528000001
0.7010391069999999
0.6839198125999999
0.7288613486
0.8595587678
0.8410630606
0.8147051597999999
0.8404801731999999
0.8763070450000001
0.864618527
0.8085325757999999
0.7339209806
0.6786339454
0.6475623091999999
0.6105133768
0.637618642
0.7262250079999999
0.7358122018
0.763598765
0.8350304641999999
0.8224070656
0.7620254456
0.8147998758
0.789796184
0.793863021
0.8579974843999999
0.9008678701999999
0.8276511451999999
0.7073946616000001
0.7107397499999999
0.674759274
0.6518074868
0.6507309072
0.7928316482
0.7818858794000001
0.8012959173999998
0.8507255852
0.9262592832
0.9291065302
0.868206996
0.7969190874
0.741535231
0.5584792827999999
0.5610296862
0.6272146923999999
0.6791908750000001
0.7284240254000001
0.9126281808
0.920547577
0.9075185210000001
0.9137654963999999
0.8410896224
0.8296487553999998
0.7033921906
0.6681012564
0.6156817166
0.6940670692000002
0.705367394
0.8037130776
0.8444550726000001
0.9271620292
0.8423814128
0.8285327845999999
0.8497158938
0.8400654178
0.7737741342
0.7109086262
0.6742993506
0.6657185948000001
0.6909663676
0.7307069168
0.8354188742000002
0.8589018254
0.8495033518000001
0.8494158014
0.8241694127999999
0.755537755
0.7074679694
0.7078665812
0.6347734464
0.6503984136
0.7692577212
0.7501314762
0.7344598176
0.8013076273999999
0.8226300486
0.8189341272
0.8820706057999999
0.8313169572
0.7710541492
0.7234104992000001
0.7010225328
0.7071762676000001
0.7781132768000001
0.7821392938
0.8250238118000001
0.8005885472000001
0.7607462879999999
0.7651997848
0.7636326355999999
0.6873503994000001
0.6740448782
0.661859505
0.6140413257999999
0.6525290388
0.7095249509999999
0.7673183269999999
0.8457475884000001
0.9029063730000001
0.8745444473999999
0.8867677063999999
0.8853217886
0.868444487
0.6757809861999999
0.5387216586
0.5306808862000001
0.48400965659999995
0.5026111932
0.70094696
0.8992046106
