0.8123749904000002
0.8068803317333334
0.759670037
0.7231754467333334
0.7036381840000001
0.6799296118
0.7106166466666667
0.783087982
0.8004599454666668
0.8086087095333334
0.8116231073333334
0.8015213478000001
0.7952417580666666
0.7456208151333333
0.7199547170666667
0.715118737
0.7081040777333333
0.7386799
0.7619232936
0.7744122922
0.7965984109333333
0.8034998360666666
0.8093291618666665
0.7629172619333333
0.7483279391333333
0.7465447788666667
0.7358989156666667
0.7264178166666666
0.7668591992
0.7904330792666666
0.7949149193333334
0.8018418494000001
0.7902186554000001
0.7881969526
0.7528790607333333
0.7182566455999999
0.7207423628666665
0.7123840859999999
0.7637685241999999
0.7704436591333332
0.7495042848000001
0.7520730540666667
0.7624605282666668
0.765192049
0.7430899183333334
0.7372709511999999
0.7187611531333332
0.7109122009999999
0.7014953230000001
0.7421443265333334
0.7767115504000001
0.7720513621999999
0.7647001557333333
0.7621464653333333
0.754841247
0.7481095670000001
0.7685330127333334
0.7622874893333333
0.7579856450666665
0.7738999071333333
0.7508605956
0.7435557105333334
0.7716992667333334
0.785893044
0.7801107088000001
0.7521704774666668
0.7044289270666666
0.7177803685999999
0.7204673576
0.7309549103999999
0.7516531201333332
0.7409659317999999
0.7457482114666667
0.7476272337333332
0.7524712854666668
0.7802869239333334
0.7941658265333333
0.7742936297333335
0.7498884157999999
0.7343446437333333
0.7509102342666665
0.7782302238666665
0.7624047594666666
0.7582837161333332
0.7516421068000001
0.7624893730666666
0.7700541226666667
0.7561860944666668
0.7407238114000001
0.7430820076666667
0.7336524194
0.7464689540000001
0.7726743973333333
0.7963727746
0.7927544076
0.7535965368666667
0.7798777450666666
0.785054608
0.7715669341999999
0.7643939760666666
0.7633408312666664
0.7621628834666666
0.7780175586
0.8011336474
0.8015471118666667
0.8097776133333334
0.7869442084666667
0.7576580929333334
0.7480227676666668
0.7118231577333334
0.7609892882
0.7591025226
0.7591352932666666
0.7735616138666668
0.7991222489333333
0.8035612644666668
0.8009800698000001
0.7966251529333334
0.7703496262666667
0.7669187396666667
0.7283231512666666
0.7342781566000001
0.7362126960000002
0.7545269056666668
0.8158814434
0.8092176150666667
0.8066916166666668
0.8188697474000001
0.7925127014666666
0.7878496446666666
0.785607054
0.7842072489333333
0.7722059600000002
0.7491190360666669
0.7360665097333334
0.7730491887333335
0.7918289526666668
0.8105476934
0.7962363044
0.7872446535333333
0.7883126134666667
0.7934825289333333
0.7762168212666667
0.7672884184666667
0.7468897151333334
0.7410295092666668
0.7250518718
0.7350915810666666
0.7867381168
0.7721670903333333
0.7639432502000001
0.7618322917333332
0.765732625
0.7812432011333332
0.7798900171333333
0.7578811186666666
0.7357117409999999
0.7321463204666667
0.7630714604000001
0.7797927832
0.7812966838666667
0.7848336901333333
0.7903547865333332
0.7735150690666667
0.7833310538
0.7915433396
0.7722753595333334
0.7452615701333334
0.7252186527333333
0.7099273535333331
0.7191181291333332
0.7327669894
0.7406330540666666
0.7473172508
0.7561177938
0.7607158278666666
0.7635687072666666
0.7612143522666666
0.7755616646
0.7920171934666667
0.7309095616666668
0.6885983816000002
0.7089911812000002
0.7122165907333335
0.7389344228666668
0.7598781064000001
0.7708235722
