0.3211818090666666
0.29408465070000006
0.2733266084
0.2814102570666667
0.2637676714666667
0.23871205823333333
0.21310409340000003
0.18350572466666668
0.15350363046666668
0.12338381663333334
0.10134992023333331
0.10616960619999997
0.11592784886666664
0.11892413543333331
0.11995949933333332
0.11482348999999997
0.11364869033333333
0.10720267566666664
0.09792318719999997
0.09001812516666666
0.08371038583333332
0.08235653353333333
0.09015660916666665
0.09444924313333332
0.09290530193333332
0.08997868166666664
0.08923392229999999
0.09003031603333331
0.08969360176666666
0.09154765299999996
0.09027031819999998
0.08719284243333332
0.08548669243333333
0.0897665083
0.09046110706666667
0.0880100078
0.08422705046666668
0.08467065113333334
0.08410347023333335
0.08272495743333334
0.08487216146666669
0.08766760250000002
0.08758010053333334
0.0909362105
0.09196443713333333
0.09214578060000002
0.08500365496666665
0.08428336086666666
0.08703756763333331
0.0870248516
0.08474359699999999
0.08282919333333333
0.08220900893333333
0.08203485753333332
0.08701128859999999
0.08718090599999997
0.08733299003333332
0.08390420306666665
0.08241122946666667
0.07796159500000002
0.07443623813333336
0.07378930616666667
0.0738233005
0.07347069839999999
0.07630692833333334
0.0807239782
0.08217932563333336
0.08268455016666668
0.08330172476666668
0.08417938256666667
0.08276319916666666
0.07908155406666666
0.07422221186666665
0.07089295150000001
0.07178775326666667
0.07238951026666668
0.07479514403333334
0.07368840060000001
0.06966943846666668
0.0674463954
0.07061856963333332
0.06927771826666666
0.0674114371
0.0681966178
0.06607074576666667
0.067071058
0.06765681876666667
0.06916928503333335
0.06899211493333333
0.06664665276666668
0.06631267796666666
0.06590506193333333
0.06481815673333333
0.06501406883333333
0.06164469313333333
0.059305430933333333
0.05842647683333333
0.0571424201
0.05532718546666667
0.0535290433
0.051283477
0.0491411741
0.04964611620000001
0.05061557116666667
0.05085844900000001
0.05165637326666667
0.05157143173333334
0.05224169726666668
0.05421355270000001
0.05539207713333334
0.05165754749999999
0.0500125041
0.0478820356
0.04495091456666666
0.044086770566666655
0.04389825513333332
0.04447899773333332
0.045263788333333325
0.04427544393333332
0.04472906919999999
0.0452125027
0.0447420373
0.04477926890000001
0.044883804733333345
0.04396811656666668
0.04263176696666668
0.041896722500000004
0.0412717282
0.042478197
0.04419514160000001
0.045543962666666674
0.047626782033333336
0.04730400603333333
0.04661392453333334
0.04541610326666667
0.04478102946666666
0.04382762329999999
0.04291204096666666
0.04165070813333334
0.04089318363333334
