0.5107699322666666
0.4889790753666667
0.4745178749
0.47838391726666674
0.46287358910000004
0.44550526916666666
0.42719244263333334
0.40688777783333335
0.3848268389000001
0.36185238033333345
0.3474906299666668
0.35560896913333345
0.35890661103333343
0.3507086550000001
0.3497161859666668
0.34083828616666684
0.3375716638333334
0.33262950836666677
0.3234119657
0.31387051323333337
0.3061890012333333
0.30264694166666667
0.3115790046333334
0.3119517996
0.3009869585666667
0.29120001673333334
0.2886034762333333
0.28879293320000005
0.2898468954666667
0.2891901921666667
0.28500177629999995
0.28376311629999995
0.2824849862666666
0.2901493999333333
0.2910129761
0.28385277166666667
0.2747977796333333
0.2706757230333333
0.2677790940666666
0.26514702393333334
0.2638338127
0.2624510253333333
0.2648413157666667
0.2692796988
0.2684205173000001
0.2685079889333334
0.2589589570666668
0.25332200193333343
0.2535916809333334
0.2527427407000001
0.24883740033333338
0.24589291583333342
0.24326574190000005
0.24071711430000003
0.24868616476666672
0.24997068606666667
0.2456252284333333
0.24094143439999996
0.23326798406666663
0.22722711736666662
0.22324993006666669
0.22077623156666668
0.2189235214666667
0.21642521016666671
0.2156278433666667
0.21887717636666668
0.2223280077
0.22122673336666665
0.22029430946666664
0.21728485253333338
0.2135921199
0.20944904270000003
0.20374154993333338
0.1990940418
0.1988489714
0.19844128326666668
0.20225011003333332
0.20174425816666666
0.19697007436666666
0.1945563398
0.19759397129999995
0.1946949482333333
0.19065890349999998
0.18934043786666666
0.1863034043333333
0.18434223656666665
0.18497803399999999
0.18362172713333338
0.18594455986666672
0.1828899913333334
0.1819394805333334
0.18076759243333337
0.17956609610000004
0.17938842450000003
0.17691479743333333
0.17374897343333334
0.1714658634333333
0.16909428663333334
0.16595362923333334
0.16534827020000004
0.16399630060000003
0.1634541901
0.16255127356666668
0.16316449593333332
0.16240307546666666
0.16130929146666664
0.15934835826666666
0.15960031700000002
0.16060659
0.15903071746666667
0.1542415541
0.1527542476
0.15080012243333335
0.14974943486666664
0.14752730543333334
0.1464213117666667
0.14613933120000006
0.14732543043333338
0.14526441843333338
0.14664418820000005
0.1469178541333334
0.14350996293333335
0.1418792427333333
0.14084264596666665
0.13849020826666666
0.13684783826666666
0.13379094746666667
0.13353104193333334
0.13341235766666668
0.13482117213333333
0.13570564503333332
0.13704878803333334
0.13552416766666667
0.13230559136666667
0.13148712
0.13155695290000002
0.13034207833333336
0.12959337083333333
0.1263223581333333
0.12565736169999997
