0.5425439329599999
0.51549661112
0.49600098408
0.51196540976
0.5003538911600001
0.48225330256
0.45777111692
0.4319552874
0.39428751951999996
0.36397182248
0.34928795548
0.36289093644000003
0.3707275623600001
0.3666707292800001
0.36854484612000016
0.36179404796000014
0.35452085068
0.3458373934400001
0.33066694052
0.31587587372000003
0.30309038772
0.30150197891999997
0.31135952832
0.31071818992
0.30892375180000003
0.30198211588
0.30221741708000005
0.30554417652
0.30483102276
0.28948936736
0.27906003432
0.27504589215999997
0.27313105403999993
0.2857209835999999
0.29193381483999997
0.28964911111999997
0.28565592531999995
0.28267193751999997
0.28067459275999995
0.2789645374
0.27292252551999996
0.26591750903999994
0.26485049675999994
0.26715525615999997
0.2670618516800001
0.26938867980000003
0.26437608448000005
0.2644915623200001
0.26570822024000007
0.2613358786000001
0.25787317296000006
0.24907639740000012
0.24145112508000008
0.24068604752000003
0.25103069036000003
0.2511469762
0.25096474459999996
0.25091154695999995
0.24587528535999997
0.24088453447999997
0.23702272604000002
0.22928042672
0.2232787918
0.21746328456
0.21539078436
0.2169257012
0.22083006764000002
0.22056929564
0.21904993208
0.21954152072000008
0.21897456192
0.21776988788
0.21251299788
0.20837278896
0.20569905396
0.20348963696000003
0.20496418724
0.20499501992000002
0.20031105328
0.19666335544000002
0.19739783247999998
0.19670503043999996
0.19162534459999997
0.1881895996
0.1860749004
0.18829491847999996
0.18984840835999997
0.19057250988
0.19316222992
0.19177607884
0.19033349384
0.18632258964
0.18091663860000004
0.18088650420000005
0.17610536192
0.17260046620000005
0.17095756932
0.17057653092000002
0.16996287012
0.17109745460000003
0.17116278616000002
0.17219007275999998
0.17093628192000002
0.16860429388
0.16549821252000002
0.16215565776
0.15840908331999998
0.1579634384
0.15974435916
0.15807943823999998
0.15385621668000002
0.15428912247999998
0.1543550408
0.15370898215999998
0.15334767616000003
0.15217409952
0.15117986468000003
0.15118658424000003
0.14972807992000003
0.14934085576000006
0.14771169132000003
0.14476867616000003
0.14222783979999998
0.13993769692000002
0.13978063084
0.14040312304
0.13741048871999997
0.13791847824
0.1398296902
0.13886778028000002
0.13858463136000002
0.1365941816
0.13611200396
0.13290172796
0.13239992852000002
0.13143128204
0.13164959904
0.12907205919999998
0.1257831608
0.12502712128
0.12663469524
0.12739451936
0.12890693888
0.12559649008
0.12710374368
