0.6915913268
0.6857916718
0.7289765941999999
0.9212918207999999
0.967886706
0.9330957178
0.7703696736
0.653795677
0.5882182549999999
0.46721886039999994
0.45307298859999995
0.5502398665999999
0.5888190463999999
0.5888550749999999
0.6517842507999999
0.6408598658
0.6218148216
0.5319909782000001
0.5020794558
0.4643260742
0.47659719680000007
0.4675042922
0.52630345
0.5140067408
0.5167026640000001
0.49515619920000004
0.4785016628
0.4788448024
0.40896137460000004
0.3742729628
0.36487233459999996
0.3917188762
0.4104131984
0.4840054276
0.5007095718000001
0.482685458
0.46118140280000003
0.4196318732
0.369901577
0.3620342374
0.3349790628
0.3445463392
0.372912085
0.41322994040000005
0.413559813
0.43508111720000003
0.41569415559999995
0.41893158
0.41861012259999997
0.3444174396
0.32001192539999995
0.31391508
0.29498136119999996
0.303698478
0.3898256776
0.4136106172
0.43259483539999993
0.4328115558
0.417570467
0.40115488159999996
0.36142460159999995
0.3057746564
0.29232214500000003
0.2809713284
0.2655478414
0.29031899920000004
0.3169368482
0.3347959352
0.3492562086
0.34290049520000004
0.3456505944
0.32000785080000005
0.28088734239999996
0.27314048
0.28946625239999996
0.27197594
0.2954752574
0.3229588858
0.3117243476
0.307019753
0.31777940239999997
0.2892799052
0.2678525131999999
0.2409918438
0.2264436054
0.2194353796
0.248704972
0.2591505572
0.2784180668
0.2847970374
0.29165785499999997
0.2945636062
0.2883506824
0.2892018706
0.2701480368
0.24708073260000002
0.220446592
0.215269714
0.20741102299999997
0.2213229846
0.236439992
0.2553681996
0.2522801502
0.2503154158
0.252558873
0.26491550680000003
0.24996371160000003
0.2446422028
0.2419572456
0.2333822256
0.20911749880000002
0.202927923
0.1937562958
0.2071396086
0.1925952336
0.1953479188
0.21048729800000002
0.23438895079999997
0.22508389799999998
0.2372801236
0.23430179359999997
0.2279048012
0.212354677
0.19766861100000002
0.188212654
0.18495171019999998
0.1770530246
0.1743843378
0.18814698079999997
0.19324800520000002
0.19366346680000002
0.19694439060000002
0.20239664140000002
0.20307863620000002
0.20530516199999999
0.20357992879999998
0.19610770840000002
0.18633547079999996
0.18333960079999997
0.167446257
0.1605364126
0.1579436694
0.16284673740000002
0.1556175616
0.1708124706
0.185866559
0.1812563902
0.18523882120000001
0.18757268840000002
0.17018737879999998
0.15533268719999999
0.152516897
0.1481956196
0.13699275719999998
0.15807723619999997
0.162641788
0.18525249800000002
0.1740501898
0.1708088536
0.16846318580000003
0.1757185082
0.16426428939999999
0.1751746904
0.16863082700000004
0.16134568280000003
