0.4888670728000001
0.4433703270000001
0.4207623874000001
0.4733941858666668
0.4700044560000001
0.44806745380000007
0.40584907046666674
0.3375705175333333
0.27079743813333335
0.20870063926666665
0.17231051306666664
0.18350656139999996
0.20138639346666665
0.22298662039999997
0.2456561737333333
0.25759481626666664
0.25518287046666666
0.24524441366666666
0.20912964440000004
0.18283033759999998
0.1569922819333333
0.1525179838
0.16793839199999996
0.18253293006666663
0.19246323826666664
0.19025344086666668
0.19744537966666667
0.21353338226666665
0.19920676106666668
0.18386918086666668
0.17223891206666667
0.18700675866666666
0.1814513702
0.1891047292
0.18718072006666667
0.194368778
0.21064197333333334
0.23524374066666667
0.25000678713333335
0.22915619093333336
0.22284111040000004
0.2100941554666667
0.1936515228666667
0.20970180773333336
0.24317473893333336
0.2546739996666667
0.23428242286666662
0.22882375379999997
0.23095763499999997
0.22909322666666662
0.2162204421333333
0.20847611399999996
0.1878049426
0.1677235736
0.18033740740000004
0.19680620840000002
0.23648132273333333
0.26618968526666664
0.27467308446666666
0.23940121793333338
0.2179815094666667
0.2062982062
0.23627642793333334
0.2665900782
0.2909791288666667
0.3207236766
0.3262544553333333
0.3343658065333333
0.351529109
0.3686087447333333
0.34253470886666665
0.3068521034666667
0.27015148013333334
0.23219788906666666
0.25066873599999995
0.2666579854666667
0.2887953817333333
0.27550985399999994
0.2616515426666667
0.27536311846666667
0.28634536726666665
0.2814429572666667
0.2747958560666667
0.2738347206666667
0.27343129326666665
0.3027527678
0.3073415689333333
0.3053670820666667
0.3146943228666667
0.29492656006666673
0.28911846086666665
0.2833583683333334
0.2748967412
0.26222552179999997
0.23404425566666667
0.2313024991333333
0.24129428720000004
0.26619227920000005
0.2838270649333333
0.2770935970666667
0.2565667289333333
0.2453038212
0.2374283796666667
0.24982034933333339
0.25919995320000006
0.2635328034666667
0.27059522620000004
0.27803648113333335
0.29816004246666666
0.3222696028
0.31402148673333335
0.2985845110666666
0.2732281845333333
0.23227087933333332
0.21882304959999999
0.2167154679333333
0.21936958859999997
0.24767760653333332
0.2659008532666666
0.28541575886666665
0.304000288
0.31681455866666663
0.3222193061333333
0.32060265273333327
0.32345700246666664
0.300830262
0.2811832224666667
0.26490096346666664
0.26567183106666664
0.27566090206666666
0.3167294909333333
0.3351374058666666
0.3288781775333333
0.30262622173333326
0.2772570272666666
0.24864795166666662
0.2245107924
0.2129210202
0.19373912086666667
0.15494881766666666
0.1492381902
0.17622099213333337
0.20633252019999998
0.22886896126666667
0.23885679540000002
0.2292744638
0.2603439057333333
0.2959835138666667
0.3149429702666666
0.31460336339999995
0.3130520448
0.31678977506666667
0.3172234107333333
0.32380458026666664
0.3219063564666666
0.31909734733333334
0.2929656860666666
0.26536902726666667
0.26560057499999995
0.27688910206666667
0.260248918
0.21319716193333332
0.17073265206666668
0.15501483013333334
0.16843736980000001
0.18457592346666668
0.2003372172
0.22193769980000003
0.23892660446666666
0.26218200340000003
0.27995925113333336
0.2958855749333333
0.30663033713333326
0.27904002373333336
0.24801335273333333
0.23348451066666662
0.22991778253333328
0.2503422357333333
0.2751789885333334
0.29721250833333335
0.31251369826666664
0.2990789952666667
0.27864784406666665
0.27271953839999996
0.2733079900666667
0.266247727
0.2506450128666667
