0.6533530808
0.6450188675999999
0.6873308123999999
0.8988659059999999
0.9573824221999999
0.9265231609999999
0.7480557132000001
0.587125727
0.4756392006
0.3281920072
0.27749240080000004
0.3805126262
0.4781623016
0.5394537508
0.6382898612
0.6878549166
0.6777833426
0.5723511026
0.4919336806
0.423339292
0.3868566712
0.36850846919999997
0.42550960060000004
0.4674466264
0.511002217
0.5347786546
0.5343685496000001
0.5567727308
0.4447140812
0.38541635640000005
0.3514534614
0.3799613062
0.38030496999999996
0.4900750616
0.5364247327999999
0.5319915548
0.5244007794
0.5117985676
0.44595128719999994
0.4030904596
0.3857460996
0.4081746708
0.41944998
0.4737935299999999
0.50100776
0.5309269868000001
0.5362633036
0.573456688
0.6046228942
0.49838510099999994
0.44630143019999996
0.4027913614
0.3638920704
0.36045604639999995
0.5217976400000001
0.5890025888
0.5960421372
0.5727567176
0.5533168814
0.489816385
0.412162935
0.40872551460000006
0.43629964320000003
0.4340746778
0.44164855700000005
0.5068252846
0.5550559002
0.6010059646
0.6275565962
0.5995937906
0.5696123888
0.4652593194
0.42161114059999993
0.4395185722
0.5072245596
0.5632437608
0.659808853
0.6771755136000001
0.6453831968
0.6391967734
0.5506160514
0.5054618653999999
0.4723170884
0.3802753868
0.3491858192
0.4141996492000001
0.44846067180000004
0.482058196
0.5888779023999999
0.6352637383999999
0.6654208308
0.6419350402
0.574901211
0.5453124912
0.5252605445999999
0.4951580696000001
0.4703675838
0.4819383684
0.4495469758
0.41251786179999994
0.3961955282
0.41953022319999994
0.43731897779999995
0.45276589180000004
0.46945731020000003
0.5170138385999999
0.560701663
0.6147403230000001
0.6893821752
0.6902561468000001
0.6314886162000001
0.5524055998
0.4259872682
0.371013382
0.3433647788
0.3740293414
0.434211671
0.5415668578
0.5779723104000001
0.6554865233999999
0.6820898889999999
0.6505218493999999
0.632807616
0.5393603243999999
0.45029572279999996
0.39593956700000005
0.369421596
0.36948484979999996
0.46540303559999996
0.5456441597999999
0.6106895781999999
0.670627615
0.6795407177999999
0.6417026884
0.6332266566
0.5412195394
0.48629018320000006
0.44883503840000005
0.4265400906
0.3571033134
0.439443339
0.4901096718
0.5029160993999999
0.5049860368
0.5269536828000001
0.47726888599999995
0.43944589579999993
0.4634000911999999
0.4795385142
0.47822866159999994
0.45850970900000004
0.4989493812
0.49260730440000006
0.5086471564
0.5094538242000001
0.5349357562
0.5722184278
0.6231453264
0.6101407313999999
0.6123176720000001
0.6100022334
0.5662288562000001
0.5251272490000001
0.5119902438
0.48123029740000006
0.4725307706
0.43190410319999994
0.37934860979999996
0.4219475908
0.46231338419999995
0.459845382
0.47851290120000006
0.5175052206
0.4911251974
0.47254358659999995
0.4610447772
0.4720254488
0.5116505376
0.5321940914000001
0.5735172958
0.619745015
0.619405558
0.5662854826
0.500590522
0.4675384654
0.41571755140000005
0.3439489378
0.36615044580000006
0.44434077280000006
0.5126462224
0.581302094
0.6541067725999999
0.6591666740000001
0.654315735
0.626467466
0.5548748193999999
0.5194080924
