0.6866523357333333
0.6686152116
0.6691377495333335
0.7233735438000001
0.7290334999333334
0.7223450164000002
0.6994696122000001
0.6474577683333335
0.61771687
0.5891326877333333
0.5889072364000001
0.6211046283333332
0.6355226648000001
0.6380054440666666
0.6642691880000001
0.6739093915333334
0.6586915442
0.6524664048
0.5969471626
0.5714144528666668
0.5635244414666667
0.5717685129333334
0.6057618023333333
0.6169401881333333
0.6286544733333332
0.6222601360666666
0.6291573602666668
0.6243376917333333
0.5950153614
0.5801837289333333
0.5597631366666665
0.5742610468666667
0.5761796143333334
0.6218140624666667
0.6372211057333335
0.6386165306666666
0.6397897059333333
0.6457467076
0.6503809822000001
0.5976354326000001
0.5828779428666667
0.580952771
0.5914058698000001
0.6249096787333334
0.6435194289333334
0.6602123690666666
0.6597636415999999
0.6479658875333334
0.6499094694
0.6467642942000001
0.6181271054
0.6032477003333333
0.5954436466666665
0.5912738328666667
0.6404487774666666
0.6583310430666668
0.6625945522
0.6756032954
0.6753460474666666
0.6502484747333334
0.6444180537333334
0.6166951723333334
0.6175739137999999
0.6251642525333333
0.6381395435999999
0.6737746591333333
0.6926589867999999
0.7013595688666666
0.6967806611333334
0.7031170609333334
0.6813423832666665
0.6750029419999998
0.6657387257999999
0.6307297536666667
0.6390794409333334
0.6444233844
0.6774293397333334
0.6941784192
0.6936871723333334
0.6895435214666666
0.6837229644666666
0.6681146454
0.6383925138666667
0.6355232531333334
0.6354392669333334
0.6553316154666667
0.6443453856666668
0.6342764192
0.6552473337333333
0.6612965377333334
0.6542263695333334
0.6383232835333333
0.6230929756
0.6053902948666664
0.5975511409333333
0.6008487327333333
0.6171791294666666
0.643231154
0.6590466112666665
0.6502863056000001
0.6509685610000001
0.6552260772666668
0.6274589806666668
0.6407103274666669
0.6298475372666666
0.6349439238666666
0.6477685004
0.6602400992666667
0.6748551476000001
0.6874195988
0.6886866611333333
0.6706873344666666
0.6715123616666666
0.6342019896666665
0.6239273764666666
0.6268003865999999
0.621278283
0.6523045871333333
0.6576470337333333
0.6804232823333333
0.6897821672666666
0.6846389578
0.6798338991333333
0.6661257464
0.6567733288666665
0.6300346922666665
0.6313951243999998
0.6187649246666667
0.6390748976666667
0.6340128467999999
0.6369470347333334
0.6556332897333335
0.6512151544000001
0.6350545350666666
0.6184173276
0.6033148766666667
0.5930605478000001
0.5979534611999999
0.6048977104
0.6021840977999999
0.6123211359333333
0.6236197994666667
0.6238661546000001
0.6314130848666668
0.6392180376
0.6219707904666667
0.6268234644
0.6436113842
0.6458236209333333
0.651443851
0.6561158808666666
0.6726900084666666
0.6739816723333333
0.6650769845333333
0.6493542429999999
0.6580266481333333
0.6478796041333333
0.6383786806000001
0.6456165667333332
0.6437627564666665
0.6484442366666667
0.6402913710666667
0.634324912
0.6438359227999999
0.6328151696666667
0.6103713184666667
0.5974531996000001
0.601291647
0.6095775314666667
0.6306420954666668
0.6370591565999999
0.6421629054666667
0.6515724110000001
0.6282882776666667
0.6397798918
0.6388747297999999
0.6051512146666665
0.6007511671333333
0.6034441907333333
0.6265488790666667
0.6509908456000001
0.6581794031333332
0.6543762520000002
0.6625770355333334
0.6649431024000001
0.6413147499999999
0.6388005085333333
