0.6802808636333334
0.6636533779
0.6608020771666667
0.6601603532000001
0.6502239764
0.6429347289333334
0.6356190625666667
0.6266097853333332
0.6173285290666666
0.6088935805333332
0.6055836862333333
0.6251309942999999
0.6299301782666668
0.6165104027333334
0.6222264584666668
0.6168362641000001
0.6164762955333335
0.6143230095666667
0.6093806125333334
0.6043177793
0.6010704860666665
0.6057791094333332
0.6257542549666667
0.6336605851666667
0.6131449529666668
0.6025690394666667
0.6050550656333334
0.6078717807666667
0.6099625200666667
0.6118515789333334
0.6099877528666667
0.6170123442333334
0.6120727509333334
0.6358617659333333
0.6419926999666666
0.6283718180333332
0.6215187031333332
0.6205951771333333
0.6208274075333334
0.6190421050333335
0.6206044929666668
0.6217736616000001
0.6335045826000002
0.6501278631000001
0.6468839518333335
0.6523152114
0.6382294069666667
0.6327699006666667
0.6375368609666666
0.6424519189000001
0.6459508822666665
0.6479533435666666
0.6484016077666666
0.644027247
0.6717829192
0.6698367131666667
0.6687987471
0.6706710106
0.6530379005666667
0.6446639578333335
0.6444207190666666
0.6470622560333333
0.6558761664999999
0.6594257124333331
0.6638415325333331
0.6787488117999999
0.6803868161
0.6698760413666667
0.6661519571333334
0.6692781639333334
0.6683369993666666
0.6596741638333332
0.6500075725
0.6429885436999999
0.6501879893333332
0.6493248769666666
0.6578763116333334
0.6586356973999999
0.6495387336
0.6435473312000001
0.6422858486
0.6426468874333333
0.6408118339333334
0.6472849321999999
0.6428627862666666
0.6531500882333333
0.6497857314666666
0.6308676999333331
0.6479788305999998
0.6455720374999998
0.6445851467
0.6430458919666666
0.6416665374333334
0.6401227212333331
0.6424853698666666
0.6447676969333335
0.6439332319666667
0.6573717578333336
0.646624300466667
0.6371068410333336
0.6388844738
0.6382521801333335
0.6398817839000001
0.6491786806000001
0.6551354097999998
0.6623630455666667
0.6662037291
0.6700369992
0.6704904470000002
0.6720964638333334
0.6593606767000001
0.6510412294333334
0.6451386431666666
0.6366384436666667
0.6289701116333332
0.6318737106666666
0.6384557863666664
0.6517598707666665
0.6463507843999998
0.6494203049666665
0.6465485219666665
0.6388497527999999
0.6388936801666666
0.6355117283999999
0.6294787133333333
0.6211779141000001
0.6275074619333335
0.6213155396333333
0.6352439912666668
0.6366154422
0.6294589126000001
0.6412283770666668
0.6474132693
0.6404390779999999
0.6349305892999998
0.6297153787666665
0.6328752781333333
0.6359675667666667
0.6349873474666669
0.6257691704000002
0.6351738920333335
0.6357497018000002
0.6311224176000001
0.6385148258000001
0.6414903970333333
0.6352075135666666
0.6335574177333334
0.6389681481
0.6448297718666667
0.6421295103333333
0.6332435996666667
0.6350716040333333
0.6376366596666667
0.6373272579999999
0.6399981692333333
0.6475429023666666
0.6450212547999999
0.6449755457999999
0.6369524222
0.6417713241333334
0.6436594832333334
0.6227212928666667
0.6175380395666668
0.6236400567666667
0.6296820243666666
0.6306810820333333
0.6278163013666666
0.6278339494999998
0.6360772834999999
0.6477925989333333
0.6391869532999999
0.640481707
