0.5635226619000001
0.5246502324000001
0.49050209770000003
0.4594747121999999
0.46531693239999994
0.47116346189999997
0.47126596860000003
0.4540014018
0.44915871770000004
0.4199878901
0.4232624958000001
0.40681992840000003
0.38541435069999996
0.3734157463
0.3962235961
0.3877620843000001
0.3759937185000001
0.3835437034
0.3884186323
0.40778868949999997
0.3925874755000001
0.37907464760000004
0.3644914533
0.34612312140000007
0.32818405670000006
0.32063489770000003
0.31665291409999996
0.3080610199
0.2976550754999999
0.2859369759
0.27911524060000004
0.2697668187
0.2624264666
0.25846032210000003
0.24739237909999998
0.2466238094
0.24621272039999997
0.24480608889999997
0.24276943749999996
0.24105929749999996
0.2423516121
0.24595401990000001
0.2494814253
0.2516900472
0.2567252392
0.2562846344
0.2553005802
0.2534428846
0.2532269216
0.2573597561
0.25092930410000003
0.2469014532
0.24149849650000005
0.23696319650000003
0.2340835105
0.2277454745
0.22097189369999998
0.216425751
0.2124116576
0.21022618470000004
0.2092387718
0.20871282189999998
0.2090250653
0.20774243199999995
0.20513216609999999
0.2045943887
0.2031198966
0.20229702130000002
0.20111938169999996
0.1982228563
0.2013342302
0.20154275459999998
0.20108705450000003
0.1998203615
0.1995964635
0.1983922165
0.19912627770000002
0.1980004692
0.19801216700000002
0.1967581283
0.19352935010000002
0.19166740610000005
0.18893908520000002
0.188424989
0.1884363386
0.18608352
0.18475107880000002
0.1829766741
0.18153890649999999
0.18072457819999999
0.1793490307
0.17780468489999998
0.1778502274
0.1776680297
0.1769745577
0.1773851042
0.1759084588
0.17511991540000002
0.17395691859999998
0.17163843069999998
0.1693791782
0.1686541633
0.16767302349999996
0.166094444
0.16473255390000002
0.1654170057
0.16391147020000002
0.16225955320000002
0.1613094377
0.1621597743
0.1639921493
0.1640116566
0.163147507
0.16370203470000003
0.1633264674
0.1621500552
0.16273734869999998
0.1643442544
0.1655591194
0.1648480572
0.1626778615
0.1608781623
0.15965571399999998
0.15701707829999997
0.15429078219999998
0.1529582413
0.1524036986
0.1513316359
0.14937878990000003
0.1486492288
0.14804649200000003
0.14678217540000002
0.1462028098
0.14635451900000002
0.1469131251
0.1466837438
0.146182883
0.1454099024
0.14502126900000004
0.1442781334
0.14446609759999998
0.1447538591
0.1452457875
0.1455031478
0.14617237439999997
0.14571374410000001
0.14494245170000003
0.1445319257
0.1444903934
0.14510365120000002
0.145576745
0.14596853410000002
0.14623108099999998
0.14570438600000002
0.1446858693
0.1440943247
0.1438538071
0.1432093064
0.1425859736
0.1421956989
0.1420780474
0.1419635317
0.14020998169999999
0.1390807664
0.1375878681
0.1368591516
0.1353029011
0.1349930164
0.13364581250000002
