0.45307439473333333
0.4080457784666667
0.35719256039999997
0.3168854756
0.3105517503333333
0.31314329739999996
0.31354336853333337
0.3122461272
0.31838427
0.32095920513333337
0.31648920266666664
0.3045214602
0.29296788053333334
0.2843632154
0.28677043926666657
0.27926725579999995
0.27250085373333327
0.2712934264
0.26956686873333335
0.2764445494
0.26739019413333337
0.2578263300666667
0.2478246789333334
0.23545485706666672
0.2226065717333334
0.21612064633333342
0.20982295426666667
0.2010708276666667
0.19390307493333336
0.18720733699999997
0.18439729766666665
0.18168741553333329
0.17957054806666664
0.17786825639999998
0.1739910995333333
0.17194092773333333
0.17024335433333332
0.1697771903333333
0.16984578153333332
0.1703317946
0.17091764
0.17308345253333338
0.17494652860000004
0.17565002020000003
0.17594789693333335
0.17412134353333333
0.17133829566666667
0.16860610926666666
0.16670375806666665
0.16599920006666666
0.16346425859999997
0.16122656973333335
0.15795456013333334
0.15482190533333334
0.15166548473333333
0.14801067399999998
0.14406300053333335
0.14030668386666667
0.13801317993333334
0.13621604260000003
0.13491918586666668
0.1343911148
0.1329945808
0.13199998806666666
0.13160991973333333
0.13143993620000002
0.13129381913333335
0.13169855373333336
0.1316902102666667
0.13133633373333334
0.1312347606
0.13127697526666665
0.13185812413333334
0.13171350046666666
0.1310612344
0.13105853546666665
0.1305431794
0.13010094006666667
0.12917861260000002
0.1277926862
0.12695168333333334
0.1259260778
0.12433552566666667
0.12344615646666668
0.12234417186666667
0.12135081240000001
0.12057057353333332
0.11922235860000001
0.118084389
0.11766912906666667
0.11632858346666668
0.1153148136
0.11479026960000001
0.11422457753333333
0.11395292866666668
0.11312614106666667
0.11223856933333334
0.11189340733333333
0.11137777979999999
0.1116725536
0.11191071026666667
0.1112801042
0.11128730473333333
0.11114907973333334
0.11082482806666667
0.11116796666666667
0.11125085773333333
0.11137364693333333
0.11171734080000002
0.11152068713333335
0.11173482466666666
0.11153921473333332
0.11102950246666667
0.1107586458
0.10971424526666668
0.108989973
0.10852590153333334
0.10761413840000002
0.10625471526666667
0.10535034233333333
0.10429847639999999
0.10313558486666667
0.10190654613333333
0.10067522533333334
0.09938741013333334
0.09823054679999998
0.09739377819999999
0.09673393413333332
0.09599829026666666
0.09555762233333334
0.09516776826666667
0.09480940666666667
0.09445456293333332
0.09486681086666665
0.09455793166666666
0.09428374099999998
0.09449546993333333
0.09469507120000001
0.09475968533333332
0.095098133
0.09505822373333332
0.09492736580000001
0.09468881993333335
0.09443154840000001
0.09424534440000001
0.09376342080000001
0.09351299533333333
0.09345928533333332
0.09305362626666665
0.09316346459999998
0.09287101926666665
0.09222014726666666
0.09154392826666667
0.09082292099999999
0.09028647586666665
0.0899578908
0.08964931253333333
0.08956746373333332
0.08957416126666666
0.08890748153333332
0.08859337133333334
0.08809719906666665
0.08742874793333333
0.08683772766666667
