0.5453656948
0.5083347208000001
0.4616315178
0.4238395215999999
0.42053713099999995
0.42660005160000003
0.4268226988
0.42498038233333335
0.43085992920000005
0.43381514806666666
0.4281919764
0.40923037819999997
0.3903259215999999
0.3764688016666666
0.3821849690666666
0.3742160606666667
0.3653618181333334
0.36530708333333334
0.36216953166666666
0.37261259246666667
0.35977357766666673
0.3491190353333334
0.3387570344000001
0.3259616878000001
0.30866055560000005
0.30178483153333335
0.29454388493333333
0.2845622588
0.2755306582
0.26568171886666664
0.2624644669333333
0.2605444172
0.2589667914666667
0.2570592318666666
0.25057738279999997
0.24959597446666665
0.24741128879999996
0.2455091957333333
0.24488730599999997
0.2462072277333333
0.24724406280000003
0.2509002582
0.2529777368
0.2535702982
0.2572223008
0.25246630426666666
0.247870444
0.24330413413333332
0.24101647866666667
0.24155670306666668
0.23750663773333336
0.23424550739999997
0.23094062060000004
0.22738470513333336
0.22622293113333333
0.22110239586666666
0.21681193846666666
0.21369225460000002
0.21069348560000004
0.20673830973333338
0.20661669413333333
0.20505780299999998
0.2048063038
0.2034888286
0.20231582833333336
0.20349489966666667
0.20385917906666667
0.20346645693333337
0.20229928819999995
0.19965182893333333
0.19938565726666668
0.1986667735333333
0.1974565730666667
0.19700198526666665
0.19673313646666662
0.19611820726666665
0.1962241854
0.1945611662
0.19383635973333335
0.19312748380000003
0.18921851713333335
0.18747232300000002
0.18538298613333334
0.18481434860000004
0.1841518796
0.18342275006666667
0.1820097902
0.18112767166666663
0.18027360153333333
0.17993843673333332
0.17845568653333335
0.17696635813333333
0.17617020626666668
0.17516896833333334
0.17295327433333335
0.1722865222
0.17127851319999998
0.17092523793333336
0.1699772932
0.16927708719999998
0.16916766986666668
0.167704215
0.16577642346666666
0.16426324033333334
0.16307675206666666
0.16335788560000003
0.16334731173333333
0.16294363233333337
0.16314070393333335
0.16373577833333333
0.16434825453333332
0.16375967193333335
0.16355724406666666
0.16390635726666666
0.16315375426666667
0.1615317894666667
0.16132510646666667
0.16120773953333334
0.160279131
0.1584897836
0.15699231586666668
0.15602103326666666
0.15567999666666665
0.15435752740000003
0.15336892853333334
0.152129414
0.15068832426666667
0.14911344313333333
0.14747606406666666
0.14653316219999998
0.14632957073333333
0.14622418040000004
0.14618278893333334
0.1463603212
0.14669382933333336
0.14646798486666668
0.14558843126666668
0.14505621086666667
0.1448923026666667
0.14488192593333332
0.14477440546666662
0.1449976979333333
0.14506886619999998
0.1451175708
0.1454875134
0.1457299856666667
0.14544553200000004
0.14560366326666668
0.14534771400000002
0.14515374986666665
0.14452655686666666
0.14439766326666667
0.14371121213333335
0.14317278800000005
0.1428363964
0.14330618786666668
0.14345958533333333
0.14272236726666662
0.14174129600000002
0.1401432278
0.1387148279333333
0.13728724126666667
0.13621916906666665
0.135133739
