0.2992882536666667
0.24376520286666667
0.18843867299999997
0.16984798473333335
0.1726429086
0.17513079360000003
0.17325578026666666
0.17093572453333333
0.1688643842
0.16499694206666665
0.1568864142
0.15136580659999999
0.1474242054
0.14434998033333332
0.1449831822
0.1414255434
0.13743118473333332
0.13338479346666665
0.12888504560000003
0.1250751856666667
0.12115433126666669
0.11941043966666667
0.11771904233333334
0.11520243206666667
0.11266391653333334
0.11082385873333335
0.10872134046666668
0.1069242428
0.10525927273333337
0.10338541206666667
0.10204453686666667
0.10119657686666668
0.100427388
0.09975883420000002
0.09875456413333336
0.09816209866666668
0.09802571953333335
0.09768104113333333
0.0971787172
0.09663111059999999
0.09629349559999997
0.09620808073333333
0.09572213079999999
0.09494894673333333
0.09412149926666667
0.09310096946666667
0.0921747134
0.09109036326666665
0.08985476279999999
0.08872624439999996
0.08731099960000001
0.08584639986666666
0.08462380466666668
0.08349927473333334
0.08243521606666666
0.08116611426666666
0.07992685533333335
0.07907860019999999
0.07830277266666666
0.07799224766666667
0.07771387513333333
0.07732259066666666
0.07694813919999999
0.0766531666
0.07652938266666667
0.07636541906666668
0.0763541544
0.07626316873333333
0.07591053540000002
0.07539474833333333
0.074937448
0.07431357446666667
0.07363144020000001
0.07307608606666667
0.07238982486666666
0.07166535886666667
0.07088970853333333
0.06995460986666667
0.06899669226666667
0.06792268480000001
0.06691010873333333
0.06591077819999999
0.06491692913333333
0.0641132488
0.06347018093333333
0.06288666133333333
0.062405167733333336
0.0619120746
0.061290450999999996
0.06097119766666666
0.060570099866666664
0.060280357400000005
0.06009484406666667
0.0600311906
0.05988412846666668
0.05978633440000001
0.05965062553333334
0.059379883933333336
0.059119659199999994
0.058884023199999996
0.0587162392
0.058454517266666665
0.058364450000000005
0.058224306466666674
0.0578523214
0.05756247346666666
0.05735561686666667
0.057108517
0.05677703779999999
0.056670094266666665
0.05634467693333333
0.05606942246666667
0.0558212878
0.055598017199999995
0.055352938533333326
0.055011884399999995
0.05472190206666667
0.05435056273333334
0.05405143913333333
0.053840860666666664
0.053591069933333325
0.0532374098
0.0530155312
0.052765758
0.052457608999999995
0.052275554000000016
0.05200330693333335
0.05189318186666667
0.05161110293333335
0.05152969926666669
0.051463222333333336
0.0512674148
0.05116282660000001
0.0510607214
0.050979199533333325
0.050886104733333326
0.05085936193333332
0.05072441353333333
0.05068835259999999
0.05058216773333333
0.050516317666666664
0.05037726593333333
0.05013409146666667
0.0501413996
0.049847120466666665
0.04963825426666667
0.049545493666666676
0.04933449193333334
0.049171707466666666
0.04899815646666667
0.04886288566666667
0.048606241999999994
0.04841338
0.0480732304
0.047888209066666666
0.047695102999999996
0.04748592446666666
0.04717475586666666
0.046810021533333336
0.04637518786666666
0.04598293319999999
0.045555886466666654
0.04515200313333333
0.04480571239999999
