0.26678324895000005
0.2231185355499999
0.1794806707
0.16375268545000002
0.16451785875000002
0.16440620495000002
0.1631186749
0.16122229770000002
0.1588823331
0.15500256085
0.14835879975
0.1431262704
0.13943457890000002
0.1363255276
0.13625324430000002
0.13318280715
0.12985246314999999
0.12644094769999997
0.12276852095000002
0.11953361470000001
0.11617600380000001
0.11471784505000002
0.11321368640000003
0.1111784995
0.10879391335
0.10722739175000003
0.10549934810000001
0.10418696585000001
0.10288216800000002
0.10158178075000002
0.10073522360000002
0.10029836425000002
0.09966313345000001
0.09898877465000001
0.0982005584
0.09753037704999999
0.09731607584999999
0.09671600274999999
0.0959883855
0.0948871004
0.09393522479999998
0.09308937779999998
0.09231155619999998
0.09132878554999999
0.09058740499999998
0.08968507064999999
0.08878573149999999
0.08781044594999998
0.08679410504999999
0.08596104734999997
0.08478338875
0.0837419277
0.08276417205
0.08183142709999999
0.08090795320000001
0.08000050945
0.07892526025
0.07823106249999999
0.07760695044999999
0.07739331755000001
0.07713340785
0.07692031225
0.07669005004999999
0.07633593450000001
0.07596242530000001
0.07550322505000001
0.07509230865000001
0.0745198987
0.07401403560000001
0.0733739098
0.0728749429
0.07214740015
0.07138806975
0.07062739015
0.0698411454
0.06903058305000001
0.06836145290000001
0.06766664250000001
0.06693099615
0.066168024
0.06539415675
0.06463056865
0.06375657809999999
0.0630489723
0.0625562468
0.06209943180000001
0.06162248735000001
0.06123562265
0.06084371855
0.060461873099999994
0.060121314700000004
0.05993214065000001
0.05973559804999999
0.05952322135
0.059389027800000015
0.05924875460000001
0.059038372949999994
0.058842218749999994
0.05863226554999999
0.05834285215
0.0581062909
0.0578353242
0.057632954449999996
0.05745865865000001
0.05723604555
0.0569522475
0.05677393945
0.05653043085
0.056198341299999996
0.05599063535
0.0556679171
0.05534183035000001
0.05507022785
0.054831100499999993
0.05456048024999999
0.05426241394999999
0.053922493599999996
0.05362126535
0.0533647473
0.05319001125
0.05298705789999999
0.052759707
0.0526189295
0.05232389015000001
0.0521353391
0.05200682615000002
0.05174032460000001
0.05157638195000001
0.051428128650000016
0.05128017600000001
0.05116807920000001
0.051025588499999996
0.050901653449999994
0.050842432400000005
0.050745991549999994
0.05068099369999999
0.05061459909999999
0.05045784969999999
0.05035562134999999
0.05017747269999999
0.05002885134999999
0.04989696465
0.0496573645
0.04959858205
0.049381518900000004
0.0492178267
0.0490297089
0.0488395685
0.04860181415
0.0484277487
0.0482877424
0.048084521
0.04779560645
0.04744687305
0.0470222378
0.04662881299999999
0.04628093004999999
0.04592079824999999
0.04559681665
