0.5158372396500002
0.4920851722000001
0.46790295110000013
0.44922046839999996
0.46670401275
0.4671689043000001
0.4614298444
0.4589564717000001
0.46072233305
0.45617153265
0.45014790800000004
0.43659966945000006
0.42014540780000004
0.40508519610000004
0.41079248590000006
0.40564543129999997
0.3986366662
0.3977123251
0.39437688945
0.3999490457
0.38791937754999994
0.3746351751
0.36153019749999993
0.34855410065
0.33311448019999995
0.32776676965
0.32452846729999996
0.31810695095
0.31190799449999995
0.3038197421
0.30105251424999996
0.29581217314999997
0.29157045234999995
0.28971371365
0.28514387505
0.2830865531
0.28174481045000005
0.2791734239
0.27779095600000003
0.27674021760000006
0.27278532980000003
0.2718382687
0.27098340215000005
0.2700815764000001
0.27036917400000005
0.26693964680000004
0.26415773910000007
0.26014008610000006
0.25674813250000006
0.2575019125000001
0.2536260453
0.25191680135000005
0.24917235354999998
0.24638698764999994
0.24377185425000003
0.23998899330000004
0.2353976414
0.23267769880000003
0.2301635744
0.22971362115
0.23077666105
0.23034799125000002
0.22955207039999997
0.22751558035000002
0.22603051235
0.22553004924999995
0.22509172844999997
0.22502034245
0.22517335189999996
0.22463930049999997
0.22525451529999999
0.22458990594999997
0.223244995
0.22208917830000002
0.22147366455000003
0.22063672520000002
0.22045589215
0.21913545155
0.2181847655
0.21601852300000002
0.21417168060000003
0.21203171634999998
0.21061481475000005
0.20966755315000002
0.20836006080000002
0.20666790950000005
0.20454753235000003
0.20282173495000003
0.20071175960000004
0.19830125075
0.19664313250000004
0.19499348280000003
0.19436736100000002
0.19370239885
0.19300657710000002
0.19335529155000003
0.1921540063
0.191251745
0.19053577215
0.18958957755
0.18947989105
0.18951088814999997
0.18925975309999996
0.18954114659999996
0.18915068524999998
0.18905529305
0.1881873859
0.18787650975000003
0.18757664295000004
0.18708009615
0.18625546600000004
0.18525983720000003
0.1845875912
0.18314976385
0.18196232044999996
0.17994976834999996
0.17879750304999997
0.17783154149999997
0.17650774414999998
0.17562217254999998
0.17402948614999997
0.17284827354999996
0.1714992527
0.17007567875
0.169041006
0.16812316430000002
0.16729962725
0.16570985515000003
0.16517476140000004
0.1650567817
0.16432583174999998
0.1640055656
0.1634191675
0.16313282349999997
0.16281385199999998
0.16285238844999997
0.16239647319999997
0.16206303464999997
0.16157211454999998
0.16136984875
0.16099841564999998
0.1604359583
0.16052099150000004
0.16031200935
0.15994665720000004
0.15891421210000004
0.15849984655000002
0.15775084715
0.15641551594999997
0.15554560305
0.15514208984999997
0.15462682854999998
0.15360255584999996
0.15299972
0.15189026354999996
0.1503683923
0.1497340817
0.1486792986
0.147946988
