0.4933925788500001
0.4657350804000001
0.43795822419999997
0.41644522924999994
0.43077026425
0.42946277310000003
0.42362984355
0.4187725526
0.41878867499999994
0.4138882897999999
0.40792498564999996
0.39294728799999995
0.3749529019999999
0.35976943384999993
0.36220382639999993
0.354198491
0.3463233163
0.34580236165
0.34303685390000005
0.3468628327
0.33585135805000005
0.32442073315000003
0.31345895995000006
0.3022917217500001
0.28778821790000003
0.28362935355
0.28143281724999997
0.2764335544
0.27021225649999997
0.2634981367
0.26073342635
0.25786041930000003
0.25595394595000004
0.25507518465
0.25205880914999995
0.25145422189999994
0.25075665029999994
0.24912448674999998
0.24799817955
0.2492095268
0.2466404581
0.24642773655
0.2454899609
0.24432662184999998
0.24540437485000002
0.24201505445
0.23813623695000002
0.2349343178
0.2328192896
0.23379297040000005
0.23008403795000004
0.22780713754999998
0.2252617809
0.22235281424999997
0.21960783829999997
0.2161699316
0.21204589515000002
0.20936138615000002
0.20676551965
0.20422452050000003
0.205286501
0.20512778825
0.20505605990000003
0.20378139675
0.2023643148
0.20149330260000003
0.20112308715
0.20014874525
0.19956577434999995
0.1974904923
0.19743179014999998
0.19660508034999996
0.19501306985
0.19412267525
0.19401640104999998
0.19223786824999997
0.19193867825000002
0.19048857165
0.18977553675000003
0.18874135325000002
0.1864391904
0.1847360455
0.1833946563
0.18304650935
0.18270544815
0.1817343121
0.1803297688
0.17904829474999998
0.17774791255
0.17618150444999997
0.17436410445
0.1732294241
0.17276162545
0.17188123685
0.1708535558
0.17140105495
0.1699099645
0.1686897343
0.16763317814999998
0.1668991025
0.16668566375
0.16633290995
0.16541026525
0.16489823935000003
0.16402951065
0.16378353045000005
0.16332440944999999
0.1633019038
0.16343427855
0.16350391574999998
0.16333500539999996
0.16244490945
0.16140161049999996
0.16035955649999997
0.1588086248
0.15755414825
0.15757052365
0.15783794515
0.15746895465000002
0.15674864299999997
0.15536217674999997
0.15383016884999998
0.15292926189999997
0.15168579864999998
0.15060195364999998
0.14982099254999998
0.1492932908
0.14837076914999997
0.14720002945
0.14646368110000002
0.14625629480000002
0.14576801725000005
0.14572429865
0.1459288334
0.14654274974999998
0.14619874395
0.14556266734999998
0.14497091404999998
0.1447558312
0.14469089229999998
0.14502142129999998
0.1453611966
0.14573843425000002
0.14560376690000001
0.14542912185
0.14490403440000002
0.14439812940000002
0.14387061605
0.1435381835
0.14364967504999998
0.1438273962
0.1439660329
0.14322053135
0.1423925762
0.1411368687
0.14047673815
0.13957835409999997
0.13910116139999995
0.13811589305
