0.23987308695999998
0.2050363001999999
0.17000094000000002
0.15678938432000003
0.15661817044000004
0.15608015524000002
0.15417647228
0.15207097804000003
0.14955630036
0.1460147348
0.14037795947999998
0.135924276
0.13266954520000002
0.12994421148
0.1295843758
0.12679445
0.12400998276
0.12109228188
0.11803615712000003
0.11506367252000002
0.11222840120000002
0.11094095024000003
0.10976597612000003
0.10809297036
0.10626930803999998
0.10514337016000001
0.10392022376
0.10282364663999999
0.10164145360000003
0.10057313284000002
0.09971522132000005
0.09927612036000003
0.09849468428000002
0.09767449780000001
0.09649146068
0.09539638412000001
0.09459951448
0.09378876868
0.09288436879999999
0.09190670476
0.09103565468
0.09019525939999999
0.08944338376
0.08858545479999998
0.08800301523999998
0.08718816775999998
0.08651428744
0.08568541159999998
0.08480086088
0.08403407079999999
0.08312744999999999
0.08217763716
0.08134902752
0.08056903843999999
0.07984566800000001
0.07907880876000001
0.07828290360000001
0.07776800651999999
0.077162408
0.07676696468000001
0.07629005488
0.07579760408
0.07521005776
0.07473365484
0.07423221908000001
0.07374006556000001
0.07320362236
0.07254751064
0.07186748896
0.07113814924
0.07052520544000002
0.06987325732
0.06927100388
0.06864869368000001
0.06805372464000001
0.0673937266
0.06684715032
0.066188419
0.06551602548
0.06489730808000001
0.06426287404000001
0.06355934416
0.06284651584
0.06233988208000001
0.06183177732000001
0.06143453728000001
0.061075487960000015
0.060720070120000004
0.06027483756
0.05995024364
0.059624254800000005
0.05938603556
0.05923432307999999
0.05905259399999999
0.05885509004000001
0.05865429288000001
0.058426247359999996
0.05816146856
0.057938155479999996
0.05775172532
0.05750934664
0.0572740408
0.057065598040000005
0.056859377280000005
0.05657928816
0.05628932552
0.056050962360000005
0.055787754280000004
0.05546474312
0.05522912936
0.054937134199999994
0.05457831792
0.054342856919999995
0.054125814759999995
0.05389587679999999
0.05364493551999999
0.0534033146
0.053182837159999996
0.052891455159999996
0.05278571487999999
0.05262977483999998
0.052398041119999995
0.05222034004
0.052034953280000004
0.05181459252000001
0.051661990880000015
0.05145228160000001
0.05128473236
0.051180016000000016
0.051033414320000005
0.050947595479999996
0.05079653291999999
0.05065295439999999
0.050545431440000003
0.05038947075999999
0.050258085439999996
0.050182891439999995
0.050011716479999996
0.04987852296
0.049738920999999985
0.04961438987999999
0.04941404264
0.04919685124
0.04905729248000001
0.0488485202
0.048686723880000005
0.048527638719999995
0.04826011196
0.04799501151999999
0.04762706375999999
0.04731618252
0.04700080615999999
0.04666827024
0.04634893884
