0.38872527063999995
0.35866800215999994
0.32999662988000006
0.30735334788
0.30931220972
0.30587508743999997
0.30127937012
0.29568765528
0.29294634808000003
0.28830303279999997
0.28301824876
0.27391530231999994
0.26323051891999993
0.25449311612
0.25278426699999995
0.24655302159999998
0.23973430764
0.23632359024
0.23356390748000003
0.23530556172
0.22862748760000007
0.22216579832000008
0.21608230780000004
0.20863673992000004
0.20012216944000008
0.19628928380000005
0.19334843880000002
0.18931610480000002
0.18578265580000003
0.18292108019999997
0.18154325211999997
0.18008386691999995
0.17851545155999995
0.17721379835999998
0.17500757024
0.17266617724
0.17027297768
0.16855116600000003
0.16738608052
0.16615774644000003
0.16469545116000003
0.16419060808000002
0.16344634428000002
0.16233395404000003
0.16159596884000002
0.15971127791999998
0.15750921792
0.15495713304
0.15330075247999997
0.15234253608
0.15045313211999997
0.14876163396
0.14648160028
0.14467860444000002
0.14292462152000002
0.14100882888000002
0.13911682804000003
0.13749755936000002
0.13595806808
0.13482903092000004
0.13397932816000002
0.13347242568
0.13290834196
0.13230659792000002
0.13137975668000001
0.13100969824000003
0.13035159976000002
0.12976942824000004
0.12929262880000003
0.12860094240000003
0.12837343448000002
0.1282346744
0.12791486444
0.12721785400000002
0.12650590848
0.12583830408000002
0.12518010092
0.12464500864
0.12395723848000002
0.12301528228
0.12194288660000004
0.12076419644000001
0.11962445776000001
0.11881324916000002
0.11817089936000003
0.11750826276000001
0.11681163084000001
0.11593603436000002
0.11501642160000002
0.11487270000000001
0.11434960896000002
0.1136222558
0.11335682744000002
0.11313951876
0.1128345674
0.11247265659999998
0.11195906439999996
0.11184733051999997
0.11177595975999997
0.11167680851999999
0.11173867012
0.11139281555999998
0.11102032067999999
0.11062097568000002
0.11009976972000002
0.10994644268
0.10954890856
0.10905114872
0.1083576014
0.1076730156
0.1071760578
0.10649727372000001
0.10585521380000001
0.10535442708000003
0.10430572244000005
0.10353057204000005
0.10306101996000003
0.10228829832000003
0.10153050200000001
0.10093944628
0.10034632364
0.09968403791999998
0.09889969831999998
0.09824728343999999
0.09749536231999999
0.0967054076
0.09627102683999998
0.09605455503999999
0.09575505079999998
0.09553605508
0.09517152248
0.09490189851999999
0.09453310723999998
0.09443660187999997
0.09427644751999999
0.09402529027999998
0.09391048419999999
0.09383134184000001
0.093674324
0.093760995
0.09348969107999999
0.09316684827999999
0.09294055152
0.09264982924
0.0923733672
0.092045596
0.09180584203999999
0.09160084771999999
0.09126101212
0.09088617744000001
0.09061106847999997
0.09007152167999999
0.08947154788
0.0889211494
