0.5135923771200002
0.48803184300000013
0.46552305668000016
0.44624033944
0.45350577336000003
0.4514312778800001
0.44730859555999997
0.44251232548
0.44018880876
0.43573470228
0.43047671907999996
0.41796534276
0.40355353848
0.39057492936000004
0.39162418128000004
0.38587471455999994
0.37740344055999997
0.37340896191999995
0.36936311256
0.37252058884
0.36313600112000005
0.35398647908
0.34568625655999996
0.3363903603199999
0.32319835684
0.31853816584
0.31481445855999995
0.30860351
0.30338191323999997
0.2989125762
0.29682763516
0.29408145556
0.29077595136
0.28873953728
0.28438236664
0.27958663336000006
0.27596472256000004
0.27202582356000005
0.26992686212
0.26885669148
0.2663522165200001
0.26560453028000003
0.26457416744
0.26294558580000005
0.26270830268000006
0.25922558636000004
0.25672512580000006
0.25345583208000005
0.25096510776000003
0.25087426592000006
0.2479768184
0.24574983016000004
0.24366174852
0.24109942587999997
0.24003816352000001
0.23773871972000002
0.2348472672
0.23232874076
0.2297065616
0.22828892728
0.22854799207999998
0.22820729808000004
0.22780371967999996
0.2270190062
0.22612440387999996
0.22587748115999992
0.22507085927999995
0.22393975919999998
0.22323794439999997
0.22205166756
0.22158536232000003
0.2205811028
0.21963222692000003
0.21853764816000004
0.21783549852000003
0.21708486956
0.21615452716
0.21467843352
0.21330974459999996
0.211206079
0.20926099084
0.20756693095999995
0.20641945132000003
0.2055759496
0.2039409946
0.20276794776000004
0.20099226275999998
0.19941737404
0.19806118196000003
0.19674548884
0.19606598332
0.19463238308
0.19403762692
0.19329492324
0.19232822892000004
0.19215940224000005
0.19139852396000007
0.19077787476000002
0.19039484948
0.18971180879999994
0.18916788079999997
0.1884914665999999
0.18822880731999994
0.18790322143999996
0.18691702287999998
0.18643799296000002
0.18556210664000003
0.18483005904000002
0.18401158536
0.1836743446
0.18271129200000005
0.18167559928000007
0.18080897132000004
0.17953919948
0.17842070527999992
0.17669875791999995
0.17595393775999998
0.17497588091999997
0.17402677476
0.17327295155999997
0.17208249939999998
0.17072245787999996
0.16938888896
0.16841011328
0.16764190003999999
0.16665442392000002
0.1662166504
0.16526418524
0.16445652980000003
0.16426134928
0.16398882995999997
0.16338490808
0.16278932608
0.16227708003999997
0.16194672791999998
0.16153767575999997
0.16126470196
0.16112744092
0.16107018692
0.16073253928
0.15999028016
0.15924371628
0.15839016452000002
0.15748198304000002
0.15684557768000004
0.15626956436000003
0.15607841144
0.1555783458
0.15471649667999998
0.15372813476
0.15282287839999997
0.15196772096
0.15099743095999998
0.15012841164
