0.22035689853333332
0.19059819379999993
0.16091173323333333
0.14936651516666669
0.14885904713333337
0.14814256243333335
0.14633310996666668
0.14432738343333334
0.14203340813333334
0.1388304293
0.13385513646666664
0.13004357353333335
0.1271742241
0.12480462653333334
0.12418429713333334
0.12173504013333333
0.11931388080000001
0.11690609073333333
0.11432193990000002
0.11191487490000002
0.10965821496666668
0.10871807960000002
0.10770004173333335
0.10619057463333334
0.10464751356666667
0.1035586771666667
0.10246471060000001
0.1013231868
0.10010410973333336
0.0987534556666667
0.0975727531666667
0.09668564513333336
0.09575887563333335
0.09480679850000001
0.09374040426666667
0.09273654913333335
0.09193605970000002
0.0911524229
0.09033899596666667
0.08953316333333333
0.08872980493333332
0.08806746803333332
0.08740036549999998
0.08662585969999999
0.08605687346666666
0.0854074223
0.08474865203333334
0.08401925123333333
0.08325396469999999
0.08262781353333332
0.08183820933333331
0.08110027713333332
0.08044348669999998
0.07970490506666665
0.0789149822
0.07805178113333332
0.0771202149
0.07635502019999998
0.07568942936666664
0.07519103626666669
0.074689617
0.0741061496
0.07345137453333334
0.07282492943333334
0.07222603373333335
0.07163776390000001
0.0711324663
0.07059004893333334
0.07001189210000001
0.06943246463333334
0.06891205466666667
0.0683593711
0.06777175740000001
0.06718326853333334
0.06668051126666667
0.06611772936666667
0.06558503296666668
0.06502472696666668
0.06451394143333335
0.06390340663333334
0.06334822156666668
0.06278070186666668
0.06214840653333334
0.061616454000000015
0.061177102066666676
0.060801450266666675
0.06042984250000001
0.060138262299999995
0.05975737873333333
0.05941175953333333
0.05906628666666667
0.05881798713333333
0.058601680533333325
0.058404114199999996
0.058277111366666676
0.05806550566666667
0.057860023999999996
0.05760058586666667
0.0573588382
0.05711848086666667
0.056864061800000004
0.056588209666666674
0.05635750636666667
0.05613787280000001
0.05584659103333334
0.0555767717
0.05529651333333333
0.0550620241
0.0547713979
0.054563851633333334
0.05431011546666666
0.0540363647
0.05385723483333333
0.05360456006666666
0.053441318899999986
0.053237553366666655
0.05299465843333333
0.052756694666666666
0.052556080266666666
0.0524100301
0.05223858733333332
0.05204838586666667
0.05186997236666667
0.051727055300000005
0.05151988836666667
0.051395935833333344
0.051190286433333336
0.05101363666666667
0.05087625126666668
0.05068840986666667
0.0505507383
0.05040645423333333
0.05024865926666666
0.050116214433333334
0.04998867799999999
0.0498744952
0.04973280196666667
0.04956889676666666
0.0493807915
0.04923518839999999
0.04910571033333333
0.0489315952
0.04865442366666666
0.04847571056666667
0.04811115416666666
0.04781059373333333
0.047550690066666665
0.04724324753333333
0.04698870993333334
