0.4927404429666668
0.4718304692000001
0.4507251706666668
0.4315427348
0.4369193746
0.43482472546666673
0.4299951689666666
0.42495794810000004
0.4222463177
0.41560407903333335
0.4098625738333333
0.3970495419666667
0.3823272002666666
0.37036377530000003
0.37015461130000005
0.3655626780333333
0.3597348163
0.35822588373333336
0.3557584936333333
0.35768946793333334
0.3495506260333333
0.34098180316666665
0.3331701714999999
0.32520489829999993
0.31587928279999994
0.312103158
0.31020514633333324
0.3051025829
0.30029206633333333
0.29598320233333336
0.2916208550333333
0.2872086081333333
0.28288586316666664
0.2803613621666667
0.2765390700333334
0.27309215503333334
0.27008219823333335
0.2665110577333334
0.26400598900000005
0.26272471246666673
0.2600217378666667
0.259169554
0.2582649422
0.2570934896333334
0.25631753216666675
0.2535846404333334
0.2507845957333334
0.24814974813333338
0.24579578626666668
0.24657912170000001
0.24477028623333333
0.24356582020000003
0.24154027520000002
0.23889593996666664
0.2371301615666667
0.2347211524666667
0.23231347689999998
0.23040900343333334
0.22892758626666668
0.22799076773333332
0.22833452819999997
0.2276706455
0.2264393374333333
0.22509855756666666
0.22372052586666666
0.22271602603333332
0.22165003109999998
0.2208133251
0.22008687493333332
0.2189235287
0.21846737643333336
0.21697576353333334
0.21583524933333334
0.2144163169666667
0.2135222992666667
0.2125070966
0.2117467375333333
0.21050502753333333
0.2092930430666666
0.20704918746666667
0.2055788425
0.20410097319999995
0.20298286450000003
0.20255643656666666
0.2017045690333333
0.20126618756666667
0.19969154966666663
0.1983009268
0.19699515510000004
0.19555704673333335
0.19461762693333337
0.19358975166666673
0.19317842140000002
0.19271762916666668
0.19197364640000003
0.1914528085
0.19023440003333333
0.18966573299999998
0.18888762803333328
0.18775690289999994
0.18696803276666663
0.1862530537666666
0.18563138213333327
0.18487791036666665
0.18410607546666666
0.1834540934666667
0.1825248634666667
0.1816407978333334
0.1808591448
0.1804376612666667
0.17954186270000003
0.17882627883333338
0.17793301586666668
0.17696648243333335
0.17599659899999995
0.1746313903333333
0.17366481399999997
0.17263780643333332
0.17198028753333333
0.17140170566666668
0.17019865990000002
0.16924950539999997
0.1684043250666667
0.16727236163333334
0.16654818663333337
0.16598549040000007
0.1653309216666667
0.16443181443333338
0.1635227925333334
0.16329749633333338
0.1627038291333333
0.16227702623333332
0.16188861606666663
0.16174131276666662
0.16131949016666663
0.1606076861666666
0.16013304299999997
0.15925067686666666
0.15858546873333335
0.158017326
0.15760706236666666
0.1571018754
0.15647319383333338
0.1558883891333334
0.1551143583333334
0.1541489757333334
0.15362055796666668
0.15307811006666666
0.15203761026666665
