0.3661708252666666
0.34027331609999995
0.3142429934
0.2932261721666667
0.2934981498666666
0.29026674576666667
0.2856848493
0.2800354030666667
0.2769195635333333
0.2717828884333333
0.2663049245
0.2571722072333333
0.24701935409999998
0.23913314516666664
0.23698888813333327
0.23183227673333334
0.22709413463333336
0.22543198723333335
0.2237175625666667
0.2252178244666667
0.2196655609333334
0.21403484220000007
0.20880093463333338
0.20265031930000005
0.19646918316666676
0.19351914316666674
0.19145320340000002
0.18800867813333336
0.18477654756666667
0.18157761696666663
0.17925932059999994
0.17651285559999993
0.17408832866666665
0.17228600723333332
0.16999514979999997
0.16770259316666666
0.16573496203333335
0.16386587523333335
0.16233384343333332
0.16099863966666667
0.159464157
0.15857322653333333
0.15762660623333333
0.15683160006666666
0.1560819697666667
0.15452026469999997
0.15286470523333331
0.1508003450333333
0.14935187306666667
0.14880455989999997
0.14745209739999998
0.14626019443333332
0.14482655693333335
0.1432560578
0.14150090923333333
0.13962271729999998
0.1376699879
0.13608240400000002
0.13486334020000001
0.13363863850000002
0.1329888606666667
0.13246714710000002
0.13154776043333336
0.13058930033333335
0.12970130296666668
0.1291958097666667
0.12860994846666668
0.12801703970000003
0.1275681833666667
0.12684025280000003
0.12629278650000003
0.1259237744
0.1255402413666667
0.12489894473333335
0.12436518173333334
0.12369355946666667
0.12292899650000001
0.12244560483333333
0.1217015950666667
0.12087280743333335
0.12003891220000004
0.11908232356666669
0.11811446650000001
0.11741196813333336
0.11700836273333336
0.11663076133333335
0.11592533886666669
0.11525483166666668
0.11461673436666667
0.11424697856666666
0.11374827506666667
0.11328283566666665
0.11308195826666666
0.11297095916666665
0.11273680789999999
0.11243048286666665
0.11188889203333331
0.11146145489999998
0.1110682128
0.11069339943333333
0.11045034163333332
0.10990300286666664
0.10945072156666666
0.1087018975
0.10808758520000002
0.10773322153333334
0.10719322130000002
0.10664009653333335
0.10619628306666669
0.10545404863333335
0.10498268573333334
0.10446649646666668
0.10388171830000002
0.10337846803333336
0.10263593380000004
0.10207887063333336
0.10166765410000002
0.10103435066666668
0.10056076306666667
0.09995413699999998
0.09929110869999999
0.09881552739999998
0.09830080866666664
0.09771745533333331
0.09724277156666665
0.09664438526666666
0.09616057199999999
0.09571137703333331
0.0952149193333333
0.09490148336666665
0.09446559453333332
0.09416120099999997
0.09395692413333331
0.09396021856666664
0.09386069813333332
0.0935773801333333
0.09335780859999998
0.09311949973333333
0.09279130316666666
0.09269230443333333
0.09250805726666664
0.09228833916666666
0.09212814183333333
0.09200285483333334
0.09157641296666669
0.09117839606666668
0.0908050972
0.09044401663333333
0.08994567696666667
