0.4597908777333334
0.43684826946666677
0.4134693005666667
0.39300452663333335
0.3965748617333334
0.3931868146333334
0.3879708670666667
0.3818687083666667
0.37841080850000003
0.3712378518333334
0.36498840396666676
0.35188713156666673
0.3374440902
0.32599972993333337
0.32393334396666673
0.3183402638000001
0.3129531176666668
0.3121369374000001
0.3096143817666668
0.31159498763333343
0.3046847760666667
0.2982651620666667
0.2921331150666667
0.28542449690000005
0.2774338916666667
0.2745144471666666
0.27272207156666667
0.2687699978
0.26455047820000005
0.26145200983333333
0.25746538560000004
0.2542074306
0.2511354628
0.24903785526666666
0.2460670429333333
0.24355130609999998
0.24082839809999998
0.23822490816666664
0.23613600556666667
0.23621507943333334
0.23417322933333334
0.23385609833333335
0.2333349957
0.23213189189999997
0.23198030526666666
0.22954149919999994
0.2264641235
0.22405521896666664
0.22225265363333332
0.22193626570000002
0.2205007687
0.2190523432333333
0.21720353876666668
0.21484199666666665
0.21293738003333332
0.21024402656666666
0.20773935600000001
0.20557441383333336
0.20384773543333334
0.20173572310000001
0.20136745069999998
0.20064099419999998
0.19968373499999997
0.19866259416666665
0.19772165606666667
0.19635670840000002
0.1956657510333333
0.19442472153333332
0.19355681839999997
0.19190185426666667
0.19140420366666666
0.19033828186666663
0.18929212236666665
0.18863779339999995
0.18833578659999997
0.18728694689999997
0.18659527176666665
0.1853656862333333
0.18450266403333332
0.18304037906666665
0.18075251966666664
0.17937541809999996
0.1781541120333333
0.1773958209
0.1767144834
0.17629520996666667
0.1748570026
0.17345204756666666
0.17226842093333336
0.1715075944
0.17090678606666668
0.17015683493333336
0.16955691930000003
0.16915483613333335
0.16834452633333333
0.16831738836666668
0.16751909256666667
0.167241241
0.1669418252333333
0.16621542073333334
0.16534972966666667
0.16451466073333335
0.1634920815
0.16227118566666668
0.16078326783333333
0.16017510073333335
0.1596841725
0.1593118145
0.1587491156666667
0.15855235343333335
0.15823883426666666
0.1572239981
0.15633534359999995
0.15569121066666664
0.1548434582333333
0.15393068009999997
0.15377464343333327
0.1536952642333333
0.15331972609999994
0.1525918064666666
0.15173015036666665
0.15080473226666666
0.15036810376666665
0.14962491503333333
0.14912542723333333
0.14845190973333333
0.1478430111
0.14709115466666664
0.14629681743333334
0.1460103378
0.1460297782
0.14583485620000003
0.1458932261
0.1458540176
0.1459237896
0.14549727086666667
0.14499304726666665
0.1443837115
0.14403254533333334
0.14385916116666667
0.14404029666666668
0.14422864163333335
0.14389561673333334
0.1434294334
0.14281537060000002
0.14222240680000003
0.14136638663333334
0.14091141616666664
0.1402407265
