0.541740615
0.3727068014
0.20511550919999996
0.1484175892
0.1630806088
0.1869655772
0.1983772798
0.2026165746
0.2024793914
0.1850606968
0.1691585688
0.1602115274
0.1575839352
0.1586469736
0.16978742019999998
0.1692682348
0.1611785336
0.15260666380000001
0.1454667876
0.1401427092
0.13223243899999998
0.13270735879999998
0.13208201719999998
0.1289361798
0.1250194172
0.12277595640000001
0.11840766180000002
0.1154656994
0.1122521694
0.11006343059999998
0.1084545984
0.1071162984
0.1056094104
0.10441894700000001
0.10290890180000001
0.10124102139999999
0.10064006119999999
0.09969761860000001
0.09910670180000002
0.0971839038
0.0964379908
0.09583337100000001
0.09597513500000002
0.09575085380000001
0.09617088680000001
0.09680728379999999
0.09760372640000001
0.0973703698
0.096678596
0.09653854119999998
0.09563521219999999
0.09518714479999998
0.0938208876
0.0924173904
0.0896550698
0.08686041239999999
0.083733269
0.08207983239999998
0.08046830199999999
0.07998512220000001
0.0794373742
0.07861878580000001
0.077970694
0.0776121318
0.07766545620000001
0.0772005562
0.07742851120000001
0.07718527420000001
0.0768278842
0.0763261646
0.07650369500000001
0.07592047500000002
0.07568844940000001
0.07551948380000001
0.0755965272
0.075392006
0.075713477
0.07591578260000001
0.0753842382
0.07426155320000001
0.072916643
0.0713067714
0.0692900886
0.06832453620000001
0.06731139420000001
0.0666874276
0.06564887720000001
0.06465795839999999
0.06328130239999999
0.06219510699999999
0.0611262556
0.060776686
0.0608027404
0.06073390780000001
0.0609040416
0.060846300799999996
0.06078994
0.060275524999999996
0.0598561428
0.0598144444
0.059737743200000006
0.0592744462
0.059206266800000004
0.0595035212
0.0589338994
0.0587749592
0.058887490400000006
0.05865785999999999
0.05799931359999999
0.05790372580000001
0.0576360152
0.0572016152
0.0572292232
0.05717008459999999
0.056719339
0.056276446
0.055977745
0.0554384678
0.0551617152
0.055387218
0.055121569599999996
0.05502890720000001
0.054796172399999996
0.05446225179999999
0.05395225859999999
0.053637637599999996
0.053159054000000004
0.052817048
0.052530350399999995
0.052183105400000006
0.0520140026
0.0515242682
0.0514333732
0.0513046718
0.051237463
0.0511750218
0.051326598599999995
0.051429124400000005
0.0509982866
0.05116852940000001
0.0512006426
0.05095137759999999
0.050625982199999996
0.050879205799999994
0.0505316062
0.0502826498
0.05030010960000001
0.050118134
0.0501875654
0.050046367599999995
0.050065660600000006
0.0498803106
0.049658158200000004
0.049357427599999996
0.0489633876
0.048566452399999994
0.04845606079999999
0.0482271836
0.0479701294
0.0479847142
0.047956544000000004
0.0474823546
0.0473547982
0.0468921342
0.0467165254
0.046562312599999996
0.046519358
0.0459422858
0.045567801000000005
0.044424324
0.043429943000000006
0.04266594680000001
0.042158925400000005
0.041957202000000006
