0.6676495144
0.535243046
0.40701968399999994
0.29462529260000003
0.3194737352
0.3265092308
0.3445325842
0.3640598238
0.3890518006
0.36677599559999996
0.36506443899999996
0.3443617052
0.30049817339999996
0.2669793336
0.2454055202
0.2478562224
0.25173581619999996
0.2721803844
0.2991216758
0.35069609960000003
0.33654694660000006
0.31746685919999995
0.3062250838
0.2869886368
0.26420969800000005
0.2533985984
0.24829988579999998
0.235474811
0.2225902936
0.2144278506
0.2122250374
0.20771224520000003
0.20177414200000002
0.1967856408
0.1891821666
0.1827383032
0.17345673179999999
0.16596353000000003
0.16233329040000002
0.1580119938
0.1582285524
0.1638932696
0.17097397220000002
0.174485838
0.1747791382
0.1748559276
0.1733800616
0.1723940688
0.1727182162
0.1782042518
0.17966843999999998
0.1819770264
0.1814715448
0.1797460064
0.17486030079999998
0.167839663
0.15865779900000002
0.15195271419999998
0.1476470516
0.1449330476
0.1428846728
0.1430448838
0.14043942140000001
0.137072658
0.1352031058
0.1333076862
0.1304863188
0.12852791600000002
0.12931983019999999
0.1285119744
0.12856519859999999
0.12964214180000003
0.13001640500000003
0.129607476
0.131114679
0.1324469238
0.13375299680000002
0.13655134019999998
0.13614332460000003
0.1343823478
0.1326921594
0.1304357872
0.12900662719999997
0.1293897008
0.12768667639999998
0.12803652319999997
0.12744075419999998
0.12474485279999999
0.1220028124
0.1213090344
0.1201263674
0.119901692
0.119255097
0.11894595620000001
0.1180368048
0.11588954659999999
0.1143692744
0.113667126
0.11330439839999999
0.11366154799999999
0.1129698364
0.1116734744
0.11144858579999999
0.11042337799999999
0.11016043319999999
0.11051904019999999
0.11067295919999998
0.1105645102
0.110405563
0.11119567960000001
0.1122432542
0.111493879
0.1118488182
0.1126182982
0.1111183714
0.11074160559999999
0.11158573499999999
0.1117076124
0.11212816119999999
0.11224801039999999
0.1122196142
0.11153803020000001
0.10953207680000002
0.10752947800000001
0.105776354
0.1040086992
0.1024539394
0.101602726
0.0991065066
0.09802666260000001
0.0966671158
0.095414785
0.0945848356
0.0953896914
0.09435921380000001
0.09401582539999999
0.0943126102
0.09401424080000001
0.09349867279999999
0.0942869906
0.0948203636
0.0947008248
0.0947646124
0.0957120684
0.0950275906
0.094015034
0.0944729748
0.0953063604
0.0950683148
0.09597981779999999
0.09633927359999998
0.0956082978
0.093995487
0.09251426199999999
0.09172862479999999
0.0909359548
0.0904577134
0.09107600860000001
0.09157830199999999
0.0917819512
0.0913378294
0.0905944306
0.08956028919999999
0.088376199
0.08734885160000001
0.0875998882
0.08789579360000001
0.0880660934
0.0887679828
0.0875916418
0.0868423964
0.08580137299999999
0.08465986119999999
0.08336900119999999
