0.6992862684000001
0.5944398374000001
0.49178939660000004
0.388312365
0.4428427362
0.45656475739999997
0.4901443
0.5319799962
0.5806032593999999
0.5355035678
0.5298018702
0.49528004900000006
0.426918392
0.375367089
0.3583247236
0.3776960626
0.3884765024
0.4209240196
0.4525991602
0.5301450234
0.504612927
0.4718185262
0.45600347899999993
0.4343198236
0.40071281580000007
0.3884807722
0.39082360019999995
0.37673574060000004
0.35805471159999996
0.3539873808
0.3517919634
0.34342803600000005
0.3371860612
0.33253386239999994
0.31495096279999996
0.30679184760000006
0.292470538
0.2761955092
0.26930800499999996
0.2628067614
0.26400249540000004
0.27139169500000004
0.28231049280000003
0.287735399
0.28353386340000003
0.2816237506
0.2759584236
0.27058974620000004
0.26927758820000003
0.27928391259999996
0.27992811880000007
0.2871585852
0.2875979474
0.2848428318
0.281336333
0.26558695439999996
0.252844371
0.24343542220000006
0.23847048659999998
0.23732258699999997
0.24061976340000002
0.24066957660000005
0.2389372286
0.2344016234
0.2320648174
0.2283693446
0.2269946726
0.226718816
0.22783300879999996
0.2243636796
0.2253799108
0.2210819454
0.2216193284
0.2199491788
0.22510340059999998
0.22873762540000003
0.2326457704
0.2309329086
0.22787851039999998
0.22259015180000002
0.2196333162
0.21964452539999998
0.22081031680000002
0.2250327096
0.22649997000000002
0.2272672088
0.2249873826
0.2196174262
0.21549631440000003
0.2117011358
0.2069087504
0.2045458902
0.20518115460000003
0.2043315276
0.2032828344
0.20287744700000002
0.1989490672
0.19685036139999998
0.193809661
0.191956303
0.18961823179999998
0.1897077894
0.1896379976
0.1892095354
0.18626472979999997
0.1871681008
0.1867711844
0.1857999304
0.1874588714
0.1905224412
0.19375738660000003
0.19318798420000002
0.19271869060000002
0.19166502079999997
0.18961483619999997
0.18737584499999999
0.1883765946
0.1888823938
0.1898311588
0.19020073380000002
0.1879198398
0.18441378039999998
0.1841050242
0.1813515208
0.1779823734
0.17596879259999998
0.1750609896
0.17264425619999998
0.169751355
0.1700513384
0.16853459599999998
0.1673386476
0.1656944918
0.16509694199999997
0.16425424460000002
0.1636947162
0.1645796766
0.16355323859999998
0.1641028972
0.1638760676
0.16429455240000002
0.1622191952
0.160947434
0.1617478514
0.16204547620000004
0.16077946240000002
0.161884743
0.1634815056
0.1615836034
0.1610796196
0.16264082279999997
0.160902278
0.16026996040000002
0.1588541062
0.15847823160000002
0.156278825
0.156737617
0.157385066
0.15906247639999999
0.15818330139999998
0.15595773819999997
0.1544747482
0.14986685660000001
0.1461618778
0.1444412596
0.14569097339999998
0.146392671
0.14688834039999998
0.14792041959999996
0.14645826159999997
0.14354603259999998
0.1413312906
0.1405769314
0.1386431782
