0.7407546990999999
0.6348753525
0.5650365902
0.580640137
0.5479802282999999
0.46907247629999993
0.40922683630000006
0.3523960249
0.298098974
0.25825942939999996
0.26136145499999996
0.2963819691
0.26988191009999996
0.2521456566
0.2522481245
0.2609455487
0.20202588979999994
0.203954892
0.21238132780000002
0.19535288999999997
0.17181638589999998
0.1586887629
0.17219346139999997
0.16889673859999998
0.1642390472
0.16588856959999998
0.1946364271
0.15562773829999998
0.10314175909999998
0.0929525131
0.0968524996
0.1295002361
0.19604120960000002
0.23715938010000004
0.2367321028
0.2282449722
0.22930520359999998
0.2325747382
0.24730786349999995
0.2216861538999999
0.19392030600000004
0.15008603030000006
0.07199313119999999
0.030197144599999996
0.0331619237
0.0325303089
0.023050153499999997
0.0323235387
0.0182830602
0.0462274646
0.08997845559999999
0.13634640390000002
0.1796226374
0.2219743267
0.2570946972
0.30116302590000005
0.318376167
0.31875196699999997
0.35184004399999996
0.3531850333
0.30794743139999997
0.2701496857
0.27863130420000004
0.2785753797
0.2841694474
0.286691195
0.3269655812
0.3954208878
0.3974115681
0.37164509459999995
0.3944347209
0.4016366593
0.3564888421
0.3117966205999999
0.28074385449999995
0.24592277670000007
0.23550634229999998
0.2036967179
0.21462981770000003
0.2400555297
0.21611325530000003
0.197418911
0.1931067195
0.1840395786
0.1620959221
0.1780756994
0.1725078565
0.1677105719
0.1748302301
0.2012564153
0.25525053360000005
0.2719922514
0.2758612075
0.29567835099999995
0.3140408837
0.3055861212
0.2628651817
0.22266526140000004
0.17906660719999998
0.19417944980000001
0.21130556140000004
0.23304324340000004
0.2624604771
0.2768777043
0.2672570904
0.2521192819
0.2569582155
0.2524872999
0.2490955457
0.1798882294
0.1044742586
0.08693226410000002
0.0929056086
0.09861844689999999
0.10931224099999999
0.1116163287
0.140618123
0.184908384
0.2142610756
0.206420953
0.20717580519999998
0.18059290890000002
0.1447849326
0.1203113137
0.10727608460000002
0.10148175390000003
0.07777893900000002
0.0361466168
0.007923285999999998
0.054694169699999996
0.0720629645
0.07905578290000001
0.07384466740000001
0.0724282292
0.1198279587
0.18619775719999998
0.2000482808
0.2000146633
0.19675437659999997
0.15630544679999997
0.1548892361
0.18769889439999995
0.1894799508
0.18565810910999997
0.13870907881
0.07494373701
0.06588621591
0.07730517300999999
0.08220091831000001
0.08429565151
0.06766339261
0.009135670310000002
0.01993610951
0.0356521684
0.0395155889
0.03721562319999999
0.048948216799999986
0.07279941770000001
0.0963431301
0.100972357
0.10186954879999999
0.12482807430000001
0.108552527
0.07945456470000001
0.0743225074
0.0741399905
0.06514255570000001
0.072448468
0.10585283110000002
0.1695203231
0.2551590273
0.3128007299
0.3343635235
0.353014443
0.35324772320000003
0.3951661606
0.4230513896
0.420118963
0.36075911
0.3325645092
0.3110412253
0.30530252669999997
0.3396154477
0.39919050819999996
0.46074590829999995
0.452491015
0.39801426459999995
0.36987338279999993
0.3829740428
0.3492431683
0.287053742
0.27192834699999996
