0.7195301846
0.604616979
0.5352981290000001
0.5654278847
0.5311505141999999
0.44482519369999995
0.3846177412999999
0.32761846029999997
0.27333721440000003
0.23369798020000002
0.2418785851
0.2819578646
0.24910717769999996
0.2312148085
0.23408789420000004
0.2502729148
0.185843161
0.1890195382
0.19744547480000002
0.18031165700000001
0.15641334310000002
0.1468102717
0.1655539726
0.1595908832
0.15056602830000002
0.1509282198
0.1832008516
0.14276568290000002
0.0877415607
0.0776936168
0.0813264091
0.1139493391
0.18120900769999998
0.22201103289999996
0.22309334709999998
0.2151427395
0.21853332499999997
0.2204716215
0.23378922639999997
0.20841084644
0.18168071684
0.13835373834
0.060259550640000006
0.02171120684
0.02747361604
0.023460567839999995
0.012767940039999998
0.02322562054
0.009103540539999998
0.0331613394
0.0750806418
0.1215304299
0.16533259309999998
0.20790374890000002
0.24310437559999998
0.29144481349999996
0.3034522008999999
0.3000643352
0.3374580658
0.3425003694
0.29364541050000004
0.24845693540000005
0.2575667424
0.2571597895
0.2628581537
0.26535178460000003
0.3120137524
0.38477954600000003
0.3782624184
0.3523988793
0.379856299
0.3938384131
0.34420942909999996
0.2961265547
0.2655559397000001
0.23067780650000005
0.21996516259999996
0.18807995419999998
0.20702712329999998
0.23114582079999998
0.20347950409999999
0.18581406169999998
0.18497984929999997
0.1797815071
0.155753693
0.1726078925
0.16704745380000002
0.1621934635
0.1695311772
0.1972616047
0.255029448
0.2660496305
0.2698254537
0.287539124
0.30759442379999996
0.29848954219999996
0.2545623988
0.21550017360000004
0.1732555711
0.1870042281
0.2037659915
0.23025303850000003
0.2594290139
0.2745990816
0.2651650242
0.24797190719999995
0.2542652736999999
0.24887189619999997
0.24452940319999997
0.1762153606
0.1007209925
0.0818511293
0.0875755932
0.0934000211
0.10299769509999998
0.1070329686
0.1341402792
0.177941743
0.20699968700000002
0.1992127504
0.20083995400000001
0.1767152682
0.1388549843
0.11503357200000001
0.10234534590000002
0.09640589370000002
0.07476370700000001
0.0335441988
0.0009969630000000009
0.0481970071
0.06346500669999999
0.06940085030000001
0.06664393520000002
0.06484379680000002
0.10970576620000001
0.1759567317
0.18689311990000004
0.1869755426
0.1881360622
0.1475358496
0.1464065159
0.17891096329999998
0.1768856267
0.1736071447
0.12924413880000002
0.065181247
0.0586708358
0.06983784209999999
0.07344478270000002
0.07686746350000001
0.06670116970000002
0.008642490999999999
0.0240918541
0.03912550620000001
0.0419855231
0.039910834500000006
0.04963267810000001
0.0730845007
0.09760799499999999
0.1003382732
0.0961540832
0.11922929339999999
0.1029137411
0.0745059059
0.0716559611
0.0706771903
0.06277429450000001
0.0689074116
0.1021328104
0.1663100938
0.2520098227
0.30887105019999994
0.32905473329999996
0.35184558599999993
0.34679269599999996
0.3902738616
0.41910254939999997
0.4169763293
0.35094635199999996
0.3208400997
0.29939807640000005
0.29446630259999995
0.3293297936
0.3848151018
0.45051035559999997
0.4430454330999999
0.38282929089999995
0.35631405909999997
0.37651081010000004
0.34372784040000004
0.2751728721
0.25934158420000003
