0.5187976022666666
0.47171437306666664
0.4315495592666666
0.4567765510666666
0.4653396858666666
0.44973264333333324
0.4089193295333332
0.34614950426666663
0.28658961946666667
0.2303930964666667
0.2022576814
0.18770335246666667
0.1956750564666667
0.2126790173333334
0.23131202773333337
0.25378514253333334
0.244856575
0.22982218673333327
0.2040862784
0.170626413
0.14028426773333338
0.12096614706666667
0.12114968286666666
0.114749335
0.1260940102
0.1439613727333333
0.19664573046666664
0.22437173206666663
0.22018713246666669
0.19816970713333334
0.17819176206666668
0.16782160833333337
0.16024060746666668
0.16637298013333338
0.16458050253333337
0.1634580570666667
0.16716373360000006
0.16911454973333337
0.1728923028666667
0.1601275892666667
0.13689158426666664
0.09859974546666667
0.0529085048
0.02146907346666667
0.037851268533333336
0.07111266906666668
0.10495212220000001
0.13378656626666666
0.15570253733333334
0.18332746093333335
0.20796341266666665
0.2088762461333333
0.21471375999999998
0.23388315646666666
0.24925862946666666
0.2519834931333333
0.265506005
0.2938780015333334
0.32611623786666666
0.3391705899333334
0.33657151073333336
0.33472657400000005
0.35800801946666666
0.3485442486
0.32275943846666666
0.3122422204
0.32184251420000004
0.31997369266666664
0.2984039986666667
0.2896658386666667
0.29497647126666665
0.3127154057999999
0.3090388116666667
0.3085501186666667
0.29640339253333337
0.2673287907333333
0.23631125846666665
0.18570504019999998
0.15935293886666668
0.15319024106666665
0.1529115774
0.1608592068
0.18471238939999998
0.21960319873333328
0.24571480826666664
0.2766297443333333
0.2625035938666667
0.23518304920000002
0.2130432376666667
0.20204086113333333
0.21298809453333334
0.20418483833333337
0.2040546304666667
0.2149841734
0.26597621573333335
0.29743057526666666
0.30267014133333336
0.2985681766666667
0.2810320053333333
0.24588005480000003
0.2099650316
0.1949865748
0.18923717773333332
0.18483075233333335
0.17751752046666666
0.16418130180000004
0.1863957968
0.21257580033333337
0.22812415266666666
0.1902667628
0.14452946853333334
0.1331077246
0.13699040066666665
0.14282146106666668
0.136386528
0.13403012653333332
0.13549990553333333
0.14110526666666665
0.14239389179999998
0.14175062086666665
0.14259439246666664
0.12784336853333333
0.10005375820000001
0.08195418926666669
0.10009573766666667
0.10754445546666667
0.09417285046666665
0.06693107493333333
0.0476850698
0.08365614946666668
0.12771297026666667
0.13856501126666665
0.13482585813333334
0.13215561940000004
0.13172132740000003
0.1418942966
0.16597736413333336
0.16691808160000002
0.16523761453333335
0.1388363026666667
0.12923998673333337
0.1302426794666667
0.13732575353333337
0.13867205000000002
0.10885168046666667
0.06533117666666667
0.04192251673333334
0.05100659213333334
0.0608693926
0.0639838046
0.053923954866666665
0.0404887562
0.0630069832
0.08243327426666666
0.08598638926666667
0.08438491940000001
0.08162047193333334
0.07218486653333335
0.05938095913333334
0.05790286386666668
0.057381020733333316
0.07680872986666669
0.0958345054
0.12715452033333333
0.17101376506666668
0.22810636599999998
0.2559063488666667
0.24489933419999999
0.22945569013333333
0.22418476140000002
0.25217664019999997
0.2753750898
0.3036171574666667
0.3127356672
0.34017153613333334
0.3829764440666667
0.41342998680000004
0.4205801962000001
0.42202690206666665
0.41617515859999993
0.3816116375333333
0.3292717639333334
0.32462249693333334
0.3316363872
0.3380444542
0.3101669306666667
0.31133941546666666
