0.50105807705
0.46562866080000004
0.41745925014999996
0.41639289679999986
0.40011417639999997
0.36500901249999995
0.30562636305
0.27817545844999997
0.2552401509
0.2268061597
0.21658892045
0.227535366
0.22103768574999996
0.21052119759999996
0.20824358584999997
0.21341705914999998
0.19833115844999996
0.17979131515
0.15776154344999999
0.14415270154999998
0.13433444275
0.1440944995
0.18411733549999998
0.20302805934999996
0.200485575
0.19706677089999997
0.21197081535
0.19410123824999997
0.17522481129999998
0.15731933349999996
0.14538640279999998
0.1397931332
0.13401717039999997
0.13367826234999997
0.13494701324999997
0.13038764055
0.12617767854999998
0.13244913845
0.13279546184999996
0.13395680924999995
0.14194938080000002
0.14321621710000002
0.1258078843
0.12608573565
0.14512831045
0.1668466674
0.17071316025
0.17553775285
0.1850615521
0.19970624895
0.1989629435
0.20324804479999997
0.22912697079999997
0.2502748532
0.2706320722999999
0.29392711045
0.32267087409999995
0.35708642739999996
0.37462580604999995
0.36241506395
0.35119107615
0.3358931725
0.31756007315
0.29518600015000007
0.28245665095000005
0.26630698585
0.28123596175000004
0.29955880285
0.3060206929
0.30585031214999997
0.3052739881
0.29952778514999995
0.2747977808
0.24791809959999994
0.22141988829999995
0.21199923805000004
0.2040070994
0.1857036449
0.1947300239
0.2206559725
0.23568189444999996
0.2347055812
0.2344839635
0.23985896479999996
0.23806840290000003
0.24183091029999998
0.21768651910000006
0.19518791665000002
0.17694841865000002
0.19771793255000003
0.23327804750000003
0.2525177474
0.2691608423
0.28627802765
0.29064898705000003
0.27885270155
0.2599116986
0.23757628065000005
0.21408107645000002
0.18703383960000003
0.15788991000000002
0.15998775375000002
0.17768304284999997
0.18774807559999998
0.1882846657
0.1818678053
0.19878816924999995
0.21869784195
0.23167831064999994
0.19315459119999998
0.15582503189999997
0.13376258649999997
0.11884527059999997
0.10946488029999998
0.1082941628
0.10654904130000001
0.10919853099999999
0.11052750039999999
0.11109218079999998
0.13055756135
0.13961938484999997
0.1298243459
0.1093148
0.09636977145
0.11355202165
0.14383975555
0.13891360989999998
0.11808064004999999
0.10233883129999999
0.10549980824999998
0.1134761003
0.13337733864999998
0.1316623091
0.129043169155
0.129268518755
0.130570747105
0.132967248355
0.13865991815500003
0.13947764745500005
0.12030054915500003
0.111276314355
0.098417282355
0.104708030155
0.11065513875500002
0.089112333855
0.056079680104999995
0.057417216355
0.07505229535499999
0.089272024205
0.092634004255
0.084766470705
0.066981872305
0.064244318255
0.057553366550000006
0.05691904815
0.05567780684999999
0.057045386249999996
0.07262394285
0.1010979806
0.13524634005
0.17851428805
0.21881440209999997
0.22145802524999997
0.21623450385000004
0.21378511530000002
0.23465307555000003
0.24409697265000002
0.2462837155
0.23330597054999996
0.25104241614999995
0.2831001263
0.3090516283
0.33698948559999997
0.3761024756
0.40699681575
0.42382858779999993
0.41053282709999994
0.3949961729
0.37186657640000004
0.34090383875
0.29904748365
0.28861543685
