0.48070438485
0.44328742180000014
0.39220265335000004
0.39832134660000007
0.3826192042
0.34754905425
0.28523045115
0.25831899924999996
0.2353913446
0.20700481859999997
0.19914596410000002
0.21438406815
0.20733057515
0.19540284584999998
0.19232696124999998
0.20060056729999998
0.18452200629999999
0.16589261055
0.14259351775
0.1290026369
0.11886987610000002
0.1303798054
0.17338149015
0.19080095805000002
0.18682968770000002
0.18303547965
0.20086708829999997
0.18161865219999998
0.16076539355
0.14305223161999997
0.13150356296999996
0.12615153871999998
0.12073427916999999
0.12186111986999999
0.12528348157
0.11930165367000001
0.11565063251999999
0.12184862102
0.12144638346999999
0.12078609292
0.12838067932000002
0.12994208412
0.11279607187
0.11480747787000001
0.13528899582
0.15745269066999998
0.15811007046999997
0.16164497786999998
0.17328080317
0.18783085439999997
0.18436302615
0.18499368265
0.21144966775000001
0.23253176920000002
0.25298126465
0.27839829905
0.30773297665
0.34242194060000003
0.3578602421
0.34744962435000004
0.3367508547500001
0.32114767425
0.30088808575000003
0.2766431721
0.2642070467
0.24801479555
0.2659894575
0.28642975010000005
0.29264477085
0.29177235005
0.29166790155000005
0.2898262374
0.26459463920000004
0.23795403090000006
0.21065481635000008
0.20164284950000005
0.19350630819999998
0.17513670885000002
0.18827915025
0.21420371275
0.22925447605
0.2259318461
0.22740265149999997
0.23366031554999997
0.23167405839999997
0.23554871734999994
0.21080492629999997
0.18884681855000002
0.17139337415
0.19213291640000002
0.22939771974999998
0.24815133450000001
0.26462723380000003
0.28106910279999997
0.286379724
0.2732307247
0.25441383625
0.23218603490000006
0.20889248715000006
0.18160979434999996
0.15224349199999995
0.15605208389999997
0.17350230354999996
0.18399955134999996
0.18408135964999997
0.17750243789999998
0.19420277644999998
0.2134068196
0.22576454509999996
0.18771405550000003
0.15078047325000005
0.12928319875
0.11321528874999998
0.10421679655
0.10267152050000002
0.10171943115000001
0.1044519931
0.10574297089999998
0.10399832499999999
0.12370487874999998
0.13215248035
0.12305805924999999
0.10274945975000001
0.08993868440000001
0.10602555605000001
0.1361813127
0.13082841345000001
0.11025987070000003
0.09456651260000001
0.09786642835
0.1049357613
0.12415590680000002
0.12176478095000001
0.11922547075
0.1194749525
0.12056898935
0.12278197785
0.12840669235
0.13079042245
0.11220165655
0.10655384280000002
0.09377672715
0.1004887404
0.10636632544999998
0.08561483095000001
0.05254604075
0.054151756950000005
0.0714611714
0.08552638885000001
0.08860286835
0.08142762645000001
0.0639358922
0.06350279760000001
0.056815706050000005
0.0568207421
0.0552940124
0.056203486299999994
0.07099595615000001
0.0998704027
0.1333241835
0.17408195295
0.2140501718
0.21598423719999998
0.21317574595000002
0.20922432855000003
0.23047552594999998
0.24093842194999998
0.24294187045
0.2265395812
0.24357509675000003
0.27570394955
0.30166867639999995
0.32919226344999997
0.3683303439
0.3986515258
0.41665964735000005
0.40096592015
0.3866451942
0.36372858104999994
0.3322839700499999
0.28728547424999995
0.27690394339999996
