0.3862913723999999
0.35828547403333316
0.33068587299999985
0.33043141473333315
0.31798304943333316
0.29500845553333327
0.2649427383
0.23364959356666667
0.20066947723333334
0.17824355333333336
0.17310952706666666
0.19217454146666668
0.2100233942666667
0.21643307490000002
0.21474086743333337
0.2159884523
0.2063390916666667
0.19503139709999998
0.18522962926666667
0.16760345776666663
0.1518711624
0.14406494033333334
0.14513211630000003
0.14382081893333337
0.14311079973333335
0.14042647849999998
0.14762273796666667
0.13864011843333335
0.1208281029666667
0.11801048783333337
0.1246522155666667
0.13638686526666668
0.14701358686666668
0.16103775873333337
0.17395398173333335
0.1857107348666667
0.1880199898666667
0.1919141548666667
0.20338772966666668
0.2046931093666667
0.19443753869999997
0.18205287523333333
0.17339325316666665
0.17379265566666663
0.18851092923333332
0.20384208990000002
0.2198393481
0.24589729286666667
0.2521233929666667
0.25304344970000003
0.2601028165333334
0.26535938016666666
0.26734372633333336
0.26614357756666673
0.2694622340666667
0.2734799822000001
0.2891107054
0.30145840660000006
0.31733317826666674
0.31778699123333337
0.3019501507333333
0.28551891623333336
0.27185652983333336
0.25394859373333334
0.23797483976666664
0.2325768989
0.2413508605
0.2523430410333333
0.2590035987
0.26769032346666666
0.28580310779999996
0.2876094998333333
0.27211093043333334
0.2607966781666667
0.24922212683333334
0.24015844263333333
0.22024804839999998
0.19487983533333333
0.18716855613333333
0.2095832284
0.22517107633333333
0.23176467406666662
0.24164028303333332
0.2503176020333333
0.2457974315333333
0.24329738796666664
0.22874508433333335
0.21221011346666666
0.198936995
0.1897791908
0.18858469816666668
0.19529031756666668
0.2083152154
0.22155416303333333
0.22812148926666667
0.22098002190000002
0.21788893296666673
0.2177792886666667
0.2119267332
0.19113329140000007
0.17199757906666674
0.16524324016666672
0.16517122220000005
0.1636123220666667
0.15963407066666668
0.15338784713333334
0.1571195826666667
0.1563147792666667
0.1550391709666667
0.1451812502333333
0.126036962
0.11364028753333331
0.10196073779999998
0.09525326543333332
0.11002133873333331
0.13087154839999995
0.13703245839999995
0.13796556239999996
0.13727475559999996
0.1367359741333333
0.1422443445333333
0.1469103663333333
0.13348591989999997
0.12359590189999999
0.11946602016666664
0.11839222109999999
0.11220776496666665
0.10212841423333333
0.0931785599
0.09625391496666666
0.09652207346666666
0.09024376399999999
0.09291622513333332
0.09651250600000001
0.097852566
0.09790912573333332
0.10323306016666667
0.11496253240000001
0.12383544440000001
0.11241134596666667
0.10681245306666667
0.10593157570000002
0.10475531003333335
0.09902650456666667
0.08337727216666665
0.061356098700000014
0.059365623300000024
0.07342054876666668
0.09401195646666667
0.11749878483333336
0.14101516043333334
0.14819755253333333
0.15395315869999998
0.15594448219999998
0.1550855753333333
0.16828077979999997
0.17849778086666662
0.18790101199999995
0.18605831316666663
0.19903719999999997
0.22017873239999997
0.24511935833333334
0.25820735079999996
0.2745907112
0.2935944618333333
0.30485900176666664
0.2925890564
0.28476091556666666
0.2805460386666667
0.2811146078000001
0.28117178543333343
0.2933572526333334
