0.3670356937333334
0.33876333813333337
0.31074457453333343
0.3130560642666668
0.2992440070666668
0.27565282763333343
0.24386868273333334
0.21210190623333333
0.17824877366666667
0.15622231469999998
0.1523919525333333
0.17385686939999995
0.1915022285333333
0.19711584373333338
0.19546238183333337
0.19859378073333334
0.18894985126666666
0.17662541313333333
0.1641379916333333
0.14656756296666665
0.13102022026666665
0.12477541106666663
0.12809118369999997
0.12681478806666666
0.12622246036666665
0.1224289544333333
0.1314657955333333
0.12180080939999997
0.10296926463333331
0.09837906243333332
0.1042969600333333
0.11636822426666663
0.12749143699999996
0.14299027923333327
0.1573228164333333
0.16989154596666664
0.1721680991333333
0.17552829403333328
0.18802838993333332
0.18907281943333334
0.17748750583333334
0.1627276093666667
0.1543245303
0.1556690215
0.1716153112
0.1873706527
0.20337206406666666
0.23063775423333333
0.23735294003333335
0.2392665174333333
0.24543870310000002
0.25032337359999995
0.2510013937333333
0.24903237046666668
0.2521410083333333
0.2575664452666666
0.27360833116666666
0.28609697573333326
0.3030559193333333
0.30483238033333326
0.2890358074
0.2727379253666667
0.25850357430000004
0.24035768299999996
0.22406228513333332
0.21888420713333331
0.22884221873333335
0.24084284809999998
0.24737067556666667
0.2560334883333334
0.2758864834333334
0.2789659183666667
0.2637030270000001
0.25070157966666673
0.2390677408000001
0.2299923797333334
0.21020054910000005
0.18403208596666673
0.17903322853333342
0.2002448876333334
0.21637965346666674
0.22318355643333337
0.23428751530000005
0.24362538610000006
0.23939927163333335
0.2351429632333334
0.22077327156666673
0.2043389801666667
0.1914140318333334
0.18199287630000008
0.1816757644333334
0.18799545386666672
0.2013795478333334
0.21452792790000003
0.22139933740000003
0.21371589306666675
0.20992291243333341
0.20945294573333337
0.2036330465333334
0.18267849926666668
0.16344559153333332
0.15812557306666666
0.15690747353333334
0.15727707139999997
0.1532699819
0.14701899193333334
0.1507615939
0.15038001489999997
0.14705154623333333
0.13722365406666664
0.11735260203333332
0.10483096193333331
0.0930386017
0.08656730719999998
0.10063439953333334
0.12356270563333333
0.12915960793333334
0.129899528
0.12883428913333334
0.12891602946666664
0.13396818566666666
0.13827138466666666
0.12296334353333332
0.11345429409999999
0.10928779133333334
0.10827524766666666
0.10325256726666665
0.09352331023333331
0.08441150933333333
0.08766001383333331
0.0893476744
0.08263242126666666
0.08597242919999999
0.0886732467
0.08911733473333333
0.08925753283333333
0.09379380929999999
0.10562108743333333
0.11607669963333332
0.1048253328
0.0997429109
0.09880126983333333
0.09829376309999999
0.09253994193333331
0.07712343683333331
0.053682494866666666
0.0522053338
0.0658953997
0.0864697698
0.1099689131
0.13374636899999998
0.14156192053333333
0.14821790469999999
0.1515972621
0.14965354186666666
0.16299259476666664
0.17276446573333332
0.18119834946666663
0.17878166326666667
0.19114127726666663
0.21104705643333332
0.23610384566666667
0.2490820308333333
0.2662132443333333
0.28580647733333336
0.29761648519999995
0.2839895248
0.27625808593333334
0.27189376269999993
0.2723996871333333
0.2711122861
0.2833849621666666
