0.3913108466666666
0.36331536149999993
0.3357039872333332
0.3338941773999999
0.32148913333333334
0.2986355315333334
0.26862971773333333
0.23732621840000004
0.20454068696666672
0.18218827750000002
0.1766767801666667
0.19485698936666668
0.2127055270333334
0.2194005917666667
0.21773975816666669
0.21835969683333334
0.2086558401666667
0.19738578950000005
0.1876103168
0.1699971856666667
0.15419639716666672
0.14609167643333337
0.14674260073333337
0.14541775443333335
0.1447110245666667
0.14222128356666666
0.14899726140000003
0.1401753384
0.12291089426666665
0.1202887105333333
0.12691708706666666
0.13864422343333335
0.14921899273333333
0.1631102838
0.17566290789999997
0.187312769
0.19024384136666664
0.19455008129999998
0.20581032256666665
0.20703288393333327
0.19728206433333334
0.18552737330000008
0.17674902426666667
0.17691561700000002
0.19147535609999997
0.20679484326666667
0.22279730056666663
0.24883213116666666
0.2558448907666666
0.25701919749999996
0.2641202026333333
0.2693775829666666
0.27158092789999994
0.27078210899999994
0.27400266636666665
0.2779256658666666
0.29361603016666665
0.3059565242333333
0.32129380993333334
0.32162855253333333
0.30616513586666666
0.28973508533333336
0.2760756219333334
0.25813719296666665
0.24233640799999998
0.23689655703333332
0.24499325999999996
0.2556093925333333
0.2622905386333333
0.2709856798666666
0.28859950326666667
0.2903492738999999
0.2751522563666666
0.2638381833999999
0.2522935534333332
0.24319486576666666
0.2236264601666666
0.1980241837333333
0.189508885
0.21183046493333332
0.22755645009999995
0.2341514686
0.2438094680333333
0.2521985446333333
0.24779796540000001
0.24526036749999997
0.2307770845666667
0.21428771106666666
0.20099746100000002
0.1917746981666667
0.19034345120000004
0.19732258630000002
0.21040909773333336
0.2237248340666667
0.2302034050333334
0.22310724393333337
0.22014717340000003
0.22002031510000006
0.21414107616666672
0.1934962107333333
0.1743185417333333
0.1668561388
0.16671700609999998
0.16526915496666666
0.16128180533333333
0.15507245483333332
0.15845175916666668
0.1578474335666667
0.1570933024333333
0.14700111736666666
0.12790434276666665
0.11552698529999998
0.1038450695333333
0.09711932993333332
0.11213876143333332
0.13309861326666664
0.13948178093333333
0.14035655469999997
0.13964624606666665
0.13914018983333332
0.14470933526666666
0.14911586206666666
0.13603651693333332
0.12613255067
0.12193770737000001
0.12087441603666667
0.11457114523666667
0.10448881770333335
0.09562619363666669
0.09843175600333336
0.0982051977366667
0.09196344920333335
0.09442024257000002
0.09791283557000002
0.09935087547000002
0.09945237247000001
0.10496090450333334
0.11670641800333334
0.12509947500333335
0.11385781843666669
0.10814072583666666
0.10722087966999999
0.10598952910333333
0.10025494740333334
0.08418239170333332
0.06209978356999999
0.059992329469999994
0.07418435290333332
0.09479895983666667
0.11826277720333332
0.14156398956999997
0.14892149150333334
0.15428405333666667
0.15604039203333334
0.15569527316666668
0.16884059143333333
0.17904738736666664
0.18845561623333335
0.1876516904
0.20101906309999998
0.2226899338
0.24764377696666665
0.2608438327333333
0.2772198386333333
0.29610537963333333
0.30726572203333335
0.2954027366333333
0.2874802712666666
0.2831953279666666
0.28377600019999993
0.28441799819999997
0.2966772011999999
