0.6305980966
0.609421564
0.6026089788
0.7869550613999999
0.8922979468
0.8368345944
0.6403891145999999
0.5075759586
0.36476484060000003
0.1952168518
0.0889601158
0.16533244060000002
0.18446374039999996
0.21860975119999998
0.30850425899999995
0.42340321979999995
0.42103643339999997
0.3464088138
0.2763942666
0.1874581786
0.0944097086
-0.0232588166
0.0561526152
0.1430330342
0.1979736456
0.24354249919999998
0.33679210820000005
0.28690513120000005
0.19283153439999998
0.1264474148
0.0829005954
0.049365149600000005
0.0203913022
0.0083834364
0.053860970200000004
0.10544102359999999
0.2037799336
0.3658187628
0.45934642659999997
0.41420073640000005
0.34623366720000004
0.2503197418
0.09451175740000001
0.0313890774
0.025679801000000002
0.0386994804
0.0473915254
0.047013129
0.027941404599999997
0.0405022304
0.0257416052
-0.001912030800000003
0.017200628
0.0050767384
0.0473717742
0.1488969216
0.269376872
0.3371459418
0.434089469
0.46210837820000006
0.44925171119999996
0.35916389719999997
0.2897947102
0.26248326200000005
0.23829573599999998
0.15780184660000002
0.1679772458
0.25469335260000003
0.28177598260000003
0.3171076556
0.4026609744
0.47703857899999996
0.5295359956000001
0.5013735012
0.4128749238
0.3762638402
0.3205117178
0.1756917298
0.1120625122
0.13901493660000003
0.10600459920000001
0.14059592059999998
0.2218887096
0.3122143426
0.3373203172
0.3197179328
0.24782613700000003
0.1595346812
0.053781961800000014
-0.0167645306
0.033012200199999994
0.0941555628
0.1727137774
0.2928132918
0.4165886382
0.4771591
0.4455290818
0.373300689
0.29253445939999995
0.20629847580000002
0.12879298339999998
0.07286987039999998
0.066149425
0.059604769
0.1750415332
0.2863396424
0.3896114718
0.456254416
0.49095678759999994
0.35630015539999993
0.214762469
0.1224783822
0.04530769220000001
0.0039307004
0.0012108728000000013
-0.008558206
0.0470975364
0.1361652928
0.18948497
0.2132892602
0.2273841426
0.2297472552
0.229498217
0.2350487128
0.19465945099999998
0.183264443
0.129654925
0.0576522902
0.002647992600000003
0.0173031514
0.0171345918
0.024127925400000003
0.013010767399999998
0.0081658624
0.08832461059999999
0.1222343316
0.12873570099999998
0.13013016719999998
0.1322413544
0.14534068640000003
0.24376998740000003
0.2628314074
0.26133663980000005
0.25605964140000004
0.16149868520000002
0.0596785708
0.10636498399999998
0.10928743779999998
0.10741184779999997
0.10966953639999999
0.084271402
0.021531646999999998
0.041353183
0.0525446608
0.05538681980000001
0.0520435572
-0.0021290807999999996
0.0023791555999999993
0.022651669199999995
0.026895057599999994
0.025456905399999997
0.1020637024
0.14528861099999998
0.17210349279999998
0.17567729040000002
0.17565429559999998
0.1449267942
0.06888683300000001
-0.0166122846
-0.028863756399999996
-0.028968138799999994
-0.016564306999999993
0.07332807220000001
0.2259723528
0.36622776119999995
0.5376329411999999
0.6393565594
0.5924830973999999
0.47900700220000003
0.3351902794
0.2478651182
0.203333017
0.24504030280000003
0.2332276466
0.3190965678
0.3634312727999999
0.39760038400000003
0.4242171884
0.5538460574
0.5942386286000001
0.5335385215999999
0.3868818908
0.3046099996
0.20783545760000002
0.1007981662
0.0335309976
0.1495359716
