0.6099928252
0.5888233306
0.5822717712000001
0.7858193356000001
0.8914887794
0.8290675439999999
0.6204106274
0.48832448679999996
0.3450364338
0.170812249
0.060582843399999996
0.1488248552
0.16691243379999998
0.20163799500000001
0.2965837114
0.42317432680000006
0.415090874
0.33130192160000005
0.260791622
0.17159207700000004
0.07737150280000002
-0.043404552
0.046737154800000014
0.13409932760000004
0.18903123700000002
0.2354551834
0.3370250954
0.2843707904
0.1850824388
0.1121008196
0.06640125620000001
0.029376607800000003
0.0011605753999999982
-0.009599317400000005
0.043286413999999995
0.096251562
0.1985220704
0.36125744000000004
0.45362138319999995
0.4029002802
0.334033917
0.2385445796
0.07968580300000001
0.0139570696
0.013921412679999998
0.02932751668
0.03816289708
0.04083329828
0.02946534408
0.0410258194
0.017593618999999998
-0.012627017
0.0056179428
-0.011258263000000001
0.0252968594
0.13256766459999997
0.2556878768
0.32504724339999996
0.42706576079999997
0.46091189180000003
0.4503219624
0.351216525
0.27508142700000004
0.2478503708
0.22408884700000004
0.13696885860000002
0.1456973458
0.2400520578
0.26646920820000003
0.3016274604
0.3937347106
0.478330159
0.5295070342
0.49005562860000007
0.40317029820000005
0.3659778874
0.3093466672
0.158911824
0.10219748079999999
0.1279415812
0.09537772559999999
0.130583658
0.21724808439999999
0.3118567658
0.3343500604
0.3115812826
0.2410444654
0.1527116142
0.0477062484
-0.0228426744
0.0336345024
0.0930504422
0.1716753128
0.29135610599999995
0.41736588379999995
0.4764243936
0.4390488188
0.3679755946
0.283722142
0.1978229638
0.1205546908
0.07007597880000001
0.06302475260000001
0.0627890002
0.1761854924
0.2869772922
0.39043009819999996
0.4558332752
0.486409163
0.35414455599999994
0.20896652220000003
0.1181004492
0.0419105172
0.0026496434
-0.0017138347999999999
-0.007524537199999999
0.0456018094
0.1332406692
0.1841503988
0.20770922499999997
0.2215904744
0.222678749
0.2226428168
0.2298489752
0.1907162758
0.18008943360000002
0.1307517874
0.055067151800000005
0.0002181688000000015
0.013974416
0.012722353800000002
0.0187756266
0.0120212458
0.0017757572000000003
0.0824195982
0.11420765959999998
0.12002607400000002
0.12126662460000001
0.1279118364
0.1369919342
0.23770580380000003
0.25376016580000005
0.2526844606
0.24836028799999998
0.15807976500000004
0.05510722800000001
0.1040617608
0.10108679279999999
0.09885400140000002
0.10040851259999999
0.07525526600000002
0.0132799108
0.038588891400000006
0.048035564
0.0533264144
0.058147073400000006
0.004005071200000004
0.0095948168
0.0302154484
0.0306446318
0.0216745956
0.09526028499999999
0.13657418459999998
0.1650005416
0.1700319146
0.17063357080000002
0.1431983018
0.06925329760000001
-0.0159887298
-0.026719992400000003
-0.029279190200000006
-0.017649712800000005
0.06856152559999999
0.2202543506
0.35934018
0.5332988355999999
0.6353918132
0.589547941
0.48343682139999994
0.334245212
0.24724888760000002
0.2028132856
0.2444047176
0.21845588259999998
0.3074349874
0.35154726519999996
0.38611931959999996
0.41425486959999996
0.551174321
0.5935857238
0.534543601
0.37953926220000006
0.29837324860000003
0.2018472992
0.093869957
0.015802143199999997
0.1391439062
