0.6595780761333333
0.6375079793999999
0.5801836033999999
0.5147177706666667
0.44803750440000006
0.4117495550666666
0.4486493579333333
0.45202466439999994
0.5022353575999999
0.5297877975333333
0.5358606138666666
0.5312288561999999
0.5161191219333333
0.5076863868666667
0.45794784846666664
0.3917836437333333
0.34164606599999997
0.3590211357333332
0.3941703093333333
0.4399999303999999
0.4899729782666666
0.5236312938
0.5553148357999999
0.545359053
0.5002619036
0.46467360233333327
0.46501049653333326
0.44132819453333333
0.40500715666666665
0.3974620314666666
0.40628442459999986
0.43143380339999987
0.4576690176666666
0.4760562579333333
0.47853698306666664
0.4354545209333333
0.37892744599999995
0.32746602213333337
0.33684819660000004
0.3906436889333334
0.44292298900000004
0.4492300714
0.4584831916666667
0.4737468814666667
0.5084027053333334
0.5434843790000001
0.5101243558000002
0.4606351023333334
0.40152926033333336
0.3912551854666667
0.43001528373333325
0.4834863212666666
0.5251953580666666
0.5361281073333333
0.5312268023999999
0.5262228394666666
0.5378162247999999
0.5750069047333333
0.5432416747333332
0.5215655346
0.4778958425333333
0.5052047787333332
0.5576573776
0.6231556404666666
0.6476323188666666
0.6329000976666667
0.6140462650666667
0.6193428082
0.6416938492666666
0.6271556114666665
0.5714221989999999
0.5104159998
0.44963289120000005
0.48027911360000003
0.4862006143333334
0.5082005529333333
0.5480882517333333
0.5512854790666668
0.5261802047333334
0.5024666540666668
0.5257593975333333
0.5068020044
0.45256916820000004
0.3832110758
0.3656496628
0.4034295932666667
0.42796527973333337
0.4544966358
0.4794078839333333
0.5230541689333333
0.5513109670666666
0.5353213659999999
0.5197059397333333
0.5300126253333334
0.5061752628666667
0.4454260470000001
0.4242578313333334
0.4221942583333334
0.4269711570666667
0.4381499755333333
0.4643468208
0.4953176737999999
0.5151557421999999
0.5063384859333333
0.46563755739999996
0.4392699854666667
0.44653241813333333
0.45992479059999997
0.45340226366666664
0.4350977284666666
0.43129337826666675
0.4356336768000001
0.49101080693333343
0.5220957838000001
0.5060204254
0.4564737256666667
0.44141364386666665
0.44059262199999993
0.44868947513333335
0.4709364494666667
0.4639849112
0.42617780213333334
0.3871518266666667
0.39541464373333335
0.4619560054666667
0.5128331121333333
0.5097103965333333
0.4561716358
0.4274390294666667
0.47211668733333334
0.5182268499333332
0.5328966723333334
0.485509143
0.4333690625333333
0.40211617813333334
0.4478666920666666
0.5025054027333333
0.5293385649333333
0.4952499969333333
0.4376900283333333
0.4035180155333334
0.4352712282666667
0.4623654686666667
0.5041411408666667
0.482044325
0.43666131746666664
0.4067967243333333
0.45697018106666665
0.5108821712
0.4981659146666667
0.4348936066000001
0.3775508546666667
0.3741645869333334
0.3912946360000001
0.40787906560000003
0.4116446374666667
0.42068155626666665
0.45056251413333326
0.4561032363333333
0.4738481255999999
0.5231959119333333
0.5154684850666665
0.4647310260666666
0.40222109253333327
0.39238296133333334
0.3915589141333333
0.40268769199999993
0.4102467427333332
0.43050930219999994
0.4642408567333333
0.5049946322666666
0.5272222705333334
0.5256095325333334
0.5180903867333334
0.5047556522000001
0.4801895852666667
0.45225965086666664
0.4633747317333333
0.4599458674666666
0.5101713224666666
0.5685865806666667
0.5917205712666667
0.5825360843333333
0.5951800727333333
0.5913275106666666
0.5670069802000001
0.5424292602666666
