0.5437316196999998
0.5139353171999999
0.48429711069999987
0.4589326706
0.4450935209
0.44402864894999994
0.48349868585
0.4965498737
0.54728979685
0.5409609864
0.51146864795
0.4718401916
0.4496644097000001
0.4328849009
0.42077530329999996
0.4165277962999999
0.428527803
0.4656455349999999
0.48191363234999995
0.48426182029999987
0.48372168439999996
0.49576953980000005
0.4885275213
0.47436864615
0.44171666184999997
0.41428650599999994
0.3969939019999999
0.40582683149999993
0.40916230419999994
0.43621715424999985
0.4492809541999998
0.45648883799999984
0.4419791997999999
0.43892204779999994
0.4472446391999999
0.44843419245
0.43996862299999995
0.41590378820000007
0.4206595175
0.44782226315000007
0.4733945885
0.43082929645000007
0.42030701235000006
0.40655388195000014
0.43156201975000014
0.46707909855000007
0.4955282264000001
0.4926239551
0.48397593485
0.4867620037000001
0.5165104313500001
0.5591352071
0.60155945015
0.5754546261
0.5460136473999999
0.49962422865
0.4728103269499999
0.4946876517999999
0.5186104511999999
0.5359842298999999
0.53414088755
0.57346965835
0.6116547345000001
0.6640993765500001
0.6636873232
0.6225656178
0.579332466
0.5448875999999998
0.5335678808
0.5122440063499999
0.48610751374999994
0.4805143471500001
0.47689658254999995
0.5058143487
0.5216600695
0.5700385537999999
0.5746675775999999
0.53283857745
0.48414095305
0.45220033114999997
0.45046273949999993
0.439771727
0.42125297070000006
0.4118534068
0.43416792444999996
0.47102408980000005
0.4991933718
0.52945136895
0.5431144824999999
0.5366410558999999
0.52295767435
0.48179476229999996
0.43602016190000004
0.4097341673
0.40396282225000013
0.4044033069500001
0.43115847905000004
0.4681929012
0.5041989644000001
0.5091588454
0.49790438395000003
0.5131187255999999
0.5335224850499999
0.5236102672999999
0.4706737255499999
0.43294448274999986
0.40702899539999987
0.4144988123
0.40379653615000005
0.40384669415
0.4126890659500001
0.4440253384500001
0.4819916739500001
0.5204877029500001
0.53374870085
0.4976329517500001
0.46126382185
0.4375195483999999
0.44041738565
0.46791256160000005
0.48811682775000004
0.45441247920000005
0.4116839462
0.38432411050000004
0.4316109133
0.47788916969999995
0.5169725851
0.477865426
0.45394266200000005
0.4558205154
0.49117767655
0.507082641
0.5040790056
0.4753377769999999
0.44297774575000004
0.442766656
0.4612325488
0.4680941777
0.46586898335000004
0.44667715295
0.4207603237
0.43978733094999994
0.47846433494999996
0.5165250183
0.4753574358999999
0.42867774405
0.39057327775
0.42057058855000007
0.4437819571
0.44729991135
0.41560011505000005
0.39986466395
0.4090121396
0.43650891290000005
0.47379572589999996
0.510518746
0.49993527354999995
0.4802385029999999
0.44008498204999996
0.4081114131499999
0.39485094154999983
0.3874915034999999
0.3855280097999999
0.38350230534999996
0.4218561179
0.4681758843
0.5121182258499999
0.5225958487999999
0.53160572595
0.54645316585
0.5619274568500001
0.5236188445000002
0.4898476662000001
0.4429669554000001
0.43535381080000013
0.4288939431
0.44468056815
0.47388180350000003
0.5282215405
0.5710645299
0.5997619338500001
0.6169244020500001
