0.5356696167
0.50600091015
0.4760548298500001
0.45074357975
0.43688519419999994
0.43625747439999996
0.47607767665
0.48908571269999995
0.54207269505
0.5356706021
0.50625947185
0.46416445105
0.44201504450000006
0.42469606705
0.412690131
0.40844811505
0.42073189190000004
0.45862401220000004
0.4742412989
0.47729986375000005
0.4786351864
0.49047328335000007
0.48307586735
0.4671783153
0.4346512438999999
0.40646806899999993
0.38983057234999996
0.398887073
0.40239156249999997
0.4290798130500001
0.4416599817500001
0.4512222198
0.4363062201500001
0.4330438631
0.44099036044999995
0.4421351809000001
0.43354783165
0.40930262585
0.41482177665000003
0.44280819320000003
0.4682223844
0.42504683325000003
0.4142449411000001
0.40218266255
0.42642784060000005
0.4623621862499999
0.49041438435
0.48737626375
0.4785204771499999
0.48154098739999995
0.51215008935
0.5549116113
0.5977110382499999
0.57196101005
0.5435663745499999
0.4953442329500001
0.46812912225
0.48987677519999995
0.5136037929499999
0.5309257021499999
0.52894142215
0.5690129635499999
0.6079578441999999
0.6604004169999999
0.66046480245
0.6197237572000001
0.5761099819500001
0.5392659477
0.5279716562500001
0.5057570046000001
0.4795798789499999
0.47404055099999987
0.4704011251499999
0.49966254029999996
0.5147927657
0.56504188865
0.5702419272499999
0.529624549
0.47857471929999995
0.44599330030000006
0.443732484
0.43227251079999995
0.4139329646
0.40457664444999997
0.42707915975
0.46377489445000003
0.4923226426999999
0.52512447885
0.53900818285
0.53359571425
0.51716288255
0.47587603345000007
0.42797543574999997
0.40221597235000006
0.3965953164
0.39703895860000005
0.42372907405000004
0.45979050430000007
0.49815417940000006
0.5038748447000001
0.49285961945000006
0.5082433060500001
0.52811304515
0.5180119167
0.46382685775
0.42682395074999996
0.4010371996
0.40850473595
0.39768064044999996
0.3974318231499999
0.4090247602499999
0.44015423254999997
0.47991447595
0.51755838315
0.5305652369
0.49326487265
0.4567050923500001
0.43315048705
0.4360235721999999
0.4634471573999999
0.4840278676499999
0.4513462122999998
0.40846212014999994
0.3804351586999999
0.4289469737499999
0.4745399899999999
0.5134229261
0.47371484699999994
0.45004822455
0.45194949895000003
0.48733387895
0.5035131876000001
0.5008757390999998
0.4728948697999999
0.4392970597499999
0.43963487044999994
0.45772580924999995
0.4635699754499999
0.4613798178
0.4421214581000001
0.4161678040500001
0.43452297710000015
0.4737286335500001
0.5126003434000002
0.4720210595
0.4249226414500001
0.3858351553
0.4162558068499999
0.43797006634999996
0.4410736108499999
0.40946442205
0.39371578854999995
0.4028240674
0.4299007651
0.4684624201
0.5058192381000001
0.49638984895
0.47608797665
0.43555114315
0.40144867700000003
0.38651804365
0.3798899528
0.3778642073
0.3757951023
0.41354334635
0.46029053500000006
0.5053657408500001
0.5160596795999999
0.5262846747000001
0.5409547980499999
0.5563745707
0.51566129645
0.4812580945999999
0.43500476425
0.4273943413
0.42091681754999993
0.43617579194999995
0.4668134199499999
0.5215356317
0.5666485582499998
0.59654484175
0.6132022999999999
