0.53662856956
0.5219638978000001
0.50648485616
0.4965511558
0.4640216987599999
0.4359548624399999
0.43716054284
0.43910866784
0.47280746052
0.48777780311999996
0.50083785148
0.50882513232
0.510359301
0.48838871828
0.45244434376000003
0.41879460804
0.4180089975200001
0.42313154828
0.42939823024
0.43351378232000004
0.43326733139999996
0.42902762756
0.44475065067999997
0.45786954199999996
0.45777739383999994
0.44027686832
0.41727617735999994
0.39688507380000004
0.3855843949600001
0.4120336098000001
0.44953841872000005
0.48433183679999997
0.48418936608
0.4804892859599999
0.4765387935199999
0.46661402352000003
0.4214609506
0.3876282914000001
0.3717513211600001
0.3928161638000001
0.42024893128000007
0.4289805083600001
0.4481909678000001
0.4669432714800001
0.49528918864000004
0.5248224845999999
0.54934100852
0.5559442459999999
0.5212399529999999
0.503622859
0.49248581968000005
0.49785735876
0.52704581012
0.5449372298399999
0.5484870668799999
0.53605901652
0.52983305612
0.54655246608
0.56821423344
0.5669414512
0.54145002952
0.5498310273199999
0.54820777308
0.5675744664399999
0.5587525198400001
0.5385966387600001
0.5362419418400001
0.54236413512
0.5381536035200001
0.53022428164
0.53479925912
0.51012161152
0.47257661872
0.4702281972399999
0.47042860748000004
0.4947696173600001
0.50114776696
0.48579741760000006
0.48099251464
0.48386421728
0.48931680736
0.48847877063999995
0.4819410808
0.47046067912
0.45725724928
0.45654793904
0.45605478303999997
0.45333172556
0.43754905639999997
0.44289493107999994
0.46876652284
0.46987242996000006
0.46408812204
0.4690215085200001
0.46169427068
0.4370238020000001
0.4515488700000001
0.4845882145200001
0.5125422725600001
0.4981310632400001
0.47578998076000006
0.46349052168000004
0.47759849788
0.46494387591999997
0.4335393799999999
0.4127478316799999
0.41432005491999996
0.41716372324
0.42038921664
0.4404705492
0.44964811492
0.4545356770800001
0.4682281630800001
0.49606758840000004
0.51517574348
0.50661492924
0.4736425806
0.4435255071999999
0.4183670559999999
0.4381887664799999
0.4611342771999999
0.46763421771999986
0.4340799393599999
0.4105729222
0.42403749296
0.4611557742399999
0.4963008453200001
0.49106052576
0.48056060011999996
0.47396273848
0.47413620308
0.46859293844
0.4551525626799999
0.4511247361199999
0.4444207204399999
0.44493727436
0.45589688840000003
0.4759880244
0.47962847296
0.44504788816000007
0.4138500962400001
0.4152253721200001
0.44031488872000013
0.4566008483200001
0.43373880264
0.40909531988000003
0.4005351352799999
0.4343479020799999
0.4644426325599999
0.48717307539999993
0.4889244904
0.46289426751999996
0.43532235272
0.42124975480000004
0.4141420142400001
0.4024438129200001
0.39362820324000003
0.4074234098800001
0.41116070056000004
0.4221853987600001
0.44914828100000004
0.47189958312
0.47417972556000004
0.46754831336
0.48888579348000005
0.5142568632800001
0.5043960482000001
0.48634973227999995
0.46207039088
0.47622965975999987
0.49808640679999994
0.49686227023999996
0.48651383475999993
0.49455764807999997
0.49269092476
0.4750242958399999
0.48707816408
