0.5256808599333334
0.4895770227
0.4696023695666666
0.45444404000000005
0.44401871740000004
0.45086126666666665
0.4861403258666667
0.5036697501
0.5237972053
0.5150248505666667
0.5002671081
0.4981196763666667
0.4787236582333334
0.45634677176666666
0.42770493996666664
0.3990340341666666
0.3865399347
0.4083450766999999
0.4351132836333333
0.4592684567333333
0.4627137495999999
0.45127936989999995
0.4413904289666666
0.4411036247999999
0.4454527962666665
0.45379829566666646
0.4571202839666665
0.44990569309999984
0.4393770190666665
0.4529323683999998
0.47488440179999974
0.47077907959999976
0.45915205999999986
0.43879275913333327
0.4348960842666666
0.43273490233333334
0.4312068836333333
0.4263306901000001
0.43648815196666674
0.46093524566666677
0.48457291423333343
0.49352314810000014
0.5167450482000001
0.5084942781000001
0.5149841199666668
0.5106901107666668
0.5076645672666668
0.5091462399666667
0.5123424504
0.5194437521666667
0.5314576907
0.5487662931666666
0.5722690831333332
0.5889109783
0.5791912069333335
0.5488225192333334
0.5241161123
0.5123198979666665
0.5117603941666666
0.5038830744666666
0.49304819773333336
0.5266465152333334
0.5544714283333333
0.5746679226
0.5750494864666666
0.5793297475999999
0.5604241347333333
0.5359559881999999
0.5124524625333333
0.4964026371333332
0.48742589613333315
0.46919063976666664
0.4520647634999999
0.4798434987666666
0.5046273916333333
0.5297557599999999
0.5417048088666666
0.5354957093999999
0.5280964150333333
0.5043209584666666
0.4855927222666666
0.46552991786666664
0.4373817132666667
0.40509111643333334
0.40189981916666667
0.43388820703333336
0.46164147676666667
0.4848261889999999
0.4928731849333333
0.49434586316666657
0.4952904762666666
0.4909268920666666
0.4898153651666667
0.4917074445
0.47063649566666665
0.4383597126333333
0.42994575406666663
0.4566025326333333
0.4745334704333333
0.4720852004666666
0.4604102732333333
0.46836565883333325
0.4778741820999999
0.4775139805333333
0.46828700343333335
0.4516274483333333
0.4363551101333333
0.42353830863333336
0.4244084537
0.44852686696666666
0.4720632452000001
0.4726720366666667
0.4735912213666667
0.47476740663333333
0.48906855636666663
0.48735028780000006
0.48715515810000004
0.4630508824999999
0.4410292688333334
0.4365263138
0.4559258016333334
0.4643416024333334
0.4582451958
0.44533232033333336
0.44982301690000004
0.45817556383333335
0.4724908124
0.45926855223333335
0.4657900851666667
0.4770805061666667
0.47744408369999997
0.4698466983333333
0.4712396620333333
0.47212561686666654
0.4501410463999999
0.4413801493333332
0.4400281286999999
0.4517515759333333
0.44327231646666665
0.4227845469666666
0.40758132649999995
0.4279763922666666
0.4564639914
0.48012218860000005
0.4779462253
0.4799286147000001
0.46113260470000006
0.4608506035666667
0.4565516318666667
0.44527443800000005
0.41322626036666676
0.39011927333333335
0.39220566483333336
0.41090196910000004
0.4360599611666667
0.45831963486666666
0.4739519134
0.48808602333333334
0.48709681153333334
0.4893018889
0.5016927485999999
0.48386406796666664
0.46405287889999997
0.43108348
0.45127714190000007
0.48007274740000005
0.4972041316333334
0.4963914135333333
0.5128446874666668
0.5277841837000001
0.5360008062333335
0.5348257654000002
