0.9446206928
0.7411846828
0.6122866548000001
0.3864081142
0.2413989574
0.21367858699999998
0.3586990406
0.45617475659999995
0.6580744726000001
0.7889217238
0.8697846668
0.865769478
0.7350142922
0.5636722846000001
0.38522917959999997
0.22923988099999998
0.1685412148
0.2121778542
0.30628450259999995
0.44303201400000003
0.5357161539999999
0.5875555906
0.6299275012
0.6826900767999999
0.5846241796
0.44912756
0.318400817
0.27393179160000003
0.23247518659999997
0.32382210219999996
0.5057125016
0.689424066
0.7858986588
0.752176703
0.6279269876
0.47771013819999997
0.42519333340000004
0.30170725660000003
0.26899278740000004
0.26724844300000006
0.2632120644
0.19407397619999997
0.29919139440000003
0.4189738182
0.5544756166000001
0.5876775848
0.5411262094
0.40914503999999996
0.3477862732
0.3727543412
0.498553156
0.6342167446
0.6887522803999999
0.6737273924
0.6174640246
0.5598590138
0.3871858976
0.32529528039999994
0.23366245840000005
0.2394979824
0.2800905346
0.47621722860000004
0.605631751
0.7400394163999999
0.7747052144000001
0.7768226796
0.7869774224
0.8309661928000001
0.7173940196
0.6158001664
0.45874423439999995
0.3276047394
0.3043281444
0.4714607604
0.604641297
0.7148674512000002
0.7793927301999999
0.7748246649999999
0.788061595
0.7183911196
0.6071232182
0.491299474
0.3524003738
0.24140595499999998
0.1935519798
0.2454944718
0.40633509019999997
0.5591332148
0.5812054992
0.6272934111999999
0.7562298366
0.6659901802
0.4894761936
0.37952914420000006
0.3312892354
0.2560636956
0.259735208
0.348379869
0.5107706204
0.6443634562
0.6778187522000001
0.7160658968
0.7568599777999999
0.736449946
0.5798739321999999
0.4472228016
0.32821649019999993
0.1913948454
0.0505720692
0.1050801452
0.28127801880000003
0.4540424826000001
0.6093559049999999
0.74386899
0.7242125356
0.6015664076
0.571267525
0.5939554086
0.5825174598
0.49803258980000004
0.42395272260000005
0.3064562188
0.2950450794
0.27102317100000006
0.3236002006
0.3718022032
0.47557842820000007
0.462088171
0.5219244510000001
0.6209804486
0.6318155982
0.5301237464
0.4417646574
0.4302560518
0.4725391434
0.5675625491999999
0.5549493768
0.49678566839999994
0.3725353528
0.3613713568
0.39371539860000004
0.5522701882
0.5625050782
0.5411440566
0.4255420576000001
0.4283502404
0.4461445864
0.5726002172
0.6164871478
0.5742305538
0.4398531338000001
0.3489283048
0.2942838538
0.38505330579999997
0.4785871866
0.47420304379999995
0.45883674439999994
0.5298202007999999
0.5547867732
0.462843864
0.4122211342
0.35414563860000003
0.32379848359999996
0.2613083792
0.3069042026
0.3703460382
0.473713162
0.521497492
0.5757234851999999
0.6745134534
0.8095268877999999
0.7446012914000001
0.5772897766
0.3897181612
0.2089075356
0.010016410600000001
0.0032938607999999925
0.14741659559999998
0.3372413622
0.519734629
0.7053532841999999
0.8417851448
0.8603033883999999
0.8353542654
0.7949052609999999
0.7332806144
0.5382883944000001
0.40860210980000006
0.261759516
0.27084768280000004
0.3196383202
0.44113081000000004
0.523595703
0.7332433157999999
0.7532968691999999
0.6938180075999998
0.6918132419999999
