0.3659557926
0.28618303230000003
0.2072599713
0.2015216583
0.1965195829
0.18888910009999998
0.1841559313
0.1860580962
0.1900102097
0.1931242185
0.18762386820000002
0.1860149669
0.1838059192
0.18529118279999998
0.1844991028
0.1869048399
0.18717516169999998
0.1851556628
0.18250419910000001
0.17844701440000002
0.17917521130000003
0.1773809872
0.1758709335
0.1735983781
0.1718949861
0.16982556460000003
0.16905715129999999
0.1699497892
0.16823282060000003
0.16855456530000004
0.1679342465
0.1678942947
0.16732027179999998
0.1665547184
0.16450685699999998
0.1642035092
0.1621060287
0.1591590097
0.15846008920000001
0.1562096693
0.15489295330000002
0.1543158797
0.1562626399
0.1562111931
0.15652939100000002
0.1551057623
0.1566181218
0.1571026727
0.15833232760000002
0.16012635670000003
0.16076836600000002
0.1600609447
0.15993091259999997
0.1618903126
0.1622303744
0.1637924066
0.1628996247
0.1634079686
0.1643739664
0.1634875931
0.1631687275
0.1647227025
0.16344018580000003
0.1632399279
0.1637666287
0.16217737559999998
0.1618684334
0.1618790446
0.1612456589
0.16095644920000002
0.16115595740000002
0.16051109850000003
0.1600328434
0.1591631715
0.15930092269999999
0.1594722079
0.1585948804
0.1588499985
0.1580822519
0.15818638680000002
0.15864922310000001
0.15910416100000002
0.1608738996
0.1599818901
0.15962703179999999
0.1602843644
0.1604726761
0.1591499005
0.1588082489
0.1572533068
0.15577993169999999
0.15485250160000003
0.1534980277
0.154003206
0.15381500190000003
0.15291560900000004
0.15390495710000002
0.1536868807
0.15359066819999997
0.1554430454
0.1565174689
0.15582570330000003
0.15733208380000002
0.15707681510000002
0.1569184448
0.1584452184
0.1591281128
0.1600663459
0.16153771579999998
0.1616233868
0.1624066241
0.1641395513
0.16307902950000003
0.1624592817
0.16279429760000003
0.16319115720000002
0.16306088170000002
0.1642245009
0.1619793418
0.1635029494
0.16393441830000002
0.16403815370000002
0.1634659815
0.1652216307
0.1652117199
0.1646734347
0.1642451388
0.16252464349999998
0.16435959510000003
0.1644876671
0.16418671
0.16286223300000002
0.16563719640000002
0.16693974120000002
0.16843621120000002
0.16790924769999999
0.1672406568
0.1670018438
0.1662931347
0.1652914116
0.1633804442
0.1635732126
0.1624553839
0.16122714379999997
0.1603839095
0.1620828078
0.1651358416
0.16693751440000001
0.1679524602
0.1688149
0.17047003319999998
0.17069141989999997
0.16926621469999997
0.16896926499999998
0.16892394419999998
0.1687440368
0.16548468119999998
0.16573910190000002
0.16706247740000002
0.1664333826
0.1681782483
0.1694780102
0.1712169976
0.17202325840000002
0.17093360230000001
0.16914594659999999
0.171659795
0.17049178499999998
0.1699316348
0.1691012012
0.1666455737
0.1657035079
0.1643934625
0.16235023769999998
0.1614568555
0.1611694706
0.1602805973
0.1599663
0.15913439359999998
0.1604367772
0.1616073058
0.1610911497
0.16288736369999998
0.1639877126
0.1648759119
0.16653919460000005
0.16731987970000003
0.1672402626
0.166549687
0.1665118632
0.1656600225
0.1677839886
