0.6598291275
0.6257302966
0.5905080371
0.5860096829
0.5873011257
0.5685835989
0.5545935102
0.5645619401
0.5607008405000001
0.5825624489000001
0.5258586424
0.5110736302
0.5097430609
0.5095109031
0.5145631646
0.5241252997999999
0.5406572701999999
0.5323690106
0.5304936725
0.5232125195
0.5583434012000001
0.5600625681
0.5513284945000001
0.5498806159
0.5409004427
0.5468199431999999
0.5463813159
0.5515899999
0.5387829949999999
0.5318582550000001
0.5299585223000001
0.5311719194
0.5239725845000001
0.49276356779999997
0.49345477400000004
0.4709406512
0.4595754577
0.43239333220000004
0.4232767878
0.4219519903
0.3979442033
0.39467381360000003
0.3947161606
0.42205748410000005
0.39749387929999996
0.393358089
0.4048604068
0.4274665097
0.4622449350999999
0.4530441551
0.48645897940000005
0.4912560964
0.5010713668
0.5171594498
0.5396142455999999
0.5573134501
0.5484820454999999
0.5445474373
0.5374681074
0.5471573248999999
0.5398673726000001
0.5375731730000001
0.5241443373
0.501440497
0.5007645525
0.4967025732
0.4953418954
0.4810027839
0.47686469350000005
0.47681203099999997
0.4797302457
0.45950671949999994
0.4535123555
0.4715208229999999
0.4569184036
0.46048622270000006
0.44615991230000007
0.45595707409999997
0.46060768529999996
0.44315808370000004
0.43815424680000004
0.4526690727
0.4659011703999999
0.4603419056
0.46178264599999996
0.4593828985
0.4687539847
0.47730917400000006
0.47632073450000006
0.4802604948
0.47158519639999996
0.4672154677
0.45925385539999997
0.4424766496
0.44402615230000003
0.4415471418
0.4292221893
0.41826828239999997
0.4133250289
0.4254338597
0.43634933260000003
0.4058022995
0.4077436886
0.4179764412
0.4106102774000001
0.41395002970000006
0.412863033
0.4200963682
0.4171132944
0.4137516163
0.40494538129999996
0.4421658129
0.45119397050000004
0.4563167034
0.47660158169999994
0.47452600410000007
0.4944511406
0.482402539
0.48412545710000005
0.4874293388
0.5021908335
0.5023966585
0.5022976364
0.4996459530000001
0.4814817725999999
0.4831461432000001
0.47762444069999993
0.48449980289999994
0.4720949809
0.45112768380000007
0.44972912190000003
0.427266279
0.4234653693
0.42177331220000003
0.4397313212
0.4186654274
0.3984334891
0.3897698918
0.4026432804000001
0.42464389029999994
0.39877603100000003
0.4192465193
0.4108731283
0.4163507719
0.40963106099999996
0.4205759684
0.4452198952
0.45348492379999994
0.46072022209999997
0.4602667156000001
0.4848582629
0.47760636200000006
0.47208489909999996
0.46893565099999995
0.46479810299999996
0.48066178849999996
0.47049293090000005
0.4668502790999999
0.4602711117
0.4604112306
0.45959396239999994
0.46617396220000007
0.4566832015
0.4425620177
0.4473330432
0.4369140739
0.44887227020000003
0.43779329100000003
0.44583590370000004
0.44726327320000003
0.42568825920000003
0.4321665679000001
0.4499180407000001
0.46252673789999993
0.45776876819999995
0.4607668695
0.46021443589999994
0.48127589220000005
0.47581908480000007
0.4702381161
0.4802874052
0.4763317723
0.4824510888
0.4770088911
0.4818842543
0.48274924970000005
0.48641821170000005
0.47150347239999996
0.4699303328999999
0.4772820103
0.4824030197
0.48080044210000006
