0.6024155611333335
0.5636693689333333
0.5367162486666667
0.5296845724
0.5318258077333333
0.4995487817333333
0.49270239346666667
0.49649489599999996
0.4945434809333333
0.5053066430666665
0.4955326497333333
0.49253423793333323
0.48679877159999996
0.48633984246666656
0.48544009393333337
0.4876125508
0.49199561313333345
0.4856939204666667
0.48512961359999995
0.4800089210000001
0.5071014894
0.5125052398
0.5108977352666667
0.4998912866
0.4927948627333334
0.48641239586666674
0.48091697813333334
0.47298290546666677
0.4531943788666667
0.4495510022666667
0.4429124284666666
0.4390317877333334
0.4256577130666667
0.41368930406666665
0.40820292006666664
0.3877065399333333
0.3822454466
0.3742473716
0.38102877993333334
0.3696049557333333
0.36428781639999996
0.3680285194
0.37491832533333336
0.40108031386666665
0.39308100586666667
0.4025017365333333
0.4071419929333333
0.4210326897333333
0.44104769806666666
0.44296098266666667
0.45769003793333335
0.4580699582666667
0.45975517786666664
0.46443923919999996
0.47198198706666666
0.4785818004666667
0.4737753625333333
0.4638730109333333
0.450684967
0.4552872430666666
0.45099542473333337
0.4473387794
0.43616448999999996
0.42831845173333327
0.4270702577333333
0.42660110279999996
0.41512725453333327
0.40710236639999997
0.407199559
0.4024741106
0.4034541483333333
0.3940783365333333
0.39873211340000003
0.4067068189333333
0.39734849626666663
0.3964373823333333
0.39445222086666665
0.40110127273333335
0.40100529740000007
0.3944164566000001
0.3920861418000001
0.3973105436000001
0.40703288313333347
0.40451799520000015
0.4013707059333334
0.3940753195333333
0.39693950120000004
0.3930596
0.3800588828
0.384167967
0.3832339396666667
0.37500599006666674
0.3716492199333334
0.3685584948
0.37377902206666663
0.3735552706
0.35802371806666666
0.35209421700000004
0.3489227784
0.34938953460000005
0.35518567440000004
0.350823083
0.356600488
0.36427458819999997
0.3674267648666667
0.364314002
0.37462888946666667
0.37926563360000004
0.38203474166666673
0.38509493206666673
0.3850423456
0.40549139799999995
0.40386357940000006
0.4040409287333333
0.4120712999333333
0.41464816299999996
0.4237307730666666
0.4243741707333333
0.4245464759333333
0.41868549940000005
0.4232745117333333
0.4205837049333334
0.41675155866666674
0.4088264133333334
0.3949027844000001
0.39878358186666674
0.3864379399333334
0.39133816286666673
0.39224316100000006
0.39557502060000005
0.38309094033333335
0.3706193899333334
0.3632865276666667
0.3640412059333333
0.3713803272
0.3610264722
0.36136339233333337
0.3599374981333333
0.36898581886666665
0.37946532793333326
0.3724409136
0.3843648299333333
0.38327601600000005
0.3870567932666667
0.3830479065333333
0.3944809574666667
0.4019131172666667
0.3998789317999999
0.40078102426666656
0.3966933340666666
0.4117680945999999
0.40949846653333327
0.4093559464
0.4081291316666667
0.40988820193333336
0.4149563324666667
0.4129548256
0.4015267498000001
0.3909814191333334
0.39046988266666666
0.38618198400000003
0.39177894719999995
0.3897514460666666
0.39396603346666664
0.39959306706666664
0.3861458187333333
0.39247332466666673
0.39358934646666666
0.3924024046666667
0.38941980460000003
0.3883988295333334
0.3911669670666667
0.40494531153333335
0.413848579
0.41275847973333335
0.4102049890666667
0.4103806904666667
0.42029205433333333
0.4108449928666667
0.4087332934666666
0.4170066663333332
0.4182319891333333
0.4138737787999999
0.4145004666666666
0.4189792649333333
0.4157769362666667
0.41295877386666663
