0.4606728175999999
0.42838721645
0.39887500970000006
0.39208315025000007
0.3898577443000001
0.38317024130000005
0.3793960178500001
0.37826745105000004
0.3777879015
0.38155727524999994
0.3743166362
0.3700144914
0.365686273
0.36384570684999995
0.36147634204999995
0.3641887128
0.36645179025
0.36462827745
0.35858191575
0.35606980315
0.36277346109999997
0.36175808109999996
0.3538653259499999
0.3436887996499999
0.3388629336999999
0.33235641114999986
0.3258411700999999
0.31740949849999994
0.31029966259999997
0.3040081923
0.29767091149999997
0.29651914715
0.29431595065000005
0.29351985885
0.28804667080000007
0.28368142580000005
0.2829351560500001
0.2804278201
0.2887740905000001
0.28481312975
0.28682569265
0.28737826110000003
0.29217694245
0.30429766919999995
0.3037783287
0.30697643770000005
0.3103968374
0.31532378325
0.32127237289999994
0.32068890149999996
0.3251659793999999
0.3238829477
0.3189668714999999
0.3181535708999999
0.3191835359499999
0.3193029924499999
0.3169791244499999
0.31366724719999994
0.3102321943
0.31215234929999996
0.31118771005
0.3063388247
0.3020466853
0.2974661124
0.29507763395
0.29408857609999994
0.28832232324999996
0.2876181113
0.2865577678499999
0.28427535274999993
0.283767054
0.2829947355
0.28737613645
0.2886339566
0.28679476019999994
0.28616844669999997
0.28243300969999996
0.28471973134999995
0.28322652755
0.2778341179
0.27515858790000003
0.27588471895000005
0.27514850945
0.270476111
0.27038022759999997
0.2684343734
0.26735927015
0.26610540250000003
0.2627073060000001
0.26552504660000004
0.26412958685000004
0.25791607340000006
0.2565372329
0.2562520347
0.25601486235
0.2568890010999999
0.25734618624999994
0.25626324474999995
0.25567106625
0.25998449390000006
0.26003047505000004
0.26297027
0.26558381864999997
0.26951952425
0.2712475439
0.27164391229999996
0.27574731615000003
0.2754364736
0.27606180570000005
0.27668958000000005
0.27934837250000005
0.28616090075
0.28801274475000005
0.2869737343
0.28721547705
0.2862923528
0.28723803465000003
0.28571463280000003
0.2845582629
0.28142721055
0.28501910035
0.28126436275
0.28295855799999997
0.2851318269
0.288336133
0.28715685845
0.28370551265
0.28407553904999994
0.28516191984999995
0.2854025021499999
0.2806216098999999
0.27879761075
0.27776118005
0.27990631425
0.2820424257
0.2822713449
0.28458673855
0.28641292175
0.28944899155
0.29254395604999994
0.2918190219
0.2926998032
0.28891048589999996
0.28744429745
0.28263738495
0.2871562469
0.28967834065000003
0.288898142
0.29016927275
0.2907662835
0.29429574094999994
0.29496329415
0.29121505795
0.28822371124999996
0.28807009185
0.2880664407
0.28751756
0.28376382999999994
0.28423210845
0.28586242965
0.281827593
0.28388589425
0.2851091849
0.28456792155
0.28527725119999997
0.282788738
0.2841487198
0.28603315545
0.28610071890000005
0.2841500699
0.28202983705
0.28314495240000004
0.28733634999999996
0.28742651064999997
0.2879556199
0.2880252173
0.28965499435000003
0.28986559585
0.28845489495
0.28798114634999994
0.288478509
0.2875322179
