0.5928438849500001
0.5684019634000002
0.550125549
0.547760293
0.5509321451500001
0.5463544493500001
0.5476253902
0.5484654753499999
0.5455972565
0.5528874842
0.5421010218
0.5355680991499999
0.5305357777
0.5296957595
0.52773180365
0.5354726215000001
0.54351929305
0.5419795052500002
0.5346383337500001
0.5275353872500002
0.5441509617500001
0.54561724375
0.5376505395000001
0.52132209185
0.5171776083499999
0.5088802971999999
0.5029783868000001
0.49199166605
0.48102989139999996
0.47690512265
0.46395136280000004
0.46292286650000014
0.4593443725500001
0.45741052595000004
0.44547432665000014
0.43214937010000004
0.43221793225000005
0.42992992095
0.44276086144999993
0.43749807269999996
0.44220159135000003
0.442964955
0.4478937636999999
0.4696084669499999
0.46855406245
0.4753357695499999
0.47667122614999985
0.4860069735
0.4998565212499999
0.5001007399999999
0.5131631759999999
0.5144146346999998
0.5126078520499999
0.5092999734
0.5201893990500001
0.5270080116500001
0.52191197045
0.5127751106
0.5071664004499998
0.5119846779499999
0.50979880915
0.4985399462500001
0.48882834640000006
0.4864806600000001
0.4788414780500001
0.4785943979500001
0.4707509038500001
0.4684799290000001
0.4687361894000001
0.45998505735000006
0.4589422462499999
0.45608789609999983
0.45970676294999996
0.46593136429999993
0.45935052479999994
0.4599345606
0.45745694850000007
0.46663312405000007
0.46846420989999993
0.46170928925000004
0.4548697216
0.4599422701999999
0.46257751289999993
0.4514092776
0.45290439915
0.45046502015000006
0.4489880869999999
0.4477887282000001
0.44482288170000006
0.45284717724999995
0.45396726449999997
0.43650888360000006
0.433498772
0.43022654540000005
0.42731821485
0.42774858574999997
0.42104261114999997
0.4191823252999999
0.41521916164999995
0.41959273799999997
0.4206473569499999
0.42398405619999996
0.42946882955000004
0.4371465723
0.44360592955
0.4442380169
0.4536570868
0.4512494536000001
0.45061937575
0.4505904775499999
0.45356810740000003
0.4722812357
0.47674580344999995
0.47798132819999994
0.47904167714999996
0.47883607364999997
0.4860377906499999
0.4834511709499999
0.47811021899999995
0.46927851130000003
0.4759599777
0.4648314687499999
0.4628815028499999
0.4607096326
0.4606065468999999
0.4509057853000001
0.4380289649
0.43713484735
0.43736913065000005
0.4378857870500001
0.4242525764500001
0.42325639915
0.41716924879999995
0.41906204205
0.4246811911
0.4196206979
0.42182669214999996
0.42162740779999996
0.43168175125
0.4424553029499999
0.44181714694999996
0.4484264406499999
0.4414790137
0.44264321144999996
0.437214582
0.45061887845
0.4578564130499999
0.46016760144999996
0.4604956669000001
0.4603389731000001
0.47222611265000003
0.47189016210000007
0.46438405029999996
0.45574883435
0.4560655730999999
0.4587879312
0.45968260055000004
0.45232178505
0.45305350770000014
0.4538372519000001
0.44264111080000007
0.44917026505000013
0.4533006211000001
0.45254437780000006
0.45255090570000006
0.4488404717000001
0.45454335305000004
0.45953459160000004
0.46082749425
0.45875069464999996
0.4529878322
0.45424917009999993
0.4661845647500001
0.46976781450000005
0.46982651124999997
0.47175805960000006
0.47331632380000005
0.47638968230000006
0.47287470885000016
0.4737600632
0.48134521245000006
0.4785661072
