0.25829522792
0.22552584352
0.19318412792000003
0.19094111652
0.18772786852
0.18512429692000001
0.18283818824
0.18207610528000004
0.18222913468000004
0.18206609336
0.17984313672
0.17867549112
0.17826005507999998
0.17762558143999999
0.17654186148
0.17674235547999997
0.17633353359999998
0.17458097552000001
0.17284693816000002
0.17061914876000003
0.17047499312
0.16911191584000002
0.16840129127999998
0.16689314399999997
0.16522608808
0.16393760084
0.16318982080000002
0.16302376636000002
0.16232973576000004
0.1618520994
0.16084721351999998
0.16080676968000002
0.16089398696000004
0.1607867238
0.16051863632
0.16031472139999997
0.15959133816
0.15901621572000002
0.15979273256
0.15932242304
0.15919047756000002
0.15880890168
0.15932906568
0.159914423
0.16011093076000002
0.15990080872
0.16063800768
0.16072868616000002
0.16170466804
0.1623452068
0.16210424648
0.16182992315999997
0.16157562755999996
0.16192820931999996
0.16188175403999996
0.16232088675999998
0.16219519835999996
0.16190075444
0.16203700559999998
0.16201503319999996
0.16158578323999997
0.16124349743999997
0.16114326191999997
0.16040498503999998
0.16026415899999996
0.16026361335999997
0.16067701287999994
0.16088712684
0.16028017507999998
0.16047080868000002
0.16043203800000005
0.15954348688000003
0.1594271478
0.15863231344000003
0.15765883024
0.1577046358
0.15787064016
0.15753472008
0.15738319392
0.15761422976
0.15713589864000002
0.15690103032000002
0.15688876272000002
0.15640331212
0.15611567931999998
0.15652274019999998
0.15676296932
0.1569275542
0.15698101920000002
0.15710705296
0.15705429676
0.15691061103999998
0.15656574123999997
0.15702564239999997
0.15691422132
0.15737164408
0.1582297194
0.1584992058
0.15844143231999996
0.15932344927999997
0.16001878696
0.16019396307999997
0.16085633051999998
0.16021609672
0.16078940032
0.1617791678
0.16228299804000001
0.16241084611999998
0.16309381731999997
0.16323091907999998
0.16328117328000002
0.16356173727999998
0.1629333544
0.16312920872000003
0.16381708924
0.16407576444
0.16377664612
0.16463918632
0.16525462748
0.16595604883999995
0.16548222271999996
0.16480217948
0.16450248012
0.16466274992
0.16481593484
0.16415147923999998
0.16398157848
0.16393153952000003
0.16495374828000003
0.16470843288
0.16474157852000004
0.16524125464000006
0.16589109328000004
0.16575508172000003
0.16625720688
0.16647011864
0.16656009092
0.166628168
0.16679761623999997
0.16648294372000003
0.16656450924
0.16629023391999997
0.16593185548
0.1658041762
0.16545607544
0.16657771888
0.16745503228
0.16831422952
0.16908966572
0.16873982000000004
0.16887071020000005
0.16952486688
0.16914641592000002
0.1692859726
0.16894299212
0.16840282524
0.16768209880000004
0.16729660876
0.16684877672000004
0.1657966022
0.16515048516
0.16536053783999996
0.16542645003999998
0.16535202404
0.16554812531999996
0.16554813283999995
0.16592468619999998
0.16615591347999994
0.16561887079999996
0.16517361392
0.16449486368
0.16449728563999996
0.16383575604
0.16316259548
0.16377942968000003
0.1641537632
0.16437436364000002
