0.5885349897600001
0.5729960600800001
0.5554308970399999
0.55228479964
0.5525134614400001
0.5461610381600001
0.54385085004
0.5439733202399999
0.54235348632
0.54690241912
0.54333131604
0.5412564677999999
0.5398636821600001
0.5333941244800001
0.5303363131600001
0.5307110075200001
0.53448221372
0.5277375780000001
0.51517857724
0.51125934916
0.5213641195600001
0.5206571988
0.50892379068
0.49890047836
0.49329184343999993
0.48023856892
0.47608883108000005
0.47267643800000003
0.47180410188000005
0.46097189308000014
0.4553699946800001
0.45857633428000016
0.45937899676000016
0.46384620604000004
0.4581493284000001
0.4560941834000001
0.45403874328
0.45246898475999997
0.46315468379999997
0.46407428931999994
0.46631196579999995
0.46550038472
0.4676089378799999
0.4817280218799999
0.47963034875999994
0.48366487195999996
0.4852378293999998
0.48916938679999994
0.49442016747999995
0.4955993142
0.50581531376
0.50576761744
0.5021235871999999
0.50365090564
0.51135760944
0.5182137346400001
0.5070963544800001
0.49958772512000005
0.49813052264
0.4971490136000001
0.49542621108000007
0.48772914380000015
0.48407787012000014
0.4810301998400002
0.47277514468000015
0.47055005332000005
0.4687711653600001
0.46812921836
0.46728004192
0.46299914204
0.46323242143999993
0.4602014684799999
0.46534380480000004
0.47098229484
0.46457352160000004
0.4605031026000001
0.4575205942800001
0.4594296469600001
0.45352482436
0.4498847905600001
0.44795917988
0.4480876564
0.45124617555999996
0.4477039772
0.45197970404
0.45084834656
0.44137754915999994
0.44014429276
0.43647232672
0.43686566803999993
0.43827749303999997
0.43216524052000005
0.43292425467999995
0.43041253271999996
0.43276729216
0.42907333967999994
0.43074228043999996
0.4296982113599999
0.42847071428
0.43540210279999997
0.4394538161199999
0.44305950967999996
0.44218372812000006
0.44707205572
0.45012856675999996
0.45333081636000006
0.46001206812
0.46330995296000005
0.46299908392
0.45782126795999994
0.45817254035999994
0.47178836616
0.4728861738399999
0.4687194715999999
0.46633552931999994
0.4676424532399999
0.4657733665199999
0.4646575533999999
0.46486309103999995
0.46821314991999996
0.46366055879999996
0.45429543663999994
0.4483165423599999
0.44725010239999996
0.44555245275999994
0.4373424640000001
0.43569151799999994
0.4360457891200001
0.4377532169600001
0.43709383880000013
0.4310146127600001
0.4314247313200001
0.42879145731999996
0.43167981004
0.43706642996
0.43802731188000005
0.43568428651999996
0.43107982759999997
0.436489485
0.44256200648
0.44338767939999996
0.44871539207999994
0.44614542123999995
0.44707892984
0.44533839371999995
0.45439872588
0.46278047576
0.45784515148
0.45245697992000006
0.4516376676400001
0.45864289656
0.46056569244
0.45691348632
0.4588729825600001
0.46039127859999995
0.4564436422
0.4575591448400001
0.45641839824
0.45317958624000015
0.45063848868000017
0.4490063392000001
0.45360892200000014
0.46058988356000014
0.4616263560800001
0.46256728384000007
0.4562938888800001
0.4598946814
0.46265872212
0.45987469799999997
0.4592276981599999
0.45826845411999995
0.46170662179999994
0.46651799192000004
0.47257368216
0.47454687068
0.4744894672
0.47266595016
