0.4456926641199999
0.42235434996000004
0.39796426116
0.39291125376
0.39080450596
0.3837913662
0.37871418616
0.3766341636
0.37360033884000005
0.37491937452
0.37013480224000006
0.36728511964
0.3651417525599999
0.3604297203199999
0.3575992572399999
0.35647866263999994
0.35645242188
0.34931769239999994
0.34184866628
0.3389361410399999
0.34303953895999995
0.34031751287999995
0.33279185219999996
0.3274844636399999
0.32212486435999993
0.31539190235999987
0.3124126895999999
0.30947296327999996
0.30618590471999996
0.30011089096
0.29762663392
0.29762165135999996
0.29693499024000003
0.30037242723999996
0.29626868740000006
0.29458824652000004
0.29319359856000005
0.2913566244
0.29842126904000005
0.29710296148000004
0.29840192023999995
0.29922851792
0.30195861804
0.30955132224
0.3075856386
0.30963955696
0.31084611168
0.31071886167999996
0.3124690313599999
0.3122511658799999
0.3149322986799999
0.31398963319999995
0.31241602747999997
0.31374229559999994
0.3155532301999999
0.3165932739199999
0.31191653348
0.30865171655999996
0.30537488656
0.30531456483999997
0.304212227
0.29998376764
0.29831155311999996
0.29535940116
0.29198325783999995
0.29107204999999997
0.28892443015999997
0.28836074424
0.2863582983199999
0.2851358528399999
0.28373427252
0.2808296828
0.28501831536
0.28580066092
0.28247369576000003
0.28127775028
0.27904100908
0.27783672636
0.27357001992
0.27189686747999997
0.27000955768
0.26880012400000003
0.26955852688
0.26755235604000005
0.26834118796
0.2671048586
0.26459943028000005
0.26349604152000006
0.2621137118000001
0.26252746052000003
0.2622318302
0.26031084340000005
0.260128002
0.25943034864
0.26102548272
0.26036737296
0.26347081732
0.2625279962
0.26260441728000006
0.26662760828000004
0.2671978172
0.26869020176
0.2697888982
0.2720209118
0.27338866988000005
0.27583605788
0.27964073476
0.28102191532000004
0.28152685444000003
0.27987980488
0.27996204296000005
0.2837684124
0.28346992192000003
0.2820753312
0.28135536128
0.28287145236
0.28260535852
0.2838842468
0.28617302580000004
0.28930891956
0.28889892392
0.28527839588
0.28458227451999996
0.28453482828
0.28471263647999995
0.28301821596
0.28208097043999997
0.28288168047999995
0.28460246127999994
0.28416208143999994
0.2823004208799999
0.28250908263999996
0.28219006352
0.28405553699999997
0.28561814448
0.28729278764
0.28697477336
0.28644092928
0.28848185344
0.29027705907999996
0.29060864115999996
0.2920095782
0.28933394172
0.28856478496
0.28665675688000003
0.28872932195999995
0.2910871956400001
0.2885932956
0.2870518944
0.2862961532
0.28825628551999993
0.28948504204
0.28699218348
0.28751617235999993
0.28867414764000005
0.28693778612
0.28641409792
0.28539793979999994
0.28457699744
0.28446369520000003
0.28338441404
0.28516871148
0.28703207735999997
0.28748992212
0.28786690484
0.28462819408
0.28586048504
0.287343862
0.28485768472000006
0.28404762231999997
0.2832398666
0.2852384022
0.28591261379999994
0.28770111932
0.28860299124
0.28726744076
0.28642582423999996
