0.4357898643999999
0.4146264348666666
0.39332038659999996
0.38690105950000003
0.38373171689999996
0.3787273829
0.37498976056666666
0.37435574813333333
0.3691279114
0.3694479651
0.36271874553333333
0.3588134244333333
0.35229735249999994
0.3461773783333333
0.3430662964666666
0.3410828605999999
0.3394695582333333
0.3325144032
0.32865174183333334
0.3249755487
0.32712192700000003
0.3267143886666667
0.3236143472333334
0.32119219856666664
0.3158576678999999
0.31240150589999993
0.3106825193666666
0.3091293275
0.3097853707333333
0.30495186809999997
0.3043914498333333
0.30372260423333336
0.30329113213333336
0.3064786865666667
0.3046009542333334
0.3029413438666667
0.30209958966666667
0.29964474039999994
0.30377871326666667
0.30138828093333336
0.3020502725333334
0.3014642997333334
0.3003487109333334
0.3041687127333334
0.30273806940000003
0.3036992267666667
0.3047744889333333
0.3066344933
0.30974039186666663
0.3103813061
0.3134026488666665
0.31026905593333326
0.30844495523333326
0.30910952226666655
0.3092882629999999
0.30987944406666657
0.3056910344666666
0.30443826786666667
0.30230116483333336
0.30102976293333333
0.30001118010000005
0.2985419493333333
0.29714817359999995
0.2937262376666666
0.2914156903999999
0.2898272327666666
0.28613193713333335
0.2862317920333333
0.2843764949666666
0.28181145036666666
0.2800643878666667
0.2782702367666667
0.2792327138666667
0.27732454900000003
0.2767527241
0.2759670313666667
0.2726111316
0.27273037139999995
0.2706179059666667
0.26994489446666664
0.26863909796666674
0.26626011513333336
0.2668085386666667
0.2662501858666667
0.2653738426666667
0.2650275161
0.26548117913333336
0.2653285476666667
0.26378536056666674
0.26561754446666674
0.2642400019
0.26492059310000005
0.264704502
0.2645815941
0.26638791323333333
0.26628400843333333
0.26815400256666666
0.2665415329
0.2658414247333334
0.26918186920000003
0.27143228770000005
0.27311090300000007
0.27538469553333333
0.2772486014
0.2765973423
0.27693283570000005
0.27873368880000005
0.2784013678666667
0.2783526651666667
0.27621898710000004
0.27816634423333336
0.28048611933333334
0.28231871873333336
0.2838347889
0.28793542699999997
0.28646258
0.28572688683333336
0.28508306243333337
0.2855019938
0.2861272080333333
0.28515971093333337
0.28366246349999996
0.2835029364666666
0.28417312806666667
0.28379393016666665
0.2840177907666666
0.2846266370666666
0.28571899996666666
0.2872774557333333
0.2867885711333333
0.28648011049999994
0.2848453876333333
0.2829172128333333
0.28414849766666667
0.2848833656
0.2870385094
0.28735375750000003
0.2872054019
0.28924266703333334
0.2923532566666667
0.29134413800000003
0.2927950844333333
0.28900726976666663
0.2862343843
0.2836165694
0.2846241789333333
0.28716800196666675
0.28551119393333335
0.28665758146666664
0.2870951894666666
0.28728409923333326
0.2882375766333333
0.2878158827333333
0.2872562358666666
0.28703991593333333
0.28738343813333334
0.287061745
0.2869522243666666
0.2870104852666666
0.28675733256666663
0.2848180147666667
0.2864251839
0.2879578458333333
0.2862225264333333
0.2871620593666666
0.2852034925333334
0.28715243776666666
0.28615616316666664
0.28551466293333333
0.28523843136666666
0.28340594459999996
0.2832835258
