0.24425162403333334
0.21652632880000003
0.1889789413333334
0.1868037397333334
0.1843045572666667
0.18187316820000005
0.1801294147666667
0.18038784940000005
0.1802490764666667
0.18004193273333333
0.17824444199999998
0.1770967496
0.17566570816666666
0.17514809309999999
0.17363364863333336
0.1736446379
0.17277944723333333
0.17142148723333334
0.16973236963333335
0.167737083
0.1673341370333333
0.16653038719999996
0.16648461506666662
0.16545476319999997
0.16431041136666666
0.16304494536666667
0.16259376726666672
0.1620704905333334
0.1616750791333334
0.16163019710000004
0.16119852193333334
0.16075703970000002
0.16117127476666668
0.16155207469999996
0.16108887413333328
0.16103389269999996
0.1605412584
0.1598898836666667
0.16038879440000003
0.15994120636666667
0.15961001560000002
0.15969984229999998
0.15987791276666663
0.16044714453333334
0.16084213136666667
0.16035851483333333
0.16046205996666665
0.16079656196666667
0.16131731763333335
0.1615234663333333
0.16169768363333334
0.16176491523333333
0.16113464726666665
0.16143113733333334
0.16176597526666664
0.16181399669999996
0.16112097949999998
0.16137900389999998
0.16123395906666663
0.16087680969999996
0.16099130266666664
0.16144598733333326
0.16144897626666663
0.16079499649999995
0.16089819439999994
0.16064464929999997
0.1603119966333333
0.15995964786666667
0.15937871989999997
0.15879871426666667
0.15852837073333334
0.15815592036666667
0.15813492356666667
0.15771608920000002
0.15758098546666666
0.15755739376666664
0.15765750453333333
0.15722892656666668
0.15682705633333333
0.156960913
0.1569822079
0.15659412196666667
0.15723467036666666
0.15702063706666666
0.15678682616666667
0.15721506393333332
0.15783524866666668
0.1576343757
0.15797887763333335
0.15810657966666666
0.15823467489999998
0.15827258539999997
0.15796971366666662
0.15784643426666664
0.15784258143333332
0.15818399486666665
0.15869798386666661
0.15932590916666664
0.15903590859999997
0.16018979386666662
0.16095283709999997
0.1613344694333333
0.16129236493333332
0.16158590916666665
0.16164148743333331
0.1621032701
0.16214471110000003
0.1622718301
0.1626255509
0.16320466776666667
0.16350925080000003
0.1636799793333333
0.16406073580000002
0.16487355120000005
0.1654807429
0.16525794653333337
0.16484889243333337
0.16458366273333333
0.16421069053333331
0.16442734269999995
0.16383385749999996
0.16349119976666668
0.16385285393333335
0.16446283856666669
0.16467728020000003
0.16488849673333336
0.16554054573333335
0.16548800056666668
0.16620173000000002
0.1661979929
0.16601239580000005
0.1657089551666667
0.16578626500000002
0.16571205000000003
0.1659146883
0.1662453641
0.16595372653333332
0.1665594867
0.16710269076666667
0.16684656473333337
0.16734290856666664
0.16791421423333333
0.16764619873333333
0.16740655573333332
0.166747152
0.16665759706666666
0.1674267726
0.16772280043333335
0.16831552413333334
0.16811649460000003
0.16843128506666669
0.16862431266666666
0.16829222493333335
0.16778092036666667
0.1671048006666667
0.16635315133333334
0.16580835783333336
0.1653990623
0.1653761686
0.16532378700000003
0.1654770426
0.16542422259999998
0.16616594126666664
0.16612040289999996
0.1657554565666666
0.16561820393333326
0.16642009066666663
0.16589944919999994
0.16520523846666663
0.16534994719999999
0.16463763399999998
0.1648595487333333
