0.745105602
0.6585962318
0.5620469104
0.552490969
0.525587434
0.5336174746
0.541807797
0.5588194396
0.5507734532
0.5778143828
0.5285236068
0.49060407799999994
0.489282396
0.485789295
0.4920756064000001
0.4365052638
0.4456953054
0.44138285239999997
0.4470676946
0.44602994
0.5215690786
0.5413033304
0.5297310664
0.5261625378
0.5182147354000001
0.50476331
0.48898820359999995
0.48596784260000003
0.48215860839999997
0.4757820876
0.49497207959999995
0.5072241853999999
0.5169942968000001
0.4913527136
0.4843877652
0.45950179799999996
0.4465385454
0.41598657699999997
0.38607181460000006
0.388483154
0.3742634078
0.3633326324
0.3439922654
0.363643384
0.351737841
0.32935441400000004
0.33686516199999994
0.3627632724
0.3933711412
0.3685938722
0.38924562739999996
0.40388776379999997
0.41799943819999996
0.44622641639999994
0.45891130439999994
0.4889051682000001
0.480673053
0.4823353586
0.48354553660000005
0.5013777714
0.4949193182
0.489649058
0.47893073680000003
0.46354576459999997
0.4556568854
0.451920915
0.4510039766
0.4303529374
0.4049635998
0.4088270724000001
0.40614604100000007
0.4013633036
0.3992097958
0.41644599079999994
0.4167268154
0.42173635239999996
0.3930144834
0.39174436600000007
0.4001890864
0.38186844400000003
0.3824800516
0.3878572226
0.4052421784
0.4034853796
0.3934502294
0.385095743
0.40248495659999994
0.40631727380000005
0.39934142619999996
0.40793069639999996
0.4086826308
0.4015894515999999
0.4095391972000001
0.4107271798
0.40273119200000007
0.38844758479999997
0.3867440954
0.363322329
0.33010804239999997
0.3418420126
0.3525716034
0.3366844232
0.34208613359999995
0.3648402622
0.3767638616
0.37964662359999996
0.35064263560000003
0.3508741884
0.3518200306
0.3295627296
0.3333387962
0.3651421902
0.376841142
0.37616347180000004
0.3959537034
0.37995658619999995
0.4081018426
0.41008157040000004
0.4181207226
0.4297683632
0.44183165439999994
0.4432301612
0.42466802579999996
0.4178385918
0.41049183320000004
0.42215624840000004
0.41986031539999996
0.43837291599999995
0.4376801134
0.41579630180000005
0.4058356324
0.39866063820000003
0.38721373420000005
0.37096053479999996
0.35842021820000003
0.3683588648
0.3407928662
0.3484278384
0.3680888348
0.41250854179999996
0.3750783238
0.3724046654
0.3542180104
0.3530742482
0.3432122216
0.33964222800000005
0.3708926454
0.37716664559999996
0.38579437359999996
0.3826752204
0.402602189
0.409797179
0.418443392
0.422301758
0.4232562776
0.4411984554
0.42504952739999996
0.40402675779999997
0.3942469412
0.3841485042
0.39150363940000005
0.3936486932
0.40559768940000007
0.40783869580000004
0.422259824
0.4121669026
0.42016625620000003
0.3949558022
0.3708586204
0.3650013198
0.35487541
0.36152189220000003
0.3687008466
0.40320078419999994
0.4115180574
0.39139514359999994
0.39573182560000003
0.41711139059999996
0.40314780940000006
0.3917400366
0.41892593499999997
0.4162471834
0.4290236974
0.43519714340000004
0.4350173452
0.4202938886
0.4191630624
0.41474107500000007
0.3941900258
0.39944249860000003
0.4118001754000001
0.41928572159999994
0.397856564
0.4141142308
0.422477951
0.41523674479999995
0.4004275376
