0.5693268097333333
0.5268548484666666
0.4651687928666667
0.39458594806666675
0.3300489072666667
0.3182240706
0.32766207959999993
0.3196936306
0.31830197946666666
0.3554071257333333
0.36362996426666666
0.3720600159333333
0.36570527233333333
0.32901717066666675
0.2639436029333334
0.21634951213333337
0.19209548880000005
0.19305025920000005
0.23119927420000005
0.2709548221333334
0.3195517367333334
0.3686845343333333
0.3926705839333334
0.38425551493333343
0.35534036280000003
0.3249333491333334
0.2663875107333334
0.2391900004
0.2340023319333334
0.24115429586666667
0.24567075040000003
0.2528005692666667
0.2792188642666667
0.2923647792666667
0.29090013733333336
0.24520895426666664
0.18612805273333335
0.14301433973333336
0.14919868973333333
0.193323137
0.25165109026666665
0.30994630993333333
0.3241627213333334
0.3390689804666666
0.35856197833333336
0.36175834306666665
0.3564474918666667
0.3325576977333334
0.2920448324
0.24477175213333335
0.28881331806666666
0.3377633646
0.3788055687333334
0.407050524
0.40039284253333335
0.39744854180000005
0.41775890060000004
0.4246215596
0.39924914079999996
0.40655715766666667
0.4223576441333333
0.4136167568666666
0.45023888826666664
0.49584456400000004
0.5504094332666666
0.5345033264666667
0.5227370194
0.5224843205999999
0.5245644248
0.5008985615333333
0.4446062436666666
0.38820142820000003
0.3586849468
0.37639735199999996
0.3648323222666667
0.35802549513333326
0.3862699137333333
0.3699351821333333
0.3481679263333334
0.3346568308666667
0.31216289093333327
0.26917600019999993
0.231374159
0.1902637098
0.17584290600000002
0.20735750113333334
0.22915761433333334
0.2523253181333333
0.27804392493333335
0.3116357350666667
0.33539129073333335
0.3508981967333334
0.3530843132666667
0.33152469100000004
0.30548926379999997
0.2962136652
0.30208818559999995
0.2990259523333333
0.2956915522
0.2927495840666666
0.3029721938
0.3319722224
0.3536594989333333
0.3374814190666667
0.3069968921333333
0.28517107326666663
0.27496865226666667
0.2998223046
0.2986581954
0.2959182846
0.292272129
0.291001056
0.30228150206666665
0.31628696306666665
0.3290975961333334
0.29619042726666667
0.26061682559999994
0.2546271599333333
0.2824427846
0.2964091640666667
0.28829743673333336
0.2658161510666667
0.22009215960000003
0.2469381062666667
0.2976493038666667
0.31426037380000005
0.3154072427333334
0.30355062933333343
0.28900323940000006
0.3011358558666667
0.3491045778666667
0.3388284658
0.29825183559999996
0.24847550906666666
0.21749028753333333
0.24594518366666665
0.29617229926666666
0.31813654220000004
0.28793282313333335
0.24138130879999997
0.22956476446666665
0.24724665833333334
0.2735347014666667
0.28832388420000005
0.27515748073333335
0.2341616618
0.24704910740000002
0.27497866493333334
0.29167114093333335
0.29067052540000005
0.250807816
0.19708674366666667
0.18804183633333332
0.20959243173333336
0.2132801754666667
0.22258059413333336
0.22881643780000002
0.23806834226666668
0.27433147779999995
0.3113513381333333
0.32270683980000003
0.30613364680000005
0.27836777966666665
0.26526566646666666
0.26637038933333335
0.26615762033333334
0.25859878726666674
0.25997620813333333
0.28092967820000003
0.3232623455333334
0.36348010866666675
0.39664583113333335
0.40810562100000003
0.39523799046666674
0.3875771234666667
0.37985185019999995
0.3791676119333333
0.39235496033333334
0.3949594941333333
0.38840021366666666
0.41734591073333327
0.4546622876666666
0.46447336186666666
0.44753038580000004
0.43123781013333334
0.4090171376666667
0.3732660981333334
