0.5743170884000001
0.5322037585333333
0.4710815003333334
0.40071119146666667
0.3366906266666667
0.32326741440000006
0.33112447300000003
0.32313574600000006
0.32146152340000006
0.35651493353333336
0.36520646433333337
0.3738471725333333
0.3676301187333334
0.3312162769333334
0.26640069200000005
0.2188016237333333
0.19432370233333335
0.19558221653333333
0.233525243
0.272738727
0.32128739339999995
0.37023580626666663
0.39453070419999997
0.38649162026666667
0.35752424113333336
0.32644920486666673
0.267912837
0.24043618579999995
0.23532876146666665
0.24227664173333324
0.24682784266666663
0.2538014407333333
0.27974843559999996
0.2929082368666666
0.2916042399333333
0.2464632750666667
0.1874251708
0.14417048413333336
0.15051035373333338
0.19480240686666667
0.25378902226666666
0.31223166673333336
0.3267460414000001
0.34137631873333335
0.3608632266000001
0.3647881244000001
0.3602338341333334
0.33596284633333334
0.2948783987333333
0.24975605893333336
0.29326958206666665
0.34221778760000005
0.3831074092666667
0.41083122666666666
0.404019496
0.4010787156666667
0.42121548326666675
0.4285908684
0.40538580360000004
0.41266944740000006
0.42781490346666673
0.42139382500000006
0.4580882146666667
0.5041569159333333
0.5564125528
0.5404377712
0.5286290019333334
0.5283777600666666
0.5304990308666667
0.507452022
0.4516642854666666
0.39525981079999994
0.3659418599333332
0.38148047573333327
0.3699510996666666
0.3630632003333333
0.3879112569333333
0.3709801383333333
0.34927362066666673
0.3357545028000001
0.3126679901333334
0.27011229433333334
0.23232347653333332
0.1912028189333333
0.1776358524
0.20863283819999998
0.23044904226666668
0.2529532221333333
0.278736112
0.31228443273333334
0.3360516094666667
0.3519070394666667
0.3544786719333333
0.33319590379999997
0.3068387408666666
0.29815908073333325
0.30392994853333327
0.30092547919999996
0.2975557430666666
0.29389630159999997
0.30395377760000003
0.33293817973333334
0.35461911473333335
0.33849169040000004
0.3079690322
0.28612477680000004
0.2761371578
0.30112722066666664
0.3016777272
0.2992279992666667
0.29559191453333333
0.2944677481333333
0.30577527080000005
0.31989057200000004
0.33192277653333335
0.2990408528666667
0.2637182135999999
0.25772879593333325
0.2854084248
0.29965806693333336
0.2918017879333333
0.269102302
0.22369513433333335
0.24884217693333335
0.2995584541333333
0.3173159468
0.31809460526666666
0.30613868940000005
0.29172461620000006
0.30475956333333337
0.35277934200000005
0.34336089486666665
0.3026665118666667
0.2528905014666667
0.2221647606
0.2507281103333333
0.30098821946666665
0.3230754985333333
0.29273987453333333
0.24626766400000002
0.2333266804
0.2510820542
0.27738953153333334
0.2917055890666667
0.277366188
0.23646501873333337
0.24825325126666667
0.27625341033333334
0.29354078446666665
0.2921784568
0.2519594959333334
0.19837741559999997
0.18933499659999997
0.21102419893333335
0.21465967886666668
0.22398934093333336
0.2300480711333334
0.23926824553333337
0.2757618080666667
0.3130485811333334
0.3245151836666667
0.3075316111333334
0.2796864264
0.2663274019333333
0.26755589266666663
0.26740055486666664
0.2600456595333333
0.2612957582
0.28198551899999996
0.32432483293333336
0.36449188473333327
0.3976602057333333
0.4091724987333334
0.39629577353333334
0.38864045666666663
0.3817388948666667
0.3826822172
0.3959513197333333
0.39857679193333334
0.39324641700000007
0.42141949660000005
0.45832812733333333
0.4678109736
0.45069780653333336
0.43411464000000005
0.4118727394
0.3762483607333334
