0.4541261931
0.41154925015000005
0.37648160945000003
0.3388220906
0.3159656852
0.32459952965000005
0.34983069785000004
0.3570665438000001
0.35150580645000007
0.34871456680000007
0.33246872040000003
0.31224438179999997
0.28452403295
0.27485777905000003
0.2595784824
0.26435392185
0.29007328595
0.31906851235
0.3281574122
0.33159089605000003
0.3269858725
0.30242197085
0.29504187365
0.28690623500000006
0.26303584795000007
0.24368475415000007
0.22221008295000005
0.21861277059999992
0.24612674899999995
0.2784811433499999
0.2851001603499999
0.28489938729999986
0.28050971304999994
0.26589624524999994
0.2731386559499999
0.27636209415000007
0.25891886620000004
0.24420337655000007
0.25306975885000005
0.26554008705000004
0.2724389438
0.29145083080000006
0.2902577660000001
0.29078897695
0.28409070625000005
0.3199314649
0.35121164745
0.3580289433
0.35433848760000003
0.357450098
0.39232367459999995
0.43426160055
0.45751866474999997
0.44422634624999996
0.4289403674500001
0.4029583547000001
0.3733224495000001
0.38876439595
0.41287442485000003
0.4307527009000001
0.45166870000000003
0.4775080233
0.5023401286
0.5310539617000001
0.5507220703000001
0.51111970215
0.4740431179500001
0.44464450275
0.42221328304999994
0.4033890701999999
0.3744467181999999
0.34834427974999993
0.34555634839999994
0.37079028764999994
0.37306649244999995
0.36530851499999994
0.36404687529999996
0.333016575
0.2963383889500001
0.26663954500000003
0.26226600240000003
0.2504081482
0.2380760993
0.23339109389999999
0.25701337825000004
0.2877372112
0.31582970125000004
0.3369589574
0.3345768587
0.32573222334999996
0.31663042529999996
0.30106089399999997
0.28047558065
0.25754998074999996
0.23524589409999996
0.25573034299999997
0.29752756225
0.32979782794999996
0.3438577475
0.3547632631
0.34585616515
0.35009578789999996
0.37308945629999996
0.35178307010000004
0.31593989825
0.2862856541
0.25798142550000003
0.24394802980000002
0.24757098190000004
0.25405892085000004
0.2563916721
0.26736876105000007
0.2974003155000001
0.3347472588000001
0.3590845871000001
0.3367421729000001
0.30221887959999993
0.2748964709999999
0.284545935
0.3096319647
0.3096790316
0.28944951110000006
0.24770663135000004
0.24010614865000007
0.25820759390000003
0.29928224270000003
0.3040386211
0.2950687463000001
0.28449720590000005
0.27676607515
0.3005076160000001
0.330171384
0.32390649795000004
0.2900445223
0.2695891625000001
0.26582270095000005
0.27593432525000006
0.28797742925
0.27225370775
0.2415633943
0.23864404665
0.2516576056
0.272654787
0.28585933210000003
0.26733024525
0.22489273145000005
0.22143377455
0.23890786150000004
0.2586447954
0.2639603512
0.2457686239
0.22272921399999998
0.2251219895
0.25952015790000005
0.29164908215
0.3070354241
0.2939947733
0.27437745815000003
0.26682569175000004
0.25997252375
0.24809438355000007
0.23027808075000006
0.2276896224
0.2499783463
0.2880701332999999
0.3301679154999999
0.3721913066
0.39000011609999996
0.39847383884999993
0.42213466549999995
0.42534758954999996
0.40847038285000004
0.3918897638
0.35893692965
0.32012090065
0.32077261825000003
0.3433754679
0.3687830328
0.38825614975
0.4129891938
0.43852205390000004
0.45934333250000003
