0.3735106504
0.3385586956
0.30707378430000004
0.29083166063333343
0.27843442083333336
0.29947359623333336
0.3299997461666667
0.338800771
0.33444937776666667
0.3406252517333333
0.3287932172
0.30306216906666666
0.2836920799
0.2629328472333333
0.23379885876666676
0.21221563460000004
0.20487617430000002
0.22006733266666675
0.24566007726666675
0.26747675976666674
0.26864566470000006
0.26386104766666674
0.25384754913333346
0.25089954623333344
0.25752089026666675
0.2716657039000001
0.27136955766666665
0.2655655292333334
0.27132661080000003
0.28406292040000003
0.28879545273333335
0.2895769248333334
0.2914043324666667
0.2780237912333334
0.2504760139333333
0.24878475806666664
0.2438190787
0.24293328946666665
0.26101922583333326
0.28042298213333333
0.30805158993333326
0.34767303173333336
0.36056057053333335
0.35349572976666666
0.36699465396666664
0.37590689023333324
0.36542007876666666
0.3724305766333333
0.3748525112
0.3789912274666667
0.39482773120000003
0.41367104233333335
0.43455814070000004
0.4514831330333333
0.43618302240000006
0.40607597540000007
0.3877322586666667
0.37303324823333345
0.36891566160000006
0.3670783132666667
0.37147893836666673
0.38354567010000007
0.3943873882
0.4060271171666667
0.42984897863333343
0.4120461715333334
0.38457322306666675
0.3654143088333334
0.3452168521666667
0.32410754780000006
0.311506032
0.29346166460000006
0.29055291466666666
0.31394879763333333
0.3249932607666667
0.3339264526
0.35917095833333335
0.3515058605666666
0.3301551783
0.3096210262000001
0.2924667613666667
0.2739455236333334
0.2533892563333333
0.2300365162333333
0.22305786046666665
0.24448497426666665
0.27033099676666666
0.29592771783333327
0.3007863814333333
0.3023566102999999
0.3035350124333333
0.30424489299999996
0.3172442627666666
0.3043502454
0.28977571919999995
0.2826689829333333
0.2849270715
0.2891886482333333
0.2948802137
0.3016883448
0.29054675316666667
0.28738988919999997
0.29424475673333333
0.29987549743333325
0.2912259173333333
0.2751458336666666
0.2586174438666666
0.2480400463666666
0.2603490437666666
0.2852554463666666
0.2922871262666666
0.2923477761999999
0.29199362213333324
0.2921620783666666
0.30390104049999994
0.31115486456666663
0.2866277087333333
0.2634372472
0.25264139916666667
0.24383463853333334
0.2540843826333334
0.26916877333333333
0.2572792352666667
0.25728563953333333
0.2583227853666667
0.26052111680000006
0.2701504250666667
0.2758937544333334
0.2763427496333334
0.27608514086666675
0.27935196343333335
0.2811167455333334
0.27548823450000004
0.25885516453333335
0.24344227463333332
0.23865744423333332
0.2366628266666667
0.2434902287
0.2371826645666667
0.21508023146666663
0.21458477976666665
0.22628577919999995
0.2440604093333333
0.27028663226666666
0.28229701136666663
0.2676389567333334
0.26839826683333334
0.26772115890000003
0.26947120403333336
0.2698454196666667
0.24652932500000002
0.21672087676666668
0.21280595513333334
0.23376856530000006
0.2579348506333334
0.2829870467666667
0.3025686880000001
0.31444648836666667
0.3261383639666667
0.3402181682666667
0.34152360426666667
0.3303683138
0.32309225373333333
0.31807957946666665
0.3135817591333333
0.3290235721333333
0.3444904277333333
0.34990107189999997
0.3542850071333333
0.36810010806666665
0.37705845563333334
0.3756724058
