0.39655935606666665
0.3632637304333333
0.33333185843333335
0.31711821723333333
0.3047146768333333
0.3222774039000001
0.35068013963333333
0.35883322510000004
0.35397657183333336
0.3570195873333334
0.34582783460000005
0.3208800047666667
0.3040331522666667
0.2832725192
0.25433866686666673
0.23281473320000004
0.22406257153333337
0.23766532606666668
0.26321673993333333
0.2821714834666667
0.2838753342333334
0.27883048853333336
0.2693505941666667
0.26850098699999997
0.27616332399999993
0.2901191135666667
0.29007225186666663
0.2835911135999999
0.2883525400999999
0.3015699341666665
0.3058079835333332
0.3070176374333332
0.30785564096666657
0.2938933178
0.27068014943333335
0.2698664285666667
0.26482147920000004
0.26363894670000004
0.2806707902
0.2994109514333333
0.32743386896666665
0.366723575
0.3776684549
0.37338106116666664
0.386766337
0.39630151393333335
0.39081382956666666
0.3970255305
0.39951765733333333
0.40308430586666666
0.4168536766333333
0.4354233947666667
0.45574258466666673
0.4706651287666667
0.4557357590000001
0.4263715005666667
0.40823764703333343
0.39726636416666666
0.39343313966666665
0.3913102735333334
0.3954390519
0.40465254096666664
0.41453417649999996
0.4267152683
0.4460835278
0.42655288066666663
0.3993706481333334
0.38035061829999994
0.3608509249
0.3425439371999999
0.33014856183333324
0.31285442653333323
0.3094475410333332
0.33010829386666657
0.34111776619999995
0.3495574048999999
0.3699091481999999
0.3627294051333333
0.3412347622333333
0.32129662183333335
0.30541353543333344
0.2870211214333334
0.26662447786666665
0.24437928099999998
0.235766077
0.2562933079
0.28169361099999995
0.30378616843333334
0.30861390120000004
0.31012673246666667
0.3110881931333333
0.3140220986333333
0.3278029463
0.31743681549999997
0.30303337006666664
0.2968754976333334
0.2991988483333333
0.303350375
0.30872315753333335
0.31290953906666663
0.30149731523333334
0.29832819666666666
0.30617395533333336
0.31195005760000005
0.30381354956666673
0.2889632823666668
0.27261972990000005
0.26241117750000004
0.2752599520666667
0.29939322670000007
0.3064539306666667
0.3062811767
0.30595698010000005
0.30580759409999997
0.3183411699333333
0.3259100974333334
0.3035395542333333
0.28019765389999995
0.2691494631333333
0.2609114137666667
0.2712649491333333
0.2850452607333334
0.27338531643333336
0.2707910257333334
0.27291305906666674
0.27532131360000006
0.28458832973333337
0.2917641104666667
0.2917151026333335
0.2910628756666667
0.29462218036666676
0.2958070730666667
0.2894599611
0.2732156429666667
0.25717160870000005
0.2513438031333334
0.24968281753333338
0.2562052475666667
0.25188203673333337
0.23046367143333335
0.22865801066666666
0.24056506266666663
0.25832888853333336
0.2837336985666667
0.2952073845666667
0.2804901012
0.27789243119999996
0.2779699183666667
0.27993409319999996
0.2798671747333333
0.2596800254
0.22921153756666665
0.2253153774
0.24650485896666668
0.26949225590000003
0.29424061283333336
0.3138541384333333
0.3242203721333333
0.33602879080000003
0.35084451889999996
0.35312703926666666
0.3451069141666666
0.33781887306666664
0.3324520969333333
0.3304011548333332
0.34441002573333324
0.35918689343333327
0.3645533658999999
0.3663416627666666
0.37921973646666657
0.3881823120666666
0.3869542832333333
