0.8249537818
0.6180220732
0.49582322600000006
0.3392468494
0.12065191739999999
0.1562292228
0.24660543119999997
0.30051578760000003
0.39860276599999994
0.6049152901999999
0.6770143853999999
0.6586913676
0.5323220366
0.37873063879999996
0.17797225619999998
0.04177623400000001
0.0031210174000000034
0.057514737400000016
0.11899329900000002
0.24120500500000003
0.3242479956
0.4043811268
0.4531908692
0.42985791260000006
0.31463284599999997
0.2168422828
0.10053115739999999
0.0030760490000000017
0.079558498
0.21122921020000002
0.3807314568
0.5666683765999999
0.6861851461999999
0.6009531522
0.49379690279999994
0.33214694860000005
0.0849799686
-0.030136359
-0.030496417200000004
-0.0360430676
-0.0224511102
0.06957539900000001
0.15057355320000002
0.27509401899999997
0.3800396622
0.38035641459999997
0.35703025759999996
0.2601960361999999
0.15043011280000002
0.18146978799999997
0.3423682308
0.4494321868
0.5234987498
0.5524203
0.4738850268
0.3196207758
0.20977536039999997
0.1581088684
0.1197415806
0.00970777140000001
0.1406672888
0.2921212998
0.3953588882
0.4989257598
0.673478712
0.6877479398
0.7081036868
0.6756273274
0.5243626063999999
0.4833869634000001
0.38468069159999996
0.17605768120000004
0.2217935898
0.40323470759999996
0.45201910319999994
0.4938814604
0.6465360390000001
0.6329614205999999
0.6102138438000001
0.5246205575999999
0.409857696
0.29379948479999995
0.15434939500000003
0.0570154714
0.05925677199999999
0.11203855360000001
0.184655829
0.2862337082
0.342410314
0.3863317636
0.3840706878
0.29828661759999997
0.22152041199999997
0.1340641698
0.039030127
0.08450710260000001
0.16143433599999998
0.22645896240000002
0.3367542792
0.4887012412000001
0.5192032151999999
0.5703134436000001
0.5875112652000001
0.5004729915999999
0.35978569579999997
0.24512331299999998
0.1351834308
0.044261795199999995
0.009501871399999999
0.005241563199999999
0.1219669734
0.27211232360000004
0.40958016399999997
0.4815146626
0.5350492709999999
0.46633878259999995
0.3881392064
0.4141329778
0.36379349780000003
0.31084641699999993
0.2588745108
0.18237968860000003
0.053186724799999995
0.0772439796
0.1105058806
0.131773724
0.1762112422
0.2567956134
0.3667259816
0.42592667640000004
0.42679769819999996
0.3976787716
0.310283003
0.26331426960000004
0.32396287
0.3479710686
0.33756542480000007
0.3079832498
0.20038007900000004
0.11711512799999999
0.2351734032
0.2377919188
0.23824191439999995
0.2443905874
0.17465085920000004
0.123915891
0.28338559399999996
0.37718490619999995
0.39165894
0.397775298
0.2974949158
0.18826959899999998
0.16487383979999998
0.19158664020000002
0.2170800136
0.2447588038
0.24200916499999997
0.2543624938
0.26180047100000003
0.23006947900000002
0.182630583
0.1309552584
0.11829496819999999
0.1332792698
0.153790611
0.2035350818
0.27530314
0.31140433359999997
0.39900388519999996
0.5204158073999999
0.553498465
0.49046684459999995
0.38020641180000003
0.23949801799999998
0.099941309
-0.002741899400000003
-0.0266787464
0.0476936836
0.17744310759999998
0.3263118838
0.5162412464
0.7033564664
0.7747170392
0.7458054322
0.7107799194
0.5959781488
0.40880691979999995
0.306237086
0.213447764
0.0702510242
0.10763039020000001
0.21568794200000002
0.2791478772
0.3505118358
0.48090070459999995
0.4917443828
0.4623950084
