0.8415642492
0.6423844599999999
0.5260650664
0.379613039
0.17675948860000004
0.19161875420000002
0.27249162140000005
0.3205711126
0.4085602926
0.5982633762
0.6747974257999999
0.6656884639999999
0.5488701995999999
0.39558451260000005
0.21512385700000003
0.0882560318
0.04480615340000001
0.0896395796
0.1507611332
0.25283414400000004
0.3278364352
0.4056854304
0.4586060378
0.44070586619999996
0.3238728078
0.2329560694
0.1257948826
0.030905160199999997
0.1021308232
0.23615751459999998
0.39786270560000003
0.57457329
0.6885005538
0.6099298554
0.5059907659999999
0.3439812724
0.09879435959999998
-0.0018357128000000057
-0.010053682800000005
-0.018685393
-0.004831726800000005
0.0850340582
0.1509917518
0.2772181652
0.38539503900000005
0.39647731719999996
0.37455574040000006
0.2798869802
0.18043158680000002
0.21325976500000002
0.3633076804
0.4702491312
0.541609432
0.5595571894
0.47703113100000005
0.3254900316
0.224537604
0.17617668099999997
0.136145721
0.044024360400000004
0.1776422422
0.3185033586
0.41863059319999996
0.5254486615999999
0.6801230361999999
0.6892133516
0.7102357392
0.6790574046
0.5361530398000001
0.49552407640000007
0.40021733859999997
0.21211117279999997
0.253028667
0.4259319906
0.4755811872
0.5140792891999999
0.6458641461999999
0.6353668901999999
0.6116082439999999
0.531590421
0.41952210319999994
0.30662896559999997
0.1876592832
0.09165182140000001
0.0873253586
0.140475093
0.2063166294
0.286779373
0.3412437136
0.385054713
0.37649147660000004
0.2945824056
0.21968382079999998
0.1378955944
0.0551486464
0.1051059338
0.186573808
0.2505127606
0.3549924668
0.49470384580000004
0.5245764618000001
0.5715383766
0.5890563584
0.5016860118
0.3666152992
0.2589586
0.14815237220000002
0.057508738000000004
0.030396178000000003
0.0169296072
0.1253815196
0.2762259184
0.4144134004000001
0.48036206740000004
0.5374457699999999
0.47117310020000003
0.4005276662
0.4275447754
0.38521634080000006
0.33337947660000006
0.28026176720000007
0.1962495834
0.0648863304
0.08328248099999999
0.11646754179999999
0.13713641440000002
0.1850732272
0.271450374
0.37882953199999997
0.4393804738
0.4474941286
0.41612564260000007
0.3239397744
0.2787023058
0.33709989599999995
0.3581505784
0.3450228584
0.3152617396
0.2094778804
0.1269271978
0.24166902659999998
0.2553368964
0.2555539928
0.257246341
0.1884437688
0.138015946
0.288157143
0.3835938942
0.397074248
0.4087729598
0.30900932080000004
0.1982459356
0.18145621739999998
0.2106510636
0.2282557136
0.2554597186
0.25474424360000003
0.2598858832
0.26728811119999996
0.23498290279999998
0.18795440859999998
0.1382700518
0.12278340839999999
0.1508381204
0.17660191
0.22432765520000003
0.293435018
0.3315357352
0.4048682018
0.5224692016000001
0.5558384556
0.4866958705999999
0.3807841954
0.24009067720000005
0.1000400564
0.018306750200000003
-0.004334526799999999
0.06760869380000001
0.1978301556
0.3472777786
0.5162951202
0.7075761496
0.7759239738
0.7477931386000001
0.7154135354000001
0.6049536802000001
0.434261213
0.3335322134
0.23925518820000002
0.102509327
0.1307889318
0.22214950039999998
0.2839638984
0.3555428306
0.475790568
0.491308801
0.463387581
