0.5550850441
0.4985266261
0.4410574732
0.4241400629
0.4168582432
0.39519627079999997
0.3780519138
0.3709571123
0.36196154430000005
0.35853545950000004
0.33179405510000004
0.31860959730000005
0.30950998199999996
0.3083127625
0.3030477287
0.3044807509
0.30543832439999996
0.3026952463
0.30442148210000003
0.3044467634
0.31297987320000004
0.31012781789999994
0.30359192939999996
0.2978960242
0.2898092113
0.28324729460000003
0.275647391
0.27000422939999996
0.2608961443
0.2533991206
0.24637084610000004
0.24252322550000005
0.237627685
0.2307666992
0.22625613719999998
0.2206934408
0.2166204825
0.2106226912
0.21041081550000001
0.2091807314
0.20942233619999998
0.20909962850000002
0.2090053643
0.211591205
0.21009886389999996
0.21121635379999998
0.21301786250000002
0.21566126210000003
0.21790160279999998
0.21525536589999997
0.2129131603
0.2095597482
0.207933009
0.2075657466
0.2071158493
0.2052773031
0.2018856966
0.19963469829999997
0.1967621859
0.19614339730000002
0.1950839096
0.194078025
0.1920289132
0.18926311810000002
0.18716471880000002
0.18604068050000006
0.184765457
0.18277043599999998
0.1814497145
0.17968729830000002
0.17914585560000001
0.17789195900000004
0.17781699710000004
0.17873990920000002
0.17855687520000002
0.17810118750000004
0.17621435350000003
0.17595755620000003
0.1761605122
0.1749103799
0.17418161299999999
0.1732477694
0.1718382742
0.1697391174
0.16778184570000004
0.165725108
0.16520380440000001
0.1634698721
0.16135314290000002
0.16099239929999998
0.15965422440000002
0.15885558360000002
0.15805042330000002
0.15770444090000002
0.15711832230000003
0.15671925930000002
0.1553491087
0.1545919813
0.1541995883
0.15302866350000002
0.1522115702
0.1508025474
0.1498702098
0.1489600339
0.1487562678
0.14814403710000001
0.14804072480000002
0.1478579788
0.14716350140000004
0.14674291460000002
0.14629275610000003
0.1464256767
0.1461572677
0.14548493550000002
0.14507215480000002
0.1447607373
0.1439576943
0.1434609195
0.14300599989999999
0.1421632728
0.1412006972
0.1399419991
0.13892860449999997
0.13801040530000003
0.1366399767
0.1353070584
0.13489742700000001
0.13405332320000002
0.1328919469
0.13270726940000002
0.1324834131
0.13207128350000003
0.1316968219
0.1310757745
0.13077796130000002
0.1304902625
0.1294761986
0.12879071250000002
0.1284473753
0.1279479674
0.1272189891
0.12727945329999998
0.12702109430000003
0.1268273075
0.1268118292
0.12688004709999998
0.12732787389999997
0.1271258749
0.1275298623
0.1276120302
0.1273843291
0.1267841929
0.12638459770000002
0.12616631230000003
0.12564596349999999
0.1248550938
0.1236360773
0.12305591639999999
0.12188599979999999
0.12127715269999999
0.1206235417
0.12019098660000001
0.1188000566
0.1173134257
0.11602622259999999
0.11467642639999998
0.1139768663
0.11270544239999998
0.11203694839999997
