0.3652876376
0.28518120790000007
0.205118409
0.199083903
0.19322952389999998
0.1850831462
0.17873955219999998
0.17777180600000003
0.1790781025
0.1790404014
0.1721820485
0.1673548191
0.16352935529999998
0.16218495350000003
0.15863208980000001
0.1569645749
0.1550639466
0.15238411219999998
0.1479743337
0.1433243688
0.1410613341
0.1381188644
0.13514328459999997
0.13103071379999998
0.1270135021
0.1231971413
0.11932495030000001
0.115816969
0.11308772299999999
0.11038795879999999
0.10802488960000001
0.10628603429999998
0.10495211729999998
0.10385147239999999
0.102380913
0.10179021590000001
0.1010049123
0.1004681312
0.1001848544
0.09970916469999999
0.09905059910000001
0.0984753601
0.09784515270000001
0.0970720872
0.0964829716
0.0958023615
0.09518102540000001
0.09429350179999998
0.09321996029999999
0.09158813340000001
0.08994210640000001
0.08824725909999999
0.0867696706
0.085384958
0.0838583547
0.0822491309
0.08092772559999999
0.0797622237
0.0786168454
0.0781119812
0.0776733555
0.07727237630000001
0.0768133453
0.07651562199999999
0.07619242569999998
0.07597561609999999
0.07571233000000002
0.07538035500000002
0.07524625790000002
0.07529087100000001
0.07512874459999999
0.07498734380000001
0.074828379
0.0747702324
0.0747330071
0.0742691107
0.0736790242
0.0731326991
0.0726716996
0.07180005980000001
0.0710093842
0.0698379221
0.06860395290000001
0.0672982708
0.0663008327
0.06578102829999999
0.0652281169
0.06459919149999999
0.06374074889999999
0.06314904529999998
0.0627407483
0.06243886930000001
0.0623533273
0.0621690775
0.0618519618
0.061348522800000006
0.0609356398
0.0606616614
0.060516263
0.06024984840000001
0.0597354412
0.0594804098
0.059320534
0.05910098610000001
0.05894820770000001
0.058754174400000005
0.05853443900000001
0.0583249555
0.0581429336
0.057975480999999995
0.05790307060000001
0.05765826150000001
0.0573380776
0.0571630266
0.05689539429999999
0.0567347885
0.056631134699999995
0.0562309171
0.055876917000000005
0.0553294685
0.0549658151
0.0545573726
0.05392547439999999
0.0534086265
0.0528990461
0.0523660337
0.0519441147
0.051544968999999996
0.0512381372
0.0511046159
0.0508348985
0.050686463
0.0506668178
0.0505086139
0.05045409219999999
0.05036004919999999
0.050074785600000005
0.05001907299999999
0.049920310700000005
0.049976146199999995
0.0499507123
0.0498997132
0.04987359500000001
0.04988122140000001
0.0497837896
0.0498010148
0.049920455
0.04982935100000001
0.049570656799999994
0.04911603169999999
0.0488276474
0.0485233287
0.048293457
0.0479614178
0.047653474200000004
0.047228098600000004
0.0469222126
0.046666380699999996
0.0464770234
0.0464126823
0.0463266057
0.0462610782
0.0460414071
0.0457807494
0.04547852880000001
0.045279761300000006
0.0449523575
0.044730373700000006
0.0445918352
