0.6316241276
0.5896436489999999
0.5471320669999999
0.5370220347
0.534582597
0.512535918
0.4979539441
0.49351507980000003
0.48165769940000003
0.4835635883
0.44478181780000003
0.4272440585
0.4153119233
0.4111829521
0.4041522061
0.40673447949999997
0.40731118670000005
0.40161536369999995
0.40383582989999994
0.4005329271
0.41669088819999994
0.41463476200000005
0.40740647790000006
0.4024747188
0.3939460742
0.38846947210000005
0.3828437872
0.3791833157
0.36953419639999996
0.36164321219999995
0.35461280399999995
0.34933643689999994
0.3418228789
0.3302407627
0.32173064389999995
0.31187798250000004
0.30382419169999997
0.2949958970999999
0.2927080302999999
0.28938861320000003
0.28598063990000006
0.2835913961
0.2812928932
0.286060632
0.2849719443
0.28747830090000004
0.2907622192
0.2934494869
0.2964542002
0.29327216159999997
0.29289094029999996
0.2894390926
0.2887795875
0.2880818979
0.2854789739
0.28143119069999994
0.27515911919999997
0.2708292232
0.26640372489999997
0.26383143889999994
0.2607112522
0.259008273
0.2556754478
0.25080453709999995
0.24834826579999997
0.24688311889999998
0.245166195
0.24162395080000004
0.24116615760000001
0.24070566859999998
0.24108182409999998
0.2393446157
0.23917528419999998
0.24079483389999998
0.2410902172
0.24062156989999997
0.2383993146
0.23904591450000004
0.23873348879999998
0.2369859354
0.23517976749999997
0.2325968757
0.22950442629999998
0.22638272609999993
0.22340701319999998
0.22112007399999997
0.2205415119
0.2184816251
0.21584028970000002
0.2143938643
0.2122458983
0.21103507269999996
0.209990004
0.2089527281
0.20829767810000002
0.2078529367
0.2065170807
0.20522045100000003
0.20373514469999998
0.20214757560000002
0.2009500093
0.2006364896
0.20117296170000004
0.2013111964
0.2022021778
0.20101347439999998
0.20049394359999995
0.20071049449999995
0.20086736749999998
0.2020899566
0.20176191450000003
0.2022061321
0.2018756732
0.20103185619999997
0.2005546955
0.20037111200000002
0.1998568128
0.1989704173
0.1980928271
0.196556919
0.1964016686
0.1941415256
0.19238544729999998
0.19020797079999996
0.1871453426
0.18590080759999997
0.183925849
0.18298679019999997
0.1812789503
0.17992925109999997
0.17870710249999996
0.17874880559999998
0.17807393989999998
0.1775220214
0.17802940220000002
0.17784319580000002
0.17794391810000001
0.17674103170000002
0.1767944128
0.1770446825
0.1760381573
0.1755267774
0.17550784060000002
0.17600583900000003
0.17644189470000002
0.17592452460000002
0.1763676567
0.1766695648
0.17635635579999998
0.17614058559999998
0.17617106059999996
0.17593389749999996
0.17563969039999996
0.17495342949999995
0.1735697403
0.1726362637
0.1720029258
0.1711153038
0.17035027800000002
0.1691664644
0.1685477599
0.1676992579
0.1662701447
0.164709147
0.1631198978
0.1616584941
0.16030819359999998
0.15865315349999998
0.15803989129999998
