0.6490326482000001
0.6115522114
0.5741078262999999
0.5682681462
0.5670656917000001
0.5467434185
0.5345771612
0.532826
0.5231782712
0.527374131
0.4871720234
0.46788384029999996
0.45425362640000005
0.44748422039999997
0.4408806062
0.44115306079999994
0.43864080990000004
0.4277853479000001
0.4247743810000001
0.4167252953
0.43212312750000004
0.4270626285
0.41479145519999994
0.4057573146999999
0.3913207846
0.38384528519999994
0.3770944726
0.373214732
0.3667313421
0.3619793256
0.3556587253
0.3511012619
0.3479435007
0.3403602566
0.33560127600000006
0.3271210431
0.3195551929
0.3115025916
0.3059863176
0.3000498423
0.2959504056
0.29383738410000004
0.2890659341
0.2899737959
0.2858138697
0.2873725998
0.29004779070000003
0.29258047410000004
0.2975378152
0.295587136
0.296001815
0.2939755209
0.2959016497
0.2988387518
0.3009927092
0.3002080665000001
0.2975084334000001
0.29449732539999995
0.29161903860000005
0.2915900228
0.2894466415
0.287986348
0.2838960692
0.2802637618
0.2781589656
0.2766493906
0.2733686824
0.2719288492
0.26982957529999996
0.266678649
0.265568806
0.2631207344
0.263017945
0.2629165094
0.2598228736
0.25808375669999994
0.2561710154
0.2553049865
0.2557921284
0.25492961599999997
0.25359044919999996
0.25224278949999995
0.2506958696
0.24772899610000004
0.24673792330000005
0.24425861110000002
0.2434307858
0.24129704519999998
0.23818120470000004
0.23831962450000002
0.23733166369999997
0.2364083978
0.23464674989999995
0.2332520748
0.23225783770000002
0.2301672406
0.2275911632
0.2248202817
0.2230292473
0.2197728164
0.21735288439999997
0.2151276421
0.2137461949
0.2121931456
0.21051542380000005
0.21123490149999996
0.21165403109999997
0.2122922326
0.21266275939999998
0.2139042019
0.21438635779999998
0.21507545170000003
0.21644410390000002
0.21674447759999999
0.2184327448
0.21854852240000003
0.21839501610000003
0.21864066110000002
0.2179515484
0.21617375470000005
0.21399337680000005
0.21246789710000002
0.20875047200000002
0.2074439274
0.20529342439999998
0.2030913305
0.20156127279999997
0.1990470093
0.19770844799999998
0.1961422864
0.19548211639999996
0.19459925439999998
0.1956143866
0.19456381520000002
0.19320184599999998
0.1923027775
0.19090176560000002
0.1905961538
0.1895365354
0.1906138356
0.19075551539999996
0.19012191589999997
0.189588425
0.1902234175
0.19027762709999999
0.1905286309
0.19123978219999999
0.19154021319999998
0.19082065269999998
0.19002243710000002
0.1905511616
0.1903783448
0.1884477242
0.1871808227
0.18682084280000003
0.1863322145
0.1849415918
0.18369617050000003
0.1834870873
0.1824980884
0.18083892389999998
0.1799391934
0.1799760134
0.17872485330000004
0.1770607854
0.174820849
0.1741821638
0.1736195479
0.1724493043
