0.590059146
0.5515013733333334
0.5157275326
0.5031435398666667
0.4955360551333334
0.4692354296000001
0.4583930610666667
0.45491184746666674
0.4500982509333334
0.45266287246666675
0.44013271393333336
0.42994639846666677
0.41871639706666675
0.4143527366666667
0.4061696085333334
0.4053387430666666
0.4028469396666667
0.39750611286666665
0.3973095971999999
0.39291786306666665
0.4025911501333333
0.4003462176
0.39463065866666663
0.3865868995333333
0.3778302792666667
0.3705909594
0.36419710646666664
0.3576444563333333
0.34824621906666664
0.34038300759999995
0.33271587966666666
0.3264725040666666
0.3196902714666667
0.31340910720000004
0.30812530526666665
0.3022650712666667
0.2980288457333334
0.29238417466666655
0.2925971761333333
0.289268829
0.28795954426666664
0.28742302560000005
0.2874413434666667
0.2908847322
0.28915298373333337
0.28960704313333335
0.28843877966666664
0.2882399682666667
0.2895130878666667
0.2866624028
0.28492657813333333
0.2818015076666666
0.2804655634666667
0.27778012746666664
0.2750593134666667
0.271762344
0.26726948219999996
0.26305727553333336
0.2590799791333333
0.2567131389333333
0.2542546972
0.2522862426
0.24902847233333333
0.24650296726666665
0.24521044326666663
0.24486276626666664
0.24339314653333333
0.24195464953333332
0.2420073851333333
0.2415523244666666
0.24086157566666663
0.23854693700000001
0.23794211679999996
0.23845560173333333
0.23763555633333333
0.237060532
0.23501360033333332
0.23387496653333337
0.23215176413333333
0.23001988753333333
0.22755374226666666
0.22601153446666666
0.22414634406666661
0.2218192389333333
0.21983798773333335
0.2181434176
0.2167707724
0.21450435953333333
0.21229792366666667
0.21089438266666663
0.20933585506666663
0.20862500446666662
0.20795702719999998
0.20672085133333332
0.2056650293333333
0.20469670779999996
0.2035007575333333
0.20296525059999998
0.20261186146666663
0.20276659166666666
0.20184757246666668
0.20159758506666664
0.20177068753333333
0.20133061093333332
0.20152654833333333
0.2006360263333333
0.20062679179999998
0.20073539873333332
0.2008096691333333
0.2017046716
0.20146164093333332
0.2010778005333333
0.2003023246
0.1991850314
0.19776304246666668
0.19756148913333338
0.1963918464666667
0.1951853672666667
0.19370340466666666
0.19174159559999998
0.19088756966666667
0.18889094513333332
0.18770973593333334
0.18601642746666666
0.18401274620000005
0.18311881613333333
0.18231984166666668
0.18125438233333332
0.1799895342
0.17938991773333332
0.17851525446666666
0.17809254013333334
0.1772801255333333
0.17707405546666666
0.1772789728
0.17654371593333335
0.17672046060000002
0.17626841593333334
0.17647412666666665
0.17706501346666664
0.1766602025333333
0.17650510753333334
0.1763438754666667
0.17629694506666665
0.17601976173333336
0.17542895913333334
0.17538044686666668
0.1755341884
0.17524680446666668
0.17474838533333334
0.17439227346666666
0.17415587313333333
0.17341551759999999
0.17252657106666666
0.17116947486666664
0.170511116
0.16960151433333334
0.16860124166666665
0.16748199860000001
0.16606792680000002
0.16471722913333336
0.1637387372
0.16209115966666668
0.1612508789333333
