0.6169146628
0.5812110206666666
0.5488106142
0.5386579783333333
0.5319094717333334
0.5050507306
0.49479778793333334
0.49198102093333335
0.48729578020000003
0.4916374808666667
0.4783282712
0.465936753
0.4512622952666667
0.4429954682
0.4316825408
0.4286372032666667
0.42312143280000014
0.41329132440000016
0.4090151425333335
0.40093524993333335
0.4094437790666667
0.4054105078666666
0.39723636566666654
0.3891602159999999
0.3790816870666666
0.37164097959999987
0.3647617341333333
0.36006342626666665
0.35273905959999996
0.3468525704
0.33944238946666666
0.33373888413333336
0.3283771232666667
0.32264621793333337
0.31823439220000005
0.31304439320000005
0.30925700846666676
0.3039642276666667
0.3015673621333333
0.29607559980000003
0.2939183058
0.29303657
0.2914684388666667
0.2940979236666667
0.29155829886666673
0.29229824113333336
0.2922038938
0.2935635997333333
0.29680231826666664
0.2967041777333333
0.2967567464
0.29548393619999996
0.2950893664
0.2951947521333333
0.29540906759999996
0.2936809356
0.2908295986666667
0.2877739964666667
0.2852862826666667
0.28508539746666667
0.2838551301333333
0.2817460438666667
0.2791074994
0.27585530113333334
0.27253302746666663
0.27058809526666666
0.267904466
0.2667877428666666
0.2661512632
0.26390729799999996
0.26294654026666664
0.2605358221333333
0.2600467776
0.25954087886666666
0.2570467944
0.25521546766666664
0.2538205374
0.2526324231333333
0.2514175437333333
0.2506134808666666
0.24873974366666662
0.24740918973333328
0.2455661777333333
0.24305067573333336
0.24271129500000002
0.24138073900000004
0.240645459
0.2388602654
0.23639084133333335
0.23549896199999998
0.23312427126666663
0.23097477219999998
0.22831578579999995
0.2265841765333333
0.22473455706666667
0.22344358786666663
0.22177669653333335
0.22049303186666666
0.2190654686
0.21696282819999999
0.2157264298
0.21447186106666666
0.2134127742666667
0.2128579662666667
0.2124987998666667
0.2129229993333333
0.21343288886666664
0.2149089133333333
0.21487562213333333
0.21606944713333337
0.21652352179999998
0.21665011039999998
0.21667575173333334
0.21669690146666667
0.21627102046666663
0.21476198286666665
0.2139754662
0.21254773960000004
0.21139640080000002
0.21032892880000004
0.20899350360000005
0.20764065780000002
0.20507768866666667
0.2040062150666667
0.20141071486666667
0.19938437886666668
0.19811162506666669
0.19719688993333334
0.19580457866666665
0.19501432300000002
0.19453310406666666
0.1932632368
0.19297480986666665
0.19206795373333335
0.19162432233333332
0.1911605021333333
0.19048538713333332
0.19089116706666667
0.19081455833333336
0.19110455013333333
0.1912307804
0.19102358866666663
0.19025869426666667
0.18957251206666664
0.1895047164
0.1899927582
0.19013643993333332
0.18945888066666666
0.18924408319999994
0.18857588826666666
0.18828191313333334
0.18757003926666668
0.18633052460000002
0.18508162526666666
0.18431835726666665
0.18353295353333332
0.18260271406666667
0.18174941413333334
0.18118021693333336
0.17993478713333336
0.1777950380666667
0.1767725852666667
0.17644507373333335
0.17526061300000004
