0.5681023358
0.53971802585
0.5141807263499999
0.5078761832999998
0.5039731489499999
0.4939482396499999
0.48660898555000004
0.48030567395000007
0.4739763261
0.47204971314999994
0.4596475754499999
0.4474732344
0.4345225408000001
0.42662076755000006
0.41610069540000005
0.41249917300000005
0.4078676412500001
0.4005000399500001
0.39575286155
0.38935231044999996
0.3938909264
0.38908194519999995
0.38136747794999987
0.3730587856499999
0.36346103029999993
0.3554831641499999
0.34832483275
0.34235866179999996
0.33635882985
0.33101458395
0.32580456545
0.3224693230000001
0.3185047174000001
0.31516702625000004
0.31070757285000006
0.30724682145000004
0.30480149180000005
0.30204153285
0.3017620664
0.2978184891500001
0.29597611030000004
0.2939064525
0.29248379190000007
0.29440627385000007
0.2934032894500001
0.29379033315
0.29377811205
0.29353889974999997
0.2945784268999999
0.29358857939999994
0.29272422824999994
0.29098093444999995
0.28989885944999993
0.28955125679999993
0.2895758374
0.28842872855
0.2854385579
0.2832130873
0.28072430695000006
0.27913433590000003
0.27750772375
0.2755535412
0.2734570071
0.2715901356
0.2689909196
0.26736657365000005
0.26476984890000005
0.26361691785
0.26281085185
0.2608041325
0.25957962760000003
0.25768176195
0.25685690730000005
0.25532275275
0.25328039844999994
0.2511711839
0.2498009006
0.24830101585
0.24698666655
0.24662462024999998
0.24546105645
0.24432559364999995
0.24267130975
0.24049053545000004
0.2394978805
0.23721292585000003
0.2355109745
0.23305866344999998
0.230605226
0.22904622044999998
0.2273422740499999
0.22576801994999993
0.22419647239999993
0.22272261019999995
0.22138663075
0.22070107104999998
0.21962259715000002
0.21855625715
0.21784600334999998
0.21683850914999997
0.21586962110000002
0.2151015469
0.21509514940000005
0.21446881160000003
0.2144740843
0.21489171194999995
0.2150245236
0.21546644685
0.2153071539
0.21503897830000002
0.21418986729999995
0.21377167439999994
0.21259728794999994
0.21209420249999997
0.21186308459999997
0.21081992645
0.20997814445000001
0.20884383520000002
0.20782999820000003
0.20615802055000004
0.20473774660000005
0.20353357575000003
0.20218242930000002
0.20100387130000003
0.19924763520000002
0.197697054
0.1962315192
0.19482158155
0.19362249169999998
0.193378061
0.1931188159
0.19236058514999996
0.1926014058
0.19239361635000002
0.19173973654999998
0.19141570419999998
0.1910707739
0.1910681835
0.19017859404999998
0.19031813635
0.1906533385
0.19025013034999996
0.1890180746
0.1887021201
0.18854923494999998
0.18843042270000002
0.188090687
0.18761819185
0.18715386999999997
0.18626026275
0.18569504274999998
0.1851587691
0.1842118688
0.182952838
0.18194081410000001
0.18057653175000002
0.17956187780000002
0.17865785920000002
0.17796819580000003
