0.5382029727
0.5084438537499999
0.48122199514999997
0.47410249339999994
0.46936740155
0.45963519875000003
0.4526325654000001
0.44756522175
0.44274676465
0.44204825770000006
0.43073635300000007
0.4209394102500001
0.41135920060000003
0.4068288354500001
0.39904914015000004
0.39760197579999995
0.39507748695
0.39039933969999996
0.3866850131499999
0.38108806964999997
0.3856518460999999
0.38198559945
0.37461467839999996
0.36635774074999994
0.35783835904999994
0.35017372729999996
0.34333398944999993
0.33708960639999996
0.33112111334999994
0.32551591269999997
0.32029672195000003
0.3164639165
0.31155788605
0.30815069735
0.30335129409999995
0.29967814169999996
0.29729320545
0.2942226919999999
0.29458111524999997
0.29133038740000006
0.28943579010000003
0.2865152443500001
0.2850362403500001
0.28707126495
0.2852254591
0.2844547458000001
0.2829606692
0.28213935505000004
0.28142896255000005
0.27855180025
0.27680109625
0.2742236828
0.27222751765000003
0.2694432175
0.26691361985
0.26415715479999996
0.26016265709999997
0.25622658700000006
0.25378494125
0.25226855375
0.25089653815
0.24917644434999997
0.247425366
0.24579968549999992
0.2447192415
0.2437523444
0.2417827548
0.24033493265
0.23994982319999997
0.23884580199999994
0.23813079580000002
0.23597074570000004
0.23433985525
0.23358877999999997
0.2322486152
0.23087082195000003
0.22947041325
0.22876376980000002
0.22728688925
0.22568989984999996
0.2237128329
0.22181597420000002
0.21974721515
0.21766772709999999
0.21585234565000003
0.21448650535000002
0.2135292963
0.21185103804999997
0.2097877172
0.20827071994999996
0.20659795379999996
0.20583578114999992
0.20558148284999994
0.20513196224999994
0.20524992794999997
0.20443320554999994
0.20350551214999996
0.20296547274999996
0.20230125609999994
0.20211876609999999
0.2013559619
0.20142131084999998
0.20152431745000002
0.20117152630000001
0.20137843665
0.20069229319999998
0.20017537819999998
0.1998404559
0.1994800973
0.1993234378
0.19908179155
0.19817382884999998
0.19713056025
0.19561991350000002
0.19385001905000002
0.19313595980000003
0.19189133090000002
0.19097860375000003
0.1896858887
0.18824308505
0.18755438555
0.18644516560000002
0.18522969360000002
0.1838649961
0.18258737240000006
0.1818720017
0.18093488355
0.17986391094999998
0.17903668155
0.17848696679999998
0.17737262989999997
0.1771377915
0.17679089025
0.17676393019999997
0.17723564845
0.1768838602
0.1771557874
0.17670529824999998
0.17657538429999997
0.17659263404999997
0.17610460894999996
0.17573033745
0.1755737655
0.17547963425000002
0.17500581750000005
0.17428039415000002
0.17418529125
0.17389243430000004
0.17335331690000003
0.172653525
0.17235941024999998
0.17181657769999997
0.17095491754999997
0.16983128825
0.16834481904999998
0.1671473789
0.1661555597
0.16488422865000002
0.16419508465000004
