0.26873484305
0.2262680135
0.18432388215
0.18063442825
0.17593080684999998
0.17102386055
0.1669017494
0.16507795909999998
0.16352621809999998
0.1611823851
0.1566216913
0.15273684175
0.14933631995000002
0.14660783365000002
0.14282279595000003
0.14008085809999998
0.13719444845
0.13410054059999998
0.13053102835
0.12685616379999998
0.12454311184999997
0.12220244934999998
0.12004770094999997
0.11744109309999998
0.11469720755000001
0.1124936786
0.1101649313
0.1081425501
0.1066362887
0.10504856174999999
0.10353774435
0.10238069719999998
0.10139863499999999
0.10046177979999997
0.09943194229999999
0.09879628869999998
0.09809296884999999
0.0973808165
0.09670240734999999
0.09564864905
0.09449635275000001
0.09336130960000003
0.09230741165000002
0.0912285226
0.09017066315000001
0.0890257462
0.0880543755
0.08702786275
0.08591840285
0.08485005730000002
0.08380773095
0.08275981769999999
0.08179150795000001
0.08095029000000001
0.0800253902
0.0791123735
0.0783200278
0.07757128935
0.07693155165000001
0.0767014261
0.07640105005
0.07612986005000001
0.07582086215
0.0756429272
0.07546271639999999
0.07512236339999999
0.0746956771
0.07425652704999999
0.07395897874999999
0.07354546539999998
0.07306906439999998
0.07241263294999999
0.07171616595
0.07103425159999999
0.0705169199
0.0700250695
0.06945357055
0.0688659453
0.06820622425000002
0.06747455255000002
0.06687506625000002
0.06613839570000002
0.06547864010000001
0.06473367415000002
0.06407639725
0.06356477555
0.06308187834999998
0.06263042644999998
0.06212850594999999
0.06169944684999999
0.061238094750000006
0.060959639550000014
0.060836930649999996
0.0606350318
0.060400084750000006
0.06005134860000001
0.0597350394
0.05949330845000002
0.05932959830000001
0.059112664700000005
0.0588192559
0.05856933565
0.058329305799999995
0.05813200635
0.05792180100000001
0.05774448145000001
0.05758278685000001
0.0572779363
0.0570099253
0.056652474749999994
0.05643444285
0.056107817049999995
0.05563177600000001
0.05528582655000001
0.0548972202
0.054550411099999994
0.054287624699999995
0.05388794305
0.0535575271
0.053217042199999995
0.052900356800000006
0.05262191780000001
0.052296146099999996
0.05195862020000001
0.051676569150000004
0.05136304145
0.05100945015
0.05078202099999999
0.05057922394999999
0.05054038104999999
0.0503928054
0.050293088099999994
0.050270206399999996
0.05019491764999999
0.050118940899999985
0.05008053199999999
0.0499976203
0.04992421199999999
0.04974548375
0.04954608895
0.04938917985
0.049211520950000004
0.049083526
0.048921319600000006
0.04871863190000001
0.0485145567
0.04842133380000001
0.04824786585
0.0480238401
0.047764357
0.04757712655
0.04739220345000001
0.04716743205
0.04687108360000001
0.046566001499999995
0.04625392995
0.045937285050000005
0.04569837720000001
0.04553442930000001
