0.4190272797599999
0.39223363096
0.3647074551199999
0.35675821824
0.35036937612
0.34078711788000005
0.33206808083999995
0.32641724216
0.32193453216
0.31870958631999996
0.31029217995999997
0.30308193691999996
0.29628615759999993
0.29146065079999994
0.28498572708
0.281256948
0.27785660551999997
0.27308547124
0.26945659412
0.2657978574
0.26585193424
0.26228629099999995
0.25673124127999997
0.25229987200000004
0.24743892816
0.24323358212000007
0.23932112716000006
0.23560951844000005
0.23232448328000005
0.22805869760000008
0.22514652648000003
0.22344230884000002
0.22155897436
0.22030210344
0.21761739000000002
0.21509992840000003
0.21288607004000004
0.21078103028
0.21099232419999997
0.20954538908
0.20870910927999997
0.20718729728
0.20636177968
0.20670029812
0.20557229403999996
0.20485611592000003
0.20386908704
0.20334351907999998
0.20253324524
0.20073898403999998
0.19935644700000002
0.19745362867999997
0.19586780836000003
0.19464370192000005
0.19340766780000002
0.19202791664000007
0.18981872564000007
0.18820581308
0.1868685678
0.18605958776
0.18543165788
0.1841154708
0.18307762723999998
0.18208160815999996
0.18052548004
0.1795896406
0.17836355476000001
0.17708724343999996
0.17605934040000001
0.17471496712
0.17368813723999998
0.17256578256000002
0.17165401080000003
0.17091761808
0.17005655224
0.16903505816
0.1679996054
0.16719923836
0.16656123095999997
0.16568737671999997
0.16471749872
0.16354864244
0.16236400448000002
0.16110148972000002
0.15984526756
0.15867921124
0.15783488296
0.15676429979999998
0.15568103964
0.15522573187999997
0.15430246835999997
0.15346582459999997
0.15277188631999997
0.15207124331999997
0.15142969511999999
0.15090627048
0.15032363187999997
0.14983925804
0.14933375667999998
0.14885763408
0.14834507352
0.14750666888000002
0.14693608480000003
0.14619186692000002
0.14544767532000005
0.14469884564000005
0.14416078804000004
0.14357390732
0.14285808348000004
0.14230215936000004
0.14158326880000005
0.14114462072000003
0.14060933016
0.13976463212
0.13902807595999997
0.13843459603999997
0.13777301152
0.13710944456
0.13642299271999997
0.13591617803999997
0.13526227136
0.13436482948
0.13366270807999997
0.13294960804000003
0.132178401
0.13141789676
0.13110171512000002
0.13053351448
0.12995151576
0.1297756006
0.12953401132
0.1293191794
0.12894161624
0.12875739084
0.12856722240000001
0.12824880504000002
0.12785642148
0.12746602428
0.12726126192
0.12695107824000001
0.1264826836
0.12594509692
0.12548525404
0.12508148096
0.12476689896
0.12430211671999998
0.12414233667999998
0.12346976191999998
0.12280768208
0.12218238032
0.12146565852
0.12062406212000003
0.11975899328
0.11916533732000004
