0.5167292793999999
0.49382529867999986
0.4700826650399999
0.4634204558799999
0.45753480392
0.44821761303999996
0.44088974144000004
0.43590969964000004
0.43104883808000005
0.42917615316
0.4194674172000001
0.41110535396000003
0.4029031645200001
0.3964253205600001
0.3883590500000001
0.38504836744000004
0.3814427385600001
0.37523281927999996
0.3704820634
0.36444297540000004
0.36630588308
0.36173740724000003
0.35477675404000003
0.3490353518399999
0.3424536128399999
0.33674683159999996
0.33195482231999995
0.32710383108
0.32337198424
0.31821858227999994
0.31462084815999997
0.31218839012
0.30919395764
0.3066271444
0.3021840478
0.29851541888
0.29459294448
0.29094233979999995
0.29079106484
0.28775288696000006
0.28534820284000006
0.2825174630400001
0.28079649536000006
0.28109232928
0.2790243658
0.27804872676000003
0.276666577
0.27521416008000005
0.27402966756
0.27133674799999996
0.26970919443999997
0.2671473826
0.26492891840000005
0.26313453952
0.26131785552
0.25949013604
0.2560995356
0.253504479
0.25176592103999995
0.25046397024
0.24880144628
0.24673147139999999
0.2450354492
0.24339517587999995
0.24192064012
0.24098956676
0.2390746382
0.23697456024000002
0.23575752151999996
0.23429419995999998
0.23296497500000002
0.23134476696000003
0.23015792012000003
0.22940947692
0.22833887952
0.22713467852000002
0.22542218928000002
0.22432098152000002
0.22287214972000002
0.22133100375999998
0.21967342004
0.21821375296000003
0.21657598684
0.21458560124
0.21276182288000003
0.21126605428000006
0.21031705928
0.20917180039999997
0.20790323276
0.20741750071999995
0.20600690279999995
0.20537258011999993
0.20505841411999995
0.20437945779999997
0.20423500024
0.20352279047999997
0.20298290736
0.20252941963999999
0.20197985935999996
0.2018818332
0.20125698827999997
0.20090127616
0.20065057944000003
0.20003549740000004
0.1995386966
0.19894228324
0.19803268532
0.19739541816
0.1965689898
0.19588094000000006
0.19523730760000002
0.19421701991999998
0.19337611083999998
0.19202259895999998
0.19062952592
0.19001973448000004
0.18933463012
0.18834079632
0.18723085136
0.18625671824
0.18566982012
0.18451213432
0.18332225424
0.1823276216
0.18122552072000006
0.18028655259999998
0.17960261596
0.17895576564
0.17839605612
0.17821070852
0.17747896252
0.17740258676
0.17703590124
0.1767869756
0.17682361792
0.1763946538
0.17640583535999999
0.17601692571999997
0.17586584779999995
0.17566690419999995
0.17505062699999996
0.17470423484
0.17425244680000002
0.17391827824
0.17327844280000004
0.17267647944
0.17230797128000003
0.17182857092000003
0.17103174148
0.17009699031999997
0.16929876171999997
0.16861680131999995
0.16751057195999997
0.16673189916000003
