0.5227759330333333
0.5021662267333332
0.48105096929999985
0.4738365604333332
0.46642236083333327
0.4572472548333332
0.45010414790000003
0.4446086933000001
0.43822799810000007
0.4353595839666667
0.4249846254
0.4153492435666667
0.40566286076666686
0.3978672639000001
0.38926755560000004
0.3840397963666667
0.37843015846666667
0.37083422383333337
0.3658306802333333
0.35958482106666667
0.3612440861333333
0.35733375816666657
0.3506002966666665
0.3453637890666666
0.3375786434333332
0.3327796426999999
0.32889915206666653
0.3257659325666665
0.32341849163333336
0.31920543463333334
0.3158703153
0.3129713889666667
0.3109703615
0.3097242681
0.3074692849666667
0.3049005698
0.30237047233333336
0.29952679703333346
0.2983810571333334
0.2957423337
0.2937996207
0.2919330843333333
0.2896212176666667
0.2896921031666667
0.2883218481666667
0.28807668563333333
0.2869749688333333
0.28633554956666657
0.2863288096999999
0.2846186026
0.2836724208333334
0.28169420109999993
0.2809385546333333
0.28067300766666664
0.27965818279999993
0.2783137379333333
0.27568271040000003
0.27391038703333337
0.2724135807666667
0.2710660959333334
0.2695352989
0.26778329063333334
0.2658699612666667
0.26363642243333335
0.26157325416666666
0.2596639194666667
0.2576568278666667
0.25617696030000003
0.2546009694666667
0.2533092965
0.2521636396333334
0.25059064056666663
0.24945352150000003
0.2479658601
0.2462728782
0.24416986946666663
0.24239765479999997
0.24047410446666664
0.23900086013333333
0.23767401896666662
0.23609166576666663
0.23459294313333326
0.23302960479999996
0.23105807216666666
0.22983706159999998
0.2285535844
0.22755866003333333
0.2261365198333333
0.22462440379999998
0.22399888093333328
0.22302363529999994
0.22220383053333326
0.22161234956666662
0.22072989933333326
0.22040200209999997
0.21998355483333326
0.21921340346666665
0.21858439179999994
0.2178811850333333
0.21661692433333327
0.21524420633333333
0.21422366363333328
0.2129802569333333
0.21212718353333326
0.21141386433333328
0.2109582514666666
0.2105367733333333
0.20999330099999997
0.20944091859999997
0.208740081
0.20795395033333328
0.20738086773333328
0.2069363208333333
0.20625074006666663
0.2056426717333333
0.20464754346666666
0.2036193515
0.20276127473333333
0.20173217726666667
0.20097662556666668
0.20007700286666671
0.1990630224666667
0.19798442786666667
0.19741038670000002
0.19625763250000003
0.19530757963333334
0.1945676068666667
0.19372779210000005
0.19268854536666663
0.19225951969999996
0.19226293113333331
0.19169983836666663
0.19121684526666663
0.19065601846666663
0.19010010529999996
0.18972120763333328
0.18902771319999997
0.18861084583333332
0.18794809180000002
0.1877114537
0.18738186696666667
0.18681315136666665
0.18600405420000002
0.18537636450000003
0.18471975176666666
0.18389389813333334
0.1834545126
0.18295197719999998
0.18225234809999996
