0.22617700673333332
0.1968849638
0.16793034963333336
0.16409985676666666
0.15962503859999996
0.1550816208
0.15104281636666667
0.14865762906666666
0.14671338639999998
0.14425090966666662
0.14042275740000001
0.1372532392666667
0.13454158573333333
0.13235571323333334
0.1293421683
0.1273173107
0.12513126973333333
0.12288973746666665
0.12041563703333333
0.11780716409999999
0.11604560759999999
0.1142934196
0.1126468515333333
0.11065142446666666
0.10862579556666668
0.10692990623333332
0.10517029600000001
0.10352620066666667
0.1021641792333333
0.10056175229999999
0.09900586503333333
0.09766955116666666
0.09652231353333332
0.09543617253333331
0.0942407464333333
0.09328056943333332
0.09237122109999998
0.0915079522333333
0.09067388669999997
0.0898030931
0.08888868700000001
0.08799833183333333
0.08714272286666666
0.08632422240000001
0.08551125066666668
0.08467570283333335
0.08394036033333334
0.08314536016666668
0.08236102120000002
0.08166366186666668
0.0809147355
0.08016899306666667
0.07947046496666668
0.07889027080000002
0.07826126250000001
0.07749795256666667
0.0767730266
0.07609175926666666
0.07551160096666669
0.07506763733333335
0.0746038281
0.07403254740000001
0.07341522573333333
0.07286137506666665
0.07240875516666664
0.07200858503333332
0.07153982369999999
0.0710374152
0.07055290213333333
0.07007999203333333
0.06962629236666666
0.06908804506666667
0.06859521973333334
0.06807919356666668
0.06762860053333335
0.06713288726666668
0.0666142603
0.06613118400000001
0.06564290383333335
0.06506631783333335
0.06449519123333335
0.06391906706666668
0.06342593806666669
0.06285611146666668
0.06236700073333334
0.06196124183333333
0.06156606523333333
0.06119526946666667
0.060799981833333336
0.06045812490000001
0.06012642003333334
0.059859180200000014
0.059670646300000005
0.05947769673333334
0.05923185460000001
0.05894582856666668
0.05870040450000001
0.05840584466666668
0.05817870453333334
0.05785159930000001
0.057534775633333333
0.057232014633333335
0.056861362
0.0565575464
0.05624754936666667
0.055951665533333333
0.055703229466666664
0.055366947199999995
0.055085995933333326
0.05480318846666666
0.05456792806666667
0.05430069903333334
0.053976789933333345
0.053693422333333345
0.05341617753333334
0.0531536238
0.052883345000000005
0.052598319700000014
0.052345121633333346
0.05213674353333334
0.05191714196666668
0.05171451626666668
0.051488629066666666
0.051266153933333336
0.05104564263333334
0.050842365900000006
0.05064645176666667
0.05046446433333332
0.05024303489999999
0.050065597933333324
0.04987108606666666
0.04970316829999999
0.049611289933333316
0.049450417699999985
0.049297118666666646
0.04912972086666665
0.048972484399999995
0.04883826823333332
0.048655996966666656
0.048501620066666654
0.04836832179999999
0.048228040033333336
0.04806948636666667
0.04787446286666667
0.04763859753333334
0.04743629156666666
0.04726500836666667
0.04707536846666667
0.046879838466666664
