0.4976989445333332
0.4771741564999999
0.45661682273333326
0.45022656853333326
0.4442269591
0.43591328986666666
0.42936963933333333
0.42477125306666674
0.41834257523333346
0.41524657586666675
0.40536183666666675
0.3970717524666668
0.38818042670000014
0.38129947786666685
0.37327630806666684
0.3690273113666668
0.36465972186666684
0.35859819216666666
0.35535935220000003
0.3505215841666667
0.35242811069999996
0.34918753166666666
0.3435074166666666
0.33959203783333325
0.33354955413333326
0.32927525183333334
0.32581006603333335
0.32254289990000007
0.3195654756333334
0.31476799566666663
0.31116146139999995
0.3074556418666666
0.30396511986666663
0.30146109753333333
0.2973938540333333
0.2935958247
0.2899151767
0.28642486906666664
0.2851886518
0.28216407123333337
0.27986094413333334
0.2773462539000001
0.2752493095000001
0.2749823556666667
0.27293306133333334
0.2719308701666667
0.2703625111333333
0.2686342203
0.26800802756666664
0.2659364230333333
0.26489467219999996
0.2625973271
0.2612101065
0.2598937563
0.25830581896666666
0.2563119598333333
0.2529082096
0.2504996961666667
0.24876779043333333
0.24717434763333335
0.2456576146
0.24364992146666664
0.24145171943333335
0.23932736569999996
0.2376151654
0.23620825426666667
0.23470234050000002
0.23305049680000003
0.23191331203333332
0.23069515609999997
0.22950249663333333
0.22765885470000002
0.2262232381666667
0.22537676269999998
0.22426496950000002
0.22319819353333337
0.22181930240000003
0.2209159968666667
0.21943630773333336
0.21784245843333333
0.21612522503333337
0.21475614600000004
0.21355579733333335
0.2122155502
0.2113022897
0.20999549503333334
0.20918417873333334
0.2081375235333333
0.2068142673
0.20621046549999997
0.20498594069999995
0.20462589813333326
0.20434621296666663
0.2037652602333333
0.20368485046666668
0.20307917436666661
0.20228927903333332
0.20163378759999998
0.20089844643333332
0.20026481706666666
0.19970453079999997
0.19899471576666666
0.19847802740000003
0.19751700780000003
0.1966340719666667
0.19576179800000001
0.19475886846666668
0.1942225673333333
0.1934130483
0.19285870890000004
0.19229022853333336
0.1916988211
0.19077835346666666
0.18958728279999998
0.1885764801
0.18803837180000002
0.1872421933
0.1862327464
0.18538873006666667
0.18451028419999999
0.1837156428
0.18280570286666664
0.1819890759333333
0.18124527706666665
0.18053887983333336
0.17988950933333334
0.1794124746
0.17879912890000002
0.17814323963333337
0.17770483973333337
0.17697210680000003
0.1767364935
0.17640715696666665
0.17616042996666664
0.17601367906666665
0.17546799469999996
0.1754381668666666
0.1748419667666666
0.17450034886666663
0.17411724416666663
0.17358565926666664
0.17305331093333334
0.1724725585666667
0.17188947183333336
0.17104384426666672
0.17007309413333335
0.16955959203333335
0.1688126740333333
0.16824884169999998
