0.39995299079999996
0.3757546804333333
0.35138646153333325
0.34344961653333334
0.3365717277333334
0.3276414387666667
0.3197125430666667
0.3145521960000001
0.30909305690000005
0.3054604478333333
0.29704825813333335
0.2904202135666667
0.28357653213333334
0.27899182863333327
0.2730376924
0.2694738287666666
0.26590206596666666
0.2611073889666667
0.2585761473
0.2556755384666667
0.2562576851666667
0.25391689063333334
0.2500749929
0.2467513094666667
0.24205473746666667
0.23838569640000004
0.2350952453333334
0.23209606090000004
0.22973618753333336
0.2259450726333334
0.22290211420000003
0.22039420073333335
0.2181886861
0.21664121693333332
0.21449028346666668
0.21239569923333335
0.2105080138666667
0.20863955053333336
0.20835820139999997
0.20685983153333334
0.2058064687
0.20424580056666666
0.2029890955
0.2028066899
0.20145981066666666
0.20084477913333337
0.1998896720333333
0.19935546546666666
0.19870450106666665
0.19702868716666666
0.19571430850000002
0.19384324406666667
0.19259297310000004
0.19185625796666672
0.19094581443333336
0.18980639036666672
0.18762183570000002
0.18612089683333333
0.18479080419999996
0.18358035849999998
0.18280379273333333
0.1817392511333333
0.1805613948333333
0.1792473815666666
0.17783447989999998
0.1766223253333333
0.17539453829999999
0.17406595476666661
0.17298778986666669
0.17186335916666667
0.17099389766666662
0.16999843733333334
0.16923523153333334
0.16872782249999999
0.16781901439999997
0.16684851826666666
0.16558908886666668
0.16467313653333335
0.1639044144666667
0.16297714756666667
0.16201580253333336
0.1609686334666667
0.1599196357666667
0.1588011974
0.15788547860000002
0.15686280146666667
0.1561978793
0.15530661073333332
0.15423874420000003
0.15358799246666666
0.15271951690000002
0.1520279359
0.1513593002666666
0.15071647009999994
0.15031558163333333
0.14987467789999995
0.1491158426
0.14863695986666664
0.14812302986666662
0.14731161696666667
0.14656834116666667
0.14572340773333334
0.1449853606666667
0.14415179156666666
0.14348946643333338
0.14273727760000005
0.1422986153666667
0.14179074049999998
0.14102048273333334
0.14053781893333336
0.1399922888
0.13947965310000002
0.13892756469999998
0.13819037176666665
0.13749669759999997
0.13685268606666665
0.13611043996666666
0.13543498506666665
0.1347817740333333
0.1342728365333333
0.13363436646666665
0.13309757863333332
0.13254884023333333
0.13197116243333334
0.1314099224
0.13089245600000002
0.13056716650000003
0.1299899702
0.1296230615
0.12942242233333334
0.12902891043333334
0.12871164323333337
0.12836750463333332
0.12802313143333335
0.12774525133333334
0.1274084678
0.12681338326666666
0.12632416793333331
0.12595441246666667
0.12561238343333334
0.12507561996666666
0.12475154426666665
0.12406858286666668
0.12343568183333334
0.1228280051
0.1221371891
0.12164693916666665
0.12096241123333333
0.12048427016666667
