0.5398882596
0.38496703160000006
0.22327316260000002
0.2097221104
0.1953190436
0.1906870156
0.18539538419999999
0.18696365539999998
0.1884456956
0.19114000420000002
0.1794792768
0.1720837202
0.1685799566
0.16971050940000001
0.1669407986
0.1648848202
0.16262591799999998
0.158478754
0.1546593976
0.15032338100000003
0.1490443296
0.1475019752
0.1462894704
0.14128926979999998
0.1363253566
0.1330783386
0.1287357536
0.12399709880000001
0.12077215779999999
0.11770164759999999
0.113315944
0.10991414699999999
0.1076368392
0.1054032882
0.10307427
0.10273383520000001
0.10265792160000001
0.1022673954
0.1022996566
0.10168755599999998
0.10084659660000002
0.099351903
0.09866886700000001
0.09807005220000001
0.0977307734
0.0972546016
0.0975988172
0.09702143839999999
0.0960741222
0.09523516979999999
0.0943501214
0.0927632336
0.0915655652
0.0903657984
0.087941097
0.08553409139999998
0.08373128459999998
0.081973776
0.0804041176
0.0797756124
0.0789641704
0.0781241666
0.0775506714
0.0768295732
0.07644835000000001
0.07638254059999999
0.07642058600000001
0.07607601920000001
0.0762016708
0.0759365014
0.07556869159999999
0.075004074
0.0746846908
0.07429084500000001
0.07464524060000001
0.0746887976
0.0749706136
0.0749720672
0.0752496198
0.0748207736
0.07384942380000001
0.07238743480000001
0.071293331
0.0700937794
0.06877934599999999
0.0681693446
0.0672884094
0.06591457479999999
0.0645027622
0.06382231939999998
0.06339271199999999
0.0631678244
0.06328380819999999
0.0629787356
0.062475771199999995
0.0620887846
0.06170991420000001
0.061422846399999995
0.061359419400000004
0.0612281524
0.06060826100000001
0.0601613654
0.0599004764
0.059673106600000005
0.05927154440000001
0.0588626214
0.058799454200000004
0.0587405916
0.058528865599999993
0.058624871
0.0586457274
0.0582694238
0.057909319400000006
0.0577570016
0.057326091
0.0571604138
0.05704709919999999
0.05676683579999999
0.056569051599999996
0.05646469759999999
0.0563091632
0.0562151702
0.05569499840000001
0.0551847824
0.0541942394
0.05362246699999999
0.052899575
0.0521559504
0.0516324706
0.051603852799999995
0.051109600399999996
0.0509886544
0.050933987599999994
0.0508438038
0.05060537899999999
0.050560196599999996
0.05038427160000001
0.050399648
0.050173424
0.0503028054
0.050159901800000004
0.0497652996
0.049638497999999996
0.0496671974
0.049649487000000006
0.04974152280000001
0.0500341268
0.05010869200000001
0.0500952454
0.0499180922
0.0498605068
0.0498067832
0.04955001
0.0490460682
0.04831397119999999
0.047794788
0.0472398742
0.047036904
0.0468767674
0.046992977199999994
0.04666140919999999
0.04660455100000001
0.0462958574
0.0460772794
0.0458323874
0.0459918022
0.0459176054
0.0457869568
0.0454842194
0.045124670199999994
0.0445677204
0.0439871096
0.0436737906
0.043699451
