0.7572571513999999
0.6744787396
0.5807798425999999
0.5696173926
0.5409801532
0.540808145
0.5486256832
0.5674358100000001
0.5669188998000001
0.5931512301999999
0.552678692
0.5205286391999999
0.49821619000000006
0.47943764260000005
0.46159703180000006
0.4216653548
0.4152390413999999
0.4102910628
0.4155307982
0.42016418059999994
0.4606407668
0.4620425784
0.445279633
0.43401796379999996
0.41328641
0.4036054881999999
0.3920826786
0.38430327740000003
0.3774966656
0.36935515920000006
0.3640850822
0.3621062666
0.3621261866
0.35596601860000004
0.354603492
0.3472323684
0.3400962572
0.33376081479999997
0.32475449459999994
0.31659906
0.3070097178
0.2990141286
0.2892443684
0.2872181406
0.2835006246
0.2848910934
0.2886606396
0.28888749980000006
0.2927294512
0.28812711480000003
0.2898541062
0.2914349418
0.2962734484
0.3023461792
0.3030471572
0.3021495238
0.2965161
0.29552985099999995
0.2953313244
0.2989382612
0.2982666092
0.2985007668
0.29346479979999995
0.2879067528
0.28424178440000003
0.2806266738
0.2774719292
0.2743273386
0.2726207708
0.27207614680000003
0.2726721074
0.2692654356
0.26953035979999995
0.26703837979999995
0.2612811512
0.25846550459999995
0.2569760332
0.2565055302
0.258794639
0.258364596
0.25770200880000005
0.25536599759999995
0.2541044428
0.2527896178
0.251494636
0.24947888960000003
0.2491195814
0.2472872964
0.2426683744
0.24198121059999997
0.23903833260000001
0.23774199019999998
0.23530679399999999
0.233694035
0.23465803840000002
0.2356249948
0.23507480539999998
0.23398670580000003
0.23281011460000003
0.22985763699999998
0.22470948640000002
0.220107521
0.2156538576
0.21324837999999996
0.20968799580000003
0.20999628239999998
0.2101477632
0.21183853219999998
0.21113791119999997
0.2113428518
0.2124735206
0.21316029900000003
0.21274593299999997
0.2141876076
0.21646555199999998
0.216299195
0.2169906044
0.22014227479999998
0.2193013476
0.2203999376
0.2207978498
0.2197994278
0.21713904739999998
0.2166017492
0.21194757179999998
0.20718890380000002
0.20513636639999996
0.20036189659999998
0.19828610559999998
0.198639277
0.19899375719999995
0.1979861792
0.19773212199999998
0.1971307904
0.19364529579999998
0.19197047559999997
0.19121232960000004
0.19349665119999998
0.19199684
0.1927583962
0.1926350794
0.19059120159999998
0.1876956564
0.1870762308
0.188469275
0.1888759514
0.1896526302
0.1914811936
0.1933706042
0.1920859792
0.1921813104
0.19282693420000002
0.1915992328
0.1882707012
0.18795889500000001
0.1889210128
0.18792975539999998
0.1852962156
0.1860909442
0.18568279059999998
0.18374341619999998
0.1819534282
0.18209612540000003
0.18088323040000004
0.1793133862
0.1779344316
0.1779249586
0.17785590140000002
0.17656647620000002
0.1748081846
0.17170726639999997
0.170439369
0.1693831944
0.1683321324
