0.6957823554
0.5941876784
0.4762325584
0.45102503839999997
0.4258824348
0.4143877328
0.40286557380000004
0.40588238800000004
0.39725508740000004
0.40783405159999997
0.3760048088
0.3532382538
0.3360318366
0.3266680012
0.3092368674
0.28758330140000005
0.28398094079999997
0.2829881274
0.28995752379999995
0.29685859
0.3213782004
0.326895708
0.3224023652
0.3188854404
0.3120349368
0.304581546
0.2933599278
0.28478149360000005
0.27690660800000005
0.2675834858
0.26191304320000003
0.25793485420000006
0.2552269652
0.24488568060000002
0.2392147554
0.230828649
0.22711159679999998
0.2200284048
0.2166477178
0.21329751900000002
0.2105582326
0.2061293682
0.20121697759999999
0.2041739132
0.2050639438
0.2082864398
0.21206988880000002
0.21679375100000003
0.21900849680000004
0.215133784
0.21414626779999998
0.2139658362
0.2145287732
0.2167947088
0.2153769478
0.21168005280000002
0.2051536602
0.20133724479999998
0.19833678440000002
0.1988547508
0.1988745534
0.19861773300000002
0.1979321518
0.19518758740000003
0.19343204380000004
0.1912932658
0.18953831699999998
0.1861256746
0.1833386488
0.1808973938
0.1807880952
0.179992597
0.17941519739999998
0.17956078019999996
0.1784772028
0.177503616
0.175791321
0.17621879680000002
0.17791903820000002
0.17863654759999997
0.17869875899999998
0.17663738599999998
0.1756963156
0.1744019862
0.1711842122
0.169664467
0.1698581528
0.1679802328
0.1650762486
0.16437947919999998
0.161785749
0.16054945599999998
0.15895951140000003
0.1576300372
0.15760531940000003
0.1575226998
0.15716171120000003
0.1571413352
0.1577788446
0.15663132520000003
0.1559158188
0.15353650619999998
0.1520426274
0.150620332
0.14942600179999999
0.1485073216
0.1480685886
0.14769779219999998
0.14729973580000003
0.1480865338
0.14778075260000004
0.148012861
0.1480181654
0.147027267
0.1453992954
0.1448047596
0.1448384924
0.14429637
0.143942604
0.1447450142
0.144716715
0.1430768962
0.142625469
0.14206939580000003
0.13958153140000001
0.1376846794
0.136807102
0.13523174
0.1339514148
0.133698422
0.13292943740000002
0.13298775200000001
0.13287490640000002
0.131832479
0.1317161168
0.1320373888
0.131154815
0.1305187374
0.13031907
0.1298398058
0.12894313620000003
0.12779758219999998
0.1270626876
0.12657568060000002
0.12605612900000002
0.125494842
0.1267613244
0.126979501
0.1270789344
0.1275675294
0.12826525219999999
0.12789442339999998
0.1272722488
0.12798079020000003
0.12765653100000002
0.12650340599999998
0.1256739624
0.1254969466
0.1243518344
0.123635396
0.12320678160000001
0.12159819220000001
0.12061488620000001
0.11942016520000001
0.11891890940000001
0.11804030179999998
0.118783781
0.116985227
0.11520668619999999
0.1131335358
0.111312551
0.10916995159999998
0.10842565779999999
0.1088672106
