β=0,A=1,B=2
0.9999999999999999
-0.22134042696102368
0.7310427393542586
0.9147241828452706
0.9799445079501096
0.9789352618391209
0.9928647958455598
0.9964882266872261
0.9836940859473663
0.897515918602053
0.5460354253879007
0.008119798802396707
0.07610841702821487
-0.04548164790007344
0.38983178492044834
0.5155440525817335
0.6032871780063638
0.7717609711894847
0.7362922018448311
0.7733079649566952
0.840776585691917
0.8574429011579513
0.043070209861456966
0.04435886150908146
0.03361371647826826
0.6763182560326824
0.760137688086904
0.5852215661152106
0.6214746383242391
0.6537333681643034
0.5956379397003166
0.32298406828064175
0.25132722859252477
0.6040737026578713
0.35265366453807295
0.01491873734495466
0.06506875305002072
0.3491113607947921
0.36730225324217086
0.5327968517666195
0.8474246920014895
0.8850909288003755
0.8365259784330947
0.4615420839575657
0.10226627200740186
0.09447122440443993
0.4496680554290955
0.7424658209393721
0.7475256253966174
0.46437535914762895
0.1391778478070648
0.12118160910214135
0.45647645089279104
0.5126625791584959
0.20311717339193272
 
β=0,A=1,B=3
1.0
0.6349973474386251
-0.07331768917742057
0.8414180708735028
0.8795539145247132
0.95622312825937
0.9733274113967141
0.9761997671560587
0.9481811001806306
0.8019942455333835
0.16135128160445933
-0.016880558620426155
0.11169507739488034
0.011114132281524946
0.09874616824494539
0.39896203855421786
0.36236090985538205
0.558710299773489
0.5449695298663747
0.6650334790697355
0.722608715460383
0.06599691876960831
-0.020171179628438906
0.058610248639003354
-0.017577548192708674
0.388444848979675
0.6456522665534661
0.5803887003128354
0.4059612355634556
0.4231462049673747
0.2571915682278413
0.1552531181960511
0.23956744938539365
-0.09261880642134333
-0.14529084251259727
0.008054467668827212
0.01344076113971925
0.10500391902519647
0.3437512783252284
0.3772766728759158
0.6553320269049189
0.8346281626713807
0.6715595413191773
0.2671461269287351
0.025068208737908423
0.019794746317987968
0.08408166899133149
0.4427533962831072
0.6967900878149508
0.14728385638287078
0.08031443968346068
0.020000932557602866
0.05597780008210566
0.1474944492358724
0.058564903219715886
 
β=0,A=1,B=4
0.9999999999999999
0.9579496292098332
0.07328777666648083
0.40637832891716197
0.7747736447912543
0.8939378014810838
0.9235279282898965
0.9449184869099633
0.9238429881975593
0.5089304067446011
-0.05879346573392033
0.2595620061206503
0.22932324545680874
0.0797792416172257
-0.014303875107227592
0.2954814005396217
0.3552198139217288
0.40194797783033454
0.5254475419811419
0.5399506632758833
0.2914116751040398
-0.005438583883363589
0.051960710073758444
0.08080392073845653
0.0726703672108969
-0.2937151879066111
0.3745098356874583
0.4862123363593255
0.35516316395965136
0.30458562161566016
0.16013544539120425
0.12960840065996265
0.01899348233984679
0.03422700699234515
0.0891655910721311
-0.006236613491204438
-0.015577052033767068
-0.03864745582965085
0.2532707038829924
0.34358548741039735
0.4866128098868821
0.7950181360362567
0.43017518676079347
0.029954234119070063
0.004294285046629209
0.004365701248723198
0.01711829387056956
0.108683796565957
-0.0029463920215126306
0.06592700803280407
0.04827005341846114
0.01408914518277621
0.0122153208986939
0.059602024646663046
-0.00202186337943274
 
β=0,A=1,B=5
0.9999999999999999
0.9973081307214376
0.6960377434480749
-0.12536403194584575
0.6618090239670033
0.7360210024238019
0.8812015158125859
0.9202628886781956
0.7686112033113559
0.03009348031534843
0.11388171531547674
0.2847298352417452
0.33519958154842894
0.402615613153152
0.03497409583843438
0.012115424015569047
0.35484815714562445
0.3124848462605818
0.47513013050112396
0.4416545672576303
0.08118500711776762
0.01714191050245166
0.11175879935833892
0.097732044561818
0.13978263048742015
0.2907489325981126
-0.17846375531307432
0.21497702230746132
0.24953177628104628
0.1394238162034929
0.11441271048299936
0.07269086355522972
-0.0014416738690778098
0.10611427705652537
0.1743713302392512
0.009724893282658503
0.022033971885131298
0.026628448237767378
-0.025066763236289452
0.27426525353814935
0.2993294518227593
0.3103249089550073
0.08743646259846341
0.003194374556978108
0.00262482103200399
-0.009420514040178497
-0.017869786565365687
0.044233351796107545
2.680317739825347e-5
0.0033827936582873385
0.007785302490021988
0.013321313360343517
-0.008209488739072249
-0.10350431579538485
0.004517526690800174
 
β=0,A=1,B=6
1.0
0.9998897735401053
0.9445353163025868
0.21267566438754595
0.18880833206736536
0.6463696803963175
0.7905507546364725
0.8164629082418027
0.2733638642418861
-0.010620391508508095
0.2473844909347119
0.2958296521592818
0.4574040306569022
0.426381708992416
0.36846298989675047
-0.010864120990953121
0.0742377325070575
0.23926839985575704
0.4013774596002059
0.2928499880540653
-0.05771714095547662
0.10855883330354997
0.23916240392397473
0.18465053245433616
0.28045745000480915
0.3128758720294917
0.16602156085260533
-0.004785766218716011
0.12214830195977426
0.0684755904584385
0.0827789844490464
0.03492994504077174
0.013418783349425605
0.2696113828236713
0.3195442107289972
0.10557843328216884
0.06260969298591962
0.041093189586183645
0.00933079485931013
0.096248258830177
0.20429493686838207
0.11844678367453348
0.022548209098571782
0.0010327826032212608
-0.0067240439993489455
0.0446247877735223
0.05150612421573495
-0.17282460913714662
0.001759562126881132
0.00025246302284193404
0.0007648581978474633
-0.0020682296737457835
0.015346775661605834
0.20341331117590883
0.29220775156683587
 
β=0,A=1,B=7
1.0
0.9999968726951864
0.993246708469632
0.7207007545877576
-0.09400096206123935
0.511042555060047
0.58764470110278
0.4556829561756166
0.05884664141408611
0.0950241633162316
0.3068942096352277
0.4030755892246234
0.6165814481104016
0.6125327623896307
0.44615247855364754
0.23943676209432924
-0.027874705631005813
0.18151784324051976
0.09314250896703692
-0.14386184423157874
0.0940349466390876
0.21925030425083986
0.24082024216337988
0.3169141328393711
0.45561935972976725
0.409591207307228
0.315317201850412
0.002624560605633482
0.07663657896312082
0.04514521163861306
0.012881684445610688
-0.04141008481932505
0.25432735876340085
0.519690099273059
0.5317748960261331
0.8790944191634071
0.28148410249644107
0.05863289080876251
0.034657485987182324
-0.002436271798856616
0.18487377435124056
-0.10941514657196602
-0.032041047710129625
-0.0008929299099251551
0.0289468791244719
0.09252476072410763
0.2168115358514734
0.6831471939727668
0.1710833415907877
-0.004665026011883446
0.00021470975004257654
0.000783738761036996
0.06797558243218475
0.36681535845966856
0.5080828166087201
 
β=0,A=1,B=8
0.9999999999999999
0.9999999349944851
0.9994053454342314
0.9365523434330865
0.2975550232341221
0.030605261904639563
0.41847802648743426
0.2713283073996707
-0.04637691659458848
0.33985894950933115
0.40561800288629823
0.6564507524630494
0.7063211874905053
0.8700320639054835
0.728928046407981
0.368300051605638
0.08316606204602604
-0.056149287886292136
-0.02375612945889338
0.09620683924535246
0.1484611414251338
0.29864712059626053
0.24621496816370322
0.4794242345666219
0.4702319124556978
0.5352286264864919
0.5631949454575453
0.16011356002647995
-0.10220171001321567
0.014942021725120835
0.0011312313605637697
0.10204377534100935
0.512996108524704
0.5644461305022175
0.8244368349419275
0.882687333643102
0.6630705895054384
0.12562870916897537
0.044913547897752454
0.004106368247349298
-0.3428168924574237
0.1510451769197321
0.08350219549667609
0.002016493732864551
0.0832100361003842
0.10573520191157966
0.49124869798369336
0.7103931279744331
0.5448861771587342
0.14732236202427107
-0.002884230427138634
0.014250290485464619
0.22072675292439292
0.7092943450669259
0.8889055987891648
 
β=0,A=1,B=9
1.0
0.9999999989680831
0.9999603258629994
0.9895143573226153
0.7336287817762767
-0.01718005039865253
0.3555098587800712
-0.1294323771228134
0.26446857278930647
0.5950269298227888
0.7079222182822843
0.8428884388633744
0.8800662033104111
0.9187048291561265
0.9993416446967739
0.6878462742163597
0.18911251039257465
0.023356165203667442
0.026489303991184585
0.21939515204000887
0.3843529430690709
0.4072957072755267
0.4938894070428685
0.7102268609964298
0.6828158517166049
0.6435501264556067
0.6191552604062293
0.7577022845988206
0.2198973750373229
0.005332753657982072
-0.01008358895034505
0.3968101333910197
0.5504192604094555
0.676631953302109
0.9147847505481732
0.9084742333479983
0.8791830970009964
0.38180948073767695
0.05538337556172042
0.16370050386594062
0.6458902091770974
0.2617527127485041
0.21823713453201266
0.04666165425224758
0.14351861138634583
0.3001997675955553
0.7873398038772855
0.8171492543351205
0.724170645921432
0.3095284519835021
0.0674428906559123
0.12743395687593898
0.5103554200877704
0.849010986068316
0.9385225263040404
 
β=0,A=1,B=10
1.0
0.9999999999871299
0.9999979485146684
0.9987103009263981
0.9346306515478756
0.3568840410587293
-0.589023042166
0.25389199592806583
0.9841020801311519
0.7999190021983024
0.9961915176725413
0.9372491214661499
0.9900623488040027
0.9746204612431256
0.9998472736695294
0.943917202984376
0.5083913159795651
0.15689396918787632
0.17201019048152671
0.7049366834857042
0.9521488239748737
0.6418347803280187
0.9847813098351924
0.8551695247564667
0.9801732592216927
0.8641100873288365
0.7940593050867264
0.8715830646630138
0.5894572990539092
-0.06157381206622902
0.39909710461974013
0.9992122917356241
0.7492750932430496
0.8702239218926919
0.9976419409715344
0.9659693065918566
0.9735955697153936
0.8781042882509364
0.2589142391609809
0.48670388019700334
0.8038040645331298
0.5572533924111476
0.6049378227851798
0.957436889898533
0.38033379008663526
0.8669496688122312
0.943559946621767
0.9509663655413947
0.9620802019419379
0.6238776316942259
0.2647874458232068
0.3845710408319248
0.7615960914054068
0.9345638112928085
0.9906807247311009
 
β=1,A=1,B=2
0.9999999999999998
-0.3021394663272539
0.7332916129377328
0.9149599255298587
0.9799718719478888
0.9789341525693869
0.99286622055808
0.9964892828071581
0.9836845856932146
0.8970148110810523
0.5376791322733309
-0.015612423207078762
0.07531812375243738
-0.06561103272250356
0.39740843513066404
0.5159295793337705
0.6026662070192161
0.7720604645994694
0.7366423286207451
0.7737749757556982
0.8403511434769917
0.8549423656564835
0.013155216919164407
0.04431551694466796
0.0073873606407964705
0.6721953996089374
0.7597033843134199
0.5852497355335619
0.6232217715812357
0.6575208755886478
0.6024780495102097
0.32566764330323233
0.2515391262856211
0.6023614351850539
0.34017528335188657
0.014934316639972947
0.06169007349398291
0.35365097004439616
0.36734123234744526
0.530794645317729
0.8481848946684518
0.8851966272124069
0.836218834798513
0.4542328985331799
0.09883992167818789
0.09181799205982341
0.44329013792452976
0.7423737842223971
0.747602453984421
0.4605430645137686
0.1438247423178162
0.1319356913280791
0.47073896128876175
0.5238986590306965
0.201367006294714
 
β=1,A=1,B=3
0.9999999999999999
0.6239450287378375
-0.13287449379434893
0.8423333561717138
0.879454701717327
0.956233136752119
0.973347010847529
0.9762206551141547
0.948107508414936
0.800226481087727
0.13897408346741985
-0.025473051327802865
0.1100685518196445
0.004934503223860753
0.08514565445398453
0.3995987625844671
0.3624212672282379
0.5583063980678777
0.5449852316082519
0.6644916902999154
0.7246138687690272
0.05002853237937486
-0.023491070683429295
0.058566223125533945
-0.029261922372225475
0.37347942014731206
0.6454491109989456
0.5804091662574778
0.40571689816297035
0.424951190235253
0.25506017318006463
0.15520776884501453
0.23920795069202114
-0.08215310239761482
-0.1337350102547518
0.008038320075555013
0.013187228987638824
0.09915786400637532
0.34372471616306915
0.37712934640267165
0.653213954016433
0.834614181495304
0.6696816213890499
0.258874643228938
0.02308509609438325
0.019371768383513604
0.08064521149252864
0.4411849026690758
0.6966571198320289
0.14265874366614367
0.08102387540786976
0.01998382019265126
0.05513890232188803
0.1485044603770748
0.05836715208811164
 
β=1,A=1,B=4
0.9999999999999997
0.9576855195487355
0.023202029083622015
0.39699097031800956
0.7751119637291755
0.894117337402231
0.9236225937633119
0.944932441832175
0.9237053968373571
0.49779520226448487
-0.088110061568069
0.25955681410019704
0.23087685166261143
0.07596545338973204
-0.03348847770737941
0.29375156221556875
0.3552133134887277
0.40160690574202335
0.5254379924786029
0.5410063256517672
0.2819176295614927
-0.017924785140121535
0.05153416976661666
0.08075755238867943
0.07576397557335672
-0.3064249956900051
0.3791323739070298
0.4859362653676192
0.3554606085615224
0.3036082443707538
0.15982304941242467
0.12969748892042232
0.01556828053445751
0.023540010585692727
0.08587414732915866
-0.007854179712944886
-0.015171747999948006
-0.04447104829505654
0.25092768014574884
0.3437744144396653
0.483840369586646
0.7950223983325857
0.4231672710629387
0.025199229372180578
0.003939067649743926
0.004270742858509409
0.015982475989733035
0.10755387096384676
-0.003347153169779366
0.06903746491499384
0.04773096779757696
0.014090493677449356
0.012195249063060775
0.059456975740984276
-0.004765660827369218
 
β=1,A=1,B=5
1.0000000000000002
0.99730601299744
0.6883821803180578
-0.18665554253311406
0.6645869461618916
0.7362591015697368
0.8812974794069868
0.9202427257337422
0.7666446036343133
0.0006279816050308254
0.10606995605411267
0.2847306792399759
0.33479022215179355
0.4017000411330106
0.026240596066543387
-0.0004479068248506255
0.35481989682919274
0.31231851137607797
0.474876808453088
0.4400231558073223
0.06820077742765115
0.009641941942677708
0.11155878536164056
0.09794276796379377
0.13804692145124883
0.28916472396852827
-0.20236994793518742
0.2263539155565773
0.2521832469072715
0.1391255422891953
0.11435451218233285
0.07095065791588874
-0.008206003930522236
0.10087134433879379
0.17249559004001874
0.007510644883001293
0.021407590351137328
0.025997836871696926
-0.03589954251418541
0.2762645176230769
0.30218952128663196
0.3104408341635932
0.08105859231469706
0.002446214347707952
0.0025663409643172062
-0.008750656045529197
-0.021335537001633556
0.04424864621022853
5.3740645587585734e-5
0.002778876578251148
0.008800412709163008
0.013360234233700178
-0.007901325322521222
-0.10203353790132126
0.005304778801763426
 
β=1,A=1,B=6
0.9999999999999998
0.9998897653949412
0.944141619693047
0.17801119422962033
0.16686137753550087
0.6462588513294784
0.7901679978730287
0.8173531461967044
0.256933783294105
-0.030798193195120144
0.2466110293233128
0.2960063612800361
0.45698599357725217
0.4256644162318126
0.3670646916835713
-0.026453819780060145
0.07590966340940207
0.23954328512474374
0.4000062222875862
0.2850979590678333
-0.07147205418456319
0.10687804618601038
0.23919736899968802
0.1860844920412393
0.2808653900920095
0.31211735785966704
0.1591740223479034
-0.020223727188593096
0.12268373559542053
0.0684168959285618
0.08276668070146623
0.031816507313014795
0.0018965501511056765
0.2723530673947064
0.3221006270303593
0.10473002009137115
0.06550421772147047
0.0410390657297631
0.00578771171370785
0.0902058879635364
0.20341815406167374
0.11710664799854263
0.02055595343149753
0.0005748655038897241
-0.0071273626168819396
0.046032556847251174
0.06187207748014105
-0.17278838413502065
0.0011213721579115944
0.0001924647528824144
0.00041746188958094726
-0.002268329600217298
0.010574339133911826
0.19950104909567942
0.29219381948427503
 
β=1,A=1,B=7
0.9999999999999998
0.9999968726765132
0.9932375915966241
0.7147023755737948
-0.14758178207910308
0.5128057174561627
0.5903860258962315
0.4511518084148939
0.0407890205738321
0.08232027965855704
0.3074202862524654
0.40195055260438245
0.6170236994176258
0.6136345892437896
0.44366352346194826
0.23560523904890737
-0.046685101604563545
0.18403593517576203
0.10449880051309586
-0.1499509659433176
0.08931970428819963
0.2190133165057313
0.24081338444291225
0.3159832738460865
0.4555601271434924
0.41028610809414545
0.31100317876944955
-0.014404536849532067
0.07645412145115277
0.04476900981512286
0.012738893265439208
-0.049464671007620926
0.248511078738517
0.5197721784486613
0.5301339723260153
0.8791368053217191
0.269374659152906
0.058259461796283656
0.03410989211312459
-0.013514014001396062
0.18389569083162885
-0.11508033804486066
-0.02842680355870967
-0.001244132391423821
0.026654995872423166
0.09240938969727545
0.20895016489957086
0.6829742112121207
0.16174174079397796
-0.005498854889326696
-0.00010287051502416071
-0.0002683086696752013
0.061806788892909394
0.3618531155097935
0.5080086912885183
 
β=1,A=1,B=8
0.9999999999999997
0.9999999349944556
0.9994052324215231
0.9361090302096584
0.27230704853927257
0.004101054487531011
0.4184029674000655
0.2671450945962121
-0.07815872246338179
0.3466033773900215
0.408465390387156
0.6588004225060137
0.7070909949744968
0.8703566960180171
0.7292736251608634
0.36292058054817206
0.07470910110280604
-0.059337439714758126
-0.031946582070423675
0.09493449885824526
0.14567118893318004
0.29887623202649694
0.24627032834803764
0.4784184717757294
0.4699459552155235
0.5349161649464682
0.563479268856842
0.15676946981156062
-0.10574682000017951
0.015362262701953134
-0.000889768754779163
0.08903065692702006
0.5128977853967186
0.5643866368222378
0.8238882179104726
0.8826631529646517
0.6586669762484266
0.12004429292589903
0.04469118954049623
0.013840749707278598
-0.3432714108870996
0.15551661433209651
0.07895444269546624
0.0015326388892794498
0.08310908120347749
0.10605751404581437
0.48530508174473325
0.710086510054929
0.5424170083447166
0.13852047183863964
-0.0035503702487144073
0.011961281493862115
0.21280954263754592
0.7065578993789777
0.8887600489975309
 
β=1,A=1,B=9
0.9999999999999999
0.9999999989680894
0.9999603249459134
0.9894952713951248
0.7280982581444763
-0.06438757107684541
0.3555693145636915
-0.15489081158854012
0.27597970436537794
0.5974160717450109
0.7089787905142453
0.8435388882210942
0.8805431029050105
0.918819105554129
0.9993414478851315
0.6829664573831155
0.17963497425684907
0.021892797181736087
0.023095895899949294
0.21401566231363978
0.3893689724197531
0.40763868976459977
0.4928677759727344
0.7111118670339639
0.6840936132434544
0.6445017367293627
0.6190881658180457
0.7574421909264576
0.1995545228805626
0.004830127035874342
-0.021332548072428376
0.39802931989606877
0.5505069512597135
0.6754950726427024
0.9146649443501954
0.9085636315407204
0.8801477355996393
0.3707359118207917
0.054154278249662395
0.1544215076732038
0.6458491822412492
0.25974189144840965
0.22657139582998434
0.04986778069830787
0.1435799716029443
0.29433474551385264
0.7898308292587748
0.8180412781715731
0.7223778252780986
0.3015895789699621
0.06646256273180902
0.12284604322484907
0.5048075034379637
0.8483581311865376
0.9385865683830455
 
β=1,A=1,B=10
0.9999999999999997
0.9999999999871125
0.9999979485146787
0.9987103009263832
0.9346306515478665
0.35688404105873495
-0.5890230421660068
0.2538919959280696
0.9841020801311559
0.799919002198318
0.9961915176725624
0.937249121466139
0.9900623488039793
0.9746204612431121
0.9998472736695511
0.9439172029843665
0.5083913159795621
0.15689396918787554
0.17201019048152277
0.7049366834857125
0.9521488239748598
0.6418347803280173
0.9847813098352011
0.8551695247564857
0.9801732592216792
0.8641100873288209
0.7940593050867075
0.8715830646630137
0.5894572990539118
-0.061573812066230325
0.39909710461973835
0.9992122917356334
0.7492750932430571
0.8702239218926828
0.9976419409715112
0.965969306591833
0.9735955697154036
0.8781042882509297
0.2589142391609792
0.4867038801969941
0.8038040645331403
0.5572533924111523
0.6049378227851822
0.9574368898985439
0.380333790086632
0.8669496688122195
0.9435599466217496
0.9509663655414041
0.9620802019419249
0.6238776316942307
0.26478744582320995
0.38457104083191823
0.7615960914053983
0.9345638112927935
0.9906807247311136
 
β=3,A=1,B=2
1.0000000000000007
0.4219741751137883
0.33558596897684756
0.3297479690405687
0.061852794411105
-0.20718854880419296
0.033787874481862726
-0.012720778157428687
0.02039873245365598
0.06825798105906224
0.1898646293488464
0.20101775320395363
-0.18804316417723305
0.1763718021025892
0.008267034027788384
-0.11068729969735269
0.016915489572254156
2904818
0.7378158692231226
0.7725256731617762
0.8407946772357142
0.8474732957097677
-0.037901535754117095
0.044271093804641566
-0.06283399628403154
0.6579054521067957
0.7595574893305358
0.58530715655469
0.624675816755686
0.6640221392925824
0.6154668262249098
0.31404880176677463
0.24627477525961192
0.6035665414940252
0.33133120416903383
0.01255695956701437
0.0206191950659322
0.3635487808639133
0.3624302051734415
0.53216479166858
0.8496360560316341
0.8855062322898855
0.8349904020952837
0.4261008890987389
0.08330542667017532
0.08837876083220214
0.4261363035508679
0.7376973944557959
0.7403101937233812
0.45697130833527505
0.15291634025375733
0.14736599201045025
0.49363716173738736
0.5466823954956028
0.17206141690197888
 
β=3,A=1,B=3
0.9999999999999976
0.6000180985463301
-0.21677242946911518
0.8439448138097042
0.8797666374795923
0.9562333127632069
0.9733838791942441
0.9763079155722829
0.9474184673271313
0.7904923438704115
0.0786558194645023
-0.03379242793878751
0.0850756367533303
-0.03504412564102457
0.0516008324456104
0.40191963671652553
0.3629282816278258
0.5582941531449681
0.5436840232983221
0.665399504061655
0.7242196821577527
0.012622358447325743
-0.03368126325922877
0.05822140052163578
-0.07058977448399839
0.33589695147444887
0.6454874265578578
0.5803925790623414
0.4064584114299073
0.4257775610687558
0.24553383989660973
0.15313864773169988
0.22407268907372555
-0.0766027140054906
-0.11527331159761389
-0.013133038354760061
0.002106107962996538
0.08779723517748063
0.34362702594396755
0.3774458588007514
0.6510018130505075
0.8343332369700748
0.6614095336419241
0.2278142299964879
0.010421196741379386
0.019477570749706397
0.06171893578032792
0.4178743262476764
0.6992337900717125
0.14268699583166441
0.07979824692880953
0.02084159860937126
0.055113360761557706
0.13352183475706558
0.044744016552506906
 
β=3,A=1,B=4
0.999999999999998
0.9565701488519829
-0.0730734333787008
0.3935826259835667
0.772884784346801
0.8941525271334306
0.9238123524898064
0.9446643890684764
0.9219298454531467
0.4607786071539604
-0.1491320564961911
0.26338164923094043
0.2282241239846693
0.05080892070411407
-0.09036842099951932
0.29207800251109955
0.3538195424333087
0.40185192963497185
0.5255375033784647
0.5425846561225685
0.25166073876360917
-0.06512521990236347
0.04930043227879357
0.07953977808741111
0.071481785282117
-0.3522195349721725
0.3855833137269274
0.48611129621861043
0.3541993252200446
0.3036015171089147
0.15563002507072005
0.12231178855325726
-0.010330462372988876
-0.010708770865331316
0.07510369991676634
-0.029493217412124996
-0.018768372706815684
-0.06412992645707832
0.2537198856591439
0.3399294399142494
0.48185932527359204
0.7949084753074657
0.3976897896917314
0.00011437125196618063
-0.004402376227048139
0.004412637932993214
0.0006145922053158038
0.0690461228169775
-6.391359236317569e-5
0.07262814353883007
0.04858953975397084
0.013966597861407476
0.012206352237002732
0.05773846261500295
-0.04453285752585314
 
β=3,A=1,B=5
0.9999999999999977
0.997283599891663
0.6671009561265608
-0.28767062349119876
0.6729392483247024
0.7379839278638882
0.8811523280818583
0.9203715119142882
0.7565169966090156
-0.07294394347907818
0.09609775923299775
0.28186876221597557
0.33515668053084474
0.3922285004598235
-0.01914506999966176
-0.02468332205259863
0.3528569017289399
0.3128556553615484
0.4751302005495351
0.43260218332247474
0.025358865224270954
-0.021087114933001694
0.11192625852451875
0.09021155044299033
0.13982019868864398
0.2714817335140435
-0.2673211974301595
0.2512778970993437
0.2602822009789632
0.1357542459405502
0.1105761994748088
0.056829952644094975
-0.036245608169299275
0.0852692329557844
0.16541823312537143
-0.010241061955250626
0.020916267741742465
0.010309765578133954
-0.0573657418564156
0.2825774528418954
0.31198120821888753
0.3094716168354339
0.052396713133548704
-0.007388734832564824
-0.0014000191249003647
-0.010402034579586363
-0.047560631013209904
0.03362938234388063
-0.006365152723882198
-0.008433585172530433
0.011549034538581806
0.013542240179747459
-0.007686513885113485
-0.10917250550893759
-0.011054426315242566
 
β=3,A=1,B=6
0.9999999999999979
0.9998895110585058
0.9423130661112948
0.10122527635053628
0.14419762189911617
0.6414038811710583
0.7906708430330727
0.8175727520770316
0.20714616678301273
-0.0809530977213621
0.24937295040360655
0.29527719619524667
0.4576367204297864
0.41884896443320513
0.35032504235847983
-0.08474293376983455
0.08698444655945049
0.23314249423341793
0.4013787586131875
0.25947820633101765
-0.12108752978715641
0.10191426682418817
0.239043290096797
0.18850707680535767
0.280796489006416
0.3004046466848309
0.126324291664068
-0.05306420823993981
0.11816722876882212
0.06317824768410092
0.07965911328965294
0.012159292518443072
-0.033063473666674205
0.28664432416981467
0.3277031907683595
0.10507259199788674
0.05348063973169689
0.03422566236979159
-0.012010512913117388
0.08626482436298469
0.18947345821758016
0.10394934995122275
0.007397598368661914
-0.007142581106389378
-0.01244259759457376
0.054932635824085266
0.08122888100352672
-0.17871616335594356
-0.027423637130079274
-0.005183910323116984
-0.0036085157306075767
-0.002784202926317536
-0.01175033792468302
0.17792059460398543
0.2901693137121887
 
β=3,A=1,B=7
0.9999999999999982
0.9999968704782636
0.9931524166285046
0.6953651003400729
-0.24850964229356792
0.525974273492912
0.5960763285094537
0.4293258907996411
-0.02056121750633864
0.0639778236022063
0.303849414187871
0.40364920203289967
0.6176499626130417
0.6166241843801643
0.42502014882338374
0.20760324720756493
-0.08691870801151669
0.19499810355916544
0.11874156819830849
-0.19328262577081426
0.06479317245878535
0.21868786858774564
0.23983028975305362
0.3162356282217618
0.45340917237108
0.40810555164235407
0.28487742668998295
-0.06127578822483715
0.07682181488202286
0.03199246118695624
0.004178967732528869
-0.07907260127414488
0.24855591637165436
0.5145105867264751
0.5289575979988942
0.879162924882443
0.24397771533470922
0.04720157700209721
0.023802026275335272
-0.031781791492282864
0.16867638434833662
-0.15412227103519457
-0.026046800551680484
-0.006014678553165239
0.025945395823978732
0.08708225863218202
0.20561353275747443
0.6801295077932121
0.12354950093081576
-0.02323901599391834
-0.0048541580556815825
-0.003468450374979012
0.031611171586779924
0.3353045481970827
0.5093100426686098
 
β=3,A=1,B=8
0.9999999999999977
0.9999999349818796
0.9994029560181183
0.9340001897943709
0.21114479339723358
-0.030997949461202448
0.4034048428469026
0.23530513503626307
-0.14920252548408872
0.3630686138708333
0.4149266108663967
0.6602257326280042
0.7076163432459904
0.8709859586075567
0.7302854005834714
0.33689615298057995
0.03928455414826082
-0.06338621192333727
-0.08738538588756652
0.0706518835687065
0.13259593565267286
0.2997793007646124
0.24685052084740733
0.47812948658224874
0.4661667956716614
0.5348899060844263
0.5546652091063199
0.13973199279164827
-0.10373000862930093
0.0013759606483925337
-0.022929087362152538
0.06260757376567544
0.5140143533191719
0.5644916339132421
0.8231533300307153
0.881978173280267
0.6529306684616647
0.09895753909356461
0.03573438767267443
0.02046971162294483
-0.34790416042456823
0.1244587711869248
0.08476176252741434
-0.0021152702994433554
0.08473730740220381
0.10790309101299206
0.4811559466091123
0.7068989054600379
0.5287082931570759
0.10289639856898694
-0.008815324016768123
0.004539125507535726
0.18142371767823526
0.6913468909274169
0.8891971078330845
 
β=3,A=1,B=9
0.9999999999999978
0.9999999989680085
0.9999602672457644
0.989324222564052
0.7091045792321549
-0.14942309267633624
0.3566062717818845
-0.26048893306234505
0.29925462987720614
0.5967148945505543
0.7094540103837
0.8442760433469586
0.88080055590871
0.9187564973883806
0.9993311968888325
0.6689485489870526
0.14013435948515682
0.017972775951190522
-0.01087977115853191
0.16478533886499452
0.4040739504378803
0.40723586904891174
0.49267146523239924
0.7125412286261409
0.6878071403562054
0.6399776449892779
0.6176300285725421
0.7543095299901723
0.1726784212213284
0.006868125674511436
-0.08311511711555387
0.400760405255369
0.5452103800840713
0.6765645451710052
0.9143810572703872
0.9089486832575432
0.88248899939084
0.3433347234931332
0.036083988293510255
0.15398262106888821
0.6450310581926347
0.262395498527674
0.20949396210333282
0.059501543433853055
0.13920402256721745
0.2941255653151101
0.7942886192407523
0.8210189844111394
0.7137754224834005
0.26814412490709083
0.06104255926724359
0.11056764122480385
0.48406734010223407
0.8430163734104472
0.9381721220737096
 
β=3,A=1,B=10
0.9999999999999977
0.9999999999871104
0.9999979485146779
0.9987103009263822
0.9346306515478672
0.3568840410587362
-0.5890230421660043
0.2538919959280665
0.984102080131154
0.7999190021983158
0.9961915176725629
0.937249121466137
0.9900623488039793
0.9746204612431131
0.9998472736695511
0.9439172029843674
0.508391315979566
0.15689396918787712
0.17201019048151886
0.7049366834857063
0.9521488239748618
0.6418347803280172
0.9847813098351987
0.8551695247564833
0.9801732592216773
0.864110087328824
0.7940593050867075
0.8715830646630129
0.589457299053917
-0.06157381206623178
0.3990971046197228
0.999212291735633
0.7492750932430603
0.8702239218926822
0.9976419409715106
0.965969306591831
0.9735955697154013
0.878104288250936
0.25891423916098216
0.486703880196988
0.8038040645331387
0.5572533924111566
0.6049378227851678
0.9574368898985492
0.38033379008664403
0.8669496688122141
0.9435599466217476
0.9509663655414012
0.9620802019419253
0.6238776316942362
0.26478744582320957
0.3845710408319099
0.7615960914053903
0.9345638112927871
0.9906807247311118
 
β=5,A=1,B=2
0.9999999999999988
-0.46327425764155855
0.7395954337184252
0.9133948675483208
0.9798710713521666
0.9789291816633435
0.9928380476594527
0.9964705948160959
0.9835751418974272
0.890973595391475
0.4949691308830683
-0.054540755168940615
0.03814398953304934
-0.19807336158480376
0.41908635673559286
0.5073368390356224
0.6033496584803074
0.7720514482069847
0.7382438113616536
0.769334302724155
0.8404769843628169
0.8442571289475272
-0.04085035056864247
0.04218567792489911
-0.10358352099165993
0.6508480111185212
0.7572620773021025
0.5837187667307834
0.62561408742958
0.6631789942516774
0.6183000841002328
0.3015876275640286
0.2353191663253879
0.6041862630057303
0.33690682197157606
-0.003495990853447917
-0.021383687477683825
0.36557832497910864
0.34997496934696
0.5362045389469539
0.8494956853854827
0.8853692971703783
0.8344603327715596
0.41179158688493944
0.07424824792446544
0.08739002373946314
0.41517105965328766
0.7299158468530865
0.7298123442109267
0.4562382312668286
0.1475438456457969
0.15496030774624678
0.4935990455586489
0.5512684014401403
0.1587203464056908
 
β=5,A=1,B=3
0.9999999999999982
0.592738026202597
-0.2267573685906277
0.844255406055368
0.8802159040759185
0.9562282521514643
0.9734796267581429
0.976422086657584
0.946904094715763
0.7844087941404406
0.05781891926925461
-0.03088219845938224
0.05997931074808396
-0.06201301103844151
0.04824838856740305
0.401708036079049
0.3622260655783187
0.5588751011749653
0.543132865055203
0.6660957310411157
0.7197624560707019
0.00044452037071186675
-0.031640778905816486
0.054934765479747155
-0.10340466832304043
0.31923071624411714
0.6444424825303626
0.5795240300106417
0.4066098242226592
0.4270219355074801
0.24200078277689546
0.14854239724988721
0.20593497203094963
-0.08345202369540704
-0.11318687566930043
-0.04837382094402004
-0.016348419394370418
0.0864004252212597
0.33924060525857697
0.3746326399767321
0.6520790345434139
0.8344892648550128
0.6582509244197878
0.2112904606151589
0.0024719387962620016
0.01902220661590617
0.04634534502686491
0.39151554882147954
0.698049734113085
0.14051593083269814
0.08079767777722756
0.018563427303980574
0.06122059936919448
0.1289817132154252
0.03671636113700102
 
β=5,A=1,B=4
0.9999999999999983
0.9561153958432236
-0.09758041198412795
0.39478731967813224
0.769577318119641
0.8939874991124688
0.9238292079409984
0.9442603028973221
0.9202636625323172
0.44482024146329296
-0.15990656966825012
0.2654926716289031
0.22016890376487427
0.036977582397521434
-0.10397965232209025
0.2937792649073992
0.3509316986166432
0.4019115723630915
0.5253740776586315
0.5423551631243126
0.23451942968545714
-0.08545621282451543
0.050206295608216
0.07311629708228079
0.05542478845106947
-0.37324391348611896
0.3953449243983115
0.48039294099267005
0.35436971348233587
0.3032312996808989
0.15182933189162148
0.11555248756805236
-0.02823571960652442
-0.0195743957498378
0.06184193478873144
-0.05953684762644994
-0.029174086695381758
-0.07133367382305005
0.259469894401484
0.3299093763044529
0.48404093584619295
0.7948534455794837
0.38857735997051557
-0.012626274863133604
-0.010037684777617888
0.004461380595246042
-0.01880144543778797
0.027288926885202187
-0.0017387816176659824
0.07593488154619736
0.04717515383459619
0.014016965936826284
0.011914426829849164
0.05534646599847401
-0.058380389904407505
 
β=5,A=1,B=5
0.999999999999998
0.9972655427606164
0.6592927133679668
-0.3067977423632832
0.6764710452370147
0.73912909625768
0.881096471674079
0.920405859028752
0.7499187939106295
-0.09515274973351655
0.09802844858664371
0.27678898411221875
0.33411582394705913
0.38757671484319584
-0.03939025643442847
-0.02445019335470086
0.34934667046804685
0.3112647377840317
0.4750759572328497
0.42893672602591837
0.005765823217246335
-0.033149439932141186
0.11264344603624843
0.07512616815541291
0.13751059883969458
0.2612487931819
-0.28233600093386163
0.26434572550774055
0.2627086393681997
0.13214727003600832
0.10515255499813483
0.04676271291270215
-0.04818970163515129
0.0835653408499457
0.15581687153860324
-0.03316061665077551
0.015734892420279017
-0.00024438756022081943
-0.057089530869208885
0.2832069569469779
0.3135832528802835
0.30870046653402483
0.03760431388981796
-0.012841204799147346
-0.0043285904425968596
-0.010200696620709417
-0.07510464851142899
0.01544763057007749
-0.011964603884879394
-0.010093228853602788
0.014502961263833512
0.01302919670804967
-0.012432504721709476
-0.11588246013343025
-0.01774314177549564
 
β=5,A=1,B=6
0.9999999999999981
0.9998892075606944
0.9413976031464876
0.07961303147938227
0.14270854146614637
0.6357238639144669
0.7908656115994812
0.8173173071251683
0.1876090205633582
-0.0933891591801522
0.2516045863083477
0.29275219457254903
0.45881182945945687
0.4159177140338718
0.33735481245307875
-0.10897588094508828
0.09298831590234191
0.22013331570858244
0.4023861718608798
0.2484213904021923
-0.1365395002518404
0.10439260751279411
0.23760053103868223
0.1871909287985522
0.27809599244006844
0.292798552354119
0.10829382712742744
-0.059663503347297316
0.10891679457014555
0.0519313848281431
0.07291160409037957
-0.000421341867370087
-0.03925380868985354
0.29669113759103366
0.32772594369614527
0.10740470054389341
0.0408820570234136
0.02659050471459893
-0.022697823738084162
0.0899915752881044
0.17014702764958076
0.08762591705011581
-0.002506876925379895
-0.010925974688871683
-0.012854413436197431
0.06031824733783857
0.0824808160925388
-0.1837045286815713
-0.03970813679475986
-0.007945962697857733
-0.004537789195234317
-0.004903587134576934
-0.032601492574854084
0.15874972771639878
0.28842970297821857
 
β=5,A=1,B=7
0.9999999999999986
0.9999968655120594
0.9930775167518819
0.6872780587216725
-0.2704221152383024
0.5337367607746563
0.5971752314917975
0.4214491974114413
-0.04027958330907166
0.06291933872233267
0.2971510123798791
0.4046131126982275
0.6177222420635834
0.6171479541648824
0.41163966402439073
0.19191445450896338
-0.0900001082538319
0.19823175983535368
0.11253785791708204
-0.21547333098288662
0.060862663511775404
0.21924553254511817
0.23728756717476884
0.31679905178876644
0.45224792576544487
0.40429130457507206
0.2661755641364882
-0.0770243893713364
0.0750245437253106
0.01085144776023377
-0.009858987290686811
-0.09315478141387015
0.25659122427532594
0.5023203300166993
0.5304726237768845
0.8788301782930961
0.23524679478856084
0.036671893605309064
0.014104020145266226
-0.03240742610151226
0.14805931574236167
-0.19377999122127829
-0.030996933412243605
-0.007481389538860548
0.028832918958381203
0.07593592247936758
0.20988617667471907
0.6794658346625215
0.1098872137773185
-0.03172789626292436
-0.0065909054151585544
-0.007657107404511429
0.00461432556645119
0.3122828682914521
0.5094556842921063
 
β=5,A=1,B=8
0.9999999999999984
0.9999999349414003
0.9994001622528382
0.9328703535103553
0.19249845753013797
-0.034658542528997034
0.3890056986240584
0.21651827900222267
-0.16010430613230944
0.3703849846051979
0.4172224985788547
0.6585574814364916
0.7069531714744046
0.8714583153364364
0.730880461397412
0.3256074097648311
0.026710826083884025
-0.06100381834071494
-0.13233359798360234
0.049900350254167725
0.13233132660937344
0.2986794258303688
0.2463889898467599
0.47872493177969083
0.4651153029103995
0.5329969831514222
0.5427281377274038
0.12972420660938153
-0.09740040112697937
-0.023837512696954218
-0.04855864393661421
0.05545259577019786
0.5121364515087543
0.5609531600446926
0.8236737204332659
0.8811259545785493
0.6530364439671376
0.08597648204298639
0.02517191347857956
0.015423948763480017
-0.3547089454385462
0.07745480606509425
0.08417619142647224
-0.0025613387451135813
0.08338373619014451
0.10542360057416884
0.48244557704921054
0.7067785204066531
0.5221668773032421
0.08496749823815822
-0.011207184145292058
-0.0017255302898850817
0.15794890322796232
0.677365253454497
0.889459711801168
 
β=5,A=1,B=9
0.9999999999999988
0.9999999989675805
0.9999601434626809
0.9891786843701704
0.7014259251812133
-0.1630208393691147
0.3528632374552065
-0.3081220129847426
0.30398411731702174
0.5879776223065087
0.7090215868496806
0.8445544928935783
0.8807273529897706
0.918361403295014
0.9993191500144373
0.6630280706957757
0.1250663036958366
0.019117050691211716
-0.041419257168760666
0.1313693038978932
0.40662586910932175
0.40107839280498364
0.49373514088055803
0.7120109730272517
0.6888715293663433
0.6333832055042763
0.6130239584564977
0.751617633800509
0.17594225798947769
-0.0002449829386056025
-0.13287882918979227
0.4015663615394032
0.534347803773807
0.6782426815265554
0.9144788306726521
0.9087036081041086
0.8829087101826726
0.33146278486017605
0.01975204036972566
0.15807575691296583
0.6433878083631611
0.25313007278595956
0.17578409995004385
0.06146954523943719
0.12520803138943515
0.30063327336365075
0.7941539708003665
0.8217074242140332
0.7097072691576349
0.25135839146675315
0.05836593188430902
0.10324636875816613
0.46910066332864
0.8371726293426579
0.9373752403621908
 
β=5,A=1,B=10
0.9999999999999984
0.9999999999871093
0.9999979485146783
0.9987103009263816
0.9346306515478653
0.3568840410587369
-0.589023042166006
0.25389199592806566
0.9841020801311541
0.7999190021983162
0.9961915176725625
0.9372491214661366
0.9900623488039781
0.9746204612431122
0.9998472736695496
0.9439172029843668
0.5083913159795661
0.15689396918787807
0.17201019048151794
0.7049366834857052
0.9521488239748632
0.6418347803280162
0.9847813098351995
0.8551695247564826
0.9801732592216768
0.8641100873288243
0.794059305086706
0.8715830646630122
0.5894572990539175
-0.06157381206623
0.3990971046197175
0.9992122917356319
0.7492750932430617
0.8702239218926813
0.9976419409715104
0.9659693065918311
0.9735955697154018
0.8781042882509376
0.25891423916098144
0.48670388019698557
0.8038040645331392
0.5572533924111599
0.6049378227851671
0.9574368898985518
0.38033379008664814
0.866949668812212
0.9435599466217491
0.9509663655413999
0.9620802019419268
0.6238776316942384
0.26478744582320823
0.3845710408319064
0.7615960914053891
0.9345638112927874
0.9906807247311111
 
β=3,A=1,B=7
0.9999999999999982
0.9999968704782636
0.9931524166285046
0.6953651003400729
-0.24850964229356792
0.525974273492912
0.5960763285094537
0.4293258907996411
-0.02056121750633864
0.0639778236022063
0.303849414187871
0.40364920203289967
0.6176499626130417
0.6166241843801643
0.42502014882338374
0.20760324720756493
-0.08691870801151669
0.19499810355916544
0.11874156819830849
-0.19328262577081426
0.06479317245878535
0.21868786858774564
0.23983028975305362
0.3162356282217618
0.45340917237108
0.40810555164235407
0.28487742668998295
-0.06127578822483715
0.07682181488202286
0.03199246118695624
0.004178967732528869
-0.07907260127414488
0.24855591637165436
0.5145105867264751
0.5289575979988942
0.879162924882443
0.24397771533470922
0.04720157700209721
0.023802026275335272
-0.031781791492282864
0.16867638434833662
-0.15412227103519457
-0.026046800551680484
-0.006014678553165239
0.025945395823978732
0.08708225863218202
0.20561353275747443
0.6801295077932121
0.12354950093081576
-0.02323901599391834
-0.0048541580556815825
-0.003468450374979012
0.031611171586779924
0.3353045481970827
0.5093100426686098
 
β=7,A=1,B=2
0.9999999999999983
-0.4698731103521237
0.7398991458423215
0.9125037073548683
0.9797314833938695
0.9789242018237819
0.9927891011535038
0.9964541775981411
0.9835452348175043
0.88960024668191
0.49032991225030065
-0.052084263658015724
0.026288311478118803
-0.2193052204659655
0.4189545506634706
0.4990449013517863
0.6035167676785935
0.7706183609482953
0.7382782121414894
0.76647419602142
0.8398123434393355
0.8430465810383765
-0.03763409808151833
0.03937051101068683
-0.12647024949955127
0.6476078989948788
0.7542698520116952
0.579954421662522
0.6259040952680935
0.6606171469394775
0.6182534265977153
0.29560576298125135
0.22846164783076356
0.6042105005593985
0.3405562730634613
-0.017831870342577265
-0.047194835141525546
0.36509766913798924
0.33583006893262857
0.5377803331023286
0.849095177427575
0.8848365989730007
0.8343001667574431
0.40628671755913237
0.07190213980858055
0.0857043994024767
0.40783912194884897
0.7240699372798926
0.7221669083905858
0.4549215328520759
0.1355398884682524
0.15916214728040654
0.4900585315895318
0.5511988625123326
0.1559876832479551
 
β=7,A=1,B=3
0.999999999999998
0.5899055884431177
-0.2276766227066271
0.8446723046042254
0.8807380355549471
0.9562127196049237
0.9736093149124082
0.976523497052044
0.9466828352611941
0.781488343696515
0.05023663665523503
-0.02864811742900212
0.04477881379948802
-0.07512963426888414
0.05132971050976909
0.40052959918337117
0.36160702409509177
0.5596402576750529
0.5434085280996163
0.666468676465361
0.715803473648649
-0.003963911949095691
-0.028816676285915884
0.05101554629195491
-0.12434026568388819
0.31169549782843414
0.6425078515462627
0.5767733801489636
0.40646909284216837
0.42846529525927435
0.24231303769114287
0.14643444086596905
0.19533496491389882
-0.08670317048581079
-0.11412523765553466
-0.07448660046743327
-0.02935834744929958
0.08810449906757785
0.33244991441426514
0.3699677346344031
0.6532317161177006
0.8347117762953162
0.6578834122729569
0.20508329779343
0.0006355634180089752
0.018025163910491047
0.03517263951499518
0.3733090924610454
0.6965115345515532
0.13683266300031194
0.07975884136431136
0.014078978481833355
0.06803486413986659
0.12995639780278295
0.036134898737876155
 
β=7,A=1,B=4
0.9999999999999981
0.9559673420025607
-0.10522292518525016
0.3943073071013408
0.7671841822919752
0.8938481445615412
0.9237483429424015
0.9438885010929431
0.9192881366720347
0.4387889146696393
-0.16031064925686947
0.26609682880986474
0.21427176489559085
0.03240877564002747
-0.10399006337156871
0.29482774736383477
0.3487957015013363
0.4016716884004395
0.5253877917895801
0.5421518876457968
0.22562238409189056
-0.09325315770500688
0.05108220917815876
0.0664603328718297
0.042169875950711165
-0.37989065238565567
0.4024481947497057
0.4730587378278984
0.35473557882904044
0.3028237740382133
0.15040874009580382
0.11369602043601504
-0.03511265517931543
-0.019357673080640056
0.05051522001757947
-0.08172611569269637
-0.036406873963876124
-0.07131206617341229
0.26171432602839967
0.31884929537305373
0.4854720623873729
0.7949002810462475
0.38747788351075085
-0.014453125571522901
-0.010555287385207874
0.004255834014904202
-0.035037876248715384
-0.0020582942604184654
-0.0031682244146814644
0.07750212377011466
0.04327968450816212
0.012997791100061473
0.010739500145261743
0.05472049467870813
-0.05686607606678855
 
β=7,A=1,B=5
0.9999999999999982
0.9972561231038198
0.656080882558641
-0.31101477083447
0.6786679609114117
0.740122422212457
0.8811305864444556
0.9204336242739561
0.7462329370862852
-0.10267305769270839
0.09976420425481024
0.27291545944981044
0.33300648387431664
0.38681092015510127
-0.045823542005777415
-0.0207883968015885
0.34682975231239643
0.30943451447437864
0.4750611844533657
0.4284030448373281
-0.0015948510617110627
-0.037502361950924164
0.11262571427647027
0.06255168131623635
0.13418614151835076
0.2594074213828804
-0.28053594541423466
0.27254286793310356
0.263155821028986
0.1296912040053632
0.10228473752599725
0.04393136421626841
-0.05020556842506483
0.08526925339820798
0.14704088182802352
-0.05045150782906664
0.01246310501774085
-0.0016682046990402495
-0.050979708546867904
0.2809995103028172
0.3116050024690709
0.308769517229552
0.034624682356493894
-0.012304076628255183
-0.0042203316957917115
-0.009049900756401627
-0.09797826856733356
0.001409897809746753
-0.012234759793023062
-0.006470762272384181
0.016202726017396505
0.011055265259773444
-0.01922318323371982
-0.11901701584978813
-0.015316771369348363
 
β=7,A=1,B=6
0.9999999999999979
0.9998890500852622
0.9410383904875954
0.07222926954092194
0.14181534423682615
0.6320788584243896
0.7908859139335181
0.8172584932308473
0.17930433126689743
-0.09685972082241397
0.25264691838993864
0.2907783003604568
0.4599440579214862
0.4157817296209783
0.33037886291021434
-0.11956411271627021
0.09479159346597349
0.20955652453289975
0.4022794612303497
0.24577304042598858
-0.137959437168126
0.10793465925620596
0.23602974610903796
0.18533504334492154
0.27680447577759565
0.2914898308288756
0.10143612186797224
-0.06044168504002919
0.1008640873564097
0.042197398052883084
0.06811365006596312
-0.004058647084506779
-0.03558207791743544
0.30217628018752013
0.3257217942735693
0.10993634622105297
0.03692197368873806
0.02439421075762354
-0.02564013738479692
0.09301705588644087
0.15316611736976293
0.07548168950339074
-0.00556183542086499
-0.00976056945717677
-0.0106691156822262
0.061809354113147086
0.0781602943291349
-0.18521878045675053
-0.03840367691785313
-0.0067690045506075235
-0.003296475939521419
-0.00826851877998542
-0.050026807109953796
0.14612075640354025
0.28883578894528034
 
β=7,A=1,B=7
0.9999999999999982
0.9999968617525266
0.9930358512025612
0.6839674948886666
-0.2756816598489147
0.5377033923944204
0.5974102465039244
0.41980796266200326
-0.04555351709415993
0.06269578304235326
0.2921064759245308
0.40474951283159605
0.6173594509722046
0.6167725387142725
0.40359918887610696
0.18547798288923023
-0.08687067661743561
0.19795822953095524
0.10589980457747215
-0.22267844788519983
0.06407630122306392
0.2192877155442259
0.23488540700777027
0.31691203850788524
0.45246055869619556
0.40282153004012106
0.25695497710181275
-0.081323019745261
0.07230271357087649
-0.005796830987440864
-0.019535757443252134
-0.0973063118876502
0.26166441715823663
0.48925070253181113
0.5313630060680845
0.8784383944706752
0.23325322897989606
0.03274063421086523
0.010659640216853651
-0.028607497287716825
0.1304346042179784
-0.22095342219666608
-0.0339414574694829
-0.005992686079272324
0.03024074331126092
0.06334228541067158
0.21284936156282333
0.6799981770800686
0.10883981625188552
-0.030916472148270036
-0.005454716839191827
-0.012847552636157248
-0.015880960738988262
0.2972784903030785
0.5093557478544493
 
β=7,A=1,B=8
0.9999999999999981
0.999999934906069
0.9993984700289213
0.9323722015827265
0.18572693253789124
-0.03507568831453892
0.38093852421426666
0.20831856710814578
-0.1593425415952036
0.37523128908955805
0.4193671817015574
0.6574669004127721
0.706564506884169
0.8718069722608941
0.7312255281638568
0.32169995392173295
0.02349616631838027
-0.059301283657373687
-0.1591010545613802
0.039383208607641655
0.13535005818537657
0.29625458521944054
0.24563681083143946
0.4793510715921032
0.465839408304508
0.5316422887615614
0.5347182705413346
0.12560342432453694
-0.09375686685112644
-0.04308428983441389
-0.06557260362287393
0.05448269211385067
0.5087399529987965
0.5557613209915119
0.8241105862381295
0.8803718683553557
0.6543796566996278
0.08113131801321236
0.020542175727053715
0.013295642852944742
-0.3605209976392142
0.04473307709156001
0.08186128698798852
-0.0011353805415346648
0.07867807210018089
0.1007301591356553
0.483867073536696
0.7077078037170658
0.5206173625283204
0.07938272074665216
-0.010639192843332977
-0.007688375447541162
0.14197799224864424
0.6679801986281708
0.8895864223737688
 
β=7,A=1,B=9
0.9999999999999984
0.9999999989671122
0.9999600478270696
0.9891018265925656
0.6985161512213415
-0.16526862334184905
0.3500185016378134
-0.3279351813483847
0.30463044388503585
0.5799364572286789
0.7087604083740389
0.8443179414032785
0.8806611048721511
0.9178277334449936
0.9993113202944802
0.6607842019168972
0.1207145236013621
0.020322553279042185
-0.05937755152075942
0.11460653843527246
0.4052552146641898
0.39226611108212234
0.49422066533018005
0.7102056464938884
0.6888543474835509
0.6290183413989974
0.6094947491043762
0.7504372640051905
0.18022780776122987
-0.008158802380482002
-0.16225775194271855
0.4017605298192187
0.5234914078770917
0.6780347103121515
0.9145989022121237
0.9081731018700039
0.882661187406698
0.32703940473198007
0.012772329485821014
0.15917555861103191
0.6418750087075489
0.24354692628648805
0.15288318603867473
0.05970654350978544
0.10691504989501968
0.30464647229190334
0.7930821772487627
0.8214139808293197
0.7083415387881058
0.2459013661758654
0.058615105708509155
0.09722630641730258
0.4594433396097876
0.8331625977712089
0.9368093818465483
 
β=7,A=1,B=10
0.9999999999999979
0.9999999999871092
0.9999979485146788
0.9987103009263812
0.9346306515478657
0.35688404105873733
-0.5890230421660058
0.2538919959280656
0.9841020801311536
0.7999190021983158
0.9961915176725613
0.9372491214661336
0.9900623488039778
0.9746204612431122
0.9998472736695493
0.9439172029843665
0.5083913159795667
0.15689396918787815
0.1720101904815174
0.7049366834857047
0.9521488239748617
0.6418347803280157
0.9847813098351983
0.8551695247564833
0.9801732592216763
0.864110087328824
0.7940593050867057
0.8715830646630118
0.5894572990539176
-0.06157381206622837
0.39909710461971615
0.9992122917356319
0.7492750932430611
0.8702239218926816
0.9976419409715106
0.9659693065918304
0.9735955697153991
0.878104288250939
0.2589142391609809
0.4867038801969848
0.8038040645331374
0.5572533924111608
0.6049378227851656
0.9574368898985517
0.3803337900866481
0.8669496688122103
0.9435599466217499
0.9509663655413984
0.9620802019419268
0.623877631694239
0.26478744582320857
0.3845710408319036
0.7615960914053884
0.9345638112927858
0.990680724731111
 
