β=0,A=1,B=2
0.9999999999999999
0.22134042696102368
0.7310427393542586
0.9147241828452706
0.9799445079501096
0.9789352618391209
0.9928647958455598
0.9964882266872261
0.9836940859473663
0.897515918602053
0.5460354253879007
0.008119798802396707
0.07610841702821487
0.04548164790007344
0.38983178492044834
0.5155440525817335
0.6032871780063638
0.7717609711894847
0.7362922018448311
0.7733079649566952
0.840776585691917
0.8574429011579513
0.043070209861456966
0.04435886150908146
0.03361371647826826
0.6763182560326824
0.760137688086904
0.5852215661152106
0.6214746383242391
0.6537333681643034
0.5956379397003166
0.32298406828064175
0.25132722859252477
0.6040737026578713
0.35265366453807295
0.01491873734495466
0.06506875305002072
0.3491113607947921
0.36730225324217086
0.5327968517666195
0.8474246920014895
0.8850909288003755
0.8365259784330947
0.4615420839575657
0.10226627200740186
0.09447122440443993
0.4496680554290955
0.7424658209393721
0.7475256253966174
0.46437535914762895
0.1391778478070648
0.12118160910214135
0.45647645089279104
0.5126625791584959
0.20311717339193272
 
β=0,A=1,B=3
1.0
0.6349973474386251
0.07331768917742057
0.8414180708735028
0.8795539145247132
0.95622312825937
0.9733274113967141
0.9761997671560587
0.9481811001806306
0.8019942455333835
0.16135128160445933
0.016880558620426155
0.11169507739488034
0.011114132281524946
0.09874616824494539
0.39896203855421786
0.36236090985538205
0.558710299773489
0.5449695298663747
0.6650334790697355
0.722608715460383
0.06599691876960831
0.020171179628438906
0.058610248639003354
0.017577548192708674
0.388444848979675
0.6456522665534661
0.5803887003128354
0.4059612355634556
0.4231462049673747
0.2571915682278413
0.1552531181960511
0.23956744938539365
0.09261880642134333
0.14529084251259727
0.008054467668827212
0.01344076113971925
0.10500391902519647
0.3437512783252284
0.3772766728759158
0.6553320269049189
0.8346281626713807
0.6715595413191773
0.2671461269287351
0.025068208737908423
0.019794746317987968
0.08408166899133149
0.4427533962831072
0.6967900878149508
0.14728385638287078
0.08031443968346068
0.020000932557602866
0.05597780008210566
0.1474944492358724
0.058564903219715886
 
β=0,A=1,B=4
0.9999999999999999
0.9579496292098332
0.07328777666648083
0.40637832891716197
0.7747736447912543
0.8939378014810838
0.9235279282898965
0.9449184869099633
0.9238429881975593
0.5089304067446011
0.05879346573392033
0.2595620061206503
0.22932324545680874
0.0797792416172257
0.014303875107227592
0.2954814005396217
0.3552198139217288
0.40194797783033454
0.5254475419811419
0.5399506632758833
0.2914116751040398
0.005438583883363589
0.051960710073758444
0.08080392073845653
0.0726703672108969
0.2937151879066111
0.3745098356874583
0.4862123363593255
0.35516316395965136
0.30458562161566016
0.16013544539120425
0.12960840065996265
0.01899348233984679
0.03422700699234515
0.0891655910721311
0.006236613491204438
0.015577052033767068
0.03864745582965085
0.2532707038829924
0.34358548741039735
0.4866128098868821
0.7950181360362567
0.43017518676079347
0.029954234119070063
0.004294285046629209
0.004365701248723198
0.01711829387056956
0.108683796565957
0.0029463920215126306
0.06592700803280407
0.04827005341846114
0.01408914518277621
0.0122153208986939
0.059602024646663046
0.00202186337943274
 
β=0,A=1,B=5
0.9999999999999999
0.9973081307214376
0.6960377434480749
0.12536403194584575
0.6618090239670033
0.7360210024238019
0.8812015158125859
0.9202628886781956
0.7686112033113559
0.03009348031534843
0.11388171531547674
0.2847298352417452
0.33519958154842894
0.402615613153152
0.03497409583843438
0.012115424015569047
0.35484815714562445
0.3124848462605818
0.47513013050112396
0.4416545672576303
0.08118500711776762
0.01714191050245166
0.11175879935833892
0.097732044561818
0.13978263048742015
0.2907489325981126
0.17846375531307432
0.21497702230746132
0.24953177628104628
0.1394238162034929
0.11441271048299936
0.07269086355522972
0.0014416738690778098
0.10611427705652537
0.1743713302392512
0.009724893282658503
0.022033971885131298
0.026628448237767378
0.025066763236289452
0.27426525353814935
0.2993294518227593
0.3103249089550073
0.08743646259846341
0.003194374556978108
0.00262482103200399
0.009420514040178497
0.017869786565365687
0.044233351796107545
2.680317739825347e-5
0.0033827936582873385
0.007785302490021988
0.013321313360343517
0.008209488739072249
0.10350431579538485
0.004517526690800174
 
β=0,A=1,B=6
1.0
0.9998897735401053
0.9445353163025868
0.21267566438754595
0.18880833206736536
0.6463696803963175
0.7905507546364725
0.8164629082418027
0.2733638642418861
0.010620391508508095
0.2473844909347119
0.2958296521592818
0.4574040306569022
0.426381708992416
0.36846298989675047
0.010864120990953121
0.0742377325070575
0.23926839985575704
0.4013774596002059
0.2928499880540653
0.05771714095547662
0.10855883330354997
0.23916240392397473
0.18465053245433616
0.28045745000480915
0.3128758720294917
0.16602156085260533
0.004785766218716011
0.12214830195977426
0.0684755904584385
0.0827789844490464
0.03492994504077174
0.013418783349425605
0.2696113828236713
0.3195442107289972
0.10557843328216884
0.06260969298591962
0.041093189586183645
0.00933079485931013
0.096248258830177
0.20429493686838207
0.11844678367453348
0.022548209098571782
0.0010327826032212608
0.0067240439993489455
0.0446247877735223
0.05150612421573495
0.17282460913714662
0.001759562126881132
0.00025246302284193404
0.0007648581978474633
0.0020682296737457835
0.015346775661605834
0.20341331117590883
0.29220775156683587
 
β=0,A=1,B=7
1.0
0.9999968726951864
0.993246708469632
0.7207007545877576
0.09400096206123935
0.511042555060047
0.58764470110278
0.4556829561756166
0.05884664141408611
0.0950241633162316
0.3068942096352277
0.4030755892246234
0.6165814481104016
0.6125327623896307
0.44615247855364754
0.23943676209432924
0.027874705631005813
0.18151784324051976
0.09314250896703692
0.14386184423157874
0.0940349466390876
0.21925030425083986
0.24082024216337988
0.3169141328393711
0.45561935972976725
0.409591207307228
0.315317201850412
0.002624560605633482
0.07663657896312082
0.04514521163861306
0.012881684445610688
0.04141008481932505
0.25432735876340085
0.519690099273059
0.5317748960261331
0.8790944191634071
0.28148410249644107
0.05863289080876251
0.034657485987182324
0.002436271798856616
0.18487377435124056
0.10941514657196602
0.032041047710129625
0.0008929299099251551
0.0289468791244719
0.09252476072410763
0.2168115358514734
0.6831471939727668
0.1710833415907877
0.004665026011883446
0.00021470975004257654
0.000783738761036996
0.06797558243218475
0.36681535845966856
0.5080828166087201
 
β=0,A=1,B=8
0.9999999999999999
0.9999999349944851
0.9994053454342314
0.9365523434330865
0.2975550232341221
0.030605261904639563
0.41847802648743426
0.2713283073996707
0.04637691659458848
0.33985894950933115
0.40561800288629823
0.6564507524630494
0.7063211874905053
0.8700320639054835
0.728928046407981
0.368300051605638
0.08316606204602604
0.056149287886292136
0.02375612945889338
0.09620683924535246
0.1484611414251338
0.29864712059626053
0.24621496816370322
0.4794242345666219
0.4702319124556978
0.5352286264864919
0.5631949454575453
0.16011356002647995
0.10220171001321567
0.014942021725120835
0.0011312313605637697
0.10204377534100935
0.512996108524704
0.5644461305022175
0.8244368349419275
0.882687333643102
0.6630705895054384
0.12562870916897537
0.044913547897752454
0.004106368247349298
0.3428168924574237
0.1510451769197321
0.08350219549667609
0.002016493732864551
0.0832100361003842
0.10573520191157966
0.49124869798369336
0.7103931279744331
0.5448861771587342
0.14732236202427107
0.002884230427138634
0.014250290485464619
0.22072675292439292
0.7092943450669259
0.8889055987891648
 
β=0,A=1,B=9
1.0
0.9999999989680831
0.9999603258629994
0.9895143573226153
0.7336287817762767
0.01718005039865253
0.3555098587800712
0.1294323771228134
0.26446857278930647
0.5950269298227888
0.7079222182822843
0.8428884388633744
0.8800662033104111
0.9187048291561265
0.9993416446967739
0.6878462742163597
0.18911251039257465
0.023356165203667442
0.026489303991184585
0.21939515204000887
0.3843529430690709
0.4072957072755267
0.4938894070428685
0.7102268609964298
0.6828158517166049
0.6435501264556067
0.6191552604062293
0.7577022845988206
0.2198973750373229
0.005332753657982072
0.01008358895034505
0.3968101333910197
0.5504192604094555
0.676631953302109
0.9147847505481732
0.9084742333479983
0.8791830970009964
0.38180948073767695
0.05538337556172042
0.16370050386594062
0.6458902091770974
0.2617527127485041
0.21823713453201266
0.04666165425224758
0.14351861138634583
0.3001997675955553
0.7873398038772855
0.8171492543351205
0.724170645921432
0.3095284519835021
0.0674428906559123
0.12743395687593898
0.5103554200877704
0.849010986068316
0.9385225263040404
 
β=0,A=1,B=10
1.0
0.9999999999871299
0.9999979485146684
0.9987103009263981
0.9346306515478756
0.3568840410587293
0.589023042166
0.25389199592806583
0.9841020801311519
0.7999190021983024
0.9961915176725413
0.9372491214661499
0.9900623488040027
0.9746204612431256
0.9998472736695294
0.943917202984376
0.5083913159795651
0.15689396918787632
0.17201019048152671
0.7049366834857042
0.9521488239748737
0.6418347803280187
0.9847813098351924
0.8551695247564667
0.9801732592216927
0.8641100873288365
0.7940593050867264
0.8715830646630138
0.5894572990539092
0.06157381206622902
0.39909710461974013
0.9992122917356241
0.7492750932430496
0.8702239218926919
0.9976419409715344
0.9659693065918566
0.9735955697153936
0.8781042882509364
0.2589142391609809
0.48670388019700334
0.8038040645331298
0.5572533924111476
0.6049378227851798
0.957436889898533
0.38033379008663526
0.8669496688122312
0.943559946621767
0.9509663655413947
0.9620802019419379
0.6238776316942259
0.2647874458232068
0.3845710408319248
0.7615960914054068
0.9345638112928085
0.9906807247311009
 
β=1,A=1,B=2
0.9999999999999998
0.34202857578461987
0.7565688572168572
0.9150593065714733
0.9799890397380819
0.9789368526837974
0.9928674534725479
0.9964920669676028
0.9837336081005386
0.8980626338784721
0.55548966585952
0.041063702774766335
0.07703401867799024
0.068756074589675
0.4113729235100151
0.5159334637347852
0.6040325162756861
0.7720668176737052
0.7366751739402251
0.7738179112339021
0.8412213486447092
0.8631424240041359
0.09208418111350983
0.044422015981821855
0.07086239324273941
0.6823871225350238
0.7609841557814391
0.5852504759089541
0.623232317909214
0.657891385678528
0.6059186938104028
0.3273202969950126
0.2516325285925612
0.6063810293143934
0.367868582092611
0.015827425243553322
0.06989321255793701
0.3590439561947985
0.3678054052695724
0.5356069343421107
0.8488398699465886
0.885196919625893
0.8374457922514409
0.4688556679487848
0.10601200995151323
0.09737699395710339
0.45649964427131967
0.7425583735388397
0.7481018594213306
0.4764725381247178
0.14452160027831198
0.13313979622583225
0.48304610908482953
0.5285736792963032
0.20622443801562154
 
β=1,A=1,B=3
0.9999999999999999
0.672032071929133
0.2435656398805247
0.8424757927151225
0.879658495330875
0.9562432359393915
0.9733697885882894
0.9762330199226534
0.9482547066002376
0.8046183851020718
0.21638874731454302
0.06910131054342816
0.11404439958232955
0.017678010147500048
0.11265589015028092
0.3997232981095087
0.3627111231961711
0.5591497118470219
0.5451689793713613
0.6657239013337692
0.7269171984304597
0.15751247755616443
0.04014003848203569
0.05866422233460001
0.03607988336809866
0.40965432430157656
0.6459058599924016
0.5804122228430999
0.40650135136067755
0.4254750209646767
0.2613592638903919
0.1554776589101931
0.24040014388898964
0.16090022798503759
0.15696249592151068
0.009740998880054696
0.013695339480777313
0.11085137477258608
0.34400134634829305
0.37759115773336294
0.6574525281919493
0.8346827550300809
0.67350554930483
0.27708788229733694
0.02876564190436595
0.020223428932492987
0.08830926358594157
0.46250759195509533
0.6986341987240757
0.15246282365717043
0.08124810662249428
0.02140062418418784
0.059034996031531776
0.15146135308004416
0.058768637934175874
 
β=1,A=1,B=4
0.9999999999999997
0.9592014486615202
0.24109956924310744
0.4606796463582583
0.7753061275175472
0.8944143772253854
0.9236249242834513
0.9449488040431361
0.9240127997073163
0.5313888058894783
0.08978844075152495
0.2617250439515635
0.23361598327630922
0.0932831609291517
0.05231927877244185
0.2976285628887083
0.35522649600402867
0.4023002988282401
0.5255242441696739
0.5410182524230555
0.3065392155957326
0.018867724145107068
0.05239035451806884
0.08087180028989613
0.07901826088515225
0.31037429866113125
0.41760783684398045
0.49001647742295895
0.3560536482533562
0.30566863434583463
0.16045129559023918
0.13063434205885704
0.04633256845425547
0.06069947393077784
0.09386911470411047
0.008072256839603876
0.016016542381788037
0.04699139644494916
0.2608201873158904
0.3441367626189799
0.48976469512979576
0.7950242410393397
0.4463171926118109
0.03686605536122975
0.004932545707938168
0.004461679888680386
0.018274641673778992
0.11359243311010193
0.006263394943261257
0.07031076786745279
0.04910649387715375
0.014101945166325992
0.012235869313260051
0.05982955679382028
0.0418967100127315
 
β=1,A=1,B=5
1.0000000000000002
0.9973228656829201
0.7141507226738399
0.1928856424691571
0.6669831425727761
0.7364364415984819
0.8812987244312327
0.9203258842000371
0.7773059752826348
0.1103734063220336
0.13226046228040905
0.2847821562484125
0.33560912054053393
0.4040605305302903
0.11847601474245326
0.11797141464469312
0.35490083869730243
0.3126548633051055
0.47543139170075
0.4434816203560018
0.09576190121040319
0.02709867174742652
0.11218916364736892
0.09874123686227088
0.14153810103862619
0.2938189429527575
0.2061641333419308
0.23520176824016867
0.25301878133953004
0.1398410999840111
0.11451765909220799
0.07457686204546346
0.008207246123958548
0.11135762502242455
0.17634190650395531
0.0121221068625085
0.022692734935452735
0.03151542071612197
0.05265745246841826
0.2770256243754417
0.30218952636921986
0.3119658639412351
0.09381442761809701
0.0040572159366984
0.0026834090306837996
0.01071357353670963
0.023853702473130907
0.04426182129050464
6.451829089815942e-5
0.004034803624986324
0.009848086287075694
0.013364738769295156
0.011807930758880663
0.10539168379108702
0.09341331543308805
 
β=1,A=1,B=6
0.9999999999999998
0.9998898504412357
0.9457069769071256
0.2934290047858745
0.26448596798698126
0.6464958683926806
0.7915862199299253
0.8201501487875599
0.29782160029321586
0.04292429261327553
0.24922810204073798
0.29602760316611804
0.4578362887574061
0.42729795479802823
0.37000908649033887
0.10634042800152324
0.12540348309317462
0.23968580012031732
0.4039640716883272
0.31039280718862017
0.07156692336639751
0.11740587844302172
0.23922086686557897
0.18680994168585957
0.2824973280367169
0.3137213590451503
0.17401892706160677
0.04000458199441463
0.1236056061582267
0.06853435141121467
0.08279129565690126
0.0392707165715722
0.0339049542620454
0.2765612337533555
0.322101256980037
0.12297771738873547
0.06645821284249373
0.0411474298572364
0.019476289798975463
0.10769405685413841
0.20546491621402535
0.11978981682054202
0.024572215101375257
0.0017492565543337218
0.007354341420808582
0.05037333381008915
0.06889002501934267
0.17287099869176678
0.0024098612478730278
0.00031297232519502907
0.00111683110621156
0.0035833767771537707
0.023037912975396202
0.20770095469481983
0.2922228185869979
 
β=1,A=1,B=7
0.9999999999999998
0.9999968729118994
0.9932830863860472
0.7327409932974946
0.15177484476649364
0.521550931287133
0.5909138147826994
0.46024070712471676
0.07983098630224959
0.11206198729044269
0.3076568671224455
0.4048859679621999
0.6170237703020864
0.6138846870045378
0.4495709529846088
0.2434724387986795
0.05254840609560571
0.1874260428648063
0.14038583776135088
0.1531864900151819
0.10402093796505767
0.21949649186176604
0.24082809782454007
0.3178449918522698
0.45567901078962586
0.4105402828509632
0.32021796631095756
0.02652116326935831
0.07692976559789724
0.04704314725708293
0.017550544851721153
0.04951551617285713
0.27488478228644975
0.5202298376123963
0.5342562172797669
0.8791796725961816
0.29838292736422695
0.059625935328009194
0.03553463653864128
0.025716075090095686
0.18638830910276066
0.12167016217153305
0.0356607953347118
0.001494082789265319
0.03190056891424324
0.09271492578823945
0.22557034671194123
0.6833463738984353
0.20705658218664674
0.005505768350522286
0.0006589487292189771
0.0018705179960866198
0.07414437646030805
0.37179616212359207
0.508260249625584
 
β=1,A=1,B=8
0.9999999999999997
0.9999999349948885
0.99940593495977
0.9376319062621263
0.34899646772811826
0.13677878981300937
0.4202758676270572
0.2757374071206678
0.07839338447453924
0.3505423337346428
0.4088157119112159
0.6596052258892969
0.7071534835957424
0.8705008106824639
0.733638411688472
0.3738282924212189
0.09475848169772741
0.05935328397482411
0.03725431100473744
0.09749317644860021
0.15152854290277268
0.298876715088639
0.24658923256270718
0.48048730569286235
0.47101167492854634
0.5355497404243892
0.5654908325483455
0.2101866965226147
0.1112163038754516
0.015636117908458577
0.003351292360635021
0.11557688733906621
0.5138139656799892
0.5647091789735619
0.8250734037883621
0.8827188034756973
0.6697712452022274
0.13145751988616747
0.045137063146193146
0.040274813722537606
0.34531299766139434
0.16728645838627473
0.08944236442449345
0.002654344993669848
0.08471701705924796
0.10691789188354134
0.49833838229021415
0.7108953326071848
0.547523952259889
0.16016626396985545
0.007587262028789335
0.019954237041274518
0.23215645433752807
0.714869357451519
0.889219708783548
 
β=1,A=1,B=9
0.9999999999999999
0.99999999896809
0.9999603313713356
0.989566443819628
0.7422009967909958
0.08951386887324049
0.35683818150147695
0.2190683289998007
0.3554733121745785
0.5977873585732782
0.7120472561569045
0.8437183545310283
0.8808612013637258
0.9188211269534696
0.9993503193322054
0.6951235453374881
0.19872860656430524
0.024847402045320086
0.030013265651125158
0.2263884848699452
0.39108586748899105
0.4076429840279863
0.4949856497896867
0.7111269619529177
0.68428235901484
0.6452214116497011
0.6192810276615648
0.7580049980449053
0.24420453299549436
0.007489402737259725
0.025323713579916324
0.41516249525543825
0.5510267017779983
0.6779808115801237
0.9149793685517513
0.9085760193712799
0.8804859899800687
0.39585480630461267
0.05848518762296692
0.17302535562580518
0.6459401226272812
0.26422063850405875
0.22732859480042542
0.05879947408684945
0.14384646455043756
0.306107441327446
0.7905141524519816
0.8180512036022
0.7260135888895113
0.31751460430636325
0.0685307216997045
0.1321446228646101
0.516097344787637
0.8496879787836382
0.9385957264184263
 
β=1,A=1,B=10
0.9999999999999997
0.9999999999871125
0.99999794855312
0.9987121291107877
0.9359124919163349
0.4245681087363635
0.5912227557895944
0.4251864120969188
0.985263187586772
0.8008434360681448
0.9962880628015741
0.9374238936965147
0.9901517068062755
0.9746706959428825
0.999847274786579
0.9452002515467482
0.5233474272207037
0.16279179661188348
0.18620604278578884
0.7232985483148858
0.954905299023534
0.642151248260455
0.9854773911683269
0.8556124290597066
0.9807088461862
0.8661542803605412
0.7942081640063868
0.8716680800986633
0.6036064951345964
0.08607546950121091
0.4609106409850319
0.9992621831429586
0.7500976582101296
0.8715577956838151
0.9976644303589283
0.966049292181823
0.9738319091532169
0.8842294964422115
0.2728060314205823
0.4990027784835946
0.8038174334334223
0.5613993841709582
0.6224646793298828
0.9613595359121937
0.3811949377441679
0.8744159221597868
0.944281886890713
0.951413405097524
0.9630200997200047
0.6327497933219931
0.26784159656963746
0.3932298705495222
0.7647649291087377
0.9348377392642
0.9907380695540957
 
β=3,A=1,B=2
1.0000000000000007
0.5353986835946306
0.47125346034677784
0.5004005631892421
0.3394644377178454
0.3237454441013825
0.16978248706179522
0.48502569151284325
0.35272971682130144
0.07188198363486271
0.2084671475599422
0.20130635963765353
0.31836340818120734
0.18143700607392138
0.07195484124320589
0.11467613267068447
0.2995642894645695
638153
0.7384325179464433
0.7756969759450136
0.8408223757480376
0.8737964919652212
0.14959423263701604
0.04451028701799321
0.14523628921954462
0.6998552165712361
0.7644389894462229
0.5853458645165812
0.6250624949438637
0.6668869204099344
0.6226122589725215
0.33846261223159796
0.2578116160332488
0.6052905761038833
0.37656179880268287
0.02093893407986161
0.11001495715323069
0.3744486388947505
0.37393602306283374
0.5387791591751557
0.8513404148424663
0.8855100212619078
0.8414717727355592
0.49700587349268305
0.12229481171206275
0.10164757098242973
0.473633751531933
0.7472344676870136
0.7560652851900291
0.47750536758081097
0.1547954254228357
0.14941262809591138
0.5265339032426711
0.5592254666780557
0.2363103563728158
 
β=3,A=1,B=3
0.9999999999999976
0.7179808908029207
0.40408737675412293
0.8446119567285547
0.8798277153748484
0.9562503188173868
0.9734464973163434
0.976377395043096
0.9490712749606705
0.8172849757933781
0.3232186920016316
0.099286707710074
0.13883508249932844
0.05783739930546901
0.14878276382889236
0.4023906900358925
0.3631585294044403
0.559168606701772
0.5466243485602097
0.6656820657215905
0.7396325629538892
0.3000854431435609
0.05894195783522787
0.058999966193024396
0.07788581847168484
0.45894667585372945
0.6460768261039994
0.5804058613039459
0.40669896389958876
0.43029538612789475
0.27045936161902256
0.15758915634064302
0.25638900906369144
0.27479152893620173
0.182030000827431
0.03259708678891032
0.024776282963195492
0.12246489988074713
0.3447451255685346
0.3778949850798925
0.6597930009407178
0.8349263482555034
0.6820697649078078
0.31307264137057184
0.050885535737550565
0.020212835223710934
0.12597545000844698
0.5416383101065531
0.6994438192990637
0.1524834447020867
0.08261470290795025
0.023157873364549834
0.06389699757869508
0.16314539918398757
0.0723935999234232
 
β=3,A=1,B=4
0.999999999999998
0.9635279554932381
0.40502636472184966
0.5260730919460765
0.779496469772533
0.8944327703410581
0.9238245258628702
0.9451773565594391
0.9258918809921853
0.5851683605476322
0.15446669893912504
0.2644563558041761
0.2611689131634391
0.16137276934827333
0.11859856100062675
0.30070645382123884
0.3566218023496257
0.40206782618478815
0.5257494387620341
0.5440296045891274
0.35179792450698494
0.06588845915082103
0.05468288224008387
0.0824769012597188
0.10468699360725292
0.35780212328898825
0.48741552195662147
0.49974533397606324
0.3579945189374952
0.30611354926227413
0.16464748900642265
0.14031373797854446
0.099767979840011
0.11203426337032224
0.10957376204695728
0.03073789334520414
0.021743882159780778
0.0756965865955773
0.27028681818591543
0.3501403356313561
0.4923527630508258
0.7951640332024105
0.49314003137915613
0.0728359716414088
0.013095158374153886
0.0044161348151688755
0.03370579697430684
0.14953794733630707
0.059962620496109585
0.08294521698009878
0.04973393516773169
0.01422693705166836
0.012224313466010096
0.06179965715875303
0.09586008109416694
 
β=3,A=1,B=5
0.9999999999999977
0.9973997343791292
0.7528067401020786
0.3029258950259748
0.6736620788891658
0.7388916202057562
0.8813864615397742
0.9203937782477575
0.8007736182329703
0.2225393016053165
0.1587147283933757
0.28777426677802154
0.33524803258298425
0.414639790115522
0.22718190705534924
0.21155740274308155
0.35693132070905764
0.31433447348451743
0.47513632987562676
0.4515308974936745
0.14231128861379683
0.06204629526201744
0.1140329819799856
0.10759688841974041
0.13982030931558287
0.31363778625293387
0.27053647871973396
0.27108814247770546
0.26606813356615117
0.14540597823117865
0.11827620796457132
0.08956277123087693
0.036245609421887724
0.1270884876312383
0.18339213505226049
0.029728632509553543
0.02315235777755908
0.051567409471902505
0.09628937836561112
0.2826675663192318
0.3163543030476078
0.32857892816718925
0.12382570718542622
0.013788878532931877
0.006649728326616019
0.012330421618075202
0.050211999953270525
0.05491029882738842
0.006422855497467132
0.020235528149660252
0.01764694603695986
0.013544669234023674
0.021643612460422915
0.11314233493939624
0.19258865892417404
 
β=3,A=1,B=6
0.9999999999999979
0.9998914609110794
0.9499576725546891
0.4186097260151659
0.3477508319032555
0.6513762718781863
0.7917596132365411
0.8283996976091395
0.37230285426185117
0.09939533618778017
0.25104429542333195
0.29798421745773557
0.4577319394940793
0.43403888790098527
0.3870506463215956
0.2009301324380057
0.16458977008864933
0.24729114280644576
0.4038932123453674
0.35353894027644517
0.12122701884744143
0.14534499462955336
0.23971073901370607
0.20012424746069918
0.2812035277482298
0.32542848006036895
0.208361819171361
0.08354037624949963
0.1298164980491407
0.07377314954823438
0.08589887562988972
0.0611347562792096
0.0823581981050728
0.2954509000733323
0.3290405369667838
0.1913874202591082
0.0761219672819514
0.04796181129895569
0.0402689889190867
0.11585988875847307
0.21969148679842024
0.1329450256079524
0.03786064615328288
0.00966057670067168
0.012966574736124252
0.06016244993326381
0.11203829153407423
0.1906615001101918
0.035889847765342216
0.00568889848381904
0.005190014537552023
0.00561187033383442
0.04993669830255034
0.23016572771737517
0.29424956856274553
 
β=3,A=1,B=7
0.9999999999999982
0.9999968830860914
0.9935053520149468
0.7636565642480702
0.2519235343546147
0.5377624964950413
0.6080604698942255
0.4879364149306072
0.14516351366020983
0.14286526388504583
0.3135996821713792
0.4048033345749574
0.6177156158888607
0.6196471758205039
0.4676466805920311
0.2716574294777485
0.09041858398285132
0.19551507135104276
0.24809817199107145
0.19390706257133733
0.13919108731107485
0.21992478640093013
0.24181497059372056
0.3176026110542828
0.4578310862331221
0.41872346137100885
0.34931436128871657
0.07414851212558554
0.07700160367207057
0.06800409866285045
0.047589674188307056
0.08041776186057284
0.3112699958123136
0.5267554854091833
0.5361123396022988
0.8793646170293844
0.34082092247576923
0.07020821138558357
0.04597656209519742
0.05439513160410308
0.20278572198718997
0.1777652660114597
0.04404629792458898
0.006700344643407633
0.03556332061676016
0.09816780555405931
0.230480678747977
0.6862402513520838
0.30169497939499546
0.029004299951545458
0.005399267798096691
0.005042160763189052
0.10434478224082748
0.39835590380342956
0.5101581830908903
 
β=3,A=1,B=8
0.9999999999999977
0.9999999351144384
0.9994144589825736
0.942095509738015
0.45370166869577816
0.20895143970644095
0.4364965950764847
0.30772825289017897
0.1495157711553446
0.36478842437300796
0.416597412299109
0.6604891687685153
0.7076720808915777
0.8711952533299034
0.7495182311231712
0.4008303822894341
0.13604541104651272
0.06361231123955459
0.09315065341491699
0.12181566577632258
0.16439422203734805
0.3004080291439372
0.24689367118638053
0.48082560714323924
0.4750834214598052
0.5356719954660909
0.5805488499175365
0.3187992617679791
0.11835017544202209
0.02864863810557319
0.025364566409852442
0.14488017541212983
0.5142357809631609
0.565666876648219
0.8257527860318663
0.8834252672733155
0.6792722096979706
0.15238547351180334
0.05412550073664423
0.07887304483447898
0.36648642961661826
0.23413597436651326
0.08550827782892663
0.006194177231187549
0.08476967275136785
0.10857222448638645
0.5016553757473611
0.7140796041051478
0.5616206694678144
0.2065023837893139
0.02427070159261352
0.035746960205966065
0.2822906339362932
0.7407085653607879
0.8893169447977513
 
β=3,A=1,B=9
0.9999999999999978
0.9999999989684251
0.9999604907407302
0.9898698444332993
0.7655013275206384
0.17447950650051006
0.359002251635673
0.38398709515705354
0.45453689249030926
0.6086036054712801
0.7125087993771069
0.8448453691280131
0.8808921866156986
0.918969918558937
0.999372821065504
0.7138371662046948
0.23819564568887677
0.02895928774468587
0.0640734835251097
0.27400638126926563
0.41087459302581136
0.40941584091979955
0.49517057418864907
0.7125951693547867
0.6894032415428406
0.6512265789438574
0.6208488021127088
0.7611675295811472
0.2712667910490938
0.007424864121757964
0.09676253649627224
0.4415074231971284
0.5579281548854383
0.6788651825978504
0.9154250954785685
0.9090750455850768
0.8826906633684776
0.4280311894172969
0.07752887160602956
0.1737659756737869
0.6467603655935723
0.26477643632336556
0.24988494258568048
0.09050214667348977
0.1489007802452159
0.3080831644759945
0.7955372857210377
0.8212841082437211
0.7356747899982519
0.35110232575931166
0.07428167949197668
0.14496794455650225
0.5368242760900029
0.8550350066053277
0.9390664929862094
 
β=3,A=1,B=10
0.9999999999999977
0.9999999999871152
0.9999979539007023
0.9987381128989121
0.9418379327545293
0.5562145847615823
0.5891686187777528
0.7009080886179989
0.9885085167905268
0.7999890127375656
0.9963762292485644
0.9375696173162817
0.9903141827371446
0.9746231575976795
0.9998481754886627
0.9494198097467313
0.5748938016621359
0.17999912826891548
0.2808754626653992
0.7884338037298029
0.9627311356013469
0.6418354440794698
0.9864541362365975
0.8562916339007947
0.9818092756654356
0.87382202824594
0.794672697421483
0.8731683902822183
0.6281464635856403
0.06491227036166904
0.6194836472745152
0.9994207841423398
0.7580588107774746
0.8730954476383144
0.9977200456287874
0.9660927230473652
0.9748869342249384
0.9007486332783621
0.33277286050009647
0.5053570768598987
0.8042594951979689
0.5573265418864031
0.6908430566910011
0.9709803936553119
0.39168640667639826
0.8855452139953871
0.9458569242275636
0.9525220256975587
0.9664239440888037
0.6684639256797076
0.2826580809774773
0.41747092268876573
0.7787951362514735
0.9375463225052488
0.9911874042473978
 
β=5,A=1,B=2
0.9999999999999988
0.5802763821470224
0.7815994581011375
0.9192160720772982
0.9800762858526852
0.9789423675713819
0.9928964884110112
0.9965267647666006
0.984013448881834
0.9043665033957722
0.5987044834652541
0.07783257807461999
0.11450973547933602
0.2158197650376955
0.4471725560337425
0.5264690489891354
0.603563403497306
0.7730407672922345
0.738810725820072
0.7787542874902904
0.8411194160517673
0.8764257086866946
0.14845146091727315
0.046607195090415277
0.1874450317206803
0.7072267652323144
0.7675679201567281
0.5869706750985174
0.6256146219342151
0.6705625606571974
0.6227007138215892
0.3482511373434796
0.26901824503183613
0.6043810032604999
0.3694393869639183
0.036447191673654886
0.15587816545625494
0.3735830266903137
0.3865571665110034
0.5377088679166792
0.8518523997051839
0.8857660860309761
0.8426327170741257
0.5113136124554649
0.1315835210527388
0.10316855035168425
0.4843383659265325
0.7550158279381727
0.7665086789705678
0.476130283107242
0.15960488133084547
0.16441771167390543
0.5372631941994872
0.5595655176929508
0.2523409141891524
 
β=5,A=1,B=3
0.9999999999999982
0.7217362501403534
0.442140567673463
0.8459565422022514
0.8806737822139581
0.9562296410083799
0.9735939503190677
0.9765818641178802
0.9498508771528357
0.8252811597168574
0.3579984231234031
0.09400058668330634
0.16362925089115882
0.08472114720894772
0.1546121695261222
0.40623828004085627
0.36447166736340686
0.5596321296333171
0.5470452903528349
0.6661538972355445
0.748962789459842
0.3475887250026009
0.05659587607483735
0.06228655033278966
0.10959512243819218
0.4823756427974357
0.6473905252114102
0.5812535667367776
0.40740967827995667
0.433471538607517
0.272631067863432
0.1620756610719673
0.2747279435990392
0.3069434454382617
0.19863682333486166
0.06728856553372009
0.04323369683291871
0.12457035075602908
0.34976444219711134
0.38135274268479585
0.6593786376332397
0.8348268468197867
0.685593677981538
0.33239997027252793
0.06234713347044426
0.02056779177013333
0.16070060690752055
0.5974399547320075
0.7024785974856136
0.15405801195390587
0.08091871221094486
0.025733611457149377
0.06607818166620726
0.16621523830483811
0.0804176376536367
 
β=5,A=1,B=4
0.9999999999999983
0.9658516645321162
0.4485354840954392
0.5283763689659257
0.7832085694581199
0.8944687693603384
0.9238567410143377
0.9455767887776237
0.9275739233935875
0.6003222689011725
0.16856359763995124
0.2654948451919513
0.2829248894760233
0.1978728326864598
0.1318071510727053
0.29932483008334543
0.35951033205907756
0.4020153868406014
0.5259837594823771
0.5449043193450268
0.3716956349380677
0.08626683460789353
0.05384401800642325
0.0891748911915008
0.12717172488798065
0.38053979207789357
0.48487179777736755
0.5089675880393273
0.3575731938884939
0.30655752646953427
0.16845398883553964
0.1471895921382486
0.11911147656095633
0.12664362296797807
0.1252728954610945
0.06084388537118027
0.032587013286392276
0.08482187147688296
0.26661931367547526
0.3609479666288029
0.48993719521264883
0.7952222083403582
0.5045190502316657
0.0875948731719076
0.018709906934090217
0.004479549069218146
0.05312180477082935
0.19014655208523631
0.08505472705881298
0.08210523163787814
0.052324159210028656
0.014168755373532804
0.01251623514406348
0.06418728416708244
0.10725078826078999
 
β=5,A=1,B=5
0.999999999999998
0.9974240770144357
0.7608270017840321
0.3275116681747456
0.6765837197165995
0.7419746396114302
0.8813248780499384
0.9205935838984735
0.8133962060709307
0.25467424100117475
0.15755881405611086
0.29287001970111126
0.33628461777950824
0.41930019118902984
0.24564900870853595
0.23531153120300724
0.36047713175031787
0.3201532508545933
0.47545340968921584
0.4560227500774548
0.16346884791262137
0.07481473232469502
0.11318652739465876
0.12221230519490067
0.1424150158828039
0.32366291602503044
0.28296581962125905
0.2808839985593484
0.276373801594488
0.15631630091466536
0.12432695256811822
0.10062860629952831
0.04818985408929804
0.12888284071443715
0.19312776187330202
0.052611119259644824
0.028392684711558064
0.06087642472396417
0.10863291346119701
0.28723453488180867
0.3301040734363725
0.34845653316738767
0.14160407002573328
0.019230666681562446
0.009578269022221716
0.011904764260650147
0.07713543554513558
0.07308425931895243
0.01202352651121802
0.024019046703440215
0.019474093687416774
0.014292461203131806
0.028327880290131776
0.12080757777336334
0.20507522030573697
 
β=5,A=1,B=6
0.9999999999999981
0.9998938558661176
0.9523067673279019
0.45425643395227644
0.3511426339505701
0.657058746114134
0.7915181709267063
0.8290404457231761
0.3937400889255674
0.11431284499873871
0.25174979400715103
0.30142524600449366
0.45881856020620915
0.436859774748615
0.40016420926201046
0.23043115785206464
0.15566301469650723
0.26049853669073747
0.4025859270257777
0.3646247454811139
0.13724106075952214
0.1544948628687765
0.241349725647285
0.2156071786001272
0.2828299266713522
0.33297050840875086
0.22680334847400038
0.09177378441057295
0.1380931933215623
0.08502003823172923
0.09264637729048716
0.07331896049190406
0.09468056383340213
0.30115542094777753
0.33498408842192784
0.24692507722365217
0.08532847386180054
0.05559667174238204
0.0507344734146711
0.11169543145348182
0.2389890578192625
0.14926769726897773
0.047731252879715726
0.013359116973012284
0.01470043183112463
0.06176617566773612
0.13569207402071487
0.2191175842303656
0.049744310486668074
0.008450928649709633
0.006141661241488739
0.00821565666883055
0.07246873694291814
0.24988336186771945
0.2959978926443337
 
β=5,A=1,B=7
0.9999999999999986
0.9999968930637998
0.99361385329658
0.7720404419267053
0.2721184793980491
0.5430880864704968
0.6199748320110248
0.5030407175418147
0.16635086187258755
0.1459890030296235
0.3205588773827624
0.40464688224845696
0.6178197837116897
0.6210839355573354
0.480879547208298
0.2872112319615464
0.09152045873858879
0.19913159014901619
0.2993289234022691
0.2155079089016112
0.1441136202853482
0.21940820224314836
0.24435948276390643
0.31703686185695223
0.4589925291592142
0.42361441685931445
0.3683510446621122
0.08941175263922564
0.07905392262239778
0.09273997826090266
0.07105266686939984
0.09477820952718512
0.3081930936016222
0.5392405423767765
0.5339068140064506
0.8797168884119191
0.35316449595018556
0.08063493669692547
0.055505453616707716
0.06025494250917327
0.22378214517312295
0.2227208403683201
0.0484740332319171
0.008221141967188069
0.033204290660366606
0.10933288551603473
0.2255435663588893
0.6869086346469891
0.3197241996193215
0.038356124955399744
0.007145346775453718
0.009234840709541623
0.1313399406690651
0.4214871784383565
0.5117636374626022
 
β=5,A=1,B=8
0.9999999999999984
0.9999999356498754
0.9994264472296726
0.944782762632467
0.4882408781608215
0.21036909377280583
0.450772197915632
0.32638644863761646
0.1615354911854001
0.3705333123843218
0.4231631999534628
0.6587128574486549
0.70698485136349
0.8715194042372043
0.7599495429375095
0.4144859880624683
0.15032725120041512
0.06117816138798026
0.13733474442017182
0.1425935839462793
0.16459716845260233
0.30391462589415846
0.24791199097401379
0.4814992650715213
0.4757965126590756
0.5377574387431235
0.5949905487599916
0.3569309632345452
0.11598665801696838
0.053753609636719185
0.050972126399381576
0.15509085488128216
0.5172785963089621
0.570653744521967
0.8252041361828123
0.8843060927399643
0.68241810756328
0.16617153942977078
0.06470588732835733
0.08879976200971364
0.389838147985308
0.2877929309008115
0.08677181499875163
0.006606318445518413
0.08682678602268804
0.11340601735237522
0.5001386780233629
0.7140490101283329
0.5684924912066817
0.22842765832026904
0.02886490214927158
0.04830547609321731
0.32073917336101876
0.7621017254821324
0.8894686424249552
 
β=5,A=1,B=9
0.9999999999999988
0.9999999989692233
0.9999606749913738
0.9900333941335062
0.7725349347891297
0.18534181164370808
0.363631324568133
0.4414169485108314
0.44737265134119725
0.6192029285363888
0.7117592214058467
0.8445632006719604
0.8807338989498289
0.9193195093693477
0.9993859898479701
0.7195350947854701
0.2533833190225796
0.027983939344831146
0.09455896477544563
0.3078038063749238
0.41050277916621725
0.41583424184902135
0.4945632586364885
0.7134779412254578
0.6900706605355765
0.6572695974685298
0.6255091507542968
0.7638410075927384
0.265847199703746
0.012262492689209719
0.15124893173683024
0.4424931049372192
0.569045336269981
0.6782841497494347
0.9153045469965692
0.9095392335001908
0.8829090719484332
0.4411841928012403
0.09339064490249852
0.17083554933654999
0.6483998860089806
0.2764236723344277
0.27571096750559265
0.09008498902018582
0.16290585642101524
0.3055771623947048
0.7968676252322784
0.8217154309795984
0.7401038707045167
0.3679515835859059
0.0771112764595277
0.15265093816941985
0.5516727143163502
0.8608662968724624
0.9398125549401048
 
β=5,A=1,B=10
0.9999999999999984
0.9999999999871689
0.9999979742336448
0.9987724360270951
0.9452870103007066
0.5899589441061376
0.589386280155041
0.7825765620610444
0.9900965951075672
0.8006113992436759
0.9963044041082233
0.9380849615888497
0.9904903147277041
0.9746760789343105
0.99985033960773
0.951990471994458
0.595733870678714
0.17808370594563794
0.34054150063896843
0.8218765556438221
0.9671812288834346
0.6439326782315191
0.9861070697378548
0.8554899042843077
0.9825032905731376
0.8794786073988312
0.7970550292680207
0.874639158833495
0.6304241537813831
0.07260094860173355
0.6927346566106195
0.9995079086823889
0.768282337776982
0.8715223031940379
0.9976962141281898
0.9659825868672495
0.9756851842882397
0.9084163239872249
0.36855263493574425
0.5037661756927032
0.8052453658451479
0.5601618212085201
0.735757081545163
0.9758906937104967
0.4137385894745984
0.8824536001855092
0.9452699945046008
0.9534623697876887
0.9681765482013308
0.685708579505008
0.2897432225293744
0.43180276334002676
0.7901310605281906
0.9407173925864073
0.9916727097179684
 
β=3,A=1,B=7
0.9999999999999982
0.9999968830860914
0.9935053520149468
0.7636565642480702
0.2519235343546147
0.5377624964950413
0.6080604698942255
0.4879364149306072
0.14516351366020983
0.14286526388504583
0.3135996821713792
0.4048033345749574
0.6177156158888607
0.6196471758205039
0.4676466805920311
0.2716574294777485
0.09041858398285132
0.19551507135104276
0.24809817199107145
0.19390706257133733
0.13919108731107485
0.21992478640093013
0.24181497059372056
0.3176026110542828
0.4578310862331221
0.41872346137100885
0.34931436128871657
0.07414851212558554
0.07700160367207057
0.06800409866285045
0.047589674188307056
0.08041776186057284
0.3112699958123136
0.5267554854091833
0.5361123396022988
0.8793646170293844
0.34082092247576923
0.07020821138558357
0.04597656209519742
0.05439513160410308
0.20278572198718997
0.1777652660114597
0.04404629792458898
0.006700344643407633
0.03556332061676016
0.09816780555405931
0.230480678747977
0.6862402513520838
0.30169497939499546
0.029004299951545458
0.005399267798096691
0.005042160763189052
0.10434478224082748
0.39835590380342956
0.5101581830908903
 
β=7,A=1,B=2
0.9999999999999983
0.5957275417186708
0.7779595111307486
0.9200230379113277
0.9802169764029443
0.9789475087575933
0.9929455263059783
0.9965426433870738
0.9840288508561852
0.905683183271511
0.6029963116882876
0.07462837321394616
0.12635960403230395
0.23812336663585662
0.4402667587948736
0.5347559333817421
0.6035389226621269
0.7744749405248772
0.7385237063017964
0.7816303712599922
0.8417570615757279
0.8770905602367025
0.142496698785748
0.04942349871706918
0.21112230524871217
0.7101424113578872
0.7702834389253855
0.590736503885069
0.6264295901089485
0.6735750554641824
0.6201503631395823
0.3537607781709439
0.27601591662170655
0.604229436797588
0.36524208576957073
0.05034069415250606
0.18431387823906356
0.36996141811870464
0.40062897713888773
0.5377804337071536
0.8521011418806722
0.8862725427210939
0.8424732616728443
0.5168004325237487
0.13410274160908042
0.10506213464031085
0.49159059424226803
0.7608617053466643
0.7741487033090493
0.47759149382059474
0.16728751989926396
0.18139440182696254
0.5417621423148676
0.5554955262751645
0.25476626711414085
 
β=7,A=1,B=3
0.999999999999998
0.7215708192387085
0.4598918568408247
0.8466381766650044
0.8815166782070383
0.9562348461990408
0.9737532336971644
0.9767992811088577
0.9503203581055183
0.8294295336024556
0.37225848513750825
0.0891986877557208
0.17874717684100824
0.09778232403224936
0.15329944635703863
0.4102096269349957
0.36557867293031887
0.5606991928470727
0.5466786011321818
0.6669000918254018
0.7557880553439582
0.36815969530851356
0.053551349564395806
0.06621103000035872
0.12995758483289918
0.4944839664315508
0.6495685700267062
0.5840107227534991
0.4083299340365256
0.4361611482214898
0.2720703931267989
0.16412623188421313
0.2854089091090142
0.31694914147164316
0.21037641847716207
0.09319489661569264
0.05624546055110987
0.12357611674941799
0.3570878439489325
0.3866030153349601
0.6591449574270997
0.8347751383740186
0.6862830367888728
0.34011636569499776
0.0649634687936188
0.02189243123752542
0.18478532876649031
0.6326878785092267
0.7053235635877738
0.15842336525694858
0.08161250307991748
0.02980079890989322
0.06980042564318689
0.1650383033973724
0.08099741365243848
 
β=7,A=1,B=4
0.9999999999999981
0.9670509802603883
0.4686420396089736
0.522934519293625
0.7855498966372644
0.8946190953033902
0.9239157178302976
0.9459491840602452
0.9285314538865609
0.6035616833045648
0.17144899420162246
0.26641307921995333
0.2954894702287601
0.21411527963798338
0.13064269334044376
0.29817435898712374
0.3616463711441225
0.40226106868399936
0.5259372998980392
0.5446447827228759
0.37911688077973743
0.09414758024903523
0.05301153662725557
0.095929962751392
0.14254958174547117
0.38975406571105503
0.4720981042943356
0.5171899104514953
0.3570845759228161
0.3069089869148636
0.16987035048776852
0.14865337799395714
0.12331582512585093
0.12981973899097585
0.13754914523574077
0.08300752729830264
0.040087059375575884
0.08404945549764462
0.2633074507722118
0.37226633806315906
0.48823788262365925
0.7951729262907061
0.5028798827794928
0.0877040117359
0.019271160538776106
0.004726006854772525
0.0693486079487347
0.21944467909407406
0.08714901560686754
0.07891652187318154
0.056838583190468306
0.01518343764009189
0.013691263894568307
0.06475513506261268
0.1035873203127255
 
β=7,A=1,B=5
0.9999999999999982
0.9974273091384325
0.7617349318339204
0.3364268080844495
0.6787013887898684
0.7440740486938257
0.8812726641861557
0.9207610985161344
0.8213993629860608
0.2688222802044871
0.1542981591997705
0.29674055491483414
0.3373928885630916
0.4199073755028445
0.2439085017069515
0.24751800756098058
0.3630159188315895
0.3254078668805126
0.4758500534325085
0.45730172276900277
0.17189947795318833
0.07910216176067708
0.11263634705295282
0.13450104440154534
0.14613445805223607
0.32512611625733484
0.2805362798475537
0.2860672978436433
0.2836297240079987
0.16516081521530543
0.1280160870393435
0.10419123625451963
0.05020624318776166
0.12716366060734344
0.2020704782799788
0.06990203252256867
0.031772117363089
0.061274552886906884
0.11054862953806928
0.2920188383839436
0.3414436949676495
0.36282576646022546
0.1465313401490855
0.018693156472799927
0.009470009138384531
0.01120432384972114
0.09977669569056154
0.08712187137049944
0.012294164699640297
0.02089878830810099
0.018916246176434285
0.016336077930473404
0.034458261196701825
0.1254034417453873
0.19732755754745143
 
β=7,A=1,B=6
0.9999999999999979
0.9998957837191514
0.9537040591902463
0.47178915564614377
0.346640915809351
0.6607029086915197
0.791400749809086
0.8282189356912463
0.3990233572538883
0.11971284399480552
0.252674537648742
0.3040134690696254
0.4599725732066686
0.43698331225045856
0.40725626290813527
0.2454290331708483
0.146526994085039
0.27112208196865006
0.40231956486034526
0.36487588463163106
0.1395729267266108
0.15838802109962016
0.24303899473893836
0.2269562722797724
0.284774829976019
0.33426213546485173
0.23401962671253024
0.09235180212004387
0.1454410294703032
0.09475403984317816
0.09744432445266676
0.07645858349324756
0.09451225959637789
0.30380047457402626
0.340369868544916
0.281485442740526
0.08855072355610995
0.05779256827411178
0.05374494554939337
0.10742654542532026
0.25594968065695245
0.16141391928678228
0.0507335800000739
0.012126439433623685
0.013563604595280035
0.061832293492919084
0.1514563453979418
0.23865849729249977
0.04862479846545405
0.007273981066904283
0.004891667517636614
0.011824129897545822
0.09089116357798609
0.26298960050266
0.2956046518514832
 
β=7,A=1,B=7
0.9999999999999982
0.9999968959176336
0.9936400618495418
0.7737280666300307
0.2765350306987577
0.5457636728391462
0.6263643941891425
0.5092876350960379
0.17269599690283727
0.1452607914395293
0.32541344282770424
0.40484684399034104
0.6181559752164221
0.6205755587012531
0.48899557029012963
0.2935459135951189
0.08759780999616144
0.2019532078722923
0.3261299271927265
0.22324810997130426
0.1401403835826327
0.21936246010967633
0.24676200829287415
0.316918654052717
0.4587797829597486
0.42426350425607195
0.3769016483978807
0.09330932918999503
0.08188353210739271
0.1104934834555186
0.08475625900281859
0.09863279297316548
0.2993282648555927
0.5523452365665158
0.5325869230041146
0.880094025948164
0.35321929344468234
0.0846001056602892
0.05883270612400173
0.05955534090358658
0.24151459173151466
0.2517843447776489
0.04960959379902128
0.006795322687352373
0.03104001238474769
0.12192116873182814
0.22173822395940584
0.686371843299308
0.31401035466712185
0.03645888523820784
0.006036248070223379
0.014437970799351862
0.1518321414434269
0.43652528761773746
0.5115078783579828
 
β=7,A=1,B=8
0.9999999999999981
0.9999999363657945
0.9994365581502317
0.9463360771598042
0.5036306505682132
0.20794185997783965
0.4587973250877978
0.3345100795740689
0.16181881335612625
0.37523167127554885
0.42758367431706656
0.6576865722917055
0.7065646431312029
0.8718083333197204
0.7672346963487661
0.42003203308685744
0.1542546751532298
0.059386083029891464
0.16387628280166738
0.15312924196294914
0.16165814797050235
0.30829061800063134
0.2491165315850528
0.48285221625055313
0.47486390665808953
0.5393102319189906
0.6043336059944001
0.3720779593398789
0.11513389696325398
0.0731060405849212
0.06797661779030326
0.15837745403465978
0.521607809023074
0.5772402417992414
0.8248298382600882
0.8850895834833219
0.683824328255476
0.17172980259730644
0.06934288522660295
0.09061521113769018
0.4079272110509416
0.3226852677301265
0.08976516522567818
0.005173523532113711
0.09172717080035857
0.1198555331771333
0.49953997365552966
0.7130790334322775
0.5702931677108452
0.23560963060718582
0.027685662929218896
0.058951492169606885
0.3464112238243426
0.7764268971263768
0.8896611316988198
 
β=7,A=1,B=9
0.9999999999999984
0.9999999989696816
0.9999607597880019
0.9900937113034286
0.7747038005189104
0.18629176813212392
0.366771052264331
0.4655045792299118
0.4338273969630412
0.6272898686739536
0.7120854429708311
0.8447245400586714
0.8807873167978482
0.91987640945073
0.9993926971342599
0.7210150054692626
0.2578718093284324
0.026884735476540945
0.11249128998394425
0.32485963857122946
0.40659167282415126
0.42464698229303266
0.4944200600159359
0.7153045706344816
0.689303407906516
0.6616278507662239
0.6290880051930815
0.7650103913460075
0.2606686234559595
0.019475753334341286
0.1826948237425102
0.43927811594947785
0.5798297590143451
0.6788937227834201
0.9151497668265672
0.9100534463926493
0.8828547284502881
0.4451365354571911
0.10028044862251127
0.17048090243569153
0.6499111037160797
0.287225100444189
0.2951942241630116
0.07858988142412636
0.18109043011782683
0.30544688442223944
0.7978471083932848
0.8216085504574396
0.7412538526440514
0.37351171811895667
0.0769568488935449
0.15878455258235438
0.5612952786945947
0.8648688024499608
0.9403771133763725
 
β=7,A=1,B=10
0.9999999999999979
0.9999999999872761
0.9999979989055608
0.9987973684567651
0.9469582748924109
0.6011313529045826
0.5901900899925215
0.8160461210146633
0.9909395435882096
0.8023748187426324
0.9962513257515603
0.9389102587574069
0.9906971575665654
0.9748297934595255
0.9998522670726413
0.9533382092802358
0.603200670672737
0.1744907523170352
0.3704611689524154
0.838859429951111
0.9699472258331981
0.648567561294788
0.9857235997662219
0.8551695513420038
0.9831178523087225
0.8834117591489269
0.7989236731094777
0.875320596521692
0.6292874356593201
0.0956978488387882
0.7297826077116469
0.9995583552885354
0.7771243547317915
0.8705369734279302
0.9976696664623231
0.9659846984555996
0.9762779556998699
0.9122824420856952
0.3830227166800353
0.504244467116217
0.8061690703581778
0.5650824600805834
0.762128832971083
0.97903589727757
0.4386036919358651
0.878524842243421
0.9445771323432713
0.9543160193545558
0.9691035434548513
0.6921603765145448
0.2898977643454529
0.4421206378765071
0.7974465899271216
0.9429504472267717
0.9920340659349982
 
