0.4308409421
0.3541765203
0.2881498389
0.2320230168
0.18489670520000004
0.20380584560000004
0.24746791340000002
0.22569701460000005
0.22773007900000003
0.22275804270000005
0.22851991880000005
0.22732838360000002
0.22937323880000005
0.23496604390000003
0.2350533272
0.2294024111
0.2405965773
0.2657921264
0.2791961166
0.28348933470000004
0.280089547
0.2744843804
0.26178218509999995
0.24004649110000004
0.21249038430000003
0.19113204620000002
0.1864388809
0.1922116019
0.19414658110000002
0.19622697260000005
0.19525706090000003
0.19141497220000003
0.17923356910000005
0.1791393568
0.1867691338
0.191536918
0.1861125301
0.18442931550000002
0.18768364440000002
0.1831393653
0.1724207907
0.1709410297
0.1887373657
0.18127691929999998
0.1661585804
0.1540742333
0.1470053564
0.1435896666
0.1605009635
0.18157554999999997
0.19243193609999998
0.19409524369999998
0.17523391409999997
0.1648412187
0.16266075489999995
0.1687328956
0.1781459908
0.19009512599999998
0.176860186
0.16318700530000002
0.15588125120000002
0.15026072210000002
0.15248700250000002
0.1530571984
0.14160312290000002
0.12592140239999997
0.10682644769999998
0.0898323654
0.0931742377
0.1055423518
0.11164813040000002
0.10853225990000001
0.1019739579
0.11185599959999999
0.12297386749999999
0.1302390231
0.13705050319999998
0.1412876232
0.1458989511
0.14931645829999998
0.15975716580000002
0.16478215389999998
0.16182549759999998
0.1396290532
0.1300228772
0.12414773710000002
0.1201171526
0.11178530099999999
0.10350363569999999
0.09434805930000001
0.08881360860000001
0.10410641470000001
0.1186883504
0.13464021480000002
0.14224161360000004
0.14497479100000002
0.1482733686
0.1528869229
0.1412885794
0.1294419316
0.118204695
0.10115754579999998
0.0942432833
0.0902089673
0.091406469
0.094603837
0.0980936056
0.10207864409999998
0.11365180709999997
0.12352382869999998
0.12788764800000002
0.12391886119999998
0.12225201649999999
0.11538535759999999
0.103144207
0.0910233927
0.08695623159999999
0.0814303315
0.08117299839999999
0.0828946827
0.0850102469
0.0925848339
0.0903539957
0.0964474681
0.10099180690000001
0.1015664487
0.0906758969
0.0879111495
0.08112288279999999
0.080794114
0.082808959
0.08522560009999999
0.08899240879999999
0.09238514140000001
0.0995670773
0.10940220409999998
0.11522832959999998
0.11188606549999998
0.10770143759999998
0.09749615610000002
0.0927861895
0.09056803370000002
0.08868865070000001
0.0831638975
0.0791699812
0.0799186704
0.07815689980000001
0.08182147180000002
0.08737018800000002
0.08479486950000001
0.0775649406
0.07094741710000001
0.06949536049999999
0.0709295982
0.0695464237
0.06467832539999999
0.0685456287
0.0703321113
0.0721117882
0.0811125404
