0.34550522708
0.31920908736
0.2855796094
0.24794165320000006
0.21017756116
0.20355823875999998
0.21841242264
0.22273815211999998
0.23764304576
0.24529755647999998
0.24962166871999997
0.25211403159999995
0.24720431460000003
0.23279107892000006
0.21470966812
0.20013872487999998
0.19599124615999997
0.20415277392
0.21820675688
0.23090199291999997
0.23482846839999993
0.23562769019999993
0.22922674527999992
0.21387811911999996
0.19394408336
0.17734607671999997
0.16812902712
0.17333086964
0.17903907796000007
0.18396969120000006
0.18442234292000007
0.18463608060000003
0.18194973788000002
0.18205990808000003
0.18157814964
0.17786603268
0.17119157224000003
0.16653979452
0.167316933
0.17054320411999999
0.1738126768
0.17932848804
0.18629436064
0.18114823975999997
0.17214529824
0.16360376596000006
0.15685084904
0.15376286932
0.1534663546
0.15392870716
0.15521292148000002
0.15368265524
0.14673236052
0.14590716712000001
0.1478988068
0.14663332480000002
0.14146161044
0.13711658584
0.13400836904000002
0.13048803416000004
0.13033575628
0.13086475904000003
0.13315384416
0.13833026008000002
0.14256108816000002
0.14304303287999998
0.13611607568000003
0.12580873448
0.11911591592000002
0.11722238292000002
0.11764235064000003
0.11880733124000002
0.11687316356
0.11850883500000002
0.12365906272000002
0.12819991536000003
0.13502806248000002
0.13735112848
0.13570230676
0.13190208763999997
0.13097301488
0.13470377472
0.13723834955999997
0.13028186691999996
0.12624628836
0.12338618411999996
0.12067087951999995
0.11853339251999997
0.11342631323999998
0.10873809192000002
0.10491168336
0.10802835540000004
0.11333960816000004
0.11989096848000003
0.12364666896000003
0.12488214848
0.12219156296000001
0.12272007871999997
0.118179002
0.112256551
0.10579559699999998
0.10116828215999998
0.09843640059999999
0.09850408191999999
0.09990789659999999
0.10089633084
0.09991614908
0.09770690784000001
0.10024255748000002
0.10087650112000002
0.09914029848000001
0.09697562259999999
0.09590354708
0.09486964812
0.09566295459999999
0.09617837963999999
0.09476894688
0.09247241372
0.09173589119999999
0.09129380056
0.09174612092000001
0.09349940995999999
0.09175716668
0.09179608012000001
0.09340373424
0.09688349835999999
0.09621366772
0.09537574139999999
0.09253225083999998
0.08980391995999998
0.08970949031999999
0.08772823632
0.08834415711999999
0.08816516808
0.08692495927999998
0.08728289511999998
0.08832227579999997
0.08800942579999999
0.08845493699999998
0.08530484383999999
0.08245723688
0.08105624776
0.08088003812
0.0800558268
0.07954314452
