0.8710865501999999
0.6884154266
0.590568985
0.3975652344
0.2747763654
0.3003534846
0.3981288542
0.4233888272
0.5537727946000001
0.6256487304
0.652690334
0.6363508357999998
0.522750323
0.4381029742000001
0.34653833260000005
0.30770877719999995
0.29498543219999995
0.3890485048
0.46535837420000004
0.5481796189999999
0.5923727682
0.6137757582
0.5746036388
0.4865866862
0.412457256
0.3617151442
0.3331587186
0.3527605866
0.4100497122
0.43538624479999993
0.44399984759999994
0.45656133599999993
0.4435943086
0.40655527859999996
0.3655193742
0.3337258594
0.31612460740000004
0.31328027999999997
0.3391519252
0.3856507754
0.420789995
0.43692621359999995
0.44777519220000006
0.4173657638
0.3595187072
0.3182223036
0.286984687
0.2913886798
0.3123223414
0.34679732639999994
0.367479888
0.37983303980000005
0.3676477208
0.3795423718
0.3846786362
0.3571157044
0.34592518759999996
0.3369797226
0.3128466104
0.2881582206
0.3188245408
0.341149934
0.3610161756
0.35371656479999997
0.3609571114
0.33070530619999994
0.2850010974
0.2564137882
0.2548636368
0.2363083976
0.2392767206
0.2555051228
0.2539730236
0.26728866760000003
0.3021729766
0.30589996519999996
0.2923944906
0.2759797232
0.2666832648
0.25511901579999996
0.2605949828
0.2778703638000001
0.30266140240000006
0.31097978680000005
0.3252378858
0.3465849284
0.32871203939999993
0.290089519
0.24815210500000004
0.20802020400000001
0.1730011974
0.1820892932
0.19878949319999997
0.22965253
0.24667919160000001
0.2652150266
0.29462626459999997
0.3087050648
0.2924057803999999
0.2866135218
0.27429300900000003
0.24926322139999998
0.23165615020000002
0.21715453979999996
0.1987865382
0.19095579899999998
0.1728717954
0.1730225716
0.18995790880000002
0.2048383142
0.21228688280000002
0.2378092306
0.2516270908
0.258941917
0.2553909594
0.24948710480000003
0.2192693488
0.2069569226
0.1850160002
0.16792877979999998
0.15260302499999998
0.16766605939999998
0.1695201382
0.19419105020000002
0.22131091679999998
0.23765992319999998
0.240128674
0.2315013178
0.219447169
0.20109251279999998
0.1759865258
0.1572263196
0.16431048920000002
0.15621564659999998
0.174607761
0.21361325539999995
0.2363319984
0.2362526766
0.24776279339999996
0.23986487420000002
0.22229602320000003
0.20204974779999998
0.188152781
0.1714937596
0.166858881
0.16788629859999998
0.1815883412
0.1955135218
0.197102364
0.191817577
0.1870041452
0.17180070620000001
0.1631642534
0.16450174099999998
0.15346137459999998
0.1383433788
0.1384557204
0.1397287946
0.14435017499999997
0.1562650138
0.1656077466
0.17284105119999998
0.17632860560000002
0.17565860360000002
0.1820410108
