0.5448423828400002
0.5263312614000002
0.50007205576
0.46827721272000006
0.44152006068000005
0.44296810164
0.45527991980000004
0.45251037608000005
0.47077410828
0.47364203656000003
0.47169737423999997
0.46696641616
0.45655147236
0.44133060508
0.42161616531999996
0.4079044793199999
0.40292117048000003
0.41465746376
0.42154039528
0.42943865387999997
0.43052072288
0.43130932676
0.4264028012399999
0.4119418732
0.39170647151999993
0.37569062996
0.36595111252
0.36975980944
0.37708900423999997
0.3785744856
0.37684357872000007
0.37528597676
0.37273723628
0.37098753615999996
0.36843296387999996
0.35946675008000006
0.35315874708
0.35141431908000004
0.35224580252000004
0.35296073316000004
0.35648648636
0.35816381240000006
0.3609614982000002
0.35515873044
0.34802200036000003
0.33846954859999995
0.32777878916
0.32268921739999995
0.32265830504
0.32337993843999996
0.32268043199999996
0.32148287631999994
0.3152060861599999
0.31365157027999996
0.31445506848
0.31036444744
0.30399516647999997
0.29687248663999993
0.29107974888
0.28854314439999995
0.2910603031199999
0.29038420171999996
0.2900088226
0.29070638416
0.29595907744
0.29661238064
0.2878966228
0.27582349127999994
0.2695934922
0.26537169596
0.26507155888
0.26731426196
0.26429863228000006
0.26455127084
0.26744585476000005
0.27025922008000003
0.27513849032000004
0.27524504052000004
0.26957469339999995
0.26433396379999996
0.26393782883999994
0.26651223647999994
0.26638032591999994
0.25966894839999993
0.25306746828000004
0.25000999207999997
0.24551252279999997
0.24045255976
0.2354645728
0.22898755395999998
0.22315038295999995
0.22733196103999997
0.23276007411999994
0.23762253519999996
0.23846170503999997
0.23844756443999995
0.23476797215999998
0.23439355999999997
0.22869522924
0.22271162268
0.21592516412
0.20937593112000003
0.20655657468000002
0.20905228320000002
0.20965110168000003
0.20859854695999996
0.20754902164
0.2065256082
0.20951080904000002
0.21011229660000003
0.20560469232000003
0.20441992648000004
0.20478319172000004
0.20276235660000005
0.20406618596
0.20586996683999995
0.20412448003999997
0.20170830887999996
0.20052653187999997
0.20096096891999998
0.20043175051999992
0.20068055983999994
0.19794748055999992
0.19782208375999996
0.20074698916
0.20348840524
0.20346501620000002
0.20314615728000004
0.19840434652000002
0.19484832120000004
0.19335724964000003
0.18979942264
0.18947874439999995
0.18741526092000005
0.18532209356000004
0.18582862024000002
0.18604530280000003
0.18456240548
0.1850421666
0.18165354411999998
0.17622751848
0.17334711335999997
0.17257759128
0.17062132864
0.17008877144000004
