0.6387801343599999
0.62313200568
0.5999541322399999
0.57083634184
0.550283603
0.5554863652800001
0.56625473868
0.5608604581200001
0.5820798313600001
0.5819089432
0.57699590388
0.5692678882800001
0.5564890774000001
0.5414478416
0.52138018016
0.5086614454
0.50405354144
0.51807551916
0.52044616876
0.52774058912
0.5274768860000001
0.5273326916
0.52240064712
0.5077691210799999
0.4869851354
0.47252516252
0.4629716318
0.46631770124
0.47378297028
0.47265991863999984
0.47061036515999993
0.46869850527999996
0.46550492299999996
0.46204917515999994
0.45835822979999996
0.44609529123999997
0.4408436633200001
0.44121202528000003
0.44213467808000007
0.4419037727200001
0.44554985248
0.4454605604
0.44630934472
0.4391825580000001
0.43304740548000015
0.42281587760000017
0.40955001492000015
0.4025285694800001
0.4026285780400001
0.40363480992
0.40122875516
0.40031052343999995
0.39438827396
0.39326811784
0.3931811654
0.38758649228000003
0.38028413380000003
0.37133262052
0.36408707224
0.36201054539999994
0.36596687767999997
0.36410288192
0.36185596528
0.36072903276000007
0.36636105208
0.36696098856000003
0.35751576484
0.34433182192000006
0.33842524632
0.33243612724000005
0.33169526672000005
0.33433825672000006
0.33130314556
0.33128596112
0.33315318024
0.33489555576
0.33872683991999997
0.33795931419999997
0.3303334162
0.324135431
0.32375628863999995
0.32510983184
0.32364577132
0.31764572371999994
0.31025572944
0.307603879
0.30223265671999994
0.29595025083999993
0.29072854911999996
0.2840231154799999
0.27704995804
0.28111127459999996
0.28598621719999995
0.28963337512
0.2890724026
0.2879989202
0.28422729608
0.28418331788
0.27722033184000006
0.27208785492000004
0.2651668252
0.25812506420000003
0.25464280876000006
0.25732111676
0.25788020852000004
0.25593241916000004
0.25486121332
0.25508495824000005
0.25799258608000003
0.25746988383999997
0.25195836808000005
0.25120447484
0.25206303048
0.24971724276000004
0.24994641536
0.25237686816
0.25099260908
0.24851340383999998
0.24761339835999993
0.24872387343999997
0.24795220003999993
0.24724014447999995
0.24305305335999997
0.24259082163999995
0.24496497327999994
0.24699849815999997
0.24692077311999994
0.24704147287999997
0.24229658588
0.23828630344
0.23607483123999998
0.23192964304
0.23068948647999998
0.22765017188000003
0.22558577768
0.22512810332
0.22486794916
0.22314177568
0.22294097304000002
0.21998558404000004
0.21382600963999998
0.21030570756
0.20993043556
0.20712787052
0.20613344131999997
