0.6256412599
0.6037601108499999
0.5862951876
0.5728354779
0.5618743492
0.57960411985
0.5980785518
0.5846026234
0.5942798096499999
0.5903776665
0.5824402093
0.5717182917000001
0.5614647115000001
0.5526356964000001
0.53919909365
0.5334068284
0.5300872215
0.5451173180000001
0.5419656247500001
0.5391946749500001
0.5288123937000001
0.52474104175
0.51674414315
0.50679612075
0.49599586005
0.48651219945
0.48401096824999995
0.48935333119999996
0.49400145195
0.4827512646999999
0.4759026164
0.4689746682
0.46642417729999996
0.4589087332999999
0.4538163857999999
0.4494582858999999
0.4460065629500001
0.44773451850000007
0.45338736335000007
0.4604216557000001
0.45519913570000003
0.45107487384999995
0.4490379506499999
0.44407626140000006
0.43189865445000003
0.42640360180000003
0.42240087775000007
0.42163001515000004
0.4210629169000001
0.42857369765
0.4243755933
0.41723394715
0.4096169165
0.40505846165000003
0.3964698788
0.3891756039
0.3834896909
0.37752836600000006
0.37293241165
0.3723450553
0.3763222872
0.37030715104999995
0.36038526255000003
0.35582785605
0.36055512155
0.3557204172
0.34937777575
0.34347122635000005
0.34600935485000006
0.3485407127000001
0.35658499050000003
0.35735806515
0.3488840807
0.34080875224999996
0.33957534429999997
0.33745873275
0.33476861374999994
0.33076050599999995
0.32758076575
0.32143489734999997
0.32331193324999996
0.33154307354999996
0.3358117331
0.33074034159999993
0.32500116230000003
0.32355905090000003
0.3215658384499999
0.31262252009999997
0.30197371975
0.2904234682499999
0.28152403025
0.28027389059999996
0.2829942624999999
0.28638848335
0.288024448
0.28827835465
0.29082433750000003
0.29223792025000006
0.28874301975000005
0.28447437225000005
0.27883793830000003
0.26664418395
0.2635405106
0.2611894103
0.25637542725
0.25007510395000004
0.24781211400000003
0.24955802990000006
0.25533458290000005
0.25953176115
0.2589697261
0.26235153420000007
0.26154090435
0.26105376595
0.2572319287
0.25015954279999997
0.24289039089999998
0.2405902791
0.23649331789999994
0.23911696394999998
0.24375078959999996
0.24928097874999997
0.24765052769999998
0.25173435289999996
0.25526939539999993
0.25731965684999997
0.25303803429999994
0.24905331635
0.2427765414
0.24023138319999998
0.2389077027
0.23788656375
0.2395036732
0.23571458265
0.23555228565
0.23911530504999998
0.23825799444999998
0.23482397435000002
0.23346992735000005
0.22678113160000005
0.21609858675
0.210234566
0.20887574390000002
0.20565278625000002
0.20319410219999998
0.20109305160000002
0.2031129326
0.20624725544999997
0.207405664
0.20672998045000002
