0.5768819542000001
0.5015430571000001
0.43115471670000005
0.38243915409999996
0.4072044763
0.42722480770000004
0.3599535406
0.2885277071
0.230746721
0.2450539649
0.2766435801
0.24483527179999998
0.22592244029999997
0.20414357780000003
0.18018558540000001
0.1715656552
0.205422773
0.21374920890000002
0.1877725077
0.1600402591
0.13837215279999998
0.1537960263
0.1462898724
0.12255979050000003
0.13118664800000004
0.13531017169999998
0.11457143789999999
0.1052044575
0.11133073680000001
0.0996411344
0.1018200336
0.1138851809
0.12241419499999999
0.1242801353
0.09710231519999998
0.0641795162
0.058309769899999996
0.0579465558
0.0365638108
0.036097176800000005
0.027095834500000006
0.006795765300000001
-0.005141732499999998
-0.006139893899999999
0.013752724400000003
0.04368484260000001
0.06658822140000001
0.0815668354
0.11404062849999999
0.10598468720000001
0.10302747320000001
0.12348977170000001
0.1546841015
0.1870932204
0.1982146139
0.1633997736
0.18378953660000003
0.21497485659999999
0.2388870656
0.2841003056
0.3214380079
0.2974501474
0.26536064849999996
0.2713824525
0.2822828307
0.3324833456
0.32515087330000003
0.2662927741
0.27160623500000003
0.2763661624
0.29298443649999995
0.3502677309
0.39466780149999997
0.3633703352
0.3140350495
0.27667531110000004
0.24574782750000002
0.2895894667
0.26096059889999995
0.22062665729999992
0.19251875470000002
0.14692441520000002
0.11588738079999998
0.132626432
0.152089172
0.14328861469999998
0.14578099719999998
0.11685754570000002
0.11280548060000002
0.1583964951
0.14602722389999997
0.15014586349999998
0.162133667
0.1629221274
0.18671130230000002
0.2346574904
0.26335229520000003
0.2641829775
0.2508802333
0.2040732967
0.2038469471
0.22788265719999998
0.216736948
0.1917295523
0.15620732299999998
0.1057996577
0.0769854751
0.084397151
0.099757946
0.10880232409999999
0.1099583708
0.0904867516
0.07896911120000001
0.0924145244
0.09641863810000001
0.10517068970000001
0.0985165921
0.0748634154
0.050236105799999986
0.04279207569999999
0.03483835340000001
0.02140002410000001
0.03959895050000001
0.05714827929999999
0.0613487924
0.05904016470000001
0.056496155000000006
0.06533130300000001
0.078544608
0.03866987020000001
0.03421840730000002
0.031257115200000005
0.011895696200000003
-0.019506179899999997
-0.027981394799999997
-0.030363352599999994
-0.03321575809999999
-0.03506689719999999
-0.03735794839999999
0.0005323081999999999
-0.0026506936
-0.0400447051
-0.0397210002
-0.039779801200000006
-0.039961122700000004
-0.040056725499999994
-0.0374286964
-0.028939029300000002
-0.026824101300000004
-0.025993742599999998
-0.011241396300000001
0.0405999932
0.0326272161
0.024622636200000002
0.024760227699999995
0.024680671499999998
0.0226863762
0.028134197299999997
0.025557814999999994
0.029959462299999996
0.018993458799999998
0.012993988899999998
0.043217914499999996
0.081819793
0.0885022244
0.0880564982
0.08747211894
0.07688502334
0.10746856914
0.16441352154
0.19195580814
0.18956287614
0.16005479004
0.15563903494
0.21617226063999997
0.28393462274000003
0.34046637630000004
0.3864412614
0.40621807050000003
0.35100075940000003
0.34708104380000004
0.38595969910000005
0.42061984520000006
0.42205950940000003
0.36372001000000004
0.29499822239999995
0.267309333
0.2433829179
0.21282336200000002
0.227842836
0.2409640884
0.1934920182
