0.5501735028
0.47533396140000006
0.4046202601
0.3563616827
0.389992151
0.40945677810000003
0.3349868036
0.265199074
0.2054806749
0.22695839
0.2611394449
0.2223250363
0.20348907759999996
0.18136794779999998
0.1584952693
0.15256938729999997
0.1927468306
0.1942773817
0.1662976998
0.1369507621
0.11730176160000003
0.13824687200000002
0.12776547700000002
0.10008004299999998
0.1110300639
0.11599305910000002
0.097453674
0.090712497
0.0993378978
0.0861764359
0.08998245490000001
0.0997059973
0.10851072320000002
0.11218541639999999
0.08142370510000001
0.0473656694
0.042657024
0.0468168999
0.025787396500000004
0.0240863652
0.014292611400000002
-0.0031758703000000004
-0.0124288207
-0.015438282300000003
0.001529287999999998
0.0316576996
0.052818199499999996
0.0659524957
0.0994884222
0.09673027619999999
0.09144755269999999
0.1115876613
0.14296489649999997
0.17963080719999996
0.1945367747
0.1519427473
0.1715749678
0.202340277
0.2262749542
0.2703046087
0.3116559497
0.2873190143
0.25232771649999997
0.25867377739999997
0.2693507606
0.3275965675
0.3204772135
0.2538603372
0.2596244676
0.2627311702999999
0.27841825149999994
0.33685546759999996
0.3839965892
0.3497590035
0.3008103844
0.26299555910000005
0.23215525510000004
0.28422144050000003
0.2514525138
0.21154452620000003
0.1819545951
0.13466927029999998
0.1039745052
0.12359871600000001
0.1412299995
0.13061584770000004
0.13400990490000003
0.10127049249999998
0.1014691254
0.1484730721
0.13373167819999998
0.14169388119999998
0.15066836960000002
0.15141341120000001
0.1771807383
0.22741156299999998
0.2551582672
0.258953881
0.24295843100000006
0.19215494380000003
0.1963108285
0.21786479679999998
0.2090806047
0.1837565063
0.14521357840000002
0.0973150528
0.0695856892
0.07707474109999998
0.09451466449999998
0.10730093839999999
0.10385059929999998
0.08449414799999999
0.0732465866
0.086452727
0.0934338271
0.09909975469999999
0.0923505061
0.0704857632
0.0477542781
0.040112605999999995
0.036235039
0.0225747828
0.037361862499999995
0.055419932299999995
0.058766638399999994
0.05692963529999999
0.05388849429999999
0.06106387649999999
0.07551041709999999
0.0358675287
0.03455900299999999
0.03189082939999998
0.016098338400000002
-0.016073477799999996
-0.024413539999999997
-0.0268254633
-0.0315804308
-0.033605129500000004
-0.038986255600000005
-0.0010937190000000002
-0.0045595826
-0.0402091307
-0.0378323092
-0.03794339349999999
-0.037337311199999994
-0.0372567568
-0.0324143411
-0.024256864199999995
-0.026703270299999998
-0.02571721789999999
-0.0141305454
0.035694776
0.026360952
0.020983018200000002
0.0197347285
0.019676489900000003
0.0172770316
0.023146002000000002
0.025740812500000005
0.026220368700000003
0.014666005499999999
0.008533225
0.0374154605
0.0731565016
0.08165911829999999
0.081675191
0.0788771864
0.06892143469999998
0.09694433309999999
0.1572361224
0.18654128929999997
0.1778426946
0.15178177340000001
0.1453895933
0.2049213409
0.2721325761000001
0.3313161817
0.37614128830000004
0.3965371942
0.3395073421
0.33187017300000005
0.3777498467
0.40932026430000007
0.4126244646
0.3542062536
0.28073085979999995
0.25283672869999996
0.23008624260000002
0.20037894239999998
0.2166125506
0.232631086
0.17863853540000002
