0.5862035901
0.5109420391999999
0.440536027
0.3918228985
0.413193503
0.4311589688
0.3654355887
0.29380428649999996
0.23608483569999997
0.24888619529999997
0.27923323329999994
0.2487230701
0.2299959882
0.20817182550000002
0.1839987078
0.17519815379999998
0.20757215310000002
0.21675053589999999
0.19234511930000003
0.16442220350000003
0.14198476370000002
0.1560343762
0.1486714874
0.1260971253
0.1345932104
0.1385018865
0.11777214259999999
0.10743095579999999
0.11201885140000001
0.1007371007
0.10351436760000002
0.1156659629
0.1240176468
0.12493058939999999
0.09807272939999999
0.06544590389999999
0.05935053939999999
0.058240182499999994
0.036848402599999996
0.036091279299999994
0.026491699699999992
0.006138691800000004
-0.005912809599999999
-0.0066329529
0.0136050999
0.0434982795
0.06657186820000001
0.0826550922
0.11513933380000001
0.1071596936
0.10430413470000002
0.1247243302
0.15593440360000002
0.18786639630000002
0.19863040989999997
0.1671897362
0.1880324901
0.21924052940000002
0.24314593329999998
0.2882207042
0.3251696031
0.3020485519
0.2713783311
0.2773854474
0.28825177469999996
0.3350784588
0.32734853989999996
0.2723480949
0.27785223420000005
0.2826182756
0.29953327580000005
0.3559571026
0.39890187629999996
0.36818495539999996
0.31956145519999996
0.28203340479999994
0.2509818167999999
0.2910149531999999
0.263395344
0.22434186309999998
0.19624577000000004
0.1506696346
0.11972685799999998
0.1359355791
0.155432033
0.14794213560000002
0.15049996870000001
0.12136836240000001
0.11629200240000001
0.1607208038
0.1507952551
0.15522954849999998
0.16702570909999997
0.1677933022
0.19086444100000002
0.2376588687
0.2664696812
0.2682939517
0.2546835795
0.20774370060000003
0.20621764519999997
0.2299374796
0.21943855119999997
0.19448194989999998
0.1588905175
0.10874090089999999
0.07969133910000001
0.08615317999999998
0.10164888509999999
0.110532597
0.11043189789999999
0.09103154730000002
0.08049616039999999
0.0940457352
0.09808974039999999
0.10659147579999999
0.0998720284
0.0759578142
0.050909005699999996
0.0436430628
0.03577944209999999
0.0222156812
0.0394654608
0.056957641999999996
0.061467168899999994
0.05916264979999999
0.056777464099999994
0.065895732
0.0784632769
0.0388334446
0.033125873300000004
0.0301842165
0.010239769199999998
-0.021257318500000004
-0.029996646800000006
-0.0323772207
-0.03518056692
-0.03702538312
-0.038252142020000005
-0.0006166576200000001
-0.00418431692
-0.04189345422
-0.04217030882
-0.04229248112
-0.04245789402
-0.042508403562999994
-0.039774554943
-0.031288677943
-0.028921654143
-0.027934617543000008
-0.011460381942999996
0.040648061157
0.03336215875700001
0.024782987856999998
0.024826803657
0.024680621999999996
0.0228613935
0.028359325199999997
0.026636099200000003
0.030856918499999997
0.0194310961
0.013509534199999998
0.0436896929
0.08275698170000001
0.09018940160000001
0.0894851563
0.0885649769
0.0784582883
0.1085568047
0.165538776
0.19430647880000002
0.1919417283
0.1629872953
0.15989555449999998
0.21973397499999994
0.2877540535
0.34431598
0.3897105112
0.40885998930000006
0.356169359
0.3527815344
0.3916584404
0.4256482387999999
0.4255405752
0.36802702750000005
0.3010291966
0.2734147218
0.24960294990000004
0.21905185670000002
0.23158095630000003
0.24333072009999998
0.1981633762
