0.5104999182666667
0.44310897686666667
0.3813988408000001
0.33438104640000005
0.3469611661333334
0.35389727653333336
0.30695815513333335
0.26149202699999996
0.22300532673333331
0.2170911046
0.23649629406666667
0.24086238613333333
0.23220851339999998
0.2013958602666667
0.18111363313333334
0.16111447313333332
0.16735734679999997
0.16473682759999997
0.14968018646666667
0.14089578133333333
0.14267539620000003
0.1535617678
0.15049849180000002
0.13729387753333336
0.12560589506666667
0.11332528233333332
0.10608655333333332
0.10291490153333333
0.10473716653333334
0.0966627986
0.09164948966666668
0.0891058766
0.09021095520000001
0.07779472906666667
0.05993794100000001
0.03865182446666667
0.031664252799999994
0.02735239126666666
0.02563596366666666
0.03857479806666666
0.051638764266666665
0.05637648013333334
0.06263591880000001
0.07126722533333334
0.06599591713333333
0.06455731166666667
0.07524678000000001
0.092481872
0.12631462613333336
0.14693421846666668
0.14543745526666668
0.17763901233333332
0.21273814479999997
0.23778648279999998
0.24907298666666663
0.25233819406666663
0.23223123580000002
0.21829736460000004
0.23447870186666664
0.2676622725333333
0.29928700466666663
0.3127218188
0.2903472723333333
0.29777704139999994
0.3050648971333333
0.3405672204666666
0.34418097746666665
0.33807159586666663
0.31783804993333337
0.28855610653333336
0.2705295391333334
0.27867732873333334
0.3034383537333334
0.2884503057999999
0.26245828939999993
0.24801209459999995
0.22639504059999996
0.23632410459999997
0.22322694653333336
0.20376527813333337
0.16946877900000004
0.14170590613333334
0.11841601113333335
0.12052167046666669
0.15656452180000002
0.16051999480000004
0.1625601950666667
0.15366460853333336
0.15949225200000003
0.18144699673333337
0.1970775114666667
0.2189059372
0.21746074026666665
0.19968700406666667
0.19143896686666667
0.19937033453333336
0.21551853566666665
0.21904473440000005
0.21161888366666667
0.1802268058666667
0.16904127533333332
0.16854713093333334
0.16354572086666666
0.15559072599999996
0.13788440419999998
0.114552354
0.09855977973333332
0.09384620686666664
0.10452698746666665
0.10712416573333332
0.10262382906666664
0.08183683013333334
0.0678918962
0.05987542986666665
0.06105276773333333
0.06591138146666665
0.06024267446666667
0.06272106073333333
0.0747328254
0.07441388033333335
0.06844433033333332
0.059000774666666665
0.05815827726666666
0.049487124333333334
0.02154857053333333
0.01693431313333333
0.013784133199999996
0.018909030733333332
0.0266219426
0.0253207406
0.023006555133333332
0.02073660925333333
0.007164381319999998
-0.013986065013333337
-0.019840647146666668
-0.025296998013333336
-0.05199647901333333
-0.053134996479999995
-0.05388189608
-0.028873485146666666
-0.02741629610866667
-0.025902571708666666
-0.02052125010866667
-0.019095622108666666
-0.018465960975333335
-0.011352438841999997
-0.0014440602953333325
-0.006209968561999999
-0.011858476162
-0.011911177628666671
-0.008173003495333332
0.017267326771333337
0.02649850590466667
0.026856764771333332
0.03041058070466667
0.02994056093333333
0.0340786658
0.043775612
0.06259394773333334
0.06683816846666667
0.059124022000000005
0.049211937266666665
0.05656259226666667
0.082705976
0.12421856226666668
0.14302446546666667
0.146798889
0.13352759206666667
0.1514335846
0.19275620613333333
0.2380059936
0.2697495678
0.2872431378
0.30010798106666664
0.3015385338666666
0.3185553842
0.34886119800000004
0.36498755906666674
0.36275609826666677
0.32774837380000005
0.30915447213333336
0.32406489680000006
0.34498690753333333
0.3395455158666667
0.3094365214
0.28893982860000006
0.25142612880000004
