0.48387841093333334
0.4099466855333334
0.34948662606666664
0.3014023402666666
0.3229205496666666
0.3299680729333333
0.27848384866666664
0.23271898173333333
0.19407119666666664
0.19404332386666667
0.2188090006
0.221555265
0.20925804046666663
0.1746930183333333
0.15422629039999997
0.13519806193333334
0.14732389426666667
0.14109658373333334
0.12380410873333332
0.11675777313333334
0.12204474340000002
0.13830769013333333
0.13407365340000002
0.12000631833333332
0.10601373480000001
0.09347344033333334
0.08529667206666665
0.0839188114
0.08772925313333334
0.07973973513333334
0.07542068193333334
0.07458112480000002
0.08010793533333335
0.07047788733333335
0.04805126900000001
0.02567314186666667
0.0182103092
0.015157932933333333
0.011211799733333336
0.0233083032
0.03653751173333333
0.04332259293333333
0.05173578366666666
0.062013224533333335
0.058255649733333324
0.055061064066666665
0.06416406739999998
0.07925659733333332
0.11377407353333331
0.13694190953333332
0.128304269
0.15982315166666666
0.1949151821333333
0.22315538219999997
0.23743919686666665
0.24172656413333332
0.22049794393333333
0.2035067445333333
0.21989764366666664
0.25202223246666666
0.28573694553333334
0.2990828531333333
0.2688454759333333
0.2764844891333333
0.2829021272666667
0.3260435669333333
0.33068494379999996
0.3246109526666666
0.30222034319999996
0.27235941626666654
0.2532966851333333
0.26230701366666664
0.29010795860000005
0.2716703134
0.2443646376666667
0.2289489186666667
0.2068129816666667
0.22468706466666669
0.2115365088
0.19135863573333334
0.1547617492666667
0.12707663853333334
0.10162389413333335
0.10614372800000002
0.14280642946666672
0.14277299806666668
0.14650539906666668
0.13565168406666664
0.14484377373333332
0.1684494438
0.18506639453333332
0.20740263646666665
0.204943478
0.18571687133333334
0.17675639233333335
0.18656965193333333
0.20240866033333335
0.20752509219999998
0.1997020276666667
0.16627644800000002
0.16078864426666672
0.1593305084666667
0.15588105900000002
0.14778437353333335
0.13016985906666667
0.10419567613333333
0.08863258086666666
0.08372022926666664
0.09536489166666665
0.10046237019999998
0.09598126173333332
0.07565431466666665
0.063484498
0.05711622139999999
0.06010254413333334
0.06347566693333333
0.057291976599999996
0.057244976866666665
0.06930173686666666
0.06810617020000001
0.06470061906666666
0.05525054553333332
0.05536269126666666
0.049821348133333325
0.021725011866666658
0.02044849913333333
0.01698552546666666
0.020986693666666664
0.026749899599999995
0.02508873953333333
0.022660284199999995
0.019147069799999986
0.00805136326666667
-0.013116110466666664
-0.018181893066666666
-0.020544312800000002
-0.04574622453333334
-0.04494409680000001
-0.048885974133333336
-0.023714487066666665
-0.025216889
-0.023723043866666668
-0.01885210513333333
-0.0202026388
-0.019051011666666666
-0.012081034199999998
-0.0008960866666666641
-0.004966709133333327
-0.008906458266666663
-0.009828855399999992
-0.009059507333333333
0.014601064333333334
0.02180010233333333
0.022253498533333336
0.023320774933333333
0.022534140666666667
0.026402290733333333
0.036148174000000005
0.057666723
0.06175536873333333
0.054810983599999995
0.04338933793333333
0.050173757466666656
0.07289437513333333
0.11498837086666665
0.13377734026666666
0.13344606606666665
0.12190535493333333
0.13743257686666668
0.18088935020000002
0.226455364
0.2585779757333333
0.275990976
0.28848150353333335
0.2868871867333333
0.3005739949333333
0.3326945062666667
0.34883790800000003
0.3478859978666666
0.312202771
0.289248411
0.30857399846666667
0.3281939554666667
0.32514106959999994
0.29468132653333334
0.2742396682
0.23090940873333332
