0.42676276715000006
0.37318916445
0.3285385785
0.29329136595
0.29369503085000004
0.29939523145
0.28268815680000003
0.25113845799999995
0.20925961434999998
0.20254711200000003
0.20750786645000002
0.19931564904999996
0.18610615634999997
0.16335168415
0.15568611670000002
0.15343791345
0.15999710545
0.1594768332
0.14955162225
0.12984069675000004
0.1200960932
0.1338406036
0.1343520337
0.12341996290000004
0.11414448160000004
0.09974484395000001
0.0864406039
0.08157550665
0.07394727380000002
0.06786915560000001
0.06445793405000001
0.0603404731
0.058636231250000004
0.059070120700000006
0.055427519800000005
0.0539321794
0.06244899564999999
0.0697566956
0.07530221965
0.07104093200000001
0.06506165385000001
0.06514276850000002
0.07477118449999999
0.09047666324999999
0.10598366914999999
0.10354230809999998
0.12518887899999998
0.14827084599999998
0.17646384704999998
0.1950424964
0.21223274055000002
0.21046995954999997
0.210022375
0.22923783644999998
0.2402487223
0.2479415596
0.25447020495
0.24063381535
0.25524665030000004
0.280233234
0.3072112222
0.32385893915
0.330014225
0.31737639384999994
0.2981589401
0.30457932835
0.2854493504
0.2779411204
0.26628341695
0.24849640985000004
0.2427515956
0.24859607305
0.25527759115
0.2479983836
0.23306211075000002
0.20998196289999999
0.19576441234999997
0.20322350620000001
0.18688303974999995
0.18951157619999998
0.1692729893
0.14853513935
0.13901052389999996
0.14777427969999998
0.16940023714999997
0.18897305255
0.20456664619999998
0.19052026160000002
0.18184285695
0.18123489590000003
0.1749370855
0.18901426035000002
0.18943530750000004
0.17732583985000003
0.17145931265000003
0.17022857405000003
0.17016888515000003
0.17429006425000002
0.17531908965
0.1564378104
0.15690265895
0.1591847044
0.1478530296
0.14207203834999999
0.12631298054999998
0.10548517369999999
0.0877510336
0.07963028320000001
0.0749970259
0.0757971999
0.0723983621
0.055943387850000005
0.05928403084999999
0.07478140184999998
0.07888371525
0.08210542720000001
0.07750637354999998
0.07009735919999999
0.06439035689999997
0.04073097295
0.03452838035
0.02632856965000001
0.025747323350000007
0.018821049700000002
0.016683698800000004
0.01433840605000001
0.011640198450000003
0.015132202900000011
0.020593329800000008
0.01960108920000001
0.015783856850000014
-0.0043937949499999905
-0.013912651999999998
-0.029642990549999998
-0.03397125875
-0.035210039049999996
-0.03532222724999999
-0.032002963249999995
-0.03209102485
-0.0127307172
-0.006946044949999999
0.0002776440499999991
-0.003546892050000001
-0.007578582500000002
-0.007600447500000001
-0.007688027
-0.007371160100000001
-0.00040241600000000266
-0.0006331431500000026
0.001982859849999999
0.0038760312499999975
0.026796991050000003
0.0379225653
0.0532212146
0.056631226050000004
0.05636858485
0.05507924757
0.05250961032
0.06651319207
0.09718649192
0.10547463347000001
0.10127843251999999
0.10163635226999998
0.11872941396999999
0.15233724251999997
0.18599556047000002
0.21396924762
0.23166314237000002
0.25684331982
0.25770714047
0.26951842597
0.28776128762
0.29033731762
0.28884927217
0.28994613531999996
0.28946642257
0.30388785465
0.31491208964999995
0.30952071624999994
0.2894217976999999
0.29402256610000005
0.28972585865000006
