0.3710723434400001
0.3435570377600001
0.30992840804
0.27135379416
0.26914069584
0.26520291656
0.24266322976000002
0.21232917011999997
0.17971090627999994
0.18032767764
0.19444363044000001
0.18876839008
0.17954830436
0.16291042724000002
0.14611535908000003
0.13504100691999998
0.14423588588000003
0.14588376528000002
0.137124272
0.12114701776000002
0.10945800488000001
0.11415818932000002
0.11235795056000003
0.09587852044000003
0.08847999564000003
0.07725307864000001
0.0647850828
0.05832738872000001
0.05955931136000001
0.06263200388000001
0.0715830808
0.07927506735999999
0.08646873575999998
0.09247085564
0.07839921132000001
0.06433999924000001
0.06835241632000001
0.07811924632000002
0.08986430480000002
0.10206139568000001
0.0962149768
0.10723680964
0.12349300039999997
0.13831362776
0.15319840748
0.16724339592
0.16400856731999996
0.16108488339999996
0.18379176147999998
0.20053565724
0.21836998124
0.23457885284
0.23206680304000002
0.24941207932
0.25824378268000003
0.26696323348000006
0.27748037112
0.28632526984
0.28352364416
0.28375580216
0.28782911640000003
0.28348207516
0.28602894912
0.27895903072
0.26720860004
0.27861082592
0.26273432256
0.24669027952000003
0.24101939072000003
0.23095134872000003
0.21656935912000003
0.22281441508
0.226627708
0.21552824196000003
0.21765406580000005
0.20402837724
0.19273231863999998
0.20502663668000004
0.19754574767999997
0.19508940468
0.19323858068
0.18804824079999996
0.1744337784
0.17053220119999998
0.17366936468000002
0.17489703164
0.18558625052
0.1758856292
0.16985332904
0.16932167096
0.15855094188000002
0.16007266476
0.16183768648000005
0.15738480680000003
0.15635462552
0.16156493408000003
0.16346855228
0.1607302554
0.16169694656
0.14453052816
0.1422083282
0.13942095619999997
0.12692958584
0.11231039815999999
0.09878693487999998
0.08163727927999999
0.06668764384
0.0708966446
0.08420416496000001
0.08744072644
0.08428561524000001
0.07086635532
0.06636732783999999
0.06703642043999998
0.051771953759999996
0.053004779120000005
0.048396299879999986
0.041896062679999985
0.03649851459999998
0.032727238879999995
0.028156925879999996
0.02138535144000001
0.020752924480000007
0.015127431320000004
0.013417421800000006
0.00987622580000001
-0.007028218999999997
-0.00393770355999999
0.0004921518000000075
-0.0003740404799999907
-0.001801105679999989
-0.0021461367599999934
-0.006662267439999998
-0.018461520920000002
-0.021519592199999996
-0.0182363986
-0.013386683719999994
-0.017019338319999994
-0.021076636919999996
-0.005937897480000001
-0.0056162
-0.005574432360000001
-0.00016686700000000164
-0.0004359229600000025
0.001656750639999998
0.0015063259599999992
0.005097215079999998
0.014294586359999997
0.02659445964
0.029250068999999997
0.030666676719999997
0.045432297255999995
0.046475542416
0.058463425176
0.08340660833600001
0.09431133941599999
0.095893844096
0.089892114096
0.09957971413599999
0.126116470296
0.148737084336
0.16537885049599998
0.188001160536
0.211101598896
0.21390282101599997
0.223271488336
0.241203173256
0.246886373256
0.258180391896
0.25962068937599997
0.259138989776
0.267104988136
0.26806716189599994
0.26350302649599994
0.26963906565599993
0.2844345244159999
0.28361113296
