0.6577807914000001
0.5870325616000001
0.5450882082
0.5197305134
0.5355150312
0.49598311700000003
0.41605355260000004
0.31722122519999996
0.24514779479999999
0.2788939214
0.3584664984
0.30385352860000003
0.25983418900000005
0.2163456472
0.2112140084
0.1948206618
0.18581701500000003
0.1920106916
0.19194150840000002
0.14915716240000002
0.1483106486
0.22502853100000003
0.2354877262
0.183603507
0.1709233558
0.128433657
0.0825635216
0.0570920186
0.061516074
0.0914499402
0.1421866864
0.14657935419999998
0.15331689639999996
0.1611453996
0.10783232859999999
0.0614533808
0.0811910076
0.0915114936
0.08741487099999999
0.0863723018
0.0669056516
0.0354285322
0.024381618
-0.014287249399999997
-0.014177948199999998
-0.012713982599999998
-0.0218370016
-0.034665083
0.0020074616
0.041683397000000004
0.10008366780000003
0.15501344440000003
0.1977987538
0.2260737954
0.1702859774
0.1059712786
0.091966099
0.11156944919999998
0.1481126454
0.2261432504
0.2208282686
0.27561297419999997
0.31838026399999997
0.3296614858
0.34205736080000004
0.4220477472
0.31928732060000004
0.21234103300000004
0.2131034192
0.22250830060000001
0.242918944
0.331014426
0.3202445152
0.3301090508
0.33022402419999997
0.34304992900000003
0.36952103579999995
0.46909108780000003
0.3966316196
0.29784607479999997
0.2103006932
0.12197461920000001
0.1100878456
0.1252895782
0.14340723979999997
0.17473681619999998
0.17187421120000002
0.121686916
0.1399632858
0.16077110420000001
0.11184041319999997
0.1196877832
0.11202817539999999
0.0856476754
0.156021886
0.18021403460000002
0.1806039438
0.2122391586
0.24019657939999997
0.2174007186
0.2891009462
0.34610064659999995
0.31612679639999997
0.2615638872
0.1907458748
0.118592948
0.10966466779999999
0.1173470996
0.1218952174
0.1216687712
0.09300636739999998
0.044306282399999994
0.0514472024
0.0776206746
0.095935877
0.1269103742
0.1366672208
0.10649101999999999
0.1072083742
0.09690139919999999
0.0834310052
0.060365963400000014
0.04323581080000001
-0.006736162600000001
-0.0113172478
-0.013754298399999998
-0.017565915199999994
0.0359620902
0.1210327212
0.1340148326
0.13183462780000002
0.1305582252
0.09470051580000001
0.0360564948
-0.0566750922
-0.0633978132
-0.0680439948
-0.0709091234
-0.07506885459999998
0.0007123025999999997
0.0026711079999999997
0.0016124786000000003
0.000775329
0.0003529578
0.0003523138
-0.0079724952
-0.0817018888
-0.08021732940000001
-0.07991256020000001
-0.0802745592
-0.07214095579999999
0.006844496
0.022339270799999998
0.0262643576
0.028287074000000002
0.049658163199999994
0.0743554904
0.0429151614
0.022980914799999995
0.0212333814
-0.0002968201999999998
-0.028982738
0.013353233199999998
0.0281347152
0.03868554319999999
0.038283737799999995
0.05497071579999999
0.07308259580000001
0.1355048708
0.1383189056
0.1378292586
0.11997352208
0.08068745088
0.07943226748
0.19050813748
0.24608235767999997
0.2591522302
0.2394221292
0.2318458024
0.2418363838
0.3217868878
0.4217805224
0.5334603936
0.5805903386
0.460165135
0.37237519979999995
0.35013887579999997
0.3077792968
0.2635286802
0.267274885
0.21762124499999996
0.1844797902
0.178986539
0.1621180438
0.18841078700000002
0.26430693180000003
0.20250424620000002
