0.6691818171999999
0.5984557531999999
0.5565879494
0.5309734678
0.5431111078
0.503225363
0.4234283252
0.32448410459999993
0.25267232920000005
0.2832758982
0.3590925746
0.3074428522
0.2631244684
0.2194973422
0.2144964924
0.19937389199999997
0.19000328799999996
0.196867508
0.1968463088
0.15350092320000003
0.15102241560000002
0.2251410182
0.23663356379999997
0.1878439298
0.1753434838
0.13294711180000002
0.08692773420000001
0.060709411000000005
0.0643503208
0.09384293699999999
0.1440566612
0.148616551
0.15415250060000002
0.159687382
0.1076312644
0.062972074
0.08271537479999999
0.09388279299999999
0.0901737968
0.0885141944
0.06791973379999999
0.035985704
0.022597572
-0.016476991599999997
-0.016331635799999997
-0.014936334399999997
-0.0237083204
-0.034423191199999995
0.0032110858
0.0435418356
0.1019328934
0.15685205679999997
0.1997333756
0.2270675818
0.1707775516
0.10667537600000002
0.0925966036
0.11213543160000002
0.1486652108
0.22648326819999998
0.22770409640000003
0.2834683766
0.3263456272
0.3376266558
0.3499581402
0.4226351098
0.3206287272
0.216411035
0.21714423900000002
0.22654540920000002
0.24752180780000002
0.3340683526
0.3282851548
0.33856022939999997
0.33869114199999995
0.3515447438
0.3778458526
0.46951859779999994
0.3978096814
0.30043176839999997
0.21252206580000005
0.124117781
0.1125113086
0.12898100659999998
0.1482519578
0.1799694742
0.1772214882
0.1269424074
0.14289015160000001
0.1626121082
0.115914797
0.1237784492
0.11579431740000001
0.0896938532
0.1588294994
0.1856757132
0.18668064780000002
0.2182571008
0.24589275119999998
0.2228993826
0.2896420242
0.3462587146
0.31833080259999996
0.2634744078
0.19258801860000002
0.1227932662
0.1136162446
0.12054629979999998
0.12548949199999998
0.1251930164
0.09468853559999998
0.0457664336
0.0517600602
0.0778082782
0.0958721776
0.1261752602
0.136296661
0.10923226059999999
0.1102831922
0.1003073032
0.0870076914
0.0634473958
0.0426833678
-0.0084651808
-0.0130211776
-0.015448807200000003
-0.019016033400000004
0.0362475538
0.1223804648
0.1359555154
0.1337741068
0.13257096159999998
0.0955439102
0.034546088999999995
-0.058288626200000006
-0.06752236019999999
-0.0722025286
-0.0750643718
-0.077060726
-0.0017046674000000006
0.0027679188
0.0018413947600000005
0.00101360556
0.00055644196
0.00047135216000000003
-0.01113655264
-0.0856283032
-0.0853542232
-0.0851414042
-0.0853871402
-0.073880254486
0.006079193314000001
0.022776867314
0.027298095914000002
0.029517905113999997
0.050959490600000004
0.075216929
0.043947450199999995
0.0222678798
0.020135702199999998
-0.0015982466000000026
-0.029494142
0.012771200200000003
0.031004318600000004
0.041578134800000006
0.040460438800000005
0.0565132104
0.0746081856
0.1345096448
0.1388006684
0.1385098738
0.12061674339999999
0.08230839100000001
0.0826039646
0.1922768836
0.2501030838
0.2632667132
0.24366619959999997
0.2371871444
0.24719106640000002
0.3254050232
0.42536524680000004
0.5357548228
0.5805328342
0.4651476516
0.3801580456
0.35795163399999996
0.31554165479999996
0.2705483162
0.2709064034
0.22190034760000005
0.18887780960000003
0.18366424499999998
0.1675553972
0.1922555092
0.2647610926
0.2074489428
