0.6327216766
0.5598664494000001
0.5180617302
0.49324567100000005
0.514844869
0.4676253290000001
0.3908014734
0.29117879
0.2194776944
0.265139433
0.3512882272000001
0.27917213380000006
0.239219358
0.19148365539999998
0.18877734699999998
0.17099066259999998
0.1654779388
0.1677587972
0.1712522402
0.1282131916
0.134148112
0.22001572239999997
0.2207959662
0.1613431594
0.14568833259999997
0.10045541120000001
0.0564780216
0.034734987800000006
0.03881692660000001
0.07637179520000001
0.131530707
0.1384293264
0.1466900062
0.15985886900000001
0.09598107660000002
0.048434202800000006
0.0609826682
0.0703314402
0.0645119638
0.06686633360000001
0.046297136
0.024331379799999997
0.0233023596
-0.012937170800000003
-0.018693603200000002
-0.017711913200000002
-0.030683120399999996
-0.048160000999999994
-0.0179393938
0.0217521792
0.0810273124
0.1363195194
0.18006499239999998
0.21691623819999997
0.1717083732
0.101867793
0.0868558032
0.10586480059999999
0.14234537619999998
0.2173651762
0.2020177016
0.2562941324
0.2988157534
0.3102045322
0.3232440412
0.4212941978
0.3183438962
0.20583967960000002
0.2071430226
0.21545747999999998
0.23389893720000005
0.32261053079999996
0.30188099479999997
0.3121059126
0.3100048606
0.3229375658
0.3511004044
0.46611218360000006
0.38741209439999996
0.2916159082
0.20305355240000003
0.11321010579999999
0.1023306974
0.11549293320000001
0.1314731442
0.16085563780000003
0.1561284348
0.10561831299999999
0.1317044988
0.1509868548
0.10037605759999998
0.11189137500000002
0.09692267200000002
0.07123375200000001
0.1459592894
0.1670872988
0.1714963874
0.20441406720000002
0.2315930704
0.2084021872
0.2877358272
0.338820147
0.31349369480000006
0.2543237916
0.17590770039999998
0.10488582980000001
0.0969094466
0.10466751459999998
0.11318922099999999
0.11451945639999998
0.0897442758
0.0422619318
0.049481967599999996
0.075840108
0.10008242040000001
0.11795692279999999
0.1267263642
0.09701120560000001
0.09706534600000001
0.0867852338
0.0802425866
0.057974648
0.0439603208
-0.0015567898000000053
-0.006560021800000001
-0.007772508600000001
-0.012825082399999998
0.030763404199999993
0.11239665439999999
0.1240932986
0.12163177919999998
0.12060207099999998
0.09136434880000001
0.038624179800000005
-0.0523582412
-0.0525137732
-0.0568204122
-0.059167672000000004
-0.0707711354
0.0035311611999999997
-0.0011371533999999998
-0.006340449400000001
-0.008042587
-0.0072013758000000015
-0.0057185992000000005
-0.007982011800000001
-0.07407781199999999
-0.06762203139999999
-0.06868541119999999
-0.06895602319999998
-0.06653150179999999
0.0092491298
0.019108303
0.015278870600000003
0.0175215874
0.038270411000000004
0.0621404222
0.03361360100000001
0.026687165800000003
0.021947869600000003
0.0010825688000000032
-0.027586358999999998
0.012678403
0.0247944592
0.030492867799999997
0.028249442199999995
0.044652808999999995
0.062152518000000004
0.12151854399999999
0.1328253688
0.1351009398
0.11310156379999999
0.0756903514
0.0723701222
0.181646876
0.2379816388
0.24258382540000004
0.22787319540000003
0.2184090644
0.22819580579999998
0.30628351340000004
0.42004853799999997
0.5244093812000001
0.5746653239999999
0.45081887839999996
0.35745683259999994
0.3354511554
0.2942311474
0.2505836052
0.25759362880000003
0.20400488700000002
0.17022230200000002
0.1659413378
0.1501742796
0.1756314724
0.261257285
0.1870547688
