1.0
1.0
1.0
0.999986984
0.982693773
0.982693773
0.982693773
0.982693773
0.982693773
0.982693773
0.982693773
0.982693773
0.982693773
0.98229127
0.964467234
0.909580096
0.871429827
0.871429827
0.871429827
0.871429827
0.871429827
0.871429827
0.871429827
0.871429827
0.871429827
0.871429827
0.871429827
0.871429827
0.871429827
0.871429827
0.871429827
0.871429827
0.871429827
0.871429827
0.871429827
0.849144709
0.835269809
0.83526419
0.83526419
0.83526419
0.83526419
0.83526419
0.83526419
0.83526419
0.83526419
0.83526419
0.83526419
0.83526419
0.83526419
0.83526419
0.83526419
0.820765654
0.820765654
0.820765654
0.820765654
0.820765654
0.820765654
0.814501693
0.807128163
0.807128163
0.807128163
0.807128163
0.807128163
0.807128163
0.807128163
0.807128163
0.785454585
0.785454585
0.785454585
0.785454585
0.785454585
0.785454585
0.785454585
0.785454585
0.785454585
0.785454585
0.785454585
0.785454585
0.785454585
0.785454585
0.785454585
0.785454585
0.785454585
0.785454585
0.785454585
0.785454585
0.785454585
0.785454585
0.785454585
0.785454585
0.76879647
0.76879647
0.76879647
0.76879647
0.76879647
0.76879647
0.76879647
0.76879647
0.76879647
0.76879647
0.76879647
0.750983199
0.750983199
0.750983199
0.735138208
0.735138208
0.735138208
0.735138208
0.735138208
0.735138208
0.735138208
0.735138208
0.735138208
0.735138208
0.735138208
0.72887166
0.72887166
0.72887166
0.72887166
0.72887166
0.72887166
0.72887166
0.72887166
0.72887166
0.72887166
0.714930362
0.714930362
0.714930362
0.69361673
0.69361673
0.69361673
0.69361673
0.69361673
0.69361673
0.69361673
0.69361673
0.69361673
0.69361673
0.69361673
0.69361673
0.69361673
0.69361673
0.69361673
0.69361673
0.685603936
0.685603936
0.685603936
0.685603936
0.685603936
0.660500088
0.660500088
0.660500088
0.660500088
0.660500088
0.660500088
0.660500088
0.660500088
0.660500088
0.660500088
0.660500088
0.660500088
0.660500088
0.660500088
0.660500088
0.660500088
0.660500088
0.660500088
0.660500088
0.631994833
