1.0
1.0
1.0
0.999986984
0.982634507
0.982634507
0.982634507
0.982634507
0.982634507
0.982634507
0.982634507
0.982634507
0.982634507
0.982221116
0.963473945
0.898260116
0.855014567
0.855014567
0.855014567
0.855014567
0.855014567
0.855014567
0.855014567
0.855014567
0.855014567
0.843118006
0.843118006
0.843118006
0.843118006
0.843118006
0.843118006
0.843118006
0.843118006
0.843118006
0.843118006
0.822175653
0.822175653
0.801961405
0.801961405
0.801961405
0.801961405
0.801961405
0.801961405
0.801961405
0.781129526
0.781129526
0.781129526
0.781129526
0.781129526
0.781129526
0.781129526
0.755094348
0.755094348
0.755094348
0.755094348
0.755094348
0.755094348
0.755094348
0.753217601
0.753217601
0.753217601
0.753217601
0.753217601
0.753217601
0.746470653
0.746470653
0.732401538
0.732401538
0.732401538
0.732401538
0.732401538
0.732401538
0.732401538
0.732401538
0.732401538
0.732401538
0.732401538
0.732401538
0.732401538
0.732401538
0.732401538
0.732401538
0.732401538
0.732401538
0.732401538
0.732401538
0.732401538
0.732401538
0.732401538
0.732401538
0.718809058
0.718809058
0.718809058
0.718809058
0.718809058
0.718809058
0.718809058
0.718809058
0.718809058
0.718809058
0.718809058
0.687033041
0.687033041
0.687033041
0.687033041
0.687033041
0.687033041
0.687033041
0.687033041
0.687033041
0.687033041
0.687033041
0.687033041
0.687033041
0.687033041
0.665994408
0.665994408
0.665994408
0.665994408
0.665994408
0.665994408
0.665994408
0.665994408
0.665994408
0.665994408
0.665994408
0.665994408
0.665994408
0.635130606
0.635130606
0.635130606
0.635130606
0.635130606
0.635130606
0.631164512
0.631164512
0.631164512
0.631164512
0.631164512
0.620757691
0.620757691
0.620757691
0.620757691
0.620757691
0.606762542
0.603012364
0.603012364
0.603012364
0.603012364
0.58862131
0.58862131
0.58862131
0.58862131
0.58862131
0.58862131
0.58862131
0.58862131
0.58862131
0.58862131
0.58862131
0.58862131
0.58862131
0.58862131
0.58862131
0.58862131
0.58862131
0.569207003
0.563766051
0.553227093
