1.0
0.996326726
0.996326726
0.996326726
0.996326726
0.996326726
0.996326726
0.995713788
0.992318019
0.963250135
0.7989368
0.7989368
0.7989368
0.7989368
0.7989368
0.73399522
0.688971487
0.688971487
0.688971487
0.688971487
0.670017727
0.670017727
0.670017727
0.670017727
0.670017727
0.670017727
0.670017727
0.633530688
0.633530688
0.633530688
0.633530688
0.573547643
0.573547643
0.573547643
0.573547643
0.561346624
0.561346624
0.561346624
0.561346624
0.561346624
0.561346624
0.561346624
0.561346624
0.561346624
0.561346624
0.561346624
0.561346624
0.561346624
0.561346624
0.561346624
0.561346624
0.536195437
0.536195437
0.536195437
0.536195437
0.536195437
0.536195437
0.536195437
0.536195437
0.536195437
0.536195437
0.536195437
0.476319105
0.476319105
0.476319105
0.476319105
0.476319105
0.476319105
0.476319105
0.476319105
0.476319105
0.476319105
0.476319105
0.459025027
0.459025027
0.459025027
0.459025027
0.459025027
0.459025027
0.459025027
0.459025027
0.459025027
0.459025027
0.459025027
0.459025027
0.459025027
0.459025027
0.459025027
0.459025027
0.373439744
0.373439744
0.373439744
0.373439744
0.373439744
0.373439744
0.373439744
0.373439744
0.373439744
0.373439744
0.373439744
0.373439744
0.373439744
0.373439744
0.373439744
0.373439744
0.373439744
0.373439744
0.373439744
0.373439744
0.373439744
0.32311298
0.32311298
0.32311298
0.308632997
0.308632997
0.308632997
0.308632997
0.299727191
0.299727191
0.299727191
0.299727191
0.299727191
0.293350641
0.293350641
0.293350641
0.293350641
0.293350641
0.293350641
0.293350641
0.293350641
0.293350641
0.277563555
0.277563555
0.277563555
0.277563555
0.277563555
0.27340784
0.27340784
0.267246289
0.267246289
0.267246289
0.267246289
0.267246289
0.267246289
0.267246289
0.267246289
0.267246289
0.267246289
0.267246289
0.267246289
0.267246289
0.267246289
0.266541466
0.266541466
0.266541466
0.266541466
0.266541466
0.266541466
0.266541466
0.266541466
0.266541466
0.266541466
0.266541466
0.266541466
0.266541466
0.243374604
0.243374604
0.243374604
0.243374604
