1.0
0.999964047
0.895929996
0.895929996
0.895929996
0.895929996
0.895929996
0.895929996
0.821822824
0.709300096
0.709300096
0.709300096
0.709300096
0.709300096
0.531338844
0.531338844
0.531338844
0.531338844
0.531338844
0.531338844
0.531338844
0.531338844
0.531338844
0.531338844
0.453778671
0.453778671
0.441080424
0.441080424
0.441080424
0.441080424
0.420198285
0.420198285
0.420198285
0.420198285
0.420198285
0.420198285
0.402563553
0.402563553
0.402563553
0.402563553
0.374596517
0.374596517
0.374596517
0.374596517
0.374596517
0.374596517
0.374596517
0.374596517
0.374596517
0.368901302
0.368901302
0.368901302
0.368901302
0.368901302
0.368901302
0.355692611
0.353783661
0.353783661
0.353783661
0.353783661
0.353783661
0.353783661
0.327493408
0.316957289
0.316957289
0.316957289
0.316957289
0.296837323
0.296837323
0.296837323
0.296837323
0.296837323
0.296837323
0.296837323
0.296837323
0.296837323
0.296837323
0.296837323
0.296837323
0.296837323
0.296837323
0.296837323
0.296837323
0.296837323
0.296837323
0.296837323
0.296837323
0.296837323
0.268157772
0.268157772
0.268157772
0.240515593
0.240515593
0.240515593
0.240515593
0.240515593
0.240515593
0.240515593
0.240515593
0.240515593
0.240515593
0.240515593
0.240515593
0.240515593
0.240515593
0.240515593
0.240515593
0.240515593
0.240515593
0.217306415
0.217306415
0.217306415
0.217306415
0.217306415
0.217306415
0.217306415
0.217306415
0.217306415
0.217306415
0.217306415
0.217306415
0.217306415
0.217306415
0.217306415
0.217306415
0.193951939
0.193951939
0.193951939
0.193951939
0.193951939
0.193951939
0.193951939
0.193951939
0.193951939
0.193951939
0.193951939
0.193951939
0.193951939
0.193951939
0.193951939
0.193951939
0.193951939
0.193951939
0.193951939
0.193951939
0.193951939
0.193951939
0.193951939
0.193951939
0.18584251
0.18584251
0.18584251
0.18584251
0.18584251
0.18584251
0.18584251
0.18584251
0.18584251
0.18584251
0.18584251
0.18584251
0.18584251
0.18584251
0.18584251
0.18584251
0.137577541
0.137577541
0.090696712
0.090696712
