1.0
1.0
0.999963818
0.811758218
0.808433731
0.808433731
0.808433731
0.808433731
0.808433731
0.745989128
0.117932254
0.117932254
0.117932254
0.117932254
0.117932254
0.089603481
0.089603481
0.089603481
0.089603481
0.089603481
0.089603481
0.067948238
0.067948238
0.067948238
0.067948238
0.067948238
0.067948238
0.067948238
0.067948238
0.067948238
0.067948238
0.058540144
0.058540144
0.058540144
0.058540144
0.058540144
0.058540144
0.058540144
0.058540144
0.058540144
0.058540144
0.058540144
0.058540144
0.058540144
0.058540144
0.058540144
0.058540144
0.058540144
0.058540144
0.058540144
0.058540144
0.058540144
0.058540144
0.058540144
0.058540144
0.058540144
0.058540144
0.058540144
0.058540144
0.058540144
0.058540144
0.056298239
0.056298239
0.056298239
0.056298239
0.056298239
0.056298239
0.056298239
0.056298239
0.056298239
0.056298239
0.056298239
0.056298239
0.056298239
0.056298239
0.056298239
0.056298239
0.056298239
0.056298239
0.056298239
0.056298239
0.056298239
0.056298239
0.056298239
0.056298239
0.056298239
0.056298239
0.056298239
0.056298239
0.056298239
0.056298239
0.056298239
0.056298239
0.056298239
0.056298239
0.056298239
0.056298239
0.056298239
0.056298239
0.056298239
0.056298239
0.056298239
0.056298239
0.056298239
0.056298239
0.056298239
0.056298239
0.056298239
0.056298239
0.056298239
0.056298239
0.056298239
0.049737701
0.049737701
0.049737701
0.049737701
0.049737701
0.049737701
0.049737701
0.049737701
0.049737701
0.049737701
0.049737701
0.049737701
0.040886343
0.040886343
0.040886343
0.040886343
0.040886343
0.040886343
0.040596843
0.040596843
0.040596843
0.040596843
0.040596843
0.040596843
0.040596843
0.040596843
0.040596843
0.040596843
0.040596843
0.040596843
0.040596843
0.040596843
0.040596843
0.040596843
0.040596843
0.040596843
0.016419823
0.016419823
0.016419823
0.016419823
0.016419823
0.016419823
0.016419823
0.016419823
0.016419823
0.016419823
0.016419823
0.016419823
0.016419823
0.008528375
0.008528375
0.008528375
0.008528375
0.008528375
0.00492214
0.00492214
0.0
0.0
