1.0
0.999999919
0.989692665
0.9110465
0.9110465
0.9110465
0.9110465
0.9110465
0.6963331
0.6963331
0.6963331
0.6963331
0.6963331
0.643205248
0.643205248
0.643205248
0.643205248
0.643205248
0.643205248
0.643205248
0.643205248
0.643205248
0.643205248
0.643205248
0.643205248
0.48988615
0.48988615
0.48988615
0.48988615
0.48988615
0.48988615
0.48988615
0.48988615
0.437807068
0.437807068
0.437807068
0.437807068
0.437807068
0.437807068
0.437807068
0.437807068
0.437807068
0.437807068
0.437807068
0.437807068
0.39903686
0.395797091
0.395797091
0.395797091
0.395797091
0.395797091
0.395797091
0.395797091
0.395797091
0.395797091
0.384437125
0.365418018
0.365418018
0.365418018
0.365418018
0.365418018
0.365418018
0.365418018
0.317720779
0.317720779
0.317720779
0.317720779
0.317720779
0.317720779
0.317720779
0.317720779
0.317720779
0.317720779
0.317720779
0.317720779
0.317720779
0.317720779
0.317720779
0.317720779
0.317720779
0.317720779
0.317720779
0.317720779
0.317720779
0.301969692
0.301969692
0.301969692
0.301969692
0.301969692
0.263916452
0.263916452
0.263916452
0.263916452
0.263916452
0.263916452
0.263916452
0.263916452
0.263916452
0.263916452
0.263916452
0.263916452
0.263916452
0.263916452
0.263916452
0.263916452
0.263916452
0.263916452
0.263916452
0.263916452
0.263916452
0.263916452
0.263916452
0.263916452
0.263916452
0.263916452
0.263916452
0.263916452
0.263916452
0.263916452
0.263916452
0.263916452
0.263916452
0.263916452
0.263916452
0.263916452
0.263916452
0.263916452
0.263916452
0.263916452
0.263916452
0.263916452
0.263916452
0.263916452
0.263916452
0.263916452
0.263916452
0.263916452
0.263916452
0.263916452
0.263916452
0.173674871
0.173674871
0.173674871
0.173674871
0.173674871
0.173674871
0.173674871
0.173674871
0.173674871
0.166484592
0.166484592
0.166484592
0.166484592
0.166484592
0.166484592
0.166484592
0.166484592
0.166484592
0.166484592
0.166484592
0.166484592
0.166484592
0.166484592
0.166484592
0.166484592
0.104763361
0.091007356
0.091007356
0.091007356
