1.0
0.999999918
0.989452447
0.762298665
0.762298665
0.762298665
0.762298665
0.762298665
0.316487816
0.316487816
0.316487816
0.316487816
0.316487816
0.316487816
0.231286705
0.231286705
0.231286705
0.231286705
0.231286705
0.231286705
0.231286705
0.231286705
0.231286705
0.231286705
0.231286705
0.090276076
0.090276076
0.090276076
0.090276076
0.090276076
0.090276076
0.090276076
0.090276076
0.090276076
0.090276076
0.090276076
0.090276076
0.090276076
0.090276076
0.090276076
0.090276076
0.090276076
0.090276076
0.090276076
0.090276076
0.090276076
0.090276076
0.090276076
0.090276076
0.090276076
0.090276076
0.090276076
0.090276076
0.090276076
0.090276076
0.090276076
0.090276076
0.090276076
0.090276076
0.090276076
0.090276076
0.090276076
0.090276076
0.090276076
0.090276076
0.090276076
0.089167033
0.089167033
0.089167033
0.089167033
0.089167033
0.089167033
0.089167033
0.089167033
0.089167033
0.089167033
0.089167033
0.089167033
0.089167033
0.089167033
0.089167033
0.089167033
0.089167033
0.089167033
0.089167033
0.089167033
0.089167033
0.089167033
0.074445625
0.072765597
0.072765597
0.072765597
0.072765597
0.072765597
0.072765597
0.072765597
0.072765597
0.072765597
0.072765597
0.072765597
0.072765597
0.072765597
0.072765597
0.072765597
0.072765597
0.072765597
0.072765597
0.072765597
0.072765597
0.072765597
0.072765597
0.072765597
0.072765597
0.072765597
0.072765597
0.072765597
0.072765597
0.072765597
0.072765597
0.072765597
0.072765597
0.072765597
0.072765597
0.072765597
0.072765597
0.072765597
0.072765597
0.072765597
0.072765597
0.072765597
0.072765597
0.072765597
0.072765597
0.072765597
0.072765597
0.072765597
0.072765597
0.072765597
0.072765597
0.072765597
0.047152324
0.034659742
0.034659742
0.028460352
0.028460352
0.028460352
0.028460352
0.028460352
0.028460352
0.028460352
0.028460352
0.028460352
0.028460352
0.028460352
0.015155391
0.013878538
0.013878538
0.013878538
0.013878538
0.013878538
0.013878538
0.006602182
0.006602182
0.003282841
0.003282841
0.003282841
0.003282841
0.0
0.0
