1.0
1.0
0.999766248
0.835938452
0.450333056
0.450333056
0.450333056
0.450333056
0.450333056
0.450333056
0.450333056
0.450333056
0.450333056
0.450333056
0.361698284
0.361698284
0.361698284
0.361698284
0.361698284
0.361698284
0.361698284
0.361698284
0.361698284
0.361698284
0.361698284
0.166500563
0.164561802
0.164561802
0.164561802
0.164561802
0.164561802
0.164561802
0.164561802
0.164561802
0.164561802
0.164561802
0.164561802
0.164561802
0.164561802
0.164561802
0.164561802
0.164561802
0.164561802
0.164561802
0.164561802
0.164561802
0.164561802
0.164561802
0.164561802
0.164561802
0.164561802
0.164561802
0.164561802
0.164561802
0.164561802
0.164561802
0.164561802
0.164561802
0.164561802
0.164561802
0.164561802
0.164561802
0.164561802
0.164561802
0.164561802
0.164561802
0.164561802
0.161981406
0.161981406
0.161981406
0.161981406
0.161981406
0.161981406
0.161981406
0.161981406
0.161981406
0.161981406
0.161981406
0.161981406
0.161981406
0.161981406
0.161981406
0.161981406
0.161981406
0.161981406
0.161981406
0.161981406
0.161981406
0.161981406
0.149275048
0.118153291
0.118153291
0.118153291
0.118153291
0.118153291
0.118153291
0.118153291
0.118153291
0.118153291
0.118153291
0.118153291
0.111927498
0.111927498
0.111927498
0.111927498
0.111927498
0.111927498
0.111927498
0.111927498
0.111927498
0.111927498
0.111927498
0.111927498
0.111927498
0.111927498
0.111927498
0.111927498
0.111927498
0.111927498
0.111927498
0.111927498
0.111927498
0.111927498
0.111927498
0.111927498
0.111927498
0.111927498
0.111927498
0.111927498
0.111927498
0.111927498
0.111927498
0.111927498
0.111927498
0.111927498
0.111927498
0.111927498
0.111927498
0.111927498
0.111927498
0.091900161
0.082040174
0.082040174
0.072393777
0.069320996
0.059446739
0.059446739
0.059446739
0.059446739
0.059446739
0.059446739
0.059446739
0.059446739
0.059446739
0.059446739
0.054836107
0.054836107
0.054836107
0.054836107
0.054836107
0.054836107
0.054836107
0.054836107
0.054836107
0.054836107
0.054836107
0.054836107
0.026466158
0.026466158
