1.0
1.0
0.999768134
0.842017822
0.691128527
0.691128527
0.691128527
0.691128527
0.691128527
0.691128527
0.691128527
0.691128527
0.691128527
0.691128527
0.61908866
0.589236698
0.589236698
0.589236698
0.589236698
0.589236698
0.589236698
0.589236698
0.589236698
0.589236698
0.589236698
0.421511963
0.421511963
0.421511963
0.421511963
0.421511963
0.421511963
0.421511963
0.421511963
0.421511963
0.421511963
0.390291187
0.365079198
0.365079198
0.365079198
0.365079198
0.365079198
0.365079198
0.365079198
0.365079198
0.365079198
0.365079198
0.320541214
0.320541214
0.320541214
0.320541214
0.320541214
0.320541214
0.318795517
0.318795517
0.318795517
0.318795517
0.318795517
0.318795517
0.318795517
0.318795517
0.318795517
0.318795517
0.318795517
0.318795517
0.318795517
0.318795517
0.318795517
0.318795517
0.318795517
0.318795517
0.318795517
0.318795517
0.318795517
0.318795517
0.318795517
0.318795517
0.318795517
0.318795517
0.318795517
0.318795517
0.318795517
0.318795517
0.318795517
0.318795517
0.318795517
0.318795517
0.318795517
0.318795517
0.318795517
0.306045589
0.255568166
0.255568166
0.255568166
0.255568166
0.255568166
0.255568166
0.255568166
0.255568166
0.255568166
0.255568166
0.255568166
0.251286885
0.251286885
0.251286885
0.251286885
0.251286885
0.251286885
0.251286885
0.251286885
0.251286885
0.251286885
0.251286885
0.251286885
0.251286885
0.251286885
0.251286885
0.251286885
0.251286885
0.251286885
0.251286885
0.251286885
0.251286885
0.251286885
0.251286885
0.251286885
0.251286885
0.251286885
0.251286885
0.251286885
0.251286885
0.251286885
0.251286885
0.251286885
0.251286885
0.251286885
0.251286885
0.251286885
0.251286885
0.251286885
0.251286885
0.204132763
0.17013883
0.17013883
0.16506871
0.16506871
0.16506871
0.16506871
0.16506871
0.16506871
0.16506871
0.146053258
0.146053258
0.143107664
0.143107664
0.143107664
0.143107664
0.143107664
0.143107664
0.143107664
0.143107664
0.143107664
0.143107664
0.143107664
0.143107664
0.126516817
0.126516817
0.121525103
0.091386757
0.091386757
