1.0
1.0
0.999997564
0.986693757
0.823182434
0.823182434
0.823182434
0.823182434
0.823182434
0.823182434
0.823182434
0.823182434
0.823182434
0.823182434
0.773689957
0.773689957
0.773689957
0.773689957
0.773689957
0.773689957
0.773689957
0.773689957
0.773689957
0.773689957
0.752991577
0.623230934
0.623230934
0.623230934
0.623230934
0.623230934
0.623230934
0.623230934
0.623230934
0.571154617
0.571154617
0.571154617
0.571154617
0.571154617
0.571154617
0.571154617
0.571154617
0.571154617
0.571154617
0.571154617
0.571154617
0.571154617
0.539040334
0.527586538
0.527586538
0.527586538
0.527586538
0.527586538
0.527586538
0.527586538
0.527586538
0.527586538
0.527586538
0.527586538
0.523554964
0.523554964
0.523554964
0.523554964
0.523554964
0.523554964
0.523554964
0.523554964
0.523554964
0.46678888
0.46678888
0.46678888
0.46678888
0.46678888
0.46678888
0.46678888
0.46678888
0.46678888
0.46678888
0.46678888
0.46678888
0.46678888
0.46678888
0.46678888
0.46678888
0.46678888
0.46678888
0.46678888
0.46678888
0.46678888
0.46678888
0.46678888
0.446957304
0.446957304
0.446957304
0.446957304
0.446957304
0.446957304
0.446957304
0.446957304
0.446957304
0.446957304
0.446957304
0.353759892
0.353759892
0.353759892
0.353759892
0.353759892
0.353759892
0.353759892
0.353759892
0.353759892
0.353759892
0.353759892
0.353759892
0.353759892
0.353759892
0.353759892
0.353759892
0.353759892
0.353759892
0.353759892
0.353759892
0.353759892
0.353759892
0.353759892
0.353759892
0.353759892
0.353759892
0.353759892
0.353759892
0.353759892
0.353759892
0.353759892
0.353759892
0.353759892
0.353759892
0.353759892
0.353759892
0.353759892
0.353759892
0.353759892
0.317824201
0.27971504
0.27971504
0.271059173
0.271059173
0.271059173
0.271059173
0.271059173
0.271059173
0.271059173
0.271059173
0.25652424
0.241820794
0.241820794
0.241820794
0.241820794
0.241820794
0.241820794
0.241820794
0.241820794
0.241820794
0.241820794
0.241820794
0.241820794
0.241820794
0.241820794
0.241820794
0.238512583
0.238512583
