1.0
1.0
0.999997549
0.986333331
0.515943048
0.515943048
0.515943048
0.515943048
0.515943048
0.515943048
0.515943048
0.515943048
0.515943048
0.515943048
0.515943048
0.515943048
0.515943048
0.515943048
0.515943048
0.515943048
0.515943048
0.515943048
0.515943048
0.515943048
0.451799473
0.342596507
0.31667975
0.31667975
0.31667975
0.31667975
0.31667975
0.31667975
0.31667975
0.31667975
0.31667975
0.31667975
0.31667975
0.31667975
0.31667975
0.31667975
0.31667975
0.31667975
0.31667975
0.31667975
0.289309114
0.289309114
0.289309114
0.289309114
0.289309114
0.289309114
0.289309114
0.289309114
0.285492569
0.285492569
0.285492569
0.285492569
0.285492569
0.285492569
0.285492569
0.285492569
0.285492569
0.285492569
0.285492569
0.285492569
0.285492569
0.285492569
0.285492569
0.249462425
0.249462425
0.249462425
0.249462425
0.249462425
0.249462425
0.249462425
0.249462425
0.249462425
0.249462425
0.249462425
0.249462425
0.249462425
0.249462425
0.249462425
0.249462425
0.249462425
0.249462425
0.249462425
0.249462425
0.249462425
0.249462425
0.244617289
0.244617289
0.244617289
0.244617289
0.244617289
0.244617289
0.244617289
0.244617289
0.244617289
0.244617289
0.244617289
0.244617289
0.173628396
0.169606029
0.169606029
0.169606029
0.169606029
0.169606029
0.169606029
0.169606029
0.169606029
0.169606029
0.169606029
0.169606029
0.169606029
0.169606029
0.169606029
0.160590358
0.155377242
0.155377242
0.155377242
0.155377242
0.155377242
0.155377242
0.155377242
0.155377242
0.155377242
0.155377242
0.155377242
0.155377242
0.1550459
0.1550459
0.1550459
0.1550459
0.1550459
0.1550459
0.1550459
0.1550459
0.1550459
0.1550459
0.1550459
0.13437021
0.132536709
0.132536709
0.132536709
0.132536709
0.132536709
0.132536709
0.132536709
0.132536709
0.132536709
0.132536709
0.132536709
0.132536709
0.132536709
0.132536709
0.114291076
0.114291076
0.114291076
0.114291076
0.114291076
0.114291076
0.114291076
0.114291076
0.114291076
0.114291076
0.114291076
0.114291076
0.114291076
0.114291076
