1.0
1.0
0.999997564
0.986691374
0.815375617
0.815375617
0.815375617
0.815375617
0.815375617
0.815375617
0.815375617
0.815375617
0.815375617
0.815375617
0.7674688
0.7674688
0.7674688
0.7674688
0.7674688
0.7674688
0.7674688
0.7674688
0.7674688
0.7674688
0.745327437
0.60899341
0.60899341
0.60899341
0.60899341
0.60899341
0.60899341
0.60899341
0.60899341
0.558772159
0.558772159
0.558772159
0.558772159
0.558772159
0.558772159
0.558772159
0.558772159
0.558772159
0.558772159
0.558772159
0.558772159
0.558772159
0.527400423
0.522599714
0.522599714
0.522599714
0.522599714
0.522599714
0.522599714
0.522599714
0.522599714
0.522599714
0.522599714
0.522599714
0.511983171
0.511983171
0.511983171
0.511983171
0.511983171
0.511983171
0.511983171
0.511983171
0.511983171
0.460751584
0.460751584
0.460751584
0.460751584
0.460751584
0.460751584
0.460751584
0.460751584
0.460751584
0.460751584
0.460751584
0.460751584
0.460751584
0.460751584
0.460751584
0.460751584
0.460751584
0.460751584
0.460751584
0.460751584
0.460751584
0.460751584
0.460751584
0.442784826
0.442784826
0.442784826
0.442784826
0.442784826
0.442784826
0.442784826
0.442784826
0.442784826
0.442784826
0.442784826
0.347183968
0.347183968
0.347183968
0.347183968
0.347183968
0.347183968
0.347183968
0.347183968
0.347183968
0.347183968
0.347183968
0.347183968
0.347183968
0.347183968
0.347183968
0.347183968
0.347183968
0.347183968
0.347183968
0.347183968
0.347183968
0.347183968
0.347183968
0.347183968
0.347183968
0.347183968
0.347183968
0.347183968
0.347183968
0.347183968
0.347183968
0.347183968
0.347183968
0.347183968
0.347183968
0.347183968
0.347183968
0.347183968
0.347183968
0.309513522
0.274687675
0.274687675
0.264797675
0.264797675
0.264797675
0.264797675
0.264797675
0.264797675
0.264797675
0.264797675
0.252921628
0.23723363
0.23723363
0.23723363
0.23723363
0.23723363
0.23723363
0.23723363
0.23723363
0.23723363
0.23723363
0.23723363
0.23723363
0.23723363
0.23723363
0.23723363
0.23723363
0.23723363
