0.38159263120000003
0.30298426840000003
0.22206441449999992
0.1952985062
0.19010887999999998
0.1866216523
0.1880560506
0.18723439059999997
0.1836915286
0.18296048780000002
0.1761300579
0.1708341236
0.1674161285
0.1639254671
0.1610791087
0.1582218098
0.1536953903
0.15116071800000003
0.1483582155
0.14329064800000002
0.13866545140000003
0.13416019350000002
0.1295819386
0.1256315938
0.1216252265
0.1184880733
0.11533060619999999
0.1125034345
0.1097647683
0.10772914280000001
0.1062880414
0.1049306114
0.10432238140000001
0.1028171439
0.10162951819999999
0.10054460439999999
0.1002173454
0.099821582
0.09945257030000001
0.0988451569
0.09858921429999999
0.098053484
0.09761122759999999
0.0975226568
0.09775440789999999
0.0979417969
0.09806883849999999
0.09764395979999999
0.0970688384
0.0959786277
0.0946728997
0.09355635739999998
0.0922484474
0.09113576009999999
0.089761634
0.08857266820000001
0.08734208530000001
0.0864915416
0.0857611761
0.08568602539999999
0.08554037939999999
0.08538800719999999
0.0853479415
0.0853168459
0.08496155809999999
0.08459561089999998
0.0843029469
0.08378540279999999
0.0834712116
0.08321953489999999
0.0829714462
0.08275410450000001
0.08254265150000001
0.0822310695
0.0822085899
0.0817293336
0.0811653903
0.08063538309999999
0.0803509893
0.0797787848
0.07912305659999999
0.0780695468
0.0770194558
0.0759287957
0.0749931425
0.07423034929999998
0.0737190214
0.0731760045
0.07231522100000001
0.07172418819999998
0.0711016416
0.07091161459999999
0.07065093959999999
0.07065697699999998
0.07021873790000001
0.06985096160000001
0.06942117290000001
0.06915388650000001
0.068942369
0.0683616137
0.0679686877
0.0675887748
0.06744422359999999
0.0670243134
0.06689335079999999
0.06687899859999999
0.06674474439999999
0.0665459353
0.06637933630000001
0.06606580949999999
0.06598585589999999
0.0656834891
0.065383875
0.0650648052
0.06500100900000001
0.0645721564
0.06394093980000001
0.06335767010000001
0.06281310050000001
0.0623279325
0.061492593799999995
0.06084070579999999
0.060120084
0.05955228760000001
0.05875340920000001
0.058223056399999994
0.0579165121
0.0575680097
0.05712818259999999
0.056962821899999995
0.0568776124
0.056763686300000005
0.056641456699999995
0.0564354664
0.056395524200000005
0.05631406370000001
0.0560932797
0.055895045500000004
0.0557993197
0.05587651149999999
0.055818137600000005
0.0558538762
0.05588693629999999
0.055904235299999994
0.055744374799999996
0.05571302260000001
0.05557218670000001
0.0554054985
0.055201668800000006
0.054725460299999994
0.0542325646
0.053842969100000006
0.05336900210000001
0.05310041120000001
0.0526888091
0.0523228563
0.0519579248
0.05168313640000001
0.051247274800000006
0.0509482387
0.0508693948
0.050675377199999996
0.05018795429999999
0.0497761262
0.049225689499999996
0.0485240667
0.0481810258
0.0477186221
0.0474159639
