0.6554749307000001
0.6052721582000001
0.5663644049000001
0.5504663177
0.5323531474000001
0.5124752592999998
0.49390375570000006
0.4714615263999999
0.4341622752
0.4335077232000001
0.4336438975
0.42691638700000006
0.4097249411000001
0.38781235150000004
0.379472644
0.37824233949999997
0.37964737130000004
0.3916991674
0.4085428347000001
0.4114275321
0.4128451675
0.4050183619
0.39467794660000005
0.3883732551
0.3761391368
0.36695023960000006
0.3599213137
0.35413580989999993
0.3468623367
0.3382386101
0.32763785019999997
0.3192786647
0.31520175029999997
0.3046802298
0.296812454
0.2910056888
0.2861679104
0.2807945943
0.2746919913
0.2733058771
0.2734438418
0.2732326625
0.26974387140000006
0.27012828130000005
0.2724793959
0.2743433143
0.2762505647
0.2776597391
0.2795586085
0.2754907766
0.2722533039
0.2708102294
0.27039839250000003
0.2700492696
0.2669124583
0.2615970867
0.2551102729
0.2501364748
0.24444707100000002
0.2423580495
0.24052635749999998
0.23860947449999997
0.23598956329999998
0.23250729139999998
0.2280390074
0.2237981732
0.2202046845
0.2173529253
0.21697697760000004
0.2151264242
0.2139122563
0.2116291737
0.2088974462
0.2078004983
0.2056457349
0.2066572038
0.2073270686
0.2065865062
0.2065090439
0.20695111970000002
0.20517778120000002
0.203259391
0.20198290970000002
0.20031226749999997
0.20030922950000002
0.1984985978
0.1978094017
0.19741185049999999
0.1954892487
0.1933306732
0.1925785182
0.1932783004
0.19330146999999998
0.19312042599999996
0.1929224211
0.1931539807
0.19220545890000001
0.1902817248
0.1893205913
0.1866318665
0.1846328045
0.18230152049999998
0.18132617369999998
0.17957080839999998
0.177653036
0.1756126435
0.17369611889999997
0.17201646850000002
0.1708331626
0.171947526
0.1721243587
0.17221000139999998
0.1719002116
0.1720909313
0.1731504087
0.1727833304
0.17329990769999998
0.17423393769999998
0.1744419964
0.17374156429999998
0.17255215299999999
0.1718404337
0.1709684437
0.1697257888
0.16778537149999997
0.16755522539999998
0.16660420199999998
0.1657615954
0.16446744389999998
0.16268944999999996
0.16245401869999998
0.1615607818
0.16129364300000001
0.16086094680000002
0.16026237270000002
0.1597954234
0.1594198592
0.15883346920000002
0.157720721
0.1579979379
0.15725234440000002
0.15708243460000001
0.15564403720000003
0.15548733860000002
0.15595757540000002
0.15583036769999997
0.15561580470000003
0.1552201236
0.15593107870000003
0.15569887050000003
0.1553344156
0.15474717840000002
0.1545544008
0.1539505787
0.15300292980000002
0.1517991941
0.15065347109999996
0.1497251053
0.14869631779999998
0.14792410560000002
0.1474044203
0.14702406050000003
0.1463416389
0.1444077419
0.14283013629999997
0.14111202659999997
0.1396909944
0.1387322588
0.1379326776
