0.6195301381333334
0.5782173404000001
0.529192452
0.49034035526666664
0.46579005953333336
0.4481992535333332
0.43917752686666667
0.43584146293333326
0.42462027433333327
0.4310989502
0.43470841066666666
0.42780081580000007
0.4127489603333334
0.3957246999333333
0.38517298266666666
0.3817791923333333
0.37992059766666664
0.38465240973333337
0.39409426093333344
0.3928532259333333
0.3902459720666667
0.3831374336000001
0.3756895395333334
0.36842469006666667
0.3576836267333333
0.3480428661333333
0.33967479326666666
0.33365413166666663
0.3248525243333333
0.3164431738666666
0.3090196529333333
0.3039037992666666
0.2997673046666666
0.2926371808666667
0.2891281202666667
0.28570526760000003
0.2818823591333333
0.27739283933333336
0.2736964874
0.27260369773333337
0.27348996233333334
0.27521839926666664
0.2747392972
0.2758894333333334
0.27491366866666667
0.27320367766666664
0.27164390513333336
0.27046203813333336
0.2706013396
0.2683414185333334
0.26559212559999995
0.26313680619999996
0.2616676994666666
0.25876862646666665
0.25483277106666663
0.2506590398
0.24654984499999996
0.2426819209333333
0.23923379486666663
0.23670690573333333
0.2332887051333333
0.2293997762666667
0.22630405466666664
0.22338709846666666
0.22030874833333333
0.21886915286666667
0.21756244553333332
0.2151892352
0.21480274640000002
0.21223202933333332
0.21070926933333334
0.208544839
0.20670201659999998
0.20605493346666665
0.2062501565333333
0.2064555582
0.2062655832
0.20494255813333334
0.2036929396666667
0.20235389953333335
0.20043349700000002
0.1993316576666667
0.1990449528
0.1978474337333333
0.1980401154
0.1970697678
0.19689973773333333
0.1960858673333333
0.19476719439999998
0.1930014338
0.19241762999999998
0.1919623696
0.19124416286666662
0.19051964959999998
0.1889218734
0.1878259056
0.1865611502666667
0.18536208280000002
0.18415490086666667
0.18254967566666663
0.18110704686666665
0.1789075819333333
0.17705416186666667
0.17566147399999998
0.17493861
0.17380615759999998
0.17323084526666668
0.17310774066666665
0.17266846086666668
0.1735620371333333
0.1732073974666667
0.17290650673333333
0.1723260045333333
0.17224226599999998
0.17233096219999997
0.1717658306
0.1719937218
0.17240905746666665
0.17193021166666667
0.17078726746666667
0.1701613086
0.1691693071333333
0.16823359373333335
0.16715994106666665
0.16535698973333332
0.1648796228
0.16416763786666666
0.16378219433333333
0.16287617859999995
0.1618011397333333
0.16165682219999997
0.16088892413333333
0.16014361073333336
0.15915656253333335
0.158832034
0.15801103546666667
0.15781979293333334
0.15703715553333336
0.15688944173333336
0.15731322333333336
0.1572410548666667
0.1569256060666667
0.1560945978
0.15586998380000003
0.15578969920000002
0.15503703026666665
0.1547046724
0.15418444326666667
0.15437601353333333
0.15398321793333336
0.15360562133333333
0.15263963039999998
0.15214864319999996
0.15134263659999997
0.15043405266666665
0.14941973200000003
0.1489768429333333
0.14826545346666667
0.146693789
0.14540406179999998
0.14412402866666665
0.1426021744
0.14160054853333331
0.14066403586666668
