0.5296078533333332
0.4816458387333333
0.4288937670666666
0.39151540279999986
0.3659137025333334
0.3485299029333334
0.34082926273333336
0.33968275113333335
0.3310157117333334
0.332414847
0.33176668973333334
0.32510610539999996
0.3147592636
0.30329963133333326
0.29795530666666664
0.2944565114666667
0.2932479886
0.29611135266666666
0.30164046120000004
0.3004591375333333
0.29765228786666664
0.2904847046
0.2837096490666667
0.2764275389333333
0.2671917056
0.25876334780000004
0.2514952368
0.2457216084666667
0.2384640064
0.23092190613333335
0.22507497733333331
0.22116691093333335
0.21796367546666667
0.21373003753333336
0.21093624333333336
0.20899733573333334
0.2067881751333334
0.20377152606666668
0.20205348780000001
0.20166061173333336
0.20216774713333335
0.20345885393333332
0.20365723319999998
0.20478103639999998
0.2048398236
0.20455385720000002
0.20390170773333335
0.20300519573333334
0.20249150386666667
0.20115324813333332
0.19912935626666667
0.19846814473333332
0.19770107539999995
0.19611533399999995
0.19394405753333335
0.19072380753333334
0.18743635813333331
0.18446149753333335
0.18216233493333334
0.1799964358
0.17742418720000003
0.1749256048
0.17323179533333335
0.17168038959999998
0.1698898974
0.1688661644
0.16785051346666663
0.16623994466666664
0.16490301079999997
0.16283664566666667
0.16256408759999996
0.16185734919999997
0.1611111414
0.16083961053333332
0.16055542646666668
0.1607359948
0.1604883674
0.15936195379999998
0.15864070446666664
0.1578178568
0.15679760153333333
0.1558229492
0.15508340240000001
0.15471377626666669
0.15439470420000004
0.15358577040000004
0.15299648473333335
0.15231548913333331
0.15122325506666667
0.150269594
0.14902889273333336
0.14782528906666664
0.1471451201333333
0.1460258934
0.14505757513333334
0.14393624766666668
0.14275326973333333
0.14237129373333335
0.14165245193333334
0.14113471526666668
0.14035918926666666
0.13939317273333335
0.13848673853333335
0.13780385746666665
0.13724124333333332
0.13680090506666667
0.1366455616
0.13662110819999998
0.13648514693333333
0.13670541679999998
0.13672340166666663
0.1363509152
0.13546095373333333
0.13483330526666668
0.13370413193333333
0.13275766659999996
0.13186507726666666
0.13135060286666667
0.13033867986666667
0.12913369473333336
0.12807302426666667
0.12726684893333334
0.12643595533333335
0.1255776004
0.12432077420000001
0.12348277446666665
0.12283347986666665
0.12235775006666666
0.12156016039999999
0.12138050559999998
0.12127425746666667
0.12117143753333333
0.12054153486666666
0.12009193119999999
0.12050730599999998
0.12048121926666666
0.1203561336
0.119943739
0.1200386414
0.12049381140000001
0.12052913766666667
0.12044737233333334
0.12017470146666669
0.12017551606666667
0.11996873113333334
0.11970705760000001
0.11928733579999999
0.11945675966666668
0.11964008126666667
0.11925315766666668
0.1189988512
0.11852134379999997
0.11797938426666664
0.116939856
0.11595217706666668
0.11534044140000001
0.11479817553333331
0.11421281186666667
0.11319956226666665
0.11250111746666666
0.11165906419999999
0.11106747593333334
0.11030050846666667
0.10908894653333336
