0.27886134455
0.23690919600000004
0.19474027149999995
0.17961198665
0.17559399435
0.17242173104999997
0.17087572045
0.1691975543
0.16602487205
0.16312556790000005
0.15739775465
0.15249715855
0.14849903355
0.14477853045
0.14135216759999997
0.13835494155
0.13451299825000002
0.13183207624999999
0.12906149190000002
0.12550989540000002
0.12247674640000002
0.11954540245
0.11695215999999997
0.11422436885000001
0.11162737235000002
0.10951633885
0.1077739758
0.10616250825
0.10460866929999998
0.10328714985000001
0.10243862784999999
0.1014920477
0.1009668045
0.10016990035
0.09969196304999998
0.09924320065
0.09914309195000001
0.0987327709
0.09826070435
0.0974118923
0.096631057
0.09580492069999999
0.0949298375
0.09432920845
0.09375802094999999
0.09325723254999999
0.09270546189999998
0.09206775069999998
0.09141500724999999
0.09083232655
0.09010663954999999
0.0894721823
0.08879819445
0.088226303
0.08736159605
0.08658413955000001
0.0858225161
0.0851384722
0.08461619385
0.08445278014999999
0.08425591279999999
0.08407105584999999
0.08394529649999997
0.08377395769999998
0.08358507399999998
0.08316247224999998
0.08273416859999999
0.08221039294999999
0.08191110044999998
0.08149915984999999
0.0810472514
0.08041182565
0.07978105365
0.07907993259999999
0.07860086620000001
0.07797984145
0.07744220585
0.07690569380000001
0.07633310515
0.07575148649999999
0.0751123491
0.0744905807
0.0738351977
0.07329288635
0.0726059402
0.07204065544999999
0.07157009714999998
0.0711649455
0.070628795
0.07004290094999999
0.06953516465000001
0.0692501947
0.0690475816
0.06884064520000001
0.06855604435000001
0.06836498010000001
0.06808295865000001
0.0678499109
0.06766085265
0.0672137116
0.0669772718
0.06663613195000001
0.0664140493
0.0660445593
0.0659471799
0.0657255775
0.06534284209999999
0.06495180269999999
0.06459621839999999
0.06419687099999999
0.06373922484999998
0.06326209745
0.06275197950000001
0.06230854640000001
0.06187720910000002
0.061397606400000006
0.06092872595
0.06046283990000001
0.059970641550000016
0.059645377200000016
0.05918510310000001
0.05880219605000001
0.05838077035
0.05799387699999999
0.05757446670000001
0.05726856004999999
0.0570048959
0.0567315276
0.05646375115
0.056419666699999996
0.05634787499999999
0.05630878125000001
0.056264196499999995
0.056169850849999994
0.05606994950000001
0.05601354315
0.0558327332
0.055650272
0.05550049425
0.0553009859
0.055025351099999995
0.05484842264999999
0.054627969199999994
0.05450232325
0.054216591950000004
0.054017939449999997
0.05376505575
0.053544317450000004
0.05322447179999999
0.05283684949999999
0.0525509797
0.052259173150000005
0.0517784782
0.05143826870000001
0.05095724930000001
0.0504234615
0.0500694753
0.04970087925000001
0.04933161935000001
