0.5445594141
0.5160942726
0.48804467299999993
0.4691393345999999
0.45591289569999993
0.44535879939999995
0.4367755634999999
0.43158034689999997
0.42135255495
0.42246762765
0.42324453250000005
0.41596737445
0.40220144385
0.38809280330000007
0.3778058904
0.37259628955
0.36978434250000003
0.3729174886500001
0.3777025857000001
0.37483307109999997
0.37024150885000007
0.36214851330000003
0.35493984845000004
0.3465267424499999
0.33647579539999994
0.3289779641999999
0.32304461204999996
0.3174652020999999
0.31077716399999994
0.30577224359999994
0.300540846
0.29625566359999994
0.29247281085
0.28740425555000004
0.2846459249500001
0.28267450155
0.28120923755000005
0.27922716670000003
0.27712529990000007
0.27439832685
0.27284857284999997
0.27202144594999994
0.27007113195
0.27008877545000004
0.2696959271
0.2679702005000001
0.26568041880000004
0.26389810695000004
0.26200283975
0.25892441305
0.2563898307
0.25470985195
0.2531939779
0.2512782805
0.24747573285
0.24269762994999997
0.23765747869999995
0.23374470004999992
0.23071202429999996
0.22874223684999997
0.22721930689999997
0.22511932410000007
0.22244350475000002
0.22015389485
0.21684237115
0.21522768850000001
0.21376587654999998
0.21196971575
0.21174301075000002
0.21103877194999998
0.20954501875
0.20744428235
0.20544017795
0.2040563829
0.20297748219999998
0.20257790080000002
0.20256823515
0.20199917835
0.20099914630000004
0.20014089645000005
0.1988781497
0.1982688457
0.19764218984999998
0.19671634675
0.1966158253
0.19582628924999998
0.19500743029999998
0.19384678764999996
0.19240491999999998
0.18998126985
0.18860566134999998
0.18778991044999999
0.18731382184999998
0.18634561719999998
0.18528772855
0.1843833121
0.1829507889
0.18114909665
0.18007687695000002
0.17928969625
0.1783785816
0.17725576095
0.17661319265
0.17583086985
0.17540172235
0.17419798695
0.1734980133
0.17312520309999996
0.17263757949999997
0.17284454514999997
0.17233825585
0.17202521755
0.17143432764999997
0.17090836004999999
0.1704678901
0.1701692779
0.16995205485
0.16999776655
0.16945472015000002
0.16821550715
0.16750308585
0.16670060775
0.16613104335
0.16529336779999998
0.16402387209999997
0.1636753244
0.16301203059999997
0.16229753230000002
0.16109408244999995
0.16034369394999998
0.15985318155
0.15932160820000002
0.1584688401
0.15817414270000002
0.15810997405000002
0.15781289555000003
0.15751783195000002
0.15702679640000003
0.15682589985
0.1568484042
0.15629338
0.1559148065
0.15509921899999998
0.15471895865000002
0.1544802526
0.15381478089999998
0.15313463789999998
0.15247261445
0.15231369825
0.15181148805
0.15136941794999997
0.15088561944999998
0.15044801984999995
0.14917916029999995
0.14791653305
0.14645561035000002
0.14517223274999996
0.14422868205
0.1433144977
