0.45804401484999985
0.42477298370000005
0.39191035784999995
0.37181726839999996
0.35725248870000004
0.34672728655000007
0.33962393675
0.33643124545
0.3278914716
0.32628489865
0.3234994167
0.31622497615
0.30624374755000006
0.29589466529999997
0.28901985795
0.28407734075
0.2814021331
0.28302226935
0.2855013705000001
0.28321099099999997
0.27940237019999997
0.27262341729999995
0.26596038845
0.2584776926
0.25016519299999995
0.2434806324
0.23827058029999998
0.23364705645000003
0.22871746995
0.22375556045000003
0.21998295895000003
0.21655727300000005
0.2137673994
0.21081114045000002
0.20911209665000002
0.20778896465000002
0.20735402930000008
0.20592107655
0.20474281570000002
0.2034012815
0.20282351445
0.20257543349999999
0.2016097469
0.20173809304999998
0.20142906695
0.20052374315
0.19953319835
0.19857044935
0.19760011279999998
0.19636795730000003
0.19408381850000003
0.19284016654999997
0.19143855514999997
0.18982445104999995
0.18715314955
0.18426584450000003
0.18117549665000002
0.17879066850000003
0.17691260795000002
0.17521662229999999
0.17375797355
0.17249480265
0.17099651105
0.16940874299999997
0.16763050544999997
0.166659867
0.16538206989999998
0.16399610464999997
0.16336765844999998
0.16211167625
0.16177498494999998
0.16096450359999998
0.1599660107
0.1592713851
0.15858268805
0.1582880343
0.15816781095
0.15738521635
0.15668378300000002
0.15600911055000002
0.15519957150000002
0.15424154835000004
0.15355276300000004
0.15310784165000005
0.15268638750000005
0.15162358880000007
0.15044045850000004
0.14949149475
0.14816109725000004
0.14695929955000003
0.14568822395000003
0.1448664877
0.14464222129999998
0.1439425936
0.14349675439999998
0.1428707623
0.141919216
0.14110526510000002
0.14042540255
0.13982129185
0.13903493979999998
0.13817726614999998
0.13772070904999997
0.13710751614999997
0.13678616664999996
0.13645910565
0.13626070729999998
0.13587909649999996
0.1355481525
0.13498167199999997
0.13448682649999996
0.13375307165
0.13283974694999998
0.13194007349999998
0.13082052644999997
0.12982031604999997
0.12908252330000003
0.12868262165000002
0.12793782335
0.12709581480000004
0.12647050769999998
0.125901646
0.1251815779
0.12435441259999998
0.12348798859999999
0.12289996834999997
0.12236846339999999
0.12165018280000002
0.12088404295000002
0.12092290700000001
0.12061298055
0.12045081554999999
0.12012747374999999
0.12021279449999997
0.12061590229999997
0.12081259274999998
0.12078703854999999
0.1204856375
0.12030284935000002
0.12022395630000002
0.1200681807
0.11970885535
0.11947444
0.1194439836
0.11932739605
0.11890642585000002
0.11846324524999999
0.11820586079999999
0.1178487381
0.11719955560000002
0.11695700935000002
0.11661857
0.11618744214999999
0.11517353999999999
0.11422943585
0.1134156256
0.11267393304999998
0.11206879524999999
0.11112905645
