0.5513278547199999
0.52744868012
0.50368362528
0.4883250484799999
0.47696852243999993
0.46822966339999994
0.460160097
0.4543378751599999
0.44536722075999996
0.4464848035599999
0.44517056531999993
0.43723780787999994
0.42485577031999994
0.40955408839999996
0.39857320815999997
0.3924151418400001
0.3887587621600001
0.3909064843200001
0.39294578476
0.38774242663999997
0.38302338448
0.37543476288
0.36810872347999996
0.36083135760000007
0.3522166386399999
0.3467323795999999
0.34242695704
0.33677051952
0.33094295191999995
0.32520939159999995
0.3204253746399999
0.3173134840399999
0.3145266654399999
0.30955912103999994
0.3043793804
0.30087586199999994
0.2987322774399999
0.2963327731199999
0.29420336484
0.29190657391999997
0.28989060488
0.28799768444
0.28535365144
0.28458785664
0.28393559463999996
0.28257720168
0.28055312415999994
0.27798661948
0.27660153544
0.27331810955999997
0.26953682235999993
0.26660923243999995
0.2650631755199999
0.26291787108
0.2593992352
0.25581242424
0.25251082140000003
0.2490701046
0.24693225220000004
0.24491188072
0.24310224596000002
0.24078080644000002
0.23821745552000004
0.23671469887999996
0.23537879663999994
0.23419340279999998
0.23282708443999997
0.23099382648
0.22978835127999997
0.22818695263999994
0.22680685703999995
0.22561878339999997
0.22494120855999994
0.22356350652
0.22306706904
0.22281707716000004
0.22209496860000003
0.22139729104000005
0.22013681500000007
0.21950275604000005
0.21864017896000004
0.21703759692
0.21564602824
0.21411161115999996
0.21299269059999998
0.21154597463999994
0.21050633467999993
0.20936243716
0.20748097523999998
0.20580372319999998
0.20432660128
0.20302158223999997
0.20175588747999995
0.20042773059999994
0.19929976187999995
0.19828966044
0.19701759427999993
0.19579190383999998
0.19531006844
0.19466603408000002
0.19353781800000003
0.19314850424000002
0.19199191052000003
0.19133750076000003
0.19004104408000003
0.18870265564000005
0.18772721364000003
0.187224844
0.18617647599999998
0.18548788472
0.18458596128
0.18397307344000002
0.18283725652000002
0.18165112212000004
0.18027443132
0.1790079628
0.17794382683999999
0.17720866896
0.1760920484
0.17501605392000003
0.17390905016000005
0.17268342260000005
0.17154120184
0.17002407584000004
0.16852000896
0.16718821932
0.16578165188000005
0.165166762
0.16448889944
0.1640309668
0.16361137940000003
0.16337277564
0.1629712754
0.16248502024
0.16241111240000003
0.16199665564
0.16145243160000003
0.16123659996
0.16128629908
0.16124384348000004
0.16066026636
0.16004463512
0.15946385572
0.15913093824000002
0.15883986600000002
0.15822903512
0.15805626335999998
0.15735741536
0.15688719639999996
0.15645961595999996
0.15597811871999998
0.15551953223999998
0.15486639259999996
0.15398841823999995
