0.25323142104
0.21851300684000002
0.18386360663999995
0.17087301656
0.16668074212
0.16326121999999998
0.16137900372
0.15911942944
0.15588910792
0.15294499828000002
0.14798959788000002
0.14345154196
0.14003921463999996
0.1366595214
0.13372884723999998
0.13112777564
0.12812882804
0.12595462576
0.12353935404000001
0.12041261044000001
0.11775541648000001
0.11520483068000001
0.11300139603999998
0.11087036268
0.10883526652000003
0.10727473744
0.10587206552000002
0.1045348296
0.10320513056
0.10219811439999998
0.10146595468
0.10076828868
0.10022620452
0.09944526052000001
0.098576627
0.097748668
0.097162366
0.09643283475999999
0.09575352728
0.09501111088
0.0943798054
0.09373287823999998
0.09309386859999998
0.09262287339999997
0.09219922987999998
0.09174697799999999
0.09123063071999998
0.09064337856
0.09009923751999999
0.08945767136
0.08878236403999999
0.0882326634
0.08756353868000001
0.08700229531999999
0.08638528068000001
0.08575883772000001
0.08510473712
0.08460285524
0.08416412996
0.08394965623999998
0.08360493759999997
0.08327627655999999
0.08291831295999998
0.08268838699999997
0.08239214099999997
0.08197899307999998
0.08139572172
0.08081402092
0.0802311778
0.07967250308
0.07908092556000001
0.07860868224
0.07804953816000001
0.07748773703999999
0.07709719304000001
0.07658140536000001
0.0760391888
0.07556023564
0.07510548396
0.07447218427999999
0.07383273171999999
0.0732755096
0.07269403215999999
0.07217225684
0.07155840256
0.071077147
0.07060854259999999
0.07028377184
0.0697748136
0.06931801068
0.06893510852000001
0.06874558864000001
0.06850462396000001
0.06835247308
0.06798746936000001
0.06777934964000001
0.06739432968000002
0.06716692004000001
0.06687464728
0.066628739
0.06632331444
0.06595731872
0.06558731616
0.06521492248
0.0648311472
0.06443600252
0.06396214284
0.06355339904
0.06311861472000001
0.06278545719999999
0.06242506192
0.062088413640000006
0.06163683060000001
0.061256470160000014
0.06085893564000003
0.06043544804000001
0.059969719600000006
0.05959160760000001
0.05914106676000001
0.05891734308000001
0.05855634504000001
0.05825232988000001
0.0578412988
0.057550275959999994
0.057209136640000005
0.05693384051999999
0.056734894159999986
0.05660331407999999
0.05637752067999999
0.05628391999999998
0.05624451655999998
0.05614492223999999
0.055955464599999984
0.055810028439999985
0.055597957079999996
0.05533764379999999
0.05510547695999999
0.05492371103999999
0.05476641211999999
0.054574314879999995
0.05442261411999999
0.05422261763999999
0.053972136479999995
0.0537347518
0.05341904288
0.053159776240000005
0.05293831596
0.05264087456
0.05235713472
0.05191398608
0.051504985760000004
0.05115347748000001
0.05070481079999999
0.05033944324000001
