0.43469909935999995
0.40701997872000006
0.37886363196
0.36115756495999995
0.34738100168
0.33712134876
0.32961546708
0.32528443624000003
0.31704913072
0.31347062128000003
0.30938749908
0.30215289424
0.29374600192
0.28413255192
0.27750919664
0.27219239604
0.26892961756
0.2689603368
0.26932672712
0.2663859238399999
0.2630483933999999
0.25781805599999996
0.25225299083999997
0.24667772619999995
0.24058345907999995
0.23572588668000002
0.23116213608
0.22715335940000003
0.22338486580000003
0.21973237968000003
0.21681913744000003
0.21505613676000007
0.21348786512
0.21121107224000002
0.20901433548000004
0.20718933500000003
0.20586825788000007
0.20383031884000002
0.20231610516
0.20096038459999999
0.19994549175999998
0.19934588084
0.19834103956
0.19797566236000003
0.19754567052000002
0.19620843555999998
0.19481780508000004
0.19338655836000002
0.19227045068000004
0.19045045096000007
0.18824544588000006
0.18675071568
0.18550648039999998
0.18409224623999998
0.181897956
0.17996454212
0.17798087656
0.17589066644000007
0.174048847
0.17234376376
0.17101457380000004
0.16959118995999997
0.16825012575999998
0.16727931467999993
0.16609175795999997
0.16520942900000002
0.16396284927999996
0.16250300744
0.16160746852
0.16022223556
0.15960881851999997
0.15901283119999998
0.15826380936
0.1575797118
0.15698272480000003
0.15671152372000002
0.15643371792000002
0.15570034204000002
0.15500503396000004
0.15431957592000003
0.15330706600000005
0.15194771464000006
0.15104611272000004
0.15028119808000007
0.14955479324000007
0.14843211456000008
0.14755038352000005
0.14701990076000002
0.14606741664000003
0.14533029808
0.14448544040000003
0.14377660111999999
0.14317521288
0.14250292576
0.14197360784
0.14130904812
0.14044128207999998
0.1399687362
0.13934402047999997
0.1389412208
0.13831469332
0.13756304179999998
0.13690717951999998
0.13623344675999996
0.13539102083999996
0.13472270471999997
0.13420047403999996
0.13369850251999996
0.13309059763999997
0.13241927959999997
0.13179111407999997
0.1311494296
0.13040753316
0.12969910956
0.12885285616
0.12818884443999998
0.12762722608000002
0.12722978644000002
0.12648722852
0.1258745782
0.12540671616
0.12491599959999998
0.12405075852000001
0.12325466819999999
0.12270041312
0.12204580463999999
0.12155256064
0.12109720432000001
0.12082231124
0.12092666383999999
0.12085172707999998
0.12077660311999998
0.12052424559999998
0.12038933023999998
0.12037560003999997
0.12038713615999999
0.12012829172
0.11986324112
0.11969215672000001
0.11965984320000002
0.11935545068
0.118965279
0.11847018484
0.11805012859999998
0.11766966671999998
0.11729143744000002
0.11695264591999999
0.1167270118
0.11625390888000002
0.11557188692000002
0.11509384312000001
0.11455509711999999
0.11407730279999999
0.1131223398
