0.41203218239999995
0.3874469136666667
0.3625025598666667
0.346577932
0.3331864200333334
0.32309109540000003
0.3156569836666667
0.3116962001000001
0.3037216253333333
0.2998032763
0.2952650187666667
0.2883006711
0.2802404360333333
0.27088181886666657
0.2644386064
0.2597657444
0.25720744976666665
0.25703751406666664
0.25768524936666665
0.2556976904333333
0.25332481179999994
0.24863643986666661
0.24374058756666664
0.23924051336666663
0.23442615866666663
0.2304655474666667
0.22747704536666669
0.22468942083333335
0.22162252140000002
0.21788086486666672
0.2148144172666667
0.2125343093333334
0.21048443560000002
0.2081107707
0.20604474573333334
0.204063346
0.20262815993333338
0.20073630073333334
0.19908441089999998
0.1978023346333333
0.19644577733333335
0.1954476060333333
0.19405936536666665
0.1934716856666667
0.19241812970000005
0.1909890222
0.18941365626666673
0.18811849553333335
0.18708594673333334
0.1855215727666667
0.18399776033333337
0.1831593291
0.18197051003333334
0.18050917239999997
0.17839035160000002
0.1766439475666667
0.17464685366666668
0.17278631946666673
0.17150097273333334
0.1702759311333333
0.169080091
0.16770698609999996
0.1662968745666666
0.16516054703333324
0.16385387709999996
0.16283188296666667
0.1618367313333333
0.16066167353333333
0.15980839353333331
0.1586156749333333
0.15807492899999998
0.15742691696666664
0.15671331526666663
0.15603143279999998
0.15541251023333333
0.15488244376666668
0.15415682823333335
0.15325353696666666
0.15233329893333333
0.1514377159666667
0.15036692460000003
0.14928810946666674
0.14872734806666674
0.14818311410000007
0.14776470973333342
0.1469724798333334
0.1461948287333334
0.14540111383333337
0.1445135562666667
0.1437554186666667
0.14291489890000003
0.14223542533333336
0.14188311416666669
0.14125552016666665
0.14088149596666663
0.14032982466666663
0.13955209246666664
0.13891612373333334
0.13824287859999998
0.13741942359999998
0.1365584279333333
0.13562912499999996
0.13491867069999997
0.13407126866666663
0.13318746903333328
0.13243696466666666
0.13195620526666665
0.13152853176666665
0.13103137366666665
0.13051309549999998
0.13010308806666665
0.12959219753333334
0.1289093519
0.12819673283333333
0.12754231876666663
0.1270159620333333
0.1265182574
0.12594606886666668
0.12521530553333335
0.12482050036666668
0.12427712176666666
0.12381149126666666
0.12318984716666667
0.12280812089999998
0.12240729279999998
0.12200595606666664
0.12164042609999998
0.12126622576666667
0.12086783823333333
0.12067461836666667
0.12049065753333332
0.12022938666666665
0.11999914726666665
0.11986600623333331
0.11988023183333332
0.11974003523333332
0.11943873869999999
0.11896156163333334
0.1184892487
0.11822299423333335
0.11793478953333333
0.11762277393333333
0.11719375666666669
0.11668753916666666
0.1162349243
0.11568306090000001
0.11517740586666665
0.11487863406666668
0.11436451390000002
