0.23212938016666668
0.20265952850000002
0.17302082719999995
0.16161852236666668
0.15760440506666668
0.15444384513333334
0.1523606823666667
0.15029951436666666
0.14727150413333334
0.1446600928666667
0.14036118356666666
0.13664164283333333
0.13377348283333332
0.1307914016
0.12811128446666664
0.12575149583333334
0.12308111396666667
0.1211619115
0.11919185136666668
0.11662164923333335
0.11451423570000001
0.11238142963333335
0.11050518253333333
0.1086571315
0.10700305086666667
0.1056581582
0.10453893003333334
0.10332299210000001
0.10209539233333334
0.1008509758
0.0998500518
0.0988468176
0.09806068546666666
0.09715852026666667
0.09638185336666667
0.09568635649999999
0.09520942306666666
0.09465236113333332
0.09409419493333332
0.09350326999999999
0.09293416446666665
0.09233261619999998
0.09173587216666665
0.09132508759999998
0.09082586666666666
0.09037002533333333
0.08990462356666667
0.08930696806666667
0.08876707536666667
0.08829472933333335
0.08772824176666667
0.08723282303333334
0.0867130134666667
0.08622789183333336
0.08564392733333336
0.08496587090000002
0.08427014083333333
0.08363744249999999
0.083194459
0.08289478169999999
0.08254496073333331
0.08207055283333334
0.08163668293333332
0.08115890369999998
0.08072109683333331
0.08018509793333332
0.07972911953333332
0.07919893013333332
0.07871247396666665
0.07824083596666664
0.07773204813333331
0.07724508863333332
0.07673768229999998
0.07627228073333332
0.07580682343333334
0.07527021483333333
0.07476852819999999
0.07432175803333332
0.07386952643333333
0.07328819556666666
0.07273112863333334
0.07218997873333334
0.071704873
0.07120336203333331
0.07070174373333332
0.07032010316666666
0.06996164623333333
0.06962527543333334
0.06921230876666667
0.06871720379999999
0.06835206173333334
0.06806129283333334
0.06782634606666668
0.06758203186666667
0.06737103256666668
0.06710070553333335
0.06670228570000002
0.06635249730000001
0.06604493526666667
0.06558511856666667
0.0651490458
0.06470432323333335
0.06431606086666668
0.06388046873333335
0.06354925633333333
0.06322473713333333
0.06286739876666667
0.06249053836666667
0.06210687313333334
0.06178552130000001
0.061452020700000005
0.06109596040000001
0.06071513856666668
0.060350853066666675
0.06004998080000002
0.05970309216666668
0.059316910533333336
0.05894024176666668
0.05858020093333335
0.05838908863333334
0.05806278126666667
0.05781942276666666
0.05754949233333332
0.057297329766666655
0.05696443606666666
0.05675004756666665
0.05652732616666665
0.05628951789999998
0.056043057033333316
0.05585493123333331
0.05564277153333331
0.055486843866666656
0.05529913169999998
0.05514670429999998
0.05494290269999999
0.05478331419999998
0.054541130399999985
0.05432789346666666
0.054082754433333324
0.05385007016666666
0.05364003233333333
0.05345740749999999
0.05314796423333333
0.05292692423333333
0.05255295780000001
0.05218664853333334
0.05190371243333334
0.051602419
0.0512883025
