0.576470181
0.40906215240000005
0.24252781599999995
0.1902655946
0.18090143900000002
0.1867150814
0.1969063844
0.20160101299999997
0.20033141780000002
0.19931632100000002
0.18652822319999998
0.1792057168
0.1728677682
0.16705163939999998
0.1666046546
0.16573189259999999
0.16246253039999997
0.16196448879999997
0.1607992948
0.15555356280000002
0.15071172700000002
0.1449282502
0.1403569472
0.1359171362
0.1310277332
0.1266191758
0.12339213680000001
0.11880693
0.11534605139999998
0.11222271980000001
0.1103569708
0.10726907559999999
0.106199939
0.10418348520000001
0.1032355658
0.102219112
0.10259214719999998
0.1024448238
0.10145080260000001
0.10002347060000001
0.0988700968
0.0978425436
0.0971983402
0.097454338
0.09766684319999999
0.09830833180000001
0.09826442439999998
0.098024115
0.09759097559999999
0.09784197260000001
0.097575262
0.09787325259999999
0.0972638046
0.0965467012
0.0941152828
0.0917705374
0.08923946220000001
0.0872330902
0.08572481900000001
0.0854079852
0.085374799
0.0854447084
0.085749993
0.0857975332
0.0859640656
0.0857059598
0.08533130600000001
0.08494589
0.0848361586
0.0839590506
0.083485262
0.0832745878
0.0826249156
0.0821062646
0.0824800192
0.0824576304
0.0822336212
0.08246038739999999
0.0823558744
0.0819371606
0.0810010368
0.0800971594
0.0788103788
0.0783461042
0.077620409
0.0772450764
0.0760419342
0.0752285328
0.0735114872
0.072365876
0.0712156222
0.0713961086
0.0711234762
0.0711189548
0.0710825004
0.07098766100000001
0.07042712059999999
0.070178403
0.07019499920000001
0.06935497539999999
0.0687142622
0.0684152252
0.06812937
0.0676897388
0.06736825199999999
0.06722311319999999
0.06676232439999999
0.06675907719999999
0.066358888
0.0664184496
0.066534884
0.0667271644
0.0663327934
0.06639978460000001
0.06571316940000002
0.06543682780000001
0.0646398138
0.06443495660000001
0.06372982580000001
0.0642888486
0.063707485
0.0632420658
0.0622803836
0.0618963752
0.060367016399999994
0.059277702599999996
0.0584393458
0.057959784400000006
0.0572082
0.057139801999999996
0.0571684102
0.0573936784
0.057176235
0.0570481652
0.0567858418
0.0565868146
0.056133694199999994
0.0561066784
0.0558227676
0.05600520659999999
0.0560413128
0.0560528652
0.055683412599999996
0.0557758718
0.0557478164
0.0555949624
0.0556548872
0.056090459999999995
0.0560325988
0.055740933199999995
0.0558310828
0.05548948620000001
0.054720537
0.054370738800000006
0.053709987400000006
0.0526340464
0.052196452000000004
0.0520174672
0.0518300836
0.051667630799999996
0.052011666199999994
0.05171939760000001
0.05134880559999999
0.050664466
0.0502288466
0.0497271234
0.0496313568
0.049027103
0.0488877864
0.0482225324
0.04732101
0.04673069479999999
0.0464101412
0.0459441414
