0.7865863505999999
0.6766041466
0.548593178
0.49422193839999995
0.4317654138
0.391609077
0.3831774308
0.40144719100000004
0.40166699240000003
0.4112736746
0.4106281324
0.3851559388
0.3366409322
0.27865727760000003
0.25470201919999996
0.24335249940000003
0.25415441860000004
0.2809601302
0.3127228652
0.3312688472
0.3413194374
0.3360079588
0.3266767284
0.31851875119999995
0.3078950536
0.29869759760000003
0.28958158840000003
0.28069719940000004
0.2736797672
0.26221351179999997
0.2529398286
0.24586456660000003
0.2437550194
0.2370840984
0.2314665514
0.2246526172
0.21903955540000003
0.21271260659999996
0.2046281536
0.1990856552
0.1976324862
0.1985966108
0.1974234004
0.1994778606
0.2022565234
0.2047069038
0.20272835919999999
0.2011785712
0.20205444919999999
0.2036396566
0.2041638514
0.2090515918
0.212369728
0.21281079939999997
0.2086232908
0.2047908164
0.1999251722
0.195467288
0.19260926299999998
0.191196797
0.188433401
0.1864276702
0.1852662102
0.1829259396
0.1820120848
0.17894720520000001
0.175956232
0.1726509944
0.1709518022
0.1667804256
0.16489195539999998
0.1623929122
0.1617781814
0.161163427
0.16087718180000002
0.1627593326
0.16520239620000002
0.16429065820000002
0.1625938032
0.1608523296
0.16004097479999996
0.15797673920000002
0.1572645846
0.1587616014
0.159936768
0.159407677
0.1582859668
0.1565306186
0.15456670879999998
0.1526644728
0.1509441528
0.1512061416
0.151455004
0.1508130186
0.15058287180000002
0.15040548139999999
0.14949734580000001
0.1489608448
0.1482900378
0.1475614374
0.145737044
0.1427723798
0.14101951159999998
0.13897462379999997
0.1370284162
0.13566621759999997
0.1359900836
0.13713352480000002
0.1376926942
0.1388142922
0.13967430620000001
0.1394170548
0.1373071792
0.1367442544
0.13588102159999998
0.13506219139999998
0.13452954639999998
0.1354226206
0.1350184922
0.1354209366
0.1354337074
0.13510614440000002
0.1336530614
0.13273716919999998
0.1298104376
0.127777101
0.125959541
0.12497612659999999
0.12326037819999999
0.12216971000000001
0.12100826440000001
0.1207348614
0.12067867800000001
0.12073525380000001
0.12098217500000001
0.121662958
0.12180603720000001
0.12141844560000001
0.12068484920000003
0.1209896318
0.12115155
0.12097341400000002
0.11952748099999999
0.11885569060000001
0.1195501112
0.11862914980000001
0.11828894959999998
0.1188852904
0.1205753844
0.1209416912
0.1218067132
0.12207975339999999
0.12211133299999999
0.1210954732
0.119414391
0.1186853098
0.11749330440000001
0.11737365560000002
0.1172493862
0.1174033908
0.11650453060000002
0.11599097359999999
0.11445316419999998
0.11247470860000001
0.1110387494
0.11083148379999999
0.11091024860000001
0.11081161579999999
0.10987459200000001
0.10906121220000001
0.1076411782
0.1063012056
0.10563674540000001
0.104917539
