0.5464395883000001
0.5173617908
0.5021843431999999
0.4901081713
0.4818154226000001
0.5091971532
0.5929715159000001
0.5781290363999999
0.6169886402
0.5865725504599999
0.5400337815599999
0.51356470476
0.46570286736
0.42519624586000004
0.38867934316
0.35016221966000005
0.34750991086000005
0.39611773896
0.44000710426000006
0.4609567859000001
0.45714926580000004
0.4234318561
0.4202164936
0.4171239022
0.42155255169999994
0.4207807023
0.4142869197
0.4014183041999999
0.39230530210000003
0.40379402119999996
0.42100855950000005
0.44098311920000005
0.4184770139
0.39192017740000007
0.35761420580000003
0.3217766714
0.2988643958
0.2941817405
0.3067859941
0.33257640889999995
0.3529729961
0.3471852952
0.35323712240000005
0.35812638630000004
0.3603984114
0.36935762910000003
0.368994782
0.34271667149999996
0.315001275
0.2906569226
0.2808139771
0.29402935389999996
0.2984099466
0.29265284719999995
0.2912581308
0.2817921338
0.2756596217
0.2843699923
0.28199402020000003
0.2808296823
0.2854570135
0.289858657
0.3086961552
0.31461233520000004
0.2990612674
0.28709809550000004
0.2760247216000001
0.27147330850000007
0.2820746696
0.2812305909
0.25908077220000003
0.2463248841
0.24183352230000002
0.2637452655
0.29316681840000003
0.30445768559999997
0.3017153827
0.2875625877
0.27342554169999994
0.2691787725
0.2795278496
0.2732962351
0.2574180833
0.23849086339999997
0.22949171270000002
0.2353302322
0.23523424739999999
0.23535421649999994
0.23061519070000003
0.22949890169999998
0.2348861859
0.24500205190000002
0.253096881
0.2463913324
0.2409112582
0.23627185069999998
0.2493980079
0.25313853059999997
0.255264115
0.24398094239999998
0.22731062159999998
0.21620008759999995
0.20986575749999997
0.20760514829999996
0.20718175190000002
0.2073825582
0.2031414232
0.2107980333
0.2176369864
0.22209613560000002
0.222645581
0.22489330420000003
0.23177198600000004
0.23653504760000002
0.2247876175
0.2155139552
0.21057773319999998
0.20412551959999997
0.19542537489999998
0.1998965012
0.2014094327
0.1984318987
0.19125234350000003
0.193084882
0.20439186980000001
0.2088495923
0.2053308041
0.20533401039999996
0.20928903829999998
0.2045052869
0.2005821428
0.19611759690000002
0.1917814578
0.1872486814
0.18839993859999998
0.1951117749
0.20130966379999998
0.19098661009999998
0.1829135635
0.18546240249999998
0.19461008929999998
0.1944532925
0.1937839555
0.1912640587
0.18347286510000002
0.1784303159
0.1798556341
0.18984849809999998
0.1972852588
0.1903090447
0.1808527305
0.18321195829999998
0.1905066562
0.19260111330000002
0.1935908939
0.1915820879
0.1844070229
0.18488491219999997
0.18290411909999998
0.18318071479999998
0.1783481101
0.17593058340000003
0.17256479610000003
