0.5541206174
0.5250967547000001
0.5098986538
0.49781356190000003
0.48944497900000006
0.5157523909
0.5987930026999999
0.5825944116999999
0.6156623634
0.5900054298999999
0.5455247890999999
0.5141032550999999
0.46835862510000004
0.4274134158
0.39213480700000003
0.3485447658
0.34020762909999996
0.3857298463
0.4339868416
0.4512880343
0.4482216823
0.42123306320000004
0.4161539266
0.4193715210000001
0.42269991130000006
0.4333947052000001
0.4357763652
0.426332003
0.4024905028
0.4075071238
0.41875213470000006
0.43788509310000007
0.4225820899
0.3928699101
0.3610051301
0.3217337789
0.2916025204
0.2901084231
0.31537077090000004
0.3451281705
0.3564832122
0.3485083674
0.3486098581
0.3523717021
0.3555802471
0.36131568850000007
0.36363675540000007
0.33756250560000006
0.30725386950000005
0.2867292694
0.292517376
0.2933242264
0.2885060768
0.2757319239
0.2743385679
0.272905399
0.27286304939999995
0.2750033344999999
0.27718189579999997
0.2768380645
0.28360291919999997
0.30206552750000004
0.32513750969999994
0.3324326591
0.3149214979
0.2905777205
0.27493108320000004
0.2750509378
0.28557552239999995
0.28194665409999997
0.26002589589999997
0.2450317637
0.23857302090000002
0.2638967878
0.28845662559999996
0.3049356441
0.2999760097
0.2861848804
0.2727770679
0.2663579026
0.26677128
0.2591027949
0.2520487638
0.2342178125
0.21878780239999998
0.2261371171
0.23306653589999998
0.23301549440000002
0.22361403839999996
0.22527877200000002
0.23673540119999997
0.2487644342
0.2538712767
0.2471339404
0.24896881109999996
0.24622964199999994
0.25154699869999997
0.25857360659999995
0.2639374495
0.25319319290000003
0.2345395806
0.2270168746
0.2183129861
0.2148121041
0.21653071810000002
0.21565190169999998
0.21037993879999997
0.21333595889999998
0.2161288662
0.22205128420000003
0.2218655514
0.21893691980000002
0.22633713830000005
0.23838326520000003
0.23073017029999998
0.21887696289999997
0.2155706749
0.20933328980000004
0.20183754950000005
0.2023766649
0.2013313211
0.2003473526
0.1892656172
0.182419863
0.19560213390000003
0.20327778030000002
0.20252552760000003
0.20154876500000002
0.2077401622
0.20361526080000006
0.20359473590000002
0.1968643777
0.1938195049
0.1911433665
0.18113104770000002
0.18038460790000002
0.1918134247
0.1868391188
0.18000285970000002
0.17920233140000003
0.1842859914
0.1891128278
0.19003470179999998
0.187105027
0.1846485324
0.181026735
0.1734404895
0.176470307
0.1777598292
0.1761275263
0.17358897369999998
0.1764164794
0.183499678
0.18913416180000003
0.1838850963
0.18182459730000003
0.17729404170000002
0.1780674505
0.18006015560000002
0.17873368860000002
0.16726435309999999
0.15747784509999999
0.1535253237
