0.5727242711
0.5436354361
0.5280611955
0.5158327561000001
0.5074857002
0.5320417809
0.6066388531
0.5964219674999999
0.6212951901999999
0.6025111625999999
0.5643805476
0.5337377791
0.4862034198
0.44315149069999993
0.40323585770000003
0.3596209384
0.3519090722
0.39081641320000005
0.43662854650000005
0.44811547450000005
0.43615171760000004
0.41620576
0.4195581959
0.4182266942
0.4220330137
0.4243442654
0.41972161380000006
0.41055140850000005
0.39139315700000005
0.3975006424
0.4146176068
0.4265799916
0.40288818540000004
0.38346173180000004
0.3559754371
0.3205919827
0.29219952909999997
0.28545221779999996
0.3032214486
0.32999834110000004
0.3401275031
0.3314934537
0.3353769698
0.3347951622
0.3383324066
0.35332245630000003
0.35884451850000004
0.33831325380000005
0.3064504071000001
0.28610459340000005
0.2834162012
0.2848342223
0.2786248173
0.2701283831
0.269353728
0.2615905213
0.2629641632
0.2652810636
0.2649058434
0.260983664
0.26882746519999995
0.2855450184
0.30996025920000003
0.3144167708
0.2934329754
0.27463845890000005
0.25934144150000005
0.2587670751
0.2728853189
0.26960811419999997
0.24456760380000003
0.22402463889999996
0.2181324669
0.24333210580000003
0.26938353800000003
0.2799740215
0.2756334827
0.2675973196
0.2571034115
0.2585181137
0.2647019802
0.2603447254
0.2477936616
0.2280558852
0.2227031269
0.2300441442
0.23200547870000002
0.2235950056
0.21766291090000003
0.2192873729
0.2306130085
0.24555862729999997
0.25160123050000005
0.24337230660000003
0.23234306620000003
0.2274961497
0.236541887
0.24420433000000002
0.24516590650000003
0.23282938209999998
0.2178481193
0.20677032809999996
0.1968310919
0.19495687990000002
0.1999720778
0.2030442409
0.19846675689999999
0.20162326740000003
0.2029527769
0.2058747297
0.2040210794
0.2058639279
0.21359880590000002
0.2178832563
0.2049580159
0.1900206591
0.184983406
0.1795718523
0.1733812316
0.1764253706
0.17900504350000002
0.1794325702
0.1730824163
0.1746701517
0.1842739729
0.18534413959999999
0.1808703799
0.18283181259999998
0.18850000079999998
0.1814017777
0.1714310875
0.159328051
0.155951378
0.15584519800000002
0.15543281879999998
0.16627603259999998
0.176267075
0.1623283766
0.1525228028
0.15572263800000002
0.1667348521
0.16946791700000002
0.1665115617
0.1596015971
0.1577015447
0.15457970929999998
0.1495618897
0.16080737959999997
0.1684767225
0.1627575798
0.1570538648
0.1584256117
0.1650128158
0.16450882719999999
0.15609241810000002
0.1494044136
0.1535202357
0.15388724989999997
0.1522108814
0.1556465399
0.15194875640000002
0.15030662770000003
0.1480268157
