0.6521690855333334
0.6304839380666667
0.5774465009333335
0.5161429116
0.4502003494400001
0.4116112631733334
0.4521147362400001
0.45323099704
0.5053857933066668
0.5211778613733334
0.5213175064400001
0.5172493514400001
0.50673543144
0.48274220024000003
0.43629459164000006
0.3769126715733334
0.3390882963733334
0.3479559685066667
0.37214263464
0.41116452886666666
0.4418154536
0.4510641614
0.463879056
0.4608149044
0.4463710436666666
0.42414356479999993
0.4014037685999999
0.36286215179999987
0.3400846834
0.34226947546666664
0.35156705733333343
0.3680191878666667
0.3798558872666667
0.3872562990000001
0.3870536151333334
0.37893842733333327
0.3566693522666667
0.3307413639333333
0.3172987395333333
0.31333906893333335
0.3171331037333333
0.32002696306666667
0.32934899233333337
0.33597703073333335
0.3424154263333334
0.3516299644666668
0.35344599100000007
0.33356016800000005
0.3078766416
0.28579355019999997
0.26967919553333336
0.27234318073333336
0.2834375722666667
0.28522212
0.28936960693333336
0.29569622073333335
0.3006885743333333
0.3108798238
0.3076173484
0.29139644673333337
0.27386860780000005
0.2603400925333334
0.2654798135333334
0.2781700016000001
0.2826845803333333
0.28055531300000003
0.28113208260000006
0.28252217713333333
0.2954515119333333
0.2996212041333333
0.2865357225333333
0.2682445763333333
0.25139076853333336
0.25071213926666663
0.26276291706666666
0.2755084824
0.27931309159999995
0.27315202699999996
0.2663956411333333
0.26512861866666665
0.27070202919999997
0.2608508185333333
0.24707123133333328
0.22862542273333328
0.22031763926666664
0.2291274826
0.2415042044
0.2501748892
0.24837283493333337
0.24628360913333333
0.2418646966
0.24491866706666668
0.24421819620000002
0.23980759046666666
0.22997712573333334
0.22378107553333332
0.22881476453333333
0.23318258320000002
0.23303280666666668
0.2314055092666667
0.22352894480000002
0.21701158126666664
0.21601896439999999
0.22063802646666666
0.21743371066666667
0.21469689573333334
0.21247829540000002
0.21893822013333336
0.22054676173333337
0.21860995933333338
0.21566450053333336
0.21326334500000005
0.21219213913333337
0.21251817753333338
0.21257687686666668
0.21071481206666667
0.20933861239999998
0.20590776026666666
0.2041786921333333
0.2068071154666667
0.20646717473333334
0.20022167826666665
0.19456682206666667
0.19435417133333333
0.19905532313333332
0.20076027046666667
0.19969852153333328
0.19767838573333332
0.19872756313333328
0.1991427404
0.2022687362
0.20214018833333333
0.1943896664666667
0.18757329233333334
0.18643567826666665
0.1912672684666667
0.19244684713333332
0.1899783491333333
0.18671091006666668
0.18512112586666668
0.1875008516
0.19129887980000002
0.19310102666666668
0.19426434393333333
0.18770841566666668
0.1817612388666667
0.18038171013333332
0.18965837986666664
0.19316927659999997
0.1905401201333333
0.18548218399999997
0.18460136673333333
0.18716833113333337
0.18869105086666668
0.18751364880000002
0.181706435
0.1777650096666666
0.17813591186666664
