0.56855240935
0.5386866075999999
0.5071323076499998
0.4794921233999999
0.45536077894999993
0.4458313596499999
0.47927396264999994
0.4936191903499999
0.5289618683499999
0.52531331855
0.5002661326000001
0.4749717695500001
0.45288080785
0.4306890924499999
0.4126344357000001
0.39198260189999995
0.38581534300000003
0.40068391085000005
0.4140108517500001
0.42280805844999997
0.42538466219999993
0.42139287580000007
0.41122319065000007
0.40084421299999995
0.3890042254
0.37246812404999996
0.35596057145000004
0.34800181314999995
0.34730730279999994
0.36374949174999993
0.3773725549499999
0.3790367226499999
0.36913257759999996
0.35912844699999996
0.34715392185
0.33695721949999996
0.32552202379999995
0.3118827358
0.30483592785
0.30805146725
0.31177185215000003
0.30816383799999997
0.30700089355
0.30246177265
0.3038430673
0.30745648880000004
0.31090434085
0.3017971587
0.2856781252500001
0.27354412870000006
0.27612183320000006
0.28518962035
0.29429253825
0.29227257695
0.28139335170000007
0.26811449010000005
0.26115280235000005
0.26202406935000006
0.26889558115000006
0.2652958891
0.25669753450000005
0.25478482865
0.26404636305
0.2788744383
0.28140825669999997
0.27730624020000005
0.2674874621
0.26318219735000004
0.2649943652
0.26406311395
0.25463479199999994
0.24218468214999994
0.23296306424999993
0.23569399549999998
0.24604333244999999
0.2550090828499999
0.25381948069999993
0.24559616259999997
0.23738316119999997
0.23890274329999994
0.24765749434999998
0.25295167635
0.24969744605000002
0.2357140959
0.22752309655
0.22877014695
0.23427368285
0.2338996678
0.2314144087
0.22605837750000002
0.22423056390000004
0.22616447770000003
0.22421616119999999
0.21916459324999998
0.21615757200000002
0.21527019530000002
0.21750432195000005
0.22291379870000005
0.22405934170000003
0.2193520559
0.21093459934999997
0.20631712799999996
0.2052149489
0.2064200681
0.20246504685
0.19653245
0.19172508144999997
0.19059755985
0.18816700425
0.19115005015000003
0.19151306145
0.19264824904999997
0.1933406111
0.19627670400000002
0.19461599440000002
0.18768239934999997
0.18292689294999995
0.18120183245
0.18094061619999996
0.17891357414999998
0.17521806550000002
0.16938031059999997
0.16451689715
0.16525767485000004
0.16985339584999998
0.17581008609999998
0.17856872745000002
0.17258009460000004
0.17051140180000002
0.16856220785000003
0.1690829698
0.16439798400000002
0.16123146985000003
0.15772339755000003
0.15656718175
0.16042787095000002
0.16291448235000003
0.1615678781
0.16049976265000004
0.1592401089
0.16189435845000003
0.16394676435000002
0.16576218875
0.16205521215000002
0.1568969814
0.15199206145
0.1515410627
0.15734731475000002
0.16034380195
0.15920205985
0.1545013106
0.15436611970000003
0.15651981575
