0.5432366849300001
0.5154632477800001
0.4839436052800001
0.45765220858000005
0.4352473828800001
0.4296796864300001
0.47024071338000006
0.48712338767999996
0.52849787223
0.5237646681799999
0.4985915236799999
0.4684982804300001
0.44295968048
0.42116007403000005
0.40511594743
0.38547146098000007
0.38089841528
0.39876802158
0.41615620318
0.43237540355000004
0.43907891265000004
0.43220748765000006
0.41934675375
0.40452203979999996
0.38958337874999993
0.37127868685
0.35657565774999994
0.3478000223499999
0.3495456481
0.36818521505
0.3869907778000001
0.39408420720000004
0.3858570681500001
0.3750232818500001
0.35900630860000005
0.34556715024999995
0.3339295889
0.31844920600000004
0.31089363455
0.31161666575
0.31689348660000005
0.3206073245500001
0.3258235345000001
0.32538961675000005
0.32582827110000007
0.3255748814500001
0.32232720185
0.3135433319
0.29849764759999997
0.28574330244999996
0.2831354953
0.29194400545
0.3035530509
0.30363259119999997
0.29515969909999995
0.28444511465
0.27584217165
0.27792165040000005
0.2820343449
0.28103013660000004
0.27226889285000005
0.26809177055
0.27526483874999996
0.28917880035000004
0.29611404289999993
0.29577789055
0.28887005214999995
0.27951794809999997
0.2777501056499999
0.2752046816999999
0.26930431089999995
0.25981055959999994
0.24962580280000007
0.25111806445000007
0.26132926555
0.2698939589
0.26847481505
0.2614584021
0.25202036619999996
0.24933883709999996
0.25720701775
0.25914914349999996
0.25525748214999994
0.24244109789999996
0.23520148544999997
0.23580104144999997
0.24231612765000002
0.24424637354999992
0.24293965285
0.23673992205000002
0.23109840375000004
0.23060106975
0.23148131924999998
0.22699824035
0.22404650504999996
0.22182720444999998
0.22626971555000003
0.23196828195000002
0.2364505507
0.233038539
0.22497810129999998
0.22054669589999998
0.22081887175
0.22207009795000002
0.21598468470000004
0.21144825670000006
0.2068595782
0.20746177645000002
0.20653118065000003
0.21099631840000005
0.21202750685000002
0.21166260145000004
0.21151216475
0.2148099648
0.21458974365000003
0.21218177374999997
0.20795426865
0.20472976499999995
0.20235720659999998
0.20220089405000002
0.20099578775
0.19727474779999998
0.19151690065
0.19016678169999995
0.19639590419999997
0.2019806836
0.20332023394999998
0.19816031024999997
0.19610130089999997
0.1949838447
0.19759611605
0.19528544470000003
0.19278270665000002
0.18925637005
0.18593640185
0.18677104540000006
0.19058264895000002
0.1904175541
0.19009941115
0.18788572360000003
0.1877314099
0.1888326254
0.19214530585
0.191932586
0.1885318795
0.1850062019
0.1821313285
0.18736670514999998
0.19009468894999998
0.18674487974999995
0.17960042029999995
0.17957127084999996
0.18153572615
