0.5690187233500001
0.5409327391500003
0.5102285187500002
0.48377136610000004
0.462085232
0.4548382675
0.48509745175
0.49951614190000004
0.5351102056500001
0.5337768592500001
0.5068018499000001
0.4767159758500001
0.4530763183500001
0.4339820691000001
0.41627949505000006
0.3974530743
0.39274878005
0.40663850155
0.4212933502999999
0.43134262184999994
0.43383160575
0.4289554309999999
0.4176169753499999
0.40334339705
0.39064461254999994
0.37315011265
0.35869640620000004
0.35226025400000005
0.35137726985000006
0.3681288451000001
0.3833437441000001
0.3886555212500001
0.3791036809
0.36724908030000003
0.3544225296
0.34183550409999996
0.3296005192
0.3165089203
0.31051787475
0.31493959694999996
0.3229170362
0.32090471894999995
0.31985760745
0.3159088858
0.3151075551000001
0.31581924195
0.31674938480000003
0.30475020225
0.29049290315
0.27803919219999995
0.2808986668499999
0.29080849904999995
0.30230929589999994
0.3017781513999999
0.29051226215
0.27677930685
0.2698330731
0.27218774165000004
0.27899250830000005
0.27590722265
0.26642035085
0.26424976705000003
0.27243043899999997
0.29037477549999996
0.2954145021
0.29425753644999997
0.2841882251
0.2794593859
0.27882542015000006
0.2784229777
0.26925786050000006
0.25933470994999996
0.2503054923
0.25137432819999994
0.25932235074999993
0.2696582071999999
0.26906140579999993
0.25897328909999995
0.2495758085
0.24963137444999997
0.25605268825
0.26042627345
0.25991476335
0.2457532519
0.23687076824999992
0.2364958679
0.24192309035000004
0.2424821299
0.24157060554999998
0.23395450059999998
0.23277162304999996
0.23432384985
0.2349319753
0.23072602169999995
0.23133914939999994
0.23039080194999997
0.23136470045
0.23623640895000003
0.2379427938
0.23224437655000002
0.22381375645
0.22027174170000002
0.21867931425
0.22178569409999999
0.2195229361
0.21581455005
0.21137638515000004
0.21106638280000004
0.20850425975000003
0.21213637700000004
0.20983753595
0.20785057729999998
0.20581562165000006
0.21023129485000003
0.21075601705000002
0.20611118445000004
0.20305879770000007
0.20146318080000003
0.20030753915
0.19986427115
0.19923225355000002
0.19356037675
0.18782772244999998
0.1850136703
0.18746379100000002
0.19098878075
0.19674460365000002
0.19303952385
0.18920590925
0.18538649165
0.18664936895
0.186401787
0.18494346960000002
0.1791176356
0.1745761964
0.1770744512
0.17876200315000002
0.17832186470000003
0.17817102065
0.17777391790000002
0.1771864239
0.17764448825
0.17906707009999998
0.1796569923
0.17645667120000003
0.17326401260000002
0.1696294194
0.17403045820000002
0.17694855280000002
0.1773751152
0.17325976115000002
0.17012781170000002
0.16954948090000002
