0.5498227032499999
0.5196000049
0.48912863945000007
0.46261348885000003
0.440789893
0.43214857835
0.46950031589999996
0.4841621289999999
0.5248246025000001
0.5206467321
0.4968732357
0.46766815914999993
0.44225627585000005
0.4233924684
0.40741735915
0.3909697355
0.38799199715
0.40603092465
0.41823867219999994
0.4293975790499999
0.43348690849999993
0.42955907814999994
0.41936800825000004
0.40612071555000007
0.3918525207000001
0.3775642420500001
0.36368944280000004
0.35822021305000007
0.35893063685000004
0.37631764715
0.38761767345000003
0.39319673025
0.385595974
0.3726208061
0.3582926886
0.3415247336999999
0.3276196379
0.31383546435
0.31131232020000005
0.31592871995
0.32450029410000003
0.3209162969
0.31855796745
0.31405181299999996
0.31495940750000007
0.31711054375000003
0.3182499024
0.30628292005
0.29221788265000004
0.28178366695
0.28806014760000004
0.29769487695
0.30682179325000003
0.3040822915
0.29463003290000006
0.28174155975000004
0.2738970663
0.27502713614999996
0.2813787091
0.2793923593
0.27181440755
0.27354864560000003
0.2818552653
0.29816472345
0.30168906175
0.29775668229999996
0.28745354645
0.2806179091
0.27917629515
0.27415227835
0.26339858795
0.2520672793
0.2453108923500001
0.24905730015000005
0.25362221400000007
0.26553638060000007
0.26652127280000004
0.2596001874
0.24819555315000003
0.24581833730000002
0.2517533406
0.25393361454999996
0.25296002025
0.24067587644999996
0.23387830674999996
0.23618337954999996
0.24230676729999995
0.24579455049999996
0.24377574394999996
0.23923598244999997
0.23563749089999994
0.23789065439999998
0.23609213139999996
0.23097302225
0.2327497646
0.23094077185
0.23096346875
0.23595478274999998
0.24003315784999998
0.23762223855000003
0.228202566
0.2229768972
0.2223250622
0.22659768465000002
0.22363044420000003
0.21726443229999998
0.21297530684999993
0.21133462435
0.20898320785000002
0.21221397455000002
0.21159843625000002
0.2096421362
0.20780137775
0.21040156410000002
0.21316615209999998
0.2110773716
0.20904810125
0.20544102739999998
0.20478885585
0.20299596285000004
0.20246302849999998
0.19860586515
0.19154256105
0.18678161475
0.1883665908
0.1918311941
0.19716947615
0.1941939419
0.19387151095
0.1914087961
0.19394036364999998
0.19298860275
0.19192710335
0.18912419674999997
0.18288979005
0.18070567145
0.1826269571
0.1816547129
0.17888134444999998
0.17766492885
0.17893748255
0.18276465359999997
0.1867671899
0.1881195944
0.18426681435
0.18142566615000003
0.1753672656
0.17726887875
0.1789099924
0.17743060745
0.17042666339999998
0.16694716225
0.16851250084999997
