0.5527947525600001
0.5363148979600002
0.5220702444800002
0.5053628966000001
0.4752988584400001
0.44817484248000006
0.4531209331600001
0.4540027497600001
0.47892165284000016
0.49045863360000014
0.4902982388800001
0.4859718554000001
0.47372501260000016
0.4525637461200001
0.42661407664
0.39828698271999996
0.3841526157199999
0.3798631578799999
0.3851520149999999
0.3949314878799999
0.39609986399999997
0.39052583159999993
0.3956956326799999
0.3994476195999999
0.4001337489199999
0.39097922375999994
0.37596738876
0.3576727809600001
0.3446327525600001
0.3469751698800001
0.3583251622400001
0.3682794900800001
0.3644710941600001
0.35379239064
0.34554215816
0.33865815223999995
0.32667736684000004
0.31043844260000003
0.3008444434
0.30194343448
0.30168997296
0.30076099463999995
0.3054022142
0.30916722447999995
0.31004941264
0.31717806711999996
0.32165706303999997
0.31771201447999997
0.30495345779999994
0.2848819035199999
0.27307361243999995
0.27322153155999995
0.27893834275999996
0.28318713304
0.2827299126
0.27832602964
0.27439676512
0.27517565756
0.284729964
0.28632335859999997
0.27876237315999997
0.27138779956000003
0.27308363696
0.27950045195999995
0.28070175072
0.27992896195999994
0.27572532316000004
0.27415624652000004
0.27365859784
0.26990843035999995
0.26408124472
0.2558238569599999
0.24426953731999995
0.2414252587199999
0.2500252024399999
0.26174473475999993
0.26687132539999997
0.26535727492
0.25813855888
0.25509419508
0.2548227868
0.2535264582
0.24912498968000005
0.240457116
0.23153374951999994
0.23074023124
0.23583382296000002
0.23853431804
0.23517907908
0.23224136771999998
0.23298759787999995
0.23344784935999996
0.23301427064
0.23068003119999997
0.22836282307999994
0.22506917415999997
0.22783959412
0.23312209503999998
0.23590646735999996
0.23100744439999996
0.22263227623999998
0.21428654756
0.21004628524000002
0.21065792228000002
0.21174623652000005
0.20941356568000002
0.20857581252000007
0.20920111144000006
0.21010763052000006
0.21368258088000006
0.21165924700000002
0.20843580764000003
0.20623923504000005
0.20634524516000002
0.20318292048000003
0.20014233544000007
0.19759613516000005
0.19439514584
0.19356316856
0.19518297596
0.19637229568000003
0.19546483712
0.18953445291999999
0.1845940944
0.18443708095999997
0.18608142079999998
0.188596134
0.18830278088
0.18659833120000002
0.1836344364
0.18544877919999997
0.18516494832
0.18424422947999997
0.18069702580000002
0.17679724116000003
0.177002527
0.1772646876
0.17647825728
0.17704273108
0.17645689599999997
0.17559770292
0.17632007124000001
0.17849664152000003
0.17814200040000003
0.17636614032000003
0.17189820512000004
0.16730270043999998
0.16951074652000003
