0.5313663391840001
0.517294327184
0.504914996144
0.485688588664
0.454502924024
0.429826464224
0.44064158418399996
0.44002519566399995
0.470081036864
0.481327737504
0.481102784784
0.4760643787440001
0.464608580544
0.44656744098400003
0.423294363464
0.3945510267440001
0.37984622550400005
0.376164386664
0.38005365174399997
0.38974439964000007
0.39379994072
0.39018425515999994
0.39600012979999993
0.39920334027999993
0.40085318975999995
0.39567533732
0.37971637924
0.35901214004
0.34730136456
0.34952104984000004
0.35868328604000005
0.36840942552
0.3650002009600001
0.3583542894000001
0.34849493812000004
0.33968864724
0.33161335292000005
0.3178087970000001
0.30744038260000006
0.30450669368000005
0.30299671576000003
0.30228002652
0.31135739232000004
0.3143838265200001
0.31778112872000003
0.32516078408000004
0.32801105740000003
0.32361456288
0.31057091903999995
0.29110063707999995
0.27664675552
0.27381579708
0.27865186676
0.28396313984
0.28611400052
0.28105004132
0.27894309824
0.2832613032
0.29006851524
0.2921045954
0.28610423892
0.27689020859999997
0.27431292319999995
0.27627221764
0.2772822571999999
0.2801443276399999
0.27799774359999996
0.2724805395999999
0.27266725251999996
0.2715694075599999
0.2660535264
0.25504044476
0.24497614772000006
0.24267335984000002
0.24945731091999998
0.2592595638
0.26558867571999994
0.2651299686
0.25839391763999997
0.25544167447999994
0.25692995779999994
0.25626969427999996
0.24949815103999992
0.23928089963999993
0.22978296051999997
0.22840073819999998
0.23138255768000002
0.23405123651999993
0.23206576027999998
0.23064286623999997
0.22807184124
0.22820776952
0.23085013104
0.23093934883999995
0.22682472967999995
0.22332687771999996
0.22724618039999997
0.23261834431999998
0.23443370304
0.22875835256
0.22032294896
0.21443804204
0.21126158648
0.21055296584
0.21041882688000002
0.20938191052
0.20685973672
0.20786386948000002
0.20956200984000004
0.21292272352000005
0.21293853724
0.21009032864000002
0.20944888763999997
0.21122652184
0.20934824087999998
0.20666174435999995
0.20405020619999997
0.20025723928000003
0.19740668784
0.19944424472000005
0.20192501480000005
0.20065687248000003
0.19313473728000002
0.18977792819999997
0.19361815487999998
0.19830019799999998
0.19760042991999996
0.19612061363999994
0.19574216135999994
0.19287479027999993
0.19273336807999994
0.19322636664
0.19257319912
0.19145807892
0.18798502484000001
0.18710145328000002
0.1887528916
0.19018967195999997
0.18906699136
0.18850903308000003
0.18913334612
0.18854213704000003
0.18981458088
0.189720254
0.18589733532
0.18039598736
0.17860125944
0.18282094635999996
