0.5244188454333333
0.49785965839999996
0.47794093706666657
0.4590703136666666
0.4442515238666666
0.43866899489999994
0.4594231797
0.4659299297333333
0.48310563123333333
0.4827090931666666
0.47171662400000003
0.45884117690000004
0.43621660036666665
0.4149466389
0.39374810283333345
0.36818572883333334
0.35461007170000003
0.3622733465000001
0.3770810507000001
0.39187148600000005
0.3969656091666666
0.39142640176666676
0.3859411170333334
0.3788278627333333
0.3721136191333333
0.3660862348
0.35692188713333345
0.34477229336666665
0.3336883375666666
0.33786785896666655
0.3460537703666665
0.3476358891999999
0.3389633241666666
0.32946175903333325
0.3212205239
0.31183498676666666
0.30466940360000005
0.29634884506666664
0.2915258997
0.29236219950000003
0.29745705650000004
0.30062423146666667
0.30798734876666667
0.30644677203333337
0.30037303666666665
0.2965171455
0.29371670773333336
0.2874537975000001
0.2814138564666667
0.27223212386666673
0.26560375673333336
0.2648012932
0.2689058478
0.2759590865666667
0.2773900804666667
0.27206766723333337
0.2659796958
0.2638818194333334
0.26496485793333335
0.2630366306333333
0.2593656830666667
0.25663812756666665
0.2586287959
0.26193492059999995
0.2618398800999999
0.26155220819999997
0.25566013429999995
0.2499864667666666
0.24921721376666658
0.24913786693333326
0.24662753083333325
0.24330933053333323
0.23917578633333322
0.23825343253333328
0.24147657703333328
0.24583810513333326
0.24806028279999998
0.24513221839999996
0.2399774096333333
0.23687828956666665
0.237721036
0.23755789360000004
0.23207532800000003
0.22212835723333332
0.2183394236333333
0.2201948449333333
0.22233804086666667
0.2231408676666667
0.2219271981
0.2193304949
0.2174940690666667
0.21939762776666666
0.22067704276666664
0.2187374809333333
0.21242438663333335
0.20685368323333336
0.20666401663333336
0.20846648323333336
0.20716663833333332
0.20504316079999999
0.20029141406666665
0.19735560873333333
0.1945041047
0.19583676263333333
0.19640135553333332
0.19280301319999998
0.1881068476
0.18800897743333336
0.1882780031
0.187900626
0.18481907013333332
0.18154151636666663
0.18087753339999998
0.18279953533333335
0.18155493586666668
0.18054694376666663
0.1807069536333333
0.17491068050000003
0.17146801173333334
0.1711832621
0.1723903277
0.16940951273333335
0.16518178533333333
0.1633723156
0.1658027788
0.16873329383333333
0.16889978153333335
0.1686558562666667
0.1698331753666667
0.16662733183333336
0.1650732681333334
0.16240719323333339
0.16249191850000005
0.15998520743333336
0.15640892720000002
0.1567533851666667
0.15978306680000004
0.15900766870000005
0.1577368022333334
0.1580422525666667
0.15857915776666673
0.1594000521333334
0.15985039773333334
