0.9435107706
0.7306332564
0.6017471195999999
0.37076330580000005
0.2280743696
0.2019377716
0.3566376158
0.4543752714
0.6609022064
0.7868970308
0.8621457901999999
0.8566400904
0.7384686636
0.581688174
0.41812529439999996
0.266615305
0.2108354678
0.23393817599999997
0.3046148074
0.38834642099999994
0.45262657179999993
0.49298267659999995
0.5476946504000001
0.5686422856
0.5078845280000001
0.4196768634
0.33942884340000007
0.2914217414
0.2678111028
0.3361814994
0.4290116674
0.5000143842
0.5296810756000001
0.5149752112
0.45881978540000007
0.4002235462
0.353145599
0.27609529520000003
0.25194825239999996
0.2531310888
0.24096041920000003
0.2312534592
0.2948091404
0.35449464480000004
0.40686559340000006
0.439294587
0.43173344820000004
0.3759447992
0.31509567960000007
0.2697992198
0.2673503256
0.28595558879999994
0.30068170839999997
0.2978051346
0.302409967
0.29948207680000005
0.2837128558
0.25656792619999996
0.2424516316
0.23629748900000003
0.22369896579999998
0.2422154706
0.27399420099999994
0.28736005519999996
0.285669839
0.31395596459999997
0.3288745662
0.3459263174
0.3414734864
0.3011961118
0.23532095319999996
0.1898083168
0.1716078328
0.2042971514
0.2380201166
0.2538142544
0.258240961
0.26465710099999995
0.2823670602
0.3007469594
0.3061337886
0.2930260044
0.27053753820000004
0.23183976280000002
0.21628926799999998
0.2232701718
0.22766344639999997
0.225049785
0.2242720076
0.2291169858
0.2368181166
0.236347511
0.22214022619999998
0.21105381419999997
0.20945776
0.2244079004
0.2547697436
0.28106223480000003
0.275690799
0.25522837239999996
0.230584399
0.21831403039999997
0.2073464252
0.214641014
0.21043039180000003
0.2051118396
0.1952266258
0.18631575860000002
0.1752727458
0.1895137638
0.20097664220000003
0.201706888
0.21693077619999998
0.23063280799999997
0.22223569559999995
0.2070655166
0.2100209678
0.2102668356
0.2051337046
0.1876803362
0.1729758016
0.1599458442
0.14887686900000002
0.14162875860000002
0.16517040500000002
0.18503428539999997
0.19891929619999998
0.19728796359999998
0.20771154479999998
0.20337754079999998
0.1856539938
0.1628214636
0.1683756616
0.1692884568
0.1594260146
0.1572081812
0.1558346384
0.1435270944
0.1424019392
0.151439623
0.175343884
0.19669951160000002
0.1811296588
0.1626436664
0.16000565300000003
0.1581258202
0.1422363224
0.15189346459999997
0.1565595278
0.15539743639999998
0.15103359840000002
0.156887457
0.16972129460000002
0.1803939172
0.17011772320000002
0.1630741312
0.1599637664
0.160304337
0.1486237372
0.14206711300000002
0.13573469600000002
0.147076705
0.1474701628
0.1557980256
0.16922596680000002
0.1681628168
0.1535365504
0.1485834686
