0.9381129502000001
0.7055087824
0.57608143
0.3144514544
0.1774559474
0.15476622639999998
0.3292147992
0.4282872564
0.6657648882
0.7861748978
0.86362808
0.8567282326000001
0.7279708163999999
0.5682123922
0.38697020311999997
0.21643948312
0.17040117692
0.20343491832
0.28218009952
0.3903884832
0.4838849562
0.5246186448000001
0.5888005596
0.5978341090000001
0.5315250886
0.4304135754000001
0.32224506740000003
0.2516324276
0.2364136954
0.31158001479999997
0.41114782920000004
0.506328772
0.5512041808
0.5481969088
0.4960080276
0.43086928979999994
0.3756374664
0.285749847
0.235643446
0.21922038399999993
0.21268405299999998
0.2220913252
0.30261363399999996
0.3779285422
0.4459324338
0.49326193920000005
0.4722792652000001
0.40386061079999996
0.3383242304
0.274864389
0.24545331900000003
0.2657102988
0.2815727322
0.2916783196
0.30644945619999997
0.3161746352
0.32234840900000006
0.315247161
0.2936273748
0.2760668054
0.2474096324
0.22897083440000002
0.2534928236
0.27036066560000005
0.28559255920000004
0.3235043946
0.35074647960000005
0.3638994868
0.3588640048
0.3125299756
0.2506917964
0.20130296360000002
0.17904713020000002
0.2052853344
0.2499312062
0.267469748
0.29134680459999995
0.3046199144
0.3222051966
0.3364024306
0.3414456232
0.3120839608
0.270505261
0.22464588680000003
0.20195511440000002
0.21761007599999999
0.23450850939999998
0.24433090559999998
0.25233584000000003
0.25702831099999995
0.2530503884
0.2359599854
0.22637752740000003
0.2088945414
0.2019694924
0.21672198339999998
0.2540441184
0.2798162346
0.2838881234
0.279853024
0.255821718
0.24475189739999997
0.22646082659999997
0.22664010659999997
0.2081088608
0.1987995252
0.18764827779999999
0.1932706884
0.18857019
0.20625464300000002
0.21596559119999997
0.21863456860000002
0.2283253782
0.2467037828
0.2379376282
0.2293255708
0.2311520398
0.2352185938
0.2263663124
0.21163760680000002
0.2017023396
0.1900034266
0.1730324454
0.1644844374
0.1881553956
0.2011165258
0.2068603708
0.20947224159999997
0.2216853266
0.220628344
0.2165826588
0.2038012374
0.2011957792
0.19689275
0.1883822298
0.1845816268
0.1884339564
0.1823671364
0.1776046128
0.1884176474
0.205641923
0.2141853712
0.19960608380000003
0.1882225142
0.18250715760000003
0.18357825560000002
0.1747212138
0.18796182720000001
0.1943056032
0.18443857260000002
0.1732823762
0.1849900544
0.19173516899999998
0.2002649144
0.1961795168
0.1884230848
0.18143386220000002
0.1892781434
0.18493731219999998
0.19100227099999997
0.194741091
0.18738018360000003
0.180491681
0.18087092600000002
0.1753591586
0.1619551292
0.16448098319999999
0.1646379112
