0.5674336339
0.5329218291
0.5090383387000001
0.4892372741999999
0.49202774730000004
0.5122331363000001
0.5289330544
0.5081910147
0.4976134254000001
0.43818482160000005
0.45475047469999996
0.45690929420000004
0.43768324869999997
0.4261282609
0.463605274
0.449857789
0.42438669640000004
0.4494710454
0.4862589056
0.5467889636
0.5502388885999999
0.5302122802
0.5055847540999999
0.48301119970000006
0.4825861239
0.4999176182999999
0.5252326587
0.5340786714
0.5278061392000001
0.5056274623
0.4835236418
0.4553574245000001
0.45120667060000014
0.4645679959000001
0.40836081249999995
0.39198693419999997
0.37603974679999996
0.3605587804
0.3323667708
0.29617793800000003
0.2970805555
0.30937011880000004
0.3124806813
0.2903448061
0.31097335849999996
0.3135263293
0.3157045035
0.3131597937
0.3242758756
0.38352377829999995
0.3517576857
0.35889263129999993
0.3777790874
0.4010293011
0.4214010368
0.41808010390000006
0.40801933760000003
0.3983834245
0.3965704431
0.39395271070000004
0.4025317222
0.4027826921
0.400538407
0.38791886560000005
0.3670316692000001
0.3421306638
0.3228204081
0.33383565570000007
0.3358770233
0.32357670800000005
0.33729879949999997
0.33811356420000005
0.31924166270000004
0.2883238896
0.2948331858
0.3009877275
0.3308287753
0.3223774342
0.310038323
0.3143794078
0.3106533828
0.3067826387
0.3117706304
0.34583908290000004
0.3608410171
0.35222519139999997
0.3456157321
0.34059879649999997
0.3512272479
0.3599027488
0.35838753739999996
0.3578960691
0.35846635709999997
0.3490893396
0.3257578948
0.3115580059
0.30814760210000003
0.31154802189999997
0.3080527601
0.2826772231
0.2639247926
0.26895354239999997
0.2744287713
0.27433745379999996
0.2827730291
0.2970289057
0.2841161485
0.2616436819
0.25916495330000006
0.2795027229
0.3117596
0.3052675626
0.3021119280000001
0.31319685639999995
0.3126077187
0.3328290197
0.3304551225
0.349050822
0.3589489136
0.35979911919999996
0.3425502331
0.3469892242
0.33782856029999997
0.329479554
0.3323903638
0.3199767698
0.32773245900000003
0.33199786319999997
0.31678916399999996
0.29479401250000004
0.254465106
0.2521441185
0.25933382520000003
0.2649985508
0.26024997699999997
0.2648809942
0.26390508710000005
0.2613183059
0.24211052879999997
0.24041255069999998
0.29159200649999995
0.25718815669999995
0.2545924922
0.25689879870000004
0.2741830435
0.2820493263
0.278106561
0.28820751219999996
0.3196105736
0.3388080366
0.3328921199
0.32602162320000005
0.32280752590000006
0.3166188629000001
0.3079829691
0.3011994509
0.3126267605
0.29861458620000003
0.29735460680000003
0.29675706690000003
0.2997294158
0.3295537959
0.3328932322
0.31865874590000004
0.2838026964
0.2794762424
0.2788542437
0.28500498890000003
0.28033427460000004
0.280687562
0.2909883923
0.2832179022
0.2718665547
0.2690453735
0.30007449219999993
0.3140835838
0.3057569444
0.3089217339
0.3118904206
0.30876189899999995
0.30355166999999994
0.3121673858999999
0.3265680315
0.34946600279999995
0.34407507000000004
0.32654222610000005
0.3037947284
0.30390720610000005
0.29802915910000005
0.2951229294
0.2965964041
0.30568512509999995
