0.5015241193000001
0.44776995159999994
0.4008957488
0.36374086729999994
0.36366676929999997
0.37668075469999995
0.3855578324
0.36809358270000003
0.35579492539999996
0.31672283609999996
0.32422538089999997
0.3234951291
0.3095998707
0.3059100116
0.3286554548
0.3161888459
0.3022215419
0.32157355979999996
0.3505003834
0.39057856199999996
0.39337670999999996
0.3795073455
0.36264310969999997
0.34721850989999997
0.3406365237
0.35008125040000004
0.3624854532
0.36322006780000005
0.3575082918
0.34170229240000005
0.3239857701
0.3068602118
0.30323567139999996
0.30303194229999997
0.27186558799999994
0.2587580963
0.24524848819999995
0.2338518055
0.2152780454
0.19862817429999996
0.19940418099999996
0.20610110799999998
0.21020972389999998
0.2006105237
0.2133285274
0.21808086319999997
0.22175662009999994
0.2206531058
0.2242753585
0.2509218909
0.2322703432
0.2364979166
0.24577043229999998
0.26004499299999995
0.27090448759999997
0.26755826689999995
0.2576433683
0.2550178161
0.2571001812
0.2542385506
0.25638094079999996
0.2536953893999999
0.25103723419999996
0.23932065519999995
0.2286955871
0.213068837
0.20449954899999997
0.20722770720000003
0.2078819763
0.20267484430000002
0.21390692620000004
0.21498500110000002
0.2039149571
0.1929810644
0.1936480337
0.1980817755
0.21574610970000002
0.21116464340000002
0.2046742188
0.20570776510000002
0.200405989
0.1982229416
0.20120594719999998
0.2169505646
0.22378026439999998
0.22049572509999998
0.21391148859999998
0.2067568937
0.21271356530000002
0.22048392750000004
0.21825742250000008
0.21819468520000002
0.219682805
0.2139106292
0.20046297550000003
0.1955701023
0.1966278909
0.20134616379999998
0.19878201490000003
0.1817445406
0.1761198757
0.1785691558
0.1824594473
0.18572760439999997
0.19467258899999998
0.20026800690000002
0.192397221
0.1817060263
0.18096560499999997
0.1955443683
0.2118607345
0.20999607729999997
0.20711548349999997
0.21065923719999996
0.2081896945
0.215152549
0.2117277182
0.21898034159999996
0.2215021464
0.22118829710000001
0.2162737693
0.21992043000000003
0.21688185610000002
0.2128873092
0.2128282844
0.2078385024
0.21118304100000002
0.21329475050000002
0.2022734657
0.19123236329999999
0.1748985292
0.1763777728
0.18159744490000002
0.1875941553
0.1903795509
0.19652011679999998
0.2006115436
0.2038225685
0.1957621645
0.1922593248
0.2092654144
0.1897639298
0.1829451592
0.1846029444
0.1936145809
0.1957665389
0.19185700200000003
0.1954870732
0.21443420500000002
0.2234824686
0.2192499996
0.2143132715
0.20974394540000002
0.20362204479999998
0.1965335236
0.1935119286
0.1981063053
0.1921878968
0.19055117410000003
0.18864868299999998
0.1924507144
0.2068418855
0.2114760865
0.2035876219
0.184370137
0.1813481366
0.1832120475
0.18415526929999998
0.18379977590000002
0.1862586153
0.19090543859999998
0.18695750449999998
0.1820655114
0.1788907879
0.19440711309999997
0.20003750289999997
0.192154125
0.19569610829999995
0.1962091906
0.19411689690000003
0.19121655580000002
0.1952913872
0.2050134156
0.21744649359999996
0.21311629370000001
0.20554395839999998
0.19498576760000003
0.19410896090000002
0.1906226868
0.1879050625
0.1888714284
0.1916955597
