0.5861274454000001
0.5572194462000001
0.5396511168000001
0.5256714066
0.5277931515
0.5488101257
0.5674990010000001
0.5475797432999999
0.5385758135
0.47530641470000007
0.49521972560000005
0.49856860249999996
0.4786654598
0.46451285010000004
0.506946503
0.4949574834
0.4648683806
0.48966450510000004
0.5283248596
0.5918619004
0.5953290067000001
0.5753667818000001
0.5503095661999999
0.5247342052999999
0.5287047823
0.5487664867
0.5815087635999999
0.5947793589
0.5890179636
0.563561151
0.5409677953
0.5081663038
0.5018320008
0.5231625546
0.4600749826
0.4459109981999999
0.4309980401
0.4156425935
0.3865740187000001
0.34054425080000006
0.34200303540000004
0.3564937902
0.359887668
0.3340788285
0.3559645272
0.3556841208
0.3557640375
0.35208691999999997
0.3669033167
0.4447222043
0.405192084
0.41259827600000004
0.435719583
0.4625937228
0.4870424589
0.4858902259
0.4783568505
0.4661640943
0.46269080100000004
0.4596875185000001
0.4757942471000002
0.48105707380000007
0.47972077860000006
0.4679835498999999
0.44132138219999995
0.4152673377
0.3902996615
0.40547748229999997
0.4082563457
0.39405928649999994
0.4087381485
0.41019824079999995
0.3883724072
0.34644771090000004
0.3557316863
0.3592310619
0.3933020946
0.38268252160000005
0.36975126280000004
0.37547275460000007
0.37083124000000006
0.3643211538
0.3724258549
0.4177943062000001
0.4384864374000001
0.4274656162
0.4219232731
0.4199568467
0.4315124513
0.44019215310000004
0.4407369768999999
0.4403458315
0.44006799350000003
0.42878519390000003
0.4052261047
0.38763631470000004
0.38321473010000007
0.3851014018
0.38052529770000004
0.35511136649999997
0.3283436514
0.33401975
0.33849491190000003
0.33532217810000003
0.34069250980000004
0.35859872340000004
0.34280998619999997
0.3136385091
0.3101370126
0.3315791728
0.3710188347
0.361428922
0.3589577598
0.3737030534
0.3723731054
0.3988868787
0.3962705429000001
0.4223561085
0.4358443322
0.43662398090000004
0.415186775
0.42284079410000003
0.4104931871
0.40005325150000004
0.40539899290000003
0.39224397020000007
0.4040344566000001
0.40864663520000005
0.3932603064
0.3652355233
0.3125799506
0.3073981558000001
0.31584110410000005
0.32051200020000004
0.3102930048
0.3112808053
0.30667440040000005
0.30186104890000004
0.2773128522
0.27781190310000003
0.34777546249999997
0.30388555539999995
0.3030968576
0.3067976474
0.3293533529
0.3390871725
0.3320102334
0.34458442600000005
0.3801003935
0.4033793499000001
0.3977467725
0.3957762271
0.3940862413
0.3882387317
0.37793325159999996
0.3709727592
0.3876137299
0.36895609119999995
0.3680481934
0.3675241455
0.3670561365
0.4007788836
0.40344376530000003
0.3867950744
0.3450961267
0.3406465856
0.3392783866000001
0.3485844412
0.3412576194
0.33928156699999995
0.3508645406
0.3397888517
0.3226793637
0.31782042930000004
0.35648936620000005
0.3728650774
0.36527855750000005
0.36940270140000003
0.37556219920000006
0.3733866605
0.3664608356
0.3797843957
0.39840199060000003
0.4263329721
0.4234268325
0.40313307480000005
0.37520383360000004
0.37382230600000005
0.3649233371
0.36302787549999993
0.3653454437
0.37456400659999994
