0.36650456170000006
0.28844005110000004
0.2072206858
0.17939871180000003
0.1774499591
0.1830386661
0.18559609149999998
0.1897917048
0.19202721879999998
0.1903709663
0.18371210929999998
0.1755849962
0.1694672913
0.1665916756
0.1717382755
0.1680225353
0.16611226480000002
0.1611718559
0.1603616786
0.1572508386
0.1540753624
0.15436036869999997
0.1564091118
0.15398762579999997
0.15248877560000001
0.1533468463
0.152369462
0.1503877206
0.1461097074
0.14413609210000003
0.14046237179999999
0.1406091802
0.13883810970000002
0.1394109943
0.1365895432
0.1350403557
0.13204768500000003
0.13337660329999998
0.1333633696
0.13225822310000002
0.1334133629
0.131190545
0.1303451377
0.13093088680000003
0.13276289370000002
0.1338162483
0.13535521839999998
0.1351604749
0.1348276615
0.1354347544
0.1319051456
0.133370027
0.1362999526
0.140171391
0.1407177046
0.1403189903
0.13929174660000002
0.1392792977
0.13895523729999998
0.1378610909
0.1403469696
0.1431041051
0.1431370191
0.14324021580000001
0.14305753790000003
0.1406852159
0.1397276601
0.1396873672
0.1399252746
0.1397420097
0.13913883340000002
0.1375583391
0.1354241761
0.1320575469
0.1303183651
0.12997009599999998
0.1330435684
0.133471392
0.1339743755
0.13423505070000002
0.1348309679
0.13508727589999997
0.1365267099
0.13589904120000001
0.1384478221
0.142382778
0.14166361430000002
0.1380878354
0.1364256569
0.136887513
0.138115152
0.1372242737
0.1375484632
0.1368783423
0.1376198511
0.1374063598
0.1365984652
0.137944962
0.1383478347
0.13857814510000002
0.13615199279999998
0.13730728399999997
0.1382339326
0.13961184359999998
0.13731915899999997
0.13397256869999996
0.135794314
0.13905530030000002
0.142431787
0.145907013
0.1466304059
0.1454160021
0.1443330845
0.1437179007
0.14313971679999998
0.1455004486
0.1430412793
0.1400136535
0.14050595770000002
0.1411244989
0.14367464319999998
0.14441454380000002
0.14341633069999998
0.1422577717
0.1441162084
0.14295189479999998
0.1445545818
0.1465235758
0.1414816344
0.1369935716
0.13454214109999998
0.1363077203
0.1387847683
0.1385839357
0.1402500718
0.1415858402
0.14215873130000004
0.14438474569999998
0.14441804700000002
0.1431321345
0.14441374229999998
0.1409696627
0.1403040163
0.14542067549999999
0.1456005296
0.1460007016
0.1426580365
0.140734188
0.14457011730000002
0.1476074008
0.1498250991
0.15001442250000002
0.14855570580000002
0.14533924830000003
0.1417018089
0.13970285750000003
0.14642110860000002
0.14535949880000001
0.1436512214
0.1437916648
0.14164750809999999
0.14682579710000002
0.1496649567
0.1507164113
0.1510008163
0.15132315429999998
0.1471882826
0.1487484305
0.1506036862
0.15244931369999998
0.15338108639999998
0.1515182577
0.1487877261
0.1449778885
0.14652960100000004
0.14929962200000002
0.15028056400000003
0.1508705906
0.1527354134
0.1532525278
0.152792406
0.15164472739999998
0.15340152829999998
0.15595303440000002
0.15578917460000002
0.15404890840000002
0.1511584127
0.1511326185
0.14766456969999997
0.14281698999999998
0.14327534399999997
0.1432851233
