0.4736703412666667
0.43545290359999994
0.3819816180666667
0.33700802473333336
0.3200494988666667
0.3279498286666667
0.33576237180000007
0.3370778500666667
0.3466225114666666
0.3526472079333333
0.3501134923333333
0.33842063046666665
0.32910015873333337
0.3281810354666667
0.33799069400000004
0.3390804655333333
0.33172871386666675
0.33344420140000003
0.3409049011333334
0.36858966633333334
0.36735073866666673
0.3644141798666667
0.36484695679999996
0.3625798889333333
0.34668858573333333
0.34427841500000006
0.33482116046666666
0.3212189424666667
0.30925927373333334
0.2894476836666666
0.2776049962
0.2749082749999999
0.2789860873333333
0.2746195792666667
0.25201635279999995
0.24382703539999998
0.23056493033333328
0.21921204653333334
0.2046607616666667
0.20386517366666668
0.20700172493333335
0.2181725472
0.22393104360000002
0.22211519006666666
0.23805388806666666
0.2261685333333333
0.22473121593333328
0.2271577977333333
0.23450539339999998
0.2520493825333333
0.2524377822
0.2525340540666667
0.25380310506666665
0.2597749617333333
0.26532723686666665
0.2517019184
0.24602372879999998
0.24741388333333336
0.24453559119999999
0.23723184666666666
0.23963677806666664
0.23120180899999995
0.22810795499999997
0.22499961726666665
0.21984080799999997
0.21593435793333335
0.21758481733333335
0.2133453106666667
0.20178951333333334
0.19683816873333335
0.2007706678666667
0.2059022892
0.20152622779999999
0.201901993
0.20451559333333336
0.20749245926666668
0.21340041240000002
0.209330804
0.2078352388666667
0.2109084488
0.20516320046666664
0.2051866142
0.20342085219999997
0.2150569936
0.22240618919999997
0.22094289059999997
0.21503279606666664
0.21500957839999998
0.21399284580000003
0.20741192240000003
0.20193927600000006
0.2041232470666667
0.20351432993333338
0.20294462713333336
0.19438237333333336
0.191358991
0.19147124086666664
0.19881128079999996
0.19600220520000006
0.19020436340000002
0.18994633226666668
0.1869249376
0.1781964774666667
0.18098127766666666
0.19110330186666666
0.20221941246666666
0.20038336513333332
0.20265749393333332
0.2039203534
0.207834466
0.21596811446666667
0.20903064586666667
0.2025437403333333
0.2048309723333333
0.2087804406
0.21288992073333332
0.21873217113333332
0.2261080471333333
0.2252014895333333
0.21935707673333332
0.21328662639999998
0.20982195500000003
0.2066632516666667
0.19924045799999998
0.19747555313333331
0.1860539075333333
0.19516554086666665
0.201186116
0.2025961621333333
0.1988179126
0.20011752473333336
0.19694936406666666
0.19795705993333332
0.18782369486666667
0.1837629134
0.1870051822
0.18088613339999998
0.18095305513333332
0.1908158146
0.20040605766666666
0.21402953119999998
0.2072688502
0.20721681213333332
0.2057170613333333
0.20583152519999998
0.2021584374
0.1900206186666667
0.18490063973333334
0.1960557348
0.20325552353333334
0.20352720733333335
0.2128304338666667
0.21337863720000003
0.2096825478
0.2025209266
0.19994788773333333
0.20001054100000001
0.19555998193333332
0.18882467940000003
0.1771806358
0.17825929866666665
0.19209628453333333
0.1963195198
0.19646770186666668
0.19567098773333338
0.19821022773333338
0.19257800713333334
0.188811725
0.1810510886
0.18101958920000003
0.18331715766666665
0.18230444420000003
0.18579953433333335
0.19154874766666666
0.20216882766666663
0.20478917386666665
0.2006309002666667
0.20271715586666664
0.20348223373333335
0.1989247081333333
0.19307617086666665
0.18765661959999996
0.19382850066666663
0.19937001359999995
0.19783412726666666
0.19734512419999997
0.20032519006666666
