0.30260598240000003
0.24796632813333339
0.19445063773333332
0.17673687393333332
0.1813756368
0.186230909
0.18511443106666667
0.18320248353333335
0.1819415302
0.17833049713333335
0.17028463146666667
0.1664144706
0.1637514178
0.16404551846666665
0.1679095564666667
0.16692203986666662
0.16429061586666666
0.16094742153333333
0.15658180153333331
0.1530757033333333
0.15004112279999995
0.15093744779999999
0.15103170400000002
0.150390873
0.1495081008666667
0.14854859753333335
0.14728855946666666
0.14605825739999997
0.1426146786666667
0.13930150640000002
0.13735111833333333
0.13606232533333334
0.13567669833333335
0.13664136886666667
0.13602106586666668
0.1352596086
0.13316928146666665
0.13269653546666665
0.13249546493333333
0.13171937413333334
0.13292036933333334
0.13255968413333333
0.13322494180000002
0.13358581366666666
0.13525120666666668
0.1331694685333333
0.13405084279999996
0.13464543499999998
0.13703414586666665
0.13735902846666667
0.13752412093333335
0.1379604852
0.13918104846666665
0.13893538066666666
0.1386500048
0.13752328273333336
0.1392167672666667
0.13996313113333336
0.1426425154
0.14244088413333333
0.14337750113333333
0.14219890726666667
0.14143932486666666
0.13877130306666668
0.13799954153333335
0.13673651146666668
0.1380611622666667
0.1373930500666667
0.13804405513333334
0.13741240026666668
0.1364595854
0.1354918828
0.13499557346666666
0.13259407620000002
0.1321178834
0.13283367946666666
0.1349675728
0.1352859452
0.13535989953333333
0.13654960853333334
0.13862221513333334
0.13822873293333332
0.13677134633333335
0.13550614953333334
0.13649731533333334
0.1382637168
0.13775470966666664
0.13800399266666666
0.13729587740000002
0.13880614213333334
0.14033914306666664
0.13923619246666666
0.13771684773333334
0.13713867853333334
0.13658419733333332
0.13410986000000003
0.1348504894666667
0.13810139080000003
0.13942000186666667
0.13909390613333333
0.13757742086666666
0.138282886
0.13872140579999998
0.140840975
0.14210897193333333
0.14025922406666663
0.1407288474
0.14236013913333334
0.14300004586666668
0.1421349539333333
0.14380972473333337
0.14210554953333335
0.1399078864
0.14143705106666668
0.14464586519999997
0.14672727373333333
0.14647566726666664
0.1452674927333333
0.14288403566666666
0.1409410842
0.141357384
0.14153126933333335
0.14136821393333332
0.13994620686666667
0.14054843506666664
0.1394217354
0.14198662793333333
0.14444823593333334
0.14160268766666664
0.1403581328
0.13996484866666667
0.14002739433333333
0.14201382393333334
0.1413863904
0.1398923858
0.1403963004
0.13959668186666668
0.14030186293333333
0.1442287150666667
0.14609610479999996
0.14760388900000002
0.14426093846666668
0.14331343706666663
0.1453771781333333
0.14479727180000002
0.1458891396666667
0.14483380933333334
0.143082503
0.14484284926666666
0.1451425544
0.14446329913333333
0.14789523573333335
0.14668375873333336
0.14419754206666668
0.14359136193333336
0.1429870106666667
0.14761231640000003
0.14903634880000002
0.14894037859999998
0.1474048314
0.1454620026
0.14601114246666666
0.14681224186666667
0.14770716733333333
0.15075636513333335
0.15210582993333333
0.1510104158
0.15132183366666666
0.14982482333333333
0.1492301222
0.15056341186666666
0.1483143204
0.1476159978
0.14905316873333335
0.15225750613333336
0.1530853310666667
0.15398137900000003
0.1544238988666667
0.15339105546666662
0.15145669613333332
0.15100862653333333
0.14807442373333332
0.14917925939999999
0.15084428953333337
0.14978243213333334
0.14906914573333335
0.14931775186666668
