0.2751083355
0.23201252365000005
0.18834398854999998
0.1729951937
0.17459411730000002
0.1755306007
0.17585417814999998
0.17548178035
0.1761944487
0.17381090245
0.16889373585
0.16497268245
0.16293820155
0.16028965069999995
0.16211352555
0.16068469079999997
0.15924086339999996
0.15577978825
0.153235693
0.15069346535
0.14726886709999998
0.14748477445
0.14762361075
0.14669931004999998
0.1445391594
0.144193601
0.1422085735
0.14188216194999997
0.1397365385
0.1381971576
0.13693786735
0.1358998626
0.1345916237
0.13517094055
0.13467621845
0.13442830199999997
0.13370145169999997
0.13426853909999997
0.13409551555000002
0.13384648875000002
0.13265925425000002
0.13228028600000002
0.13332254515
0.13555113889999998
0.13674029915000002
0.1370676193
0.13732348249999998
0.1372198863
0.13689144940000003
0.13664792265
0.13612605760000002
0.13823706605000002
0.13971848585
0.1417058034
0.14188762124999998
0.14050210310000003
0.13950970335
0.13948333245
0.13944025594999998
0.1388015503
0.1397429015
0.14033122209999999
0.1392805976
0.13764888135000003
0.13668795150000002
0.13532765595000001
0.13638561425
0.13657937960000002
0.13694982505000003
0.1369885302
0.13698490065000002
0.1363228075
0.135975443
0.13397829405
0.1343830936
0.13617643699999998
0.13735359135
0.13577961370000002
0.13520001620000002
0.13556128185000002
0.13647305995000006
0.13615577480000002
0.13703758655000003
0.13638869175000004
0.13803383660000001
0.13989456890000002
0.13913103975000002
0.13801639870000001
0.13738674580000002
0.13773282905
0.13713357239999996
0.13726577884999996
0.13789119789999998
0.13824509294999998
0.13746950504999997
0.13568946425
0.13619638959999997
0.13850013115
0.14038981085
0.14224257905000004
0.14139119935000002
0.14136164305000004
0.14128350855
0.14166487215
0.1402294379
0.13973650864999998
0.13941779665
0.1395344769
0.14146887235
0.14351575595
0.14515252455
0.14491527294999998
0.14387470759999998
0.1429878362
0.1436279626
0.14422617170000002
0.14379793054999998
0.14326861465
0.14099379605
0.13905903525000002
0.13910839214999998
0.14036113205
0.1411005495
0.1404208537
0.14218314009999997
0.14226886749999998
0.14335665655
0.14545416075
0.1429498407
0.14006285305000005
0.13947794170000002
0.1386386915
0.1395443923
0.1420023056
0.14292530069999998
0.1437932709
0.1424083839
0.14255946684999998
0.14449408215
0.14536976764999998
0.1471194207
0.1454920426
0.14442986105
0.1453799619
0.14365116925000004
0.14285177955000003
0.14453957255
0.1430468434
0.14411066935
0.1456995328
0.1457363036
0.14842010980000003
0.14911033125000003
0.1480278298
0.14635131260000003
0.14551300590000002
0.14680469560000003
0.14705396465
0.14712745379999997
0.14812048925000001
0.14751429725
0.1491720274
0.1492263414
0.1478471499
0.14876520865000004
0.15031138815
0.1487344233
0.14980951055
0.1516695498
0.15285092075
0.1530867462
0.15158149255000003
0.15109462720000003
0.15046546145
0.15115938780000002
0.15167426520000002
0.15071948835
0.15100160455000003
0.15019999155
0.1480347589
0.148033875
0.14746492535
