0.5110920542999999
0.4949155616499999
0.47336079370000006
0.45768276755
0.47781651065
0.48104546265000003
0.47665987540000004
0.4788310300500001
0.4919361655
0.4924868926000001
0.5024946816499999
0.4935607872
0.4716340014
0.4545697303
0.47309569895000003
0.47488770365
0.47480967755
0.4917748584
0.5070325224
0.5262082129500001
0.5168812652
0.49278485234999997
0.47839571234999995
0.4737895978
0.4454734681999999
0.44595227625
0.45063620275
0.44731872590000005
0.430086455
0.40090270014999996
0.39030209865
0.38236377165
0.38184367595
0.37745640099999994
0.3596670854999999
0.35275663174999994
0.34587212515
0.33685928704999996
0.3283213232
0.33985085815000005
0.32441912060000005
0.33413137505
0.34512988435
0.3456870536
0.36618719765
0.3658032166
0.36186192055
0.35577160909999994
0.36042315934999997
0.3887382445
0.37714470395
0.38083766170000005
0.38915874720000004
0.39447408335
0.394216353
0.38010538385000003
0.36541987285000005
0.3661095401
0.3662237332
0.35876470935000004
0.36991526085
0.37044812815
0.35989003485000004
0.33812137760000005
0.3309324275
0.32155919565
0.3268245917
0.32810654494999997
0.32295767315
0.3189780579
0.3239760911499999
0.3224481014499999
0.31550614655000003
0.31708148625
0.32783710145
0.32660645945
0.3382222537
0.33148811534999995
0.33063278544999997
0.3371410783
0.3345204601
0.3323393539
0.33511849374999997
0.34746421125
0.34329945595
0.33189159864999995
0.3268816671
0.32607340919999994
0.32964000399999993
0.32128998594999997
0.311156165
0.31342480575
0.3164475641999999
0.3117133967
0.30426546195
0.3042934558
0.2961318753
0.2865958518999999
0.28360885669999997
0.281089973
0.2878421963
0.2871105525
0.28827034965
0.29376715510000007
0.2976903739000001
0.3149289627
0.3072856355000001
0.3053472519500001
0.30905693345000007
0.31965092105000004
0.32715491655
0.3261283934
0.31997024414999997
0.3213382052
0.32249904124999995
0.32640289474999995
0.32909379075
0.3405243425999999
0.33786903879999997
0.32729656585
0.29850766954999997
0.2995666713499999
0.29858119274999995
0.29723905240000004
0.29632017039999997
0.292428882
0.29581877305
0.29665808455000003
0.27944984640000003
0.2676032816000001
0.27302855625000005
0.25466613760000006
0.2569631587000001
0.26094867475
0.26721651025
0.2734651602499999
0.27100582405
0.27476290905
0.2808605512
0.28961029365
0.3122420632
0.29160488995
0.28870000905
0.28675883080000003
0.29108300629999995
0.29162438859999995
0.29536666074999995
0.29341104919999994
0.30848259019999996
0.3177825517499999
0.31631076785
0.32778770955
0.32785037905
0.3176388043999999
0.2958928327499999
0.29033784664999995
0.29574050209999997
0.29180978755
0.2888444407
0.28872231445
0.29535890405000004
0.30638584905
0.30237989345
0.2938520597
0.2919385943
0.29677991310000007
0.29230559405
0.29696336140000007
0.29611234760000005
0.2947247305000001
0.29727003115
0.29769264405
0.2992172931
0.30925568815000004
0.3220747811
0.32031290495000003
0.30477583639999994
0.30641446999999994
0.30495978984999994
0.30194241419999995
0.30007403704999996
0.30892625549999997
