0.4128747501
0.38563254035
0.3552478097500001
0.33482543945
0.34616111205000005
0.3464348003
0.34388968715
0.34483357125
0.35314765439999996
0.35365069905
0.35880104544999997
0.35150123730000005
0.33612149020000004
0.32656426075000006
0.33464598925000005
0.33313504815000006
0.3323534975500001
0.34239681380000003
0.35400433760000005
0.36614042720000006
0.35868124005000007
0.34318377865000005
0.33293939055
0.32512522609999994
0.30625105584999995
0.30441967335000003
0.3038669707
0.29853593665000006
0.28639316859999997
0.27016523335000003
0.2616949755500001
0.2564806599
0.25672269765
0.25182123300000003
0.24259705769999998
0.23841947974999997
0.23350255414999999
0.22725245565000005
0.21977670195000004
0.22477503260000004
0.21583726210000004
0.22129951229999997
0.22799007810000002
0.23032775835
0.24211650750000002
0.24281956504999996
0.23969999419999993
0.23783546094999997
0.24068776984999998
0.25258022075
0.244325642
0.24509665300000005
0.24840383324999998
0.24968282410000003
0.24980003735
0.24031355195
0.23107145865
0.23112276165
0.23249107875000002
0.22845669745000002
0.23514393349999999
0.23434019525
0.22747609565
0.21615085979999998
0.2111718104
0.20557530625
0.21012282934999998
0.2091961753
0.20627809754999998
0.20419130470000005
0.2071564576
0.20660397135000003
0.20256045215000001
0.2049658145
0.20871414905000002
0.2092887503
0.21482879915000003
0.20896076854999998
0.20869389205000002
0.21309584629999997
0.20933170574999999
0.20820881339999997
0.21044437609999997
0.21543059689999997
0.21212161994999995
0.20803291369999996
0.20526968974999998
0.20405152875
0.20574779010000005
0.20111423405
0.19718864910000006
0.19838192050000003
0.20107112615000006
0.19981911680000003
0.19756778225000005
0.19791905460000003
0.19451255595
0.19152609505
0.18987380995000006
0.18864445445000003
0.1939903051
0.19428261654999998
0.1947874654
0.1981934208
0.20143114175000001
0.20771027795000002
0.20206246960000002
0.20034318395
0.20123387569999998
0.2083663327
0.21406725190000003
0.21495825365000001
0.21199866979999998
0.2117732732
0.21050898945
0.21149552570000002
0.2114553796
0.21613754605
0.21188780605000002
0.20621033019999996
0.19558614924999998
0.1981491014
0.19923965049999998
0.20024073225
0.20160391765000002
0.20217930959999997
0.20589729229999998
0.20855865950000002
0.1990178151
0.19174584405
0.19208197180000003
0.1830708513
0.18227130204999997
0.18609854985
0.1919970659
0.19614332785
0.19623427279999997
0.19965482085
0.20509818474999997
0.20787089669999997
0.21425770699999996
0.20203860064999998
0.19634455229999997
0.19411249459999996
0.19507405225
0.19463923375
0.19498165365000003
0.19383748500000003
0.20249268955000002
0.2060655758
0.205850357
0.21057757849999997
0.21061001595
0.20360483335000001
0.1904518303
0.1874300326
0.19065917640000002
0.18817158305
0.18717547500000004
0.18745364915
0.19167807650000002
0.196899695
0.19677079895000002
0.19123920490000001
0.18938862505000004
0.19069281975000002
0.18768308625000002
0.1899256888
0.19000448325
0.1901877561
0.19106099719999997
0.19112444585000002
0.1935394635
0.19816864074999999
0.20376170339999997
0.20279073065
0.1935699463
0.19490253459999995
0.1934159387
0.19101097969999997
0.19004399209999998
0.19349347344999995
