0.41067774312000005
0.38216035892000005
0.3578183947600001
0.3424049682
0.34826112412
0.35412058119999995
0.35326036128000005
0.34730395391999996
0.34686091084
0.34784293424000007
0.35010059556
0.34804655956
0.34274812236
0.339911938
0.33947533336
0.3330425873600001
0.3217813130400001
0.32136078940000007
0.32575571760000005
0.329900035
0.32391368172000007
0.3167479032
0.31244889628
0.30365915151999995
0.28746442116
0.2863287214000001
0.28333313948000005
0.27681525504000004
0.26579977372
0.25900002116000004
0.25379534300000006
0.25364761304
0.25565289472
0.25448189096000007
0.25157856804
0.23920435852
0.23293812484
0.22983540084000004
0.22681445420000002
0.23068089924000001
0.23122434172000003
0.23396087563999998
0.2363657526
0.23610918652
0.24452775308
0.23825349631999998
0.23631688531999998
0.23670957232
0.23643149812
0.24270786435999997
0.23669020412000003
0.23332025204000004
0.23517294592
0.23901776756000004
0.24026627984000004
0.23658392152000005
0.23360823772
0.23001431284
0.22391378048000005
0.21979832148
0.22301477703999997
0.22501952928
0.22133063035999995
0.21686945787999995
0.21418759083999997
0.20972301035999996
0.20984006703999994
0.20848956527999998
0.20785393383999998
0.20761500700000002
0.20866069076000002
0.20910596896000005
0.20361849416000002
0.20622662192
0.210902927
0.21179844455999997
0.21531812151999996
0.21347160439999996
0.21026539500000002
0.20673025947999996
0.20132596119999996
0.20176312487999998
0.20259097683999996
0.20854700211999996
0.20614152976
0.20301368464
0.20044733995999997
0.20198952595999994
0.20268674924
0.20231618903999998
0.20127076836000002
0.19943283664
0.19479100847999997
0.19415301827999998
0.19484717132
0.19955968840000002
0.19888117544
0.20213296188000002
0.20186501800000006
0.19739849584000005
0.20002881896000005
0.19684604984
0.19451002312000004
0.19718962516000002
0.20313729996000002
0.20784115520000004
0.20819819108000004
0.20834723880000006
0.20750713572
0.20983199336000005
0.21271626964000007
0.20989160392000003
0.2068441444
0.20380796968000003
0.20176120968000003
0.19769336412000005
0.2017904118
0.20830380624
0.21015855584
0.20776606639999998
0.20658002256
0.20613779044000002
0.2055269784
0.19784914059999997
0.1953890618
0.19533851027999996
0.19300489643999996
0.19388973327999998
0.19539887504
0.19673657992
0.19837713040000002
0.19491241924
0.19696906524
0.19846789892
0.19965073548000004
0.19990310916
0.19425698863999996
0.19246941124
0.19593830667999998
0.19885704404
0.20582249015999998
0.20360383224
0.201205246
0.19965070644000002
0.19895838832
0.19827534820000003
0.1967491254
0.19553081844
0.19906848964
0.19570136892
0.19465557903999997
0.20098307931999992
0.20168929003999994
0.19932943903999997
0.19601600207999997
0.19633090807999998
0.1947893264
0.19016219371999998
0.1848511228
0.18407122672
0.18697058036000003
0.19211942072
0.19607015520000004
0.19636429736000005
0.19504935140000002
0.19541275896000002
0.19366335915999996
0.19529240124000002
0.19560925059999998
0.19385827099999997
0.19220787796
0.18737697356000002
0.18912330496000002
0.19117832331999998
0.1964633216
0.19842207568
0.19705676403999997
