0.55736429732
0.53183492012
0.5143430956799999
0.50651499756
0.5183463682799999
0.5308132174
0.53357396472
0.5280050608000001
0.52621265648
0.5338987324800002
0.54241991384
0.54155064708
0.53639439252
0.5318536203600001
0.53265356808
0.52767628524
0.50984088584
0.5097059638
0.5200473529199999
0.5278061596399999
0.52269642288
0.51452242212
0.5111852459999998
0.5006780877999999
0.4660926671999999
0.46649450604000003
0.46649104968000005
0.45779522895999997
0.44234894047999995
0.43344721036
0.42683846852
0.4266813244
0.43189618752000003
0.43754573236
0.432499636
0.4090647449599999
0.39892685463999994
0.39417131859999993
0.39177924416000004
0.40283973352
0.4048074407600001
0.41475754308000007
0.4176290249199999
0.41335703091999987
0.43234465035999997
0.4210180445199999
0.4189504681199999
0.4198025926399999
0.42434305664
0.44315058607999996
0.43411316167999997
0.42827989159999996
0.43586495064000014
0.44302803780000005
0.44758255408000003
0.4422396556000001
0.4407241494400001
0.4343167875200001
0.41616081432000007
0.4075543788800001
0.4157287528400001
0.42056141904
0.41465012607999996
0.4058910537999999
0.40295467235999993
0.39621606124000003
0.39510987076
0.39682149176000003
0.3982022164
0.39907394644
0.39639730048000005
0.3969078987600001
0.39074455332000013
0.39130261436000013
0.4025029807200001
0.4064039169200001
0.4151283387600001
0.41065769624000004
0.4064137556800001
0.40354067372
0.38795656695999997
0.38611449447999996
0.38943615115999997
0.40493364907999996
0.40225485279999995
0.3940489527199999
0.39141540091999993
0.3929826523599999
0.39264212179999997
0.3896285758
0.38306356031999994
0.37751002743999995
0.36592121283999995
0.3618707316399999
0.3594919469599999
0.37147024012
0.36721766048
0.3685830176
0.36951836264
0.36250095672
0.36632352104
0.359879912
0.35883645884000004
0.36469438696000006
0.37205109744
0.38249042423999996
0.3830680860799999
0.3787397317199999
0.3773295441599999
0.3826160072799999
0.39188364856
0.38788579463999995
0.38689714816
0.38786963828
0.38186830284
0.36408291511999996
0.36890335391999995
0.37962076972
0.3814795392
0.3741015400800001
0.36798843680000004
0.365983986
0.3640584638
0.3493135578000001
0.34404382192000005
0.34363834864000004
0.3319493589200001
0.3319170693600001
0.3298608652800001
0.3311932888800001
0.3375485958000002
0.32965176172000016
0.3376949593600001
0.3413324146000001
0.3432359647200001
0.34583946956000006
0.3286460671200001
0.3260929118
0.32785223539999997
0.3362723802
0.36090571924
0.36173799136
0.3589409542
0.36034689187999996
0.3661284209999999
0.36814960203999997
0.36628786039999994
0.36672599835999997
0.37164512428
0.36318606964000005
0.35805416848
0.37589512384
0.37713598763999995
0.37413088068
0.37009970664
0.37286054928
0.36939930771999996
0.35796397343999997
0.3467331386
0.34443007616000004
0.34810149044000005
0.36369605599999993
0.36726257168000004
0.36906026767999994
0.36828107019999995
0.37105577984000004
0.36626757404000004
0.36974233320000005
0.37004705007999994
0.36679115096
0.36253226575999997
0.35346603600000004
0.35541398796
0.3603115727599999
0.37545376971999994
0.38093532307999994
0.38038182203999993
