0.5241409990666666
0.5066811345
0.4841021138333334
0.4661255782666666
0.47940638173333333
0.4873361812
0.4928508031666667
0.4972469105000001
0.5038928234
0.49686708250000006
0.49617100169999995
0.48082633296666677
0.4648248911333333
0.45790248549999996
0.45151740346666663
0.44725411383333324
0.4418863672999999
0.44803616573333327
0.44881060519999993
0.44953145463333327
0.4436143619666666
0.4316466078333333
0.42309070199999993
0.4126413339
0.40064009829999997
0.40181029393333334
0.4056589696666667
0.40259908183333337
0.3948162618666667
0.3951097262
0.377453961
0.3745400582
0.3804888131000001
0.3853140343666666
0.3802450692666666
0.37453112246666664
0.36658786263333343
0.35736733286666666
0.3510710298333333
0.357884809
0.3504566544666667
0.3570151474
0.3635993919
0.3597643242666667
0.36646868816666667
0.3579123656666666
0.34884808306666665
0.3484596246333333
0.35224111399999997
0.3670177323333333
0.36386273579999995
0.36659629586666664
0.36585305236666665
0.3590906854333333
0.36108863059999996
0.35373283173333336
0.353889507
0.3515321714666666
0.3474952631333333
0.34396960883333333
0.35016130149999997
0.3492262983333333
0.3438502333666666
0.3406939460333333
0.3409019573666666
0.33178119423333324
0.3330883051666666
0.33227062879999997
0.33238086473333334
0.33261962153333335
0.3354465732333333
0.3342640906666667
0.32982621673333345
0.3277507707
0.32714403256666674
0.3215903082666667
0.3281973698333333
0.32484141753333334
0.32310611033333336
0.31898645989999996
0.3109885709333334
0.3112107500666667
0.3148885862666667
0.32308862543333333
0.32312398033333334
0.320270701
0.31262649423333333
0.3045968334333333
0.30614832043333334
0.3073608982666666
0.31135731
0.31070572469999996
0.3116690188
0.3122078832666667
0.30704621419999995
0.3138053104333333
0.3075729576999999
0.3074141752666666
0.30872220899999997
0.30732635506666667
0.30607820856666673
0.3070701097333334
0.3047897532
0.3056712880666667
0.30925703720000003
0.3166115650666666
0.3141012433333333
0.31423078903333335
0.3116343436333333
0.31136528486666665
0.3029249797
0.3014669684333333
0.2997581045
0.3025583204
0.3017493531666666
0.3058955945666666
0.3073642228666666
0.31412233036666665
0.3059495354666666
0.29833522746666663
0.29620244853333333
0.28544049979999997
0.2839182925666666
0.2837923011666667
0.28894112810000006
0.2889690301
0.28991470236666667
0.2938412271
0.29283675546666665
0.2913381999333333
0.29298307746666663
0.2784512994666667
0.2789112811000001
0.2795054041333333
0.2808053298666666
0.28270992379999993
0.2848794695333333
0.2827134681
0.2863585697333333
0.2919925514
0.3080711807333333
0.3042545252666667
0.30343108343333325
0.2973921358333333
0.28865623633333326
0.28757500653333323
0.28986252173333327
0.2906090290999999
0.29909981833333327
0.3054175551666666
0.307869976
0.31293110709999994
0.3091891042666666
0.30144099409999997
0.2972867192333332
0.29825309236666653
0.29907931619999994
0.29751376966666665
0.29652643399999995
0.2954021759666666
0.29808982603333334
0.308313028
0.31044260613333335
0.31239004073333343
0.30931741953333336
0.30670068410000006
0.2961353055
0.2992779763
0.2967512847666667
0.2948574634666667
0.29704548880000003
0.3003568044
