0.6937701606000001
0.5824722252000001
0.4789244892
0.3777107286
0.42847754160000007
0.44109710720000006
0.483371433
0.5391521881999999
0.6007638198
0.555577953
0.5833691654
0.5744946758
0.47722984120000006
0.394463031
0.3207916902
0.326131784
0.3393239126
0.3981366562
0.4577934908
0.6064188577999999
0.5735837939999999
0.5094494802
0.5008054345999999
0.5147243203999999
0.4871590694
0.5268939832
0.5509750802
0.5103640736
0.451298079
0.4780131784
0.4729412534
0.4994902372
0.5577932692
0.6043141994000001
0.5332417462
0.49410603019999993
0.4112246118
0.344620072
0.3248217924
0.28347987880000003
0.2898678382
0.3408548818
0.3764974888
0.3399117492
0.30887599720000003
0.30429327279999996
0.27788535579999996
0.2484638738
0.240777863
0.3130707198
0.3227593858
0.3535236512
0.37785571360000003
0.40777388820000005
0.45397683680000006
0.3807559856
0.3642616114
0.3777024612
0.394284714
0.3888252368
0.4554042222
0.4517770638
0.41906438779999994
0.3988561722
0.39908018459999994
0.3496592222
0.3537883204
0.38201242620000003
0.37698155899999997
0.3349831538
0.3346021054
0.2918524958
0.2856588852
0.29477248759999997
0.3121702622
0.3399954936
0.3843746326
0.3528244402
0.28187529159999997
0.2774961094
0.2619799614
0.277282918
0.29193042820000004
0.33820135440000004
0.3512627062
0.3593268042
0.3362823594
0.3316108326
0.35347681140000003
0.370419328
0.3451235786
0.35494910479999997
0.3495867604
0.3489776844
0.34938616959999996
0.3716514962
0.3608430334
0.3673459538
0.3492009948
0.30212962
0.25146451560000005
0.2554521708
0.25575009
0.2669045254
0.2632248262
0.2763850696
0.282454914
0.29310745260000004
0.2817703822
0.302321232
0.3176727418
0.285777383
0.23017991120000003
0.2365595244
0.2566842138
0.3058464582
0.3247577422
0.37404394480000003
0.38983418839999995
0.36853122359999996
0.3598115812
0.3361525028
0.3240576992
0.3280636388
0.3510670148
0.325288885
0.35782594560000003
0.3515994214
0.3308954692
0.3137137128
0.3146646546
0.29763897240000003
0.312396305
0.3026828588
0.27587431219999997
0.19426555739999998
0.2066492646
0.20627134539999997
0.22731424279999998
0.2446256418
0.335496431
0.3211609096
0.31636526639999996
0.2569068148
0.23619945959999997
0.24768758200000002
0.1932154038
0.19281971800000003
0.25689078260000003
0.31216662739999995
0.31641107059999996
0.36299771820000004
0.38359530640000006
0.38233036460000003
0.3654494458
0.3493731692
0.2890455282
0.2620197454
0.2509073612
0.25051649239999996
0.2530257326
0.3362079928
0.335209427
0.34380185240000005
0.3429976414
0.346433099
0.322899599
0.3305770374
0.2935156394
0.2246077514
0.21251938580000002
0.2348088884
0.23943294040000002
0.26715290979999995
0.33676737259999995
0.36945739879999995
0.331626916
0.304300169
0.27093783720000003
0.26338161179999997
0.2587097688
0.2798869728
0.31354329880000004
0.352843004
0.35414218620000004
0.34839357120000003
0.344447799
0.3395927642
0.3460890016
0.3340079538
0.304690881
0.2631416578
0.26822164800000003
0.24996931660000002
0.256237905
0.2885019272
0.34822859240000004
