0.6992862684000001
0.5944398374000001
0.49722698160000006
0.3987736416
0.4573952112
0.4729686224
0.5199990550000001
0.5820752519999999
0.6525691715999999
0.5981910918000001
0.624651629
0.6149989469999999
0.5130842346
0.42458245540000006
0.3524217376
0.3657878222
0.382138258
0.444246685
0.5044432447999999
0.6614712683999999
0.6241271446000001
0.5475985032
0.5350823252
0.5522064743999999
0.5222525323999999
0.5665308687999999
0.6031350604
0.5655368072
0.4972619362
0.5351570322000001
0.5310021046
0.5598824668000001
0.6240219106
0.680773991
0.5919652698
0.5509334859999999
0.4564501408
0.379642091
0.36555111819999997
0.3281846954
0.3408885104
0.40554593939999994
0.451643096
0.4075969192000001
0.35290380620000006
0.34311756039999997
0.30744164100000004
0.26813224
0.2605607378
0.3590252482
0.3682506812
0.404086434
0.4360416
0.47324589559999997
0.5304191603999999
0.4421334868000001
0.421110118
0.43539756599999996
0.45194155
0.44366575739999997
0.5296469650000001
0.535603583
0.49693062260000004
0.47344005200000006
0.47570927960000003
0.4219415292
0.42651056460000003
0.46251093460000003
0.4625270478
0.40693348479999997
0.4085931462
0.3540887584
0.34844403
0.3539856436
0.38118508819999997
0.40888315080000004
0.4663077232000001
0.4283007844
0.33890977819999996
0.3302782844
0.309578973
0.320296466
0.3370642588
0.4005927474
0.4206672248
0.43208350700000003
0.4083458416
0.4077874509999999
0.434995865
0.45630565
0.42284772539999993
0.4355007046
0.4321262424
0.4280290376
0.4240786562
0.4586262284
0.4451909584
0.44800974460000004
0.42954135020000006
0.3863735532
0.31664640099999997
0.3212385018
0.32219305900000006
0.3315092452
0.32384917979999994
0.3400409018
0.3468009982
0.3547967648
0.339135111
0.3575358398
0.37715654499999995
0.33881897419999996
0.2724802534
0.2811389142
0.3056225058
0.3648811244
0.3840388698
0.44543526619999996
0.4662671926
0.439123705
0.43289263299999997
0.40850221600000003
0.3992769508
0.4054214718000001
0.4341242568
0.39748091700000004
0.4371793722
0.4217094234
0.3946850312
0.376673729
0.3870070234
0.37088954100000004
0.39558384700000004
0.3918355816
0.3537973176
0.2381528778
0.24390677060000004
0.2360983612
0.24918841880000003
0.266788692
0.3844087328
0.3694420302
0.36762373660000003
0.3054372856
0.28883511419999996
0.3111421922
0.23832908060000002
0.2385699786
0.3081580092
0.36987159160000005
0.36703215279999996
0.4256913862
0.4505988734
0.4520427778
0.43688710819999993
0.4284613922
0.36586106799999996
0.3375736092
0.3244346856
0.31897939500000005
0.3134841262
0.4093663918
0.4003385732
0.4116617012
0.41606889599999997
0.42062814680000005
0.39219137540000004
0.40654895739999997
0.3619284476
0.2741233574
0.2606650244
0.2863653978
0.290619925
0.32058679120000005
0.4044397766
0.4410640568
0.3932123056
0.3547388024
0.3150540674
0.3085389558
0.304666098
0.3373448094
0.3840666004
0.436070331
0.4382343651999999
0.42825557319999996
0.42222398200000005
0.41273738080000005
0.4165956132
0.40861929979999995
0.3780105764
0.32818368519999996
0.3349072312
0.313251061
0.31743645119999997
0.352680311
0.4209443279999999
