0.6676495144
0.535243046
0.40975768879999996
0.2994342234
0.3267028244
0.33539872419999994
0.3602968572
0.39203380880000005
0.42804751119999995
0.40063071419999996
0.4179627852
0.4108188076
0.3441533566
0.28354233959999997
0.23281495800000002
0.2304879766
0.23617145059999997
0.2750463848
0.3282776836
0.4244959516
0.4018897152
0.3682716332
0.3681007348
0.3727230832
0.35666117240000006
0.3848637048
0.39074305779999996
0.3571854846
0.3217139366
0.324611875
0.315298796
0.3342278486
0.369254651
0.39330264699999995
0.3587927098
0.33267274420000004
0.27949257499999997
0.2372166918
0.2127612376
0.1849384662
0.18484344839999997
0.21100440139999996
0.2304869192
0.21779485319999997
0.21231788239999996
0.2139649136
0.20119781459999997
0.1899325286
0.1834261942
0.21433917239999997
0.22219681279999998
0.24231542560000002
0.251373683
0.2651245228
0.2875046094
0.24234387359999995
0.23068040759999997
0.2401671816
0.2549654632
0.25430436580000004
0.2927726602
0.28460632899999994
0.2698684506
0.2592348992
0.25417273539999996
0.21998922140000002
0.2227844498
0.2322060178
0.21940641119999998
0.2032184388
0.2061484526
0.1862146482
0.1822493966
0.1963575414
0.20213124980000002
0.2216653998
0.243755354
0.2255805176
0.1896045874
0.18516481760000003
0.17449815119999998
0.1877368654
0.1967487692
0.21974385020000003
0.22625071260000001
0.2263138268
0.2087090178
0.2056631252
0.214157279
0.2213098162
0.21467762340000002
0.21911395940000006
0.20785066219999998
0.2112698516
0.2196580388
0.22183722160000002
0.217275411
0.23151494779999998
0.2165514068
0.1812679122
0.169302983
0.1759803708
0.17117737979999997
0.18101262299999998
0.182221169
0.1829367684
0.1811579408
0.1937415148
0.1904425858
0.207124009
0.21759924540000003
0.20363650120000001
0.1696705378
0.1714886242
0.1839647276
0.2061222236
0.21635565340000001
0.24456042919999996
0.24982985019999998
0.2324146614
0.22418287439999998
0.207099783
0.193400254
0.19317444260000002
0.20996193280000003
0.20836466420000002
0.23274107700000002
0.2403634582
0.23260017579999998
0.215694636
0.2073123406
0.18962500499999999
0.1862260428
0.1719467556
0.1667700906
0.14248471780000002
0.1631305406
0.176968847
0.20324155500000002
0.21398901119999997
0.25055551579999996
0.23809254660000004
0.23067628999999998
0.18828277399999999
0.1705296384
0.16797531300000001
0.141435313
0.1352140284
0.18092311479999998
0.21669952339999998
0.2235577648
0.24227869100000002
0.25576011800000004
0.2479452952
0.23026541379999999
0.2149422344
0.186347852
0.1637277728
0.1592987944
0.1628016334
0.1720816228
0.20986475860000003
0.22064802080000004
0.2218035538
0.21449573260000002
0.212819806
0.20381901240000003
0.20230415220000003
0.18537169
0.15424454140000002
0.14987646719999997
0.1626050826
0.1660063864
0.1822278618
0.21827268919999998
0.23193440999999998
0.21130992640000001
0.19812463639999997
0.175553714
0.17054153700000002
0.16814059580000001
0.1729983236
0.19326758019999998
0.2168646672
0.2176922568
0.21429251579999997
0.2175844508
0.216759251
0.21802832
0.2085403306
0.196795401
0.1723870844
0.1714586708
0.1632170536
0.16726979439999998
0.1809474558
0.21100403500000003
