0.37323094453333344
0.34927659873333344
0.33300340053333344
0.34126191513333354
0.3264173968000001
0.30252986786666675
0.2791835271333334
0.25275445476666664
0.2266651841
0.20058193876666666
0.18128197696666662
0.1904759705333333
0.20745988786666664
0.21109669073333331
0.21476267729999998
0.21491686416666664
0.22109481456666663
0.2133478919333333
0.1991171868
0.18500552883333332
0.17568052996666667
0.18157997856666666
0.20159106633333337
0.21626985860000003
0.2108097146
0.20654727563333342
0.20376976756666673
0.20359245256666672
0.20445428440000005
0.21352195990000003
0.21345645586666664
0.21064459076666664
0.205137562
0.2100311821
0.20813697336666664
0.20529461006666666
0.20955904366666667
0.21152434163333333
0.20886518036666668
0.20474679916666666
0.2098236594
0.2232877391
0.22992060406666667
0.2421874461
0.24128797843333336
0.23632775456666671
0.22029031453333334
0.2325500908666667
0.2487738566
0.2600361777666667
0.2684720593666667
0.2673652846666667
0.26108537456666664
0.2596263413
0.27447307606666665
0.26967045863333333
0.2716667131
0.2681705827
0.25343548676666666
0.24503497696666665
0.24231974746666665
0.24754679396666662
0.2558931409666666
0.2641208104333333
0.28317112366666664
0.3035345219333333
0.3038487063
0.30458083129999997
0.3126819148333333
0.32102001899999993
0.3226437383333333
0.30709683620000006
0.2877592811000001
0.2734461059666667
0.27279764803333334
0.27788822316666667
0.28607687503333334
0.2752032976
0.2619385322333334
0.25470368706666674
0.2588239332
0.2613686222333334
0.27049406763333333
0.27883089280000006
0.27526244516666665
0.2796597483666667
0.2763226950666667
0.27139773086666674
0.28225733610000003
0.27706325663333337
0.2763256321666666
0.2769767972666667
0.27646661116666665
0.2801927821333333
0.27815692923333324
0.27266199293333326
0.2699393991333333
0.2697102318666666
0.2580489721333333
0.24795832333333329
0.23664109843333334
0.2323367049
0.2425529931
0.25786060130000005
0.27230785603333335
0.2837665457333333
0.2937048924333333
0.30012789363333325
0.30938134759999997
0.32286330263333335
0.30742587436666674
0.28988386676666666
0.26906457399999995
0.24897135520000002
0.24724197583333335
0.2667224794333334
0.27725349723333337
0.2882778920333333
0.2842635375
0.2813363930666667
0.2763241198333334
0.2706626755333333
0.26757016316666665
0.25717088679999994
0.23920291006666664
0.22503422609999998
0.22870210729999998
0.23561674183333325
0.2472703961666666
0.25725884873333327
0.2730019773666666
0.2977406558
0.31243084569999996
0.30878459599999997
0.29593019533333326
0.2808499982333333
0.27065028373333333
0.26507221546666665
0.25877185056666663
0.23842758706666664
0.23416776876666665
0.2345933391
0.23585077373333332
0.2472347681333333
0.25787294873333333
0.24476169089999997
0.23677053383333332
0.23335808296666666
0.23497890019999995
0.24152036659999998
0.2488139841333333
0.2585634961333333
0.26958055526666663
0.28136559236666664
0.29204417993333326
0.29952829923333335
0.2944256305
0.2859996822
0.27232029936666663
0.26245122739999993
0.24686671433333326
0.22155747223333327
0.21053744389999998
0.2150969093333333
0.23282493906666665
0.2485448108666666
0.24970810623333328
0.2502927719333333
0.25582307143333327
0.2677449967333333
0.27310348906666665
0.2732652938999999
