0.7899381208999999
0.6965372904
0.6372282696999999
0.6872525533
0.6427872147
0.6020077809
0.5642841697
0.5326440143
0.5075464757
0.4832409342
0.4826736587
0.5291479844
0.5252567021
0.5156937156999999
0.5308145766
0.5373557939
0.5231459058999999
0.4989303516
0.4796901535000001
0.4671707545
0.4608176629
0.4514385094000001
0.49114116570000005
0.4560803538
0.44820928669999993
0.44311605800000003
0.4571649279000001
0.4685388504
0.46739457139999996
0.4609205446
0.4417225081000001
0.45218104280000004
0.4460517688
0.46801317439999995
0.4697575962
0.4588688272
0.46628772509999994
0.46562427379999993
0.4598724086
0.4520491098
0.4583365432
0.47221898719999994
0.496453334
0.5392082121
0.49969643050000007
0.48861420850000004
0.46952733249999995
0.4686743792
0.48253947030000005
0.5100913705
0.5176520095
0.4994167493
0.46832439400000003
0.45688646389999993
0.5058070124999999
0.5005827619
0.5023838259
0.5045281804000001
0.4936957796
0.46573247100000004
0.45949410980000005
0.4818907074
0.5186528039
0.530815637
0.5206211738000001
0.5382188367
0.5101576098
0.5113085526000001
0.5335375842000001
0.5534091750999999
0.5664280747999999
0.5625340862
0.5493933271
0.5424508845
0.5732106664999999
0.5569299060999999
0.5826353592
0.574746301
0.5128292917999999
0.4941912963
0.4824078503
0.47696126859999993
0.4771876422
0.48457664460000005
0.4922247788
0.5398102399999999
0.5451978559999999
0.5284797035
0.5670951967999999
0.5802621415
0.5802894502
0.556151312
0.5284197897
0.4974297335
0.4688892032
0.4456767989
0.4449489035
0.4596286731
0.45115643380000003
0.440987586
0.4566046834
0.4901159431
0.5260296503999999
0.5710740335000001
0.5798567285
0.5742512273999999
0.5565536314000001
0.5203637956000001
0.5301977786000001
0.5168104628
0.5027589788
0.49330863540000003
0.48377706300000006
0.4744928462
0.4994256511
0.5280596151999999
0.5423667602
0.5871872369
0.5586663174000001
0.5528911231
0.5390147279999999
0.5099717226999999
0.5011462329
0.5023816799999999
0.49796994129999994
0.5033145726
0.5200246055
0.5245127837999999
0.553552862
0.5894354082
0.5759545588
0.5784588990999999
0.5641878781
0.5341213895
0.495164985
0.49033143919999994
0.4881999275
0.4758755689000001
0.4657630637
0.4420284981
0.4583561125
0.46477778380000007
0.48315809530000003
0.49226227550000007
0.5025911722
0.4678892974999999
0.46919763849999996
0.4780036978
0.49409283530000003
0.49384124290000003
0.49672273260000005
0.5355839044999999
0.5578763154
0.5593939439000001
0.5608857481000001
0.5724689948
0.5692236420000001
0.5741362877
0.5610654875999999
0.5467739846999999
0.5412665019999999
0.4990664797
0.4522379294
0.4669689173
0.47177184080000006
0.4661880762999999
0.4552085022
0.44842691519999994
0.4565363941
0.4674284854
0.4604450796000001
0.47526917500000004
0.5145778791
0.5116596444
0.5230304412
0.5403948960999999
0.5457155034000001
0.5389680101
0.5163923067
0.5205278806
0.5177312832000001
0.4816772478999999
0.4662179642
0.47246564739999997
0.49009234390000006
0.4985098227
0.49902785520000004
0.5126585599
0.5493282539
0.5695568442000001
0.5680884567000001
0.5867574325
