0.67775677716
0.66278436888
0.6554944421600001
0.6819088967600001
0.68258713848
0.6784733527600001
0.6597143717600001
0.64767480356
0.6082748378399999
0.5868191805199998
0.584972923
0.6092909649199999
0.62303858816
0.6256061905599999
0.64009626212
0.63912145736
0.63910965808
0.62861440748
0.60489398732
0.59327727588
0.58092422492
0.58458923256
0.60490791116
0.61073315332
0.61567223132
0.61479849956
0.6205020114800001
0.62917301384
0.6330315134400001
0.60011600888
0.5845025881600001
0.5924663941600001
0.5919780864800002
0.6216714970000001
0.6365402615200001
0.63893698148
0.63738630976
0.6302303622800001
0.6305147220800003
0.6265381238400001
0.6123186811600001
0.6049562155200001
0.6118365868000002
0.6307865963200001
0.6362750380000002
0.643643332
0.6454664973600001
0.6516322951200002
0.6537906880000002
0.6443566829200001
0.6424178953199999
0.6235295895999999
0.613326686
0.6153846842799999
0.65084059044
0.6668567109199999
0.6719799449999999
0.67780880624
0.6739091857599999
0.6720336172
0.65632134052
0.6546100776
0.6622959980799998
0.64228285856
0.6397457709599998
0.6581956627199999
0.6680385732399999
0.67256754952
0.67683268796
0.68029743684
0.6820918637599999
0.6752920009199999
0.65548233732
0.65001550916
0.6631480925200001
0.66286947756
0.6712002056
0.67231750132
0.66033270728
0.6536399674400001
0.64646668896
0.63543715128
0.6256075935600001
0.6219984681999999
0.61695788484
0.6337956734400001
0.6405977134000002
0.6419777942399999
0.6670056237199999
0.6698722113199999
0.6667965835199999
0.65787824812
0.6322858382
0.6285466003599999
0.61782237692
0.6171992646000001
0.62322946428
0.6387161448000002
0.6455976048800001
0.6481460839600003
0.6538087008400001
0.6564028826800002
0.6643193597200002
0.6543784172800002
0.6474507145599999
0.65034099376
0.6476512478
0.64981280512
0.65990064368
0.66754566176
0.67055932532
0.66370536128
0.6606777918799999
0.64984508596
0.6520382979199999
0.6412483795999999
0.6421043109599998
0.6591029261199999
0.6533971593999999
0.6499499002799999
0.6515428602799999
0.6523701214
0.6443978381999999
0.6360202761599999
0.6261442990399999
0.6193362546399999
0.61712928928
0.6165424516
0.6322625184
0.63899233072
0.6325608292
0.6435092208400001
0.6420398666
0.63765679008
0.62522675344
0.6108560342
0.61768082536
0.62266432924
0.62383900088
0.62294661232
0.6349849678
0.6419062197200002
0.6496725002000001
0.6478637705200002
0.6481971684400001
0.64520859724
0.6388570094800001
0.63433798232
0.64399400908
0.64043401076
0.6379336501999999
0.64601931932
0.64448719972
0.6472019283199999
0.6413252554400001
0.63381507732
0.6262062598
0.6361277956400001
0.63476243848
0.64305160316
0.6542616169200001
0.64806067412
0.6391145984000001
0.63347280312
0.63343563524
0.6275889595599999
0.60549604304
0.6005488966
0.61022225204
0.62764203708
0.6295935958
0.6323861392
0.64572633848
0.6449387197600001
0.65575981072
0.6499839249200001
0.6471661566
