0.6907187576666666
0.6740905190666666
0.6716419533
0.6710061864999999
0.6615308630999999
0.6547278004999999
0.6481851763666667
0.6401077082000001
0.6316504081666667
0.6238774273333334
0.6209308457000001
0.6406595981666668
0.6445343647666668
0.6302924149666667
0.6367359365666665
0.6309349654666666
0.6304423149666666
0.6292601850999998
0.6247948890333332
0.6204902320666665
0.6177414289666666
0.6223917063333333
0.6425568867999999
0.6500483439666667
0.6286094422666666
0.6175429652
0.6198780832
0.6224202100666667
0.6251149370333334
0.6268703091333332
0.6249754105333333
0.6330120858666665
0.6279523351666665
0.6520817060666666
0.6583916300333332
0.6442175750666667
0.6368609643333334
0.6354358960333334
0.6359020492333333
0.6342050985
0.6362181715666666
0.6370602357333333
0.6490577927
0.6660533962333333
0.6617866447999998
0.6681005565666666
0.6537944796666666
0.6471900918
0.6513966105000002
0.6560872999333335
0.6597161945666667
0.6621333965666667
0.6629878000666666
0.6581313798666666
0.6868418099
0.6848423628666667
0.6838196592666667
0.6859477414333334
0.6672241149333334
0.6584943858
0.6587345333000001
0.6612117755000001
0.6703863161333333
0.6742265944666667
0.6780686915333333
0.6928426702666666
0.6944249281999999
0.6839349200999999
0.6797712157333332
0.6826161064333331
0.6809872989999999
0.6727865543666666
0.6634087844333333
0.6570678218
0.6652084362333334
0.6639820938333333
0.6721723275333334
0.6734163085333335
0.6647752551666669
0.6583687684666668
0.6565278694333334
0.6568091489000002
0.6544145265000001
0.6609343569666666
0.6563274385333334
0.6672009752333334
0.6641614496
0.6445525502000001
0.6629530442000001
0.6612002284666668
0.6597175646
0.6576976824666667
0.6564116914
0.6545083839333333
0.6568211459000001
0.6595584315666668
0.6587685568666667
0.6728801444
0.6612713443
0.6518972755333333
0.6546720282
0.6534771757000001
0.6549457802333334
0.6639227768999999
0.6693325254333333
0.6760407789999998
0.6802546519333332
0.6840065668333334
0.6840711375999999
0.6851981133333332
0.6726439745999998
0.6646075126333333
0.6591113340666667
0.6513868425999999
0.6438694638000001
0.6459317903
0.6520021363
0.6655648753666666
0.6596015142666667
0.6623934339333334
0.6594550491000001
0.6514704237666666
0.6515067065333334
0.6485690201333334
0.6435654897666667
0.6359796392333333
0.6424139427666666
0.6351632974000001
0.6496835889000001
0.6508667286666667
0.6425435183333335
0.6542686378
0.6599087077333333
0.6525982664
0.6479049219333334
0.6434790484999999
0.6474642548999999
0.6508610622666666
0.6498519029666667
0.6408823680666667
0.6505445512
0.6507593474333333
0.6456150793000002
0.6526437187666668
0.6552358252666667
0.6495980044333334
0.6487275353666668
0.6547701781333334
0.6609958546
0.6585654596666668
0.6490851341000001
0.6509619462666668
0.6533055054666667
0.6520318049333333
0.6537401692666666
0.6608441480999999
0.6585276735333331
0.6596363665999997
0.6517242788333331
0.6569921963666666
0.6600165972
0.6387064087
0.6338283922333333
0.6399498708333333
0.6449178078333333
0.6448288321999999
0.6414665830333333
0.6415663952333334
0.6501292347333333
0.6622973024333334
0.6536314145666666
0.6556895326000001
