0.6915913268
0.6857916718
0.7289765941999999
0.9212918207999999
0.967886706
0.933009324
0.7695935117999999
0.653000792
0.5882265754
0.4670202724
0.45658736
0.5745403252000001
0.6507833456000001
0.6873350168
0.7792106686
0.8053927775999998
0.7838702072
0.6686413352
0.6138691961999999
0.5603250648
0.5489297150000001
0.551119045
0.631559447
0.6550216192
0.696323453
0.7088020426
0.6796283533999998
0.6968902057999999
0.5602928906000001
0.4984190138000001
0.4756455838
0.5303596155999999
0.5397711236
0.6851571508000001
0.7419660913999999
0.7302275951999999
0.7244400426
0.6795607314
0.5800786162
0.5441713278
0.5166120785999999
0.513236626
0.5591382676000001
0.6543498611999999
0.6817364416
0.7262315586
0.7355665553999999
0.7484215453999999
0.7653899257999999
0.6090403259999999
0.5477389324
0.5360373062000001
0.5107393866
0.5054211776
0.6858886542
0.7533967146
0.7584323694
0.7300829564000001
0.7220935048
0.6875469392
0.5910985710000001
0.5534528863999999
0.5846724888
0.5880792098
0.5968469022
0.6822311742
0.7256356709999999
0.7612921114
0.7609866982
0.7096606056
0.7079063886
0.6136420896000001
0.5479320622
0.5664091468000001
0.6475403724000001
0.6759253866000001
0.7856000568000001
0.843207795
0.8057985420000001
0.7935673858
0.6984959421999999
0.6661548824
0.6484990348
0.559977588
0.5158041096
0.5967497372
0.6227850668
0.6367144046
0.7641083820000001
0.8049927736000001
0.7957473928000001
0.7527318025999999
0.6659641126
0.6213469374
0.6241313916
0.6110989466000001
0.595805428
0.6381352974
0.6247663346
0.6052145843999999
0.6058751575999999
0.6099567286
0.6079772068
0.6126537470000001
0.6065023657999999
0.6312000402000001
0.693420985
0.7291971027999999
0.7827531528
0.7813194062
0.762534577
0.7102686866
0.5893271769999999
0.5720897114
0.5450408492
0.5518492734
0.5840024639999999
0.7078692518
0.7134404204000001
0.7787182782000001
0.7947925946
0.7591570489999999
0.7647748306000001
0.6619246996
0.5945881694
0.5817805264
0.5640571409999999
0.5305291124
0.6406749302
0.7098260838
0.7340876624
0.770621586
0.7823419264
0.7335439112
0.7016958931999999
0.6108192137999999
0.5995381492
0.5798257062
0.5866473828000001
0.5333475089999999
0.6022614712
0.6346364286
0.6280484248
0.6213777414
0.6561846699999999
0.6329888262
0.5808121888
0.6235202388
0.6472454556
0.6657506132
0.6539401354
0.704818163
0.6667143758
0.6686121122000002
0.6383956028000001
0.621163801
0.6351853112000001
0.6790015744
0.6581629951999999
0.6920552434
0.7397008434
0.7297952886
0.7280560536
0.7170657305999999
0.65956057
0.65321223
0.6193087044000001
0.5483498084
0.6033982776
0.6194682522
0.5965821906
0.6224455562
0.6829790177999999
0.6714905564
0.6761624763999999
0.6299116041999999
0.5942186542
0.6147322028
0.5934611576
0.6367988708
0.7244942194
0.7502125266
0.7046995426
0.6667669556
0.6579077654000001
0.6161984956000001
0.5162577222
0.5241537282000001
0.5875165472
0.6196089121999999
0.6485742534
0.7463563346
0.7744840716
0.778141914
0.7638375376
0.7060277241999999
0.7046464018
