0.8123003254000001
0.7276925918
0.6909886930999999
0.7547591980999999
0.7174534892000001
0.694798342
0.6720669185
0.6518920688000001
0.6377807961
0.6231154705
0.6309900688000001
0.6792052662000001
0.6597123404000002
0.6506021065
0.6697678667
0.6771612463
0.6674946261000001
0.6501003911000001
0.6344454077
0.6283242589
0.6288658788
0.6153736992
0.6642248263999999
0.6076572549
0.5973712333999999
0.5922238132
0.6049939844999999
0.6183306647
0.6227250207000001
0.6201925526000001
0.6029365895
0.6273998290999999
0.6096659274999999
0.6326178835
0.6430687096
0.6234198369
0.6188383343
0.6193494995
0.6172142387
0.6129538847
0.6214218185999999
0.6244015907
0.6537799065000001
0.7098698935000001
0.6453883838000001
0.6369852455
0.6358019308
0.629580466
0.6354055517000001
0.6474644901000002
0.6505678235000001
0.6472348378
0.6204111715
0.6137573412
0.6867177967
0.6722476428
0.6559426278999999
0.6573777225999999
0.6550863573000001
0.6421969207
0.6366648725999999
0.6395442787000001
0.6729823000999999
0.674532954
0.6532537539000001
0.6950687814000001
0.6696388802999999
0.6546120867999999
0.6636979224999999
0.6786004889999999
0.6919158875999999
0.6996210732000001
0.6955699286000001
0.6861038444
0.7205538791000001
0.6872106644
0.7258774696000001
0.7458534149
0.682888065
0.6546857476999999
0.6476228396999999
0.6444699746
0.6426067196999999
0.6620429849999999
0.6603984415999999
0.696248565
0.6877584347
0.6513392586
0.6927276597
0.7145620826000001
0.7034231697000001
0.6742686153
0.6520497049999999
0.623056636
0.6146729879999999
0.6084870521000001
0.6028810783
0.6230562520999999
0.6187100407999999
0.6058584750999999
0.6185375988999999
0.6516888568000001
0.6685871548
0.6977034499
0.6939108860000001
0.6968673086000001
0.7018448358
0.6592621399
0.6774214321
0.6631801277
0.6571919252
0.6471355753
0.6485982144
0.6427650659
0.6618795637
0.673320934
0.6715797565
0.7363220412
0.68768256
0.6866532237999999
0.6882865604999999
0.6616070949999999
0.6476519715
0.6512998149000001
0.6522071266
0.6579340944000001
0.6673393635
0.6564355194000001
0.6871094206999999
0.7057609885
0.6724534381
0.6850798676000001
0.6810838162999999
0.6600956469999999
0.6175217010999999
0.6065403425
0.6170872889
0.6039370655
0.6040125621000001
0.5947660895
0.6176251487
0.6077243086999999
0.6257843318
0.6343115985
0.6609676416
0.6434644808
0.6428151758999999
0.6451173072999999
0.6579287839
0.6520731080000001
0.6375519682
0.6700017371000001
0.6728579751000001
0.6633875537
0.6652254231
0.6804323221999999
0.6824902998999999
0.7035288139999999
0.6876143628999999
0.6758079067
0.6964565367
0.6745519965000001
0.638202931
0.6602320040999999
0.6395144111000001
0.6248972103
0.6208771303
0.6156644131
0.637444417
0.6478153643000001
0.6132468974
0.6083321052
0.6488556103
0.632475857
0.6564806736
0.6772029118
0.6722155904
0.6597158727
0.6301140566
0.6473533181
0.6703463574999999
0.6332351244
0.6144266354
0.6271417514
0.6387583388000001
0.6323863745
0.6313070284000001
0.6493188999000001
0.6828292306
0.6917232248999999
0.6773009888
0.7255013682
