0.8611096220000001
0.6199164554000001
0.444919765
0.2258558748
0.038393051000000004
0.0005722622000000011
0.0884365852
0.13153077159999998
0.2385458598
0.33193357500000004
0.40637587760000005
0.39576862780000005
0.29213700880000004
0.19254027820000003
0.08576102460000001
0.028869893199999996
0.038900183399999996
0.148506641
0.26209447880000003
0.3714715802
0.4103829598
0.43564524520000003
0.3688115552
0.2589127958
0.16685686360000002
0.1381996708
0.12109593860000001
0.15670200780000001
0.21814133900000005
0.267162815
0.28619390240000003
0.32426817620000004
0.2965976858
0.2456620514
0.1796173802
0.1378019122
0.08262202319999999
0.09171995279999999
0.17995863039999999
0.3280350716
0.4109717054
0.42558712419999994
0.446128298
0.3550914394
0.1994366456
0.0908076378
0.0719149504
0.1764219402
0.2592429864
0.3066616578
0.32294860999999997
0.31370396359999997
0.22271763519999999
0.21801754359999997
0.24384396319999996
0.23797597059999998
0.2431867848
0.19793317219999998
0.14590783400000001
0.1856241018
0.3184727606
0.376697127
0.4442080288
0.46499105539999996
0.37258465939999996
0.23119579040000002
0.16768168200000003
0.1537079126
0.1434622126
0.1299978874
0.1177038368
0.09499546860000001
0.0460634908
0.08856993980000001
0.13873569140000003
0.13670200059999998
0.1355686204
0.13651526120000002
0.1853111466
0.2329580448
0.31630421000000003
0.4044170838
0.486010641
0.48586027099999995
0.525140278
0.5715942098
0.529697287
0.4416277814
0.3157830444
0.1577313502
0.027505945800000015
-0.019113859200000003
-0.032954772599999994
-0.015040985399999998
0.09189382160000001
0.1968075284
0.2519276086
0.3010365906
0.3423814202
0.33454739780000003
0.3615520826
0.43676290399999995
0.502933414
0.4520091002
0.3779921244000001
0.24737033479999998
0.11822475920000002
0.021656841200000002
0.0375522524
0.099249639
0.1893033462
0.31644819160000004
0.4458896132
0.5788088368000001
0.6828073600000001
0.676882971
0.562079106
0.4034792481999999
0.2486154256
0.08252198760000001
0.004792815599999998
0.10479359460000001
0.2369442616
0.3620317124
0.5179921778
0.6442994904
0.6056698876000001
0.5099824803999999
0.401858307
0.2468756144
0.1114626146
0.038913186
0.037674270600000004
0.0871732356
0.1733872958
0.2620121742
0.3429787158
0.3767645992
0.3699535954
0.35081324059999996
0.37693604379999995
0.37211610939999995
0.3204884188
0.25755524239999994
0.1967144852
0.18608349679999997
0.2422023028
0.3494304078
0.4423646294
0.5035578316
0.5320626986000001
0.4546803264
0.3606065432
0.2755896098
0.2003725546
0.0730187712
0.014959154399999999
0.0021163842000000003
-0.007260164600000001
0.0294587532
0.06694427080000001
0.1935560978
0.3381696508
0.4831039984
0.5229004624
0.5080750188
0.3993466901999999
0.30477367959999996
0.24663637
0.2828396104
0.32607169140000003
0.382185846
0.3646190692
0.3140715788
0.23778082120000002
0.188268612
0.1273751512
0.0936278924
0.0573451628
0.041355433799999994
0.06688108699999999
0.1069860644
0.20493889039999996
0.3216103952
0.46744228539999993
0.5445490168000001
0.574239159
0.5702646912
0.5958181351999999
0.41562971639999996
0.3139061542
0.24860999239999995
0.1275508116
0.0413156526
0.154653541
0.2972206476
0.40435064379999996
