0.42268592060000004
0.36804055613333336
0.2895291818
0.21898067093333337
0.15202921686666668
0.14527267766666668
0.1743684654666667
0.19072480713333337
0.2310602056
0.2630553932666667
0.28187624353333335
0.29010468546666673
0.2698184016666667
0.2378491842666667
0.20802982280000004
0.19248417460000003
0.19854712240000005
0.2246734013333334
0.24638287120000008
0.2684970862666667
0.27825884433333337
0.2936697866666667
0.27403708293333334
0.2409053954
0.2045456862666667
0.18739849513333334
0.17599537933333337
0.1816732154666667
0.2145873402666667
0.25827175560000004
0.2783225066666667
0.2774924412
0.2781486455333333
0.26023737373333333
0.23569636579999997
0.2131937518
0.19337469926666664
0.23809006366666666
0.26476435206666665
0.27804445833333336
0.27490931773333327
0.2704020127333333
0.28175595779999996
0.27745065646666667
0.2499807555333333
0.2172440728
0.20960189959999997
0.19902424919999995
0.20772278799999996
0.24537657426666662
0.29313244706666663
0.31119595846666664
0.2882862787333333
0.2763054776666667
0.2673509081333334
0.2625481738666667
0.2625218646
0.2652830378666667
0.2514537006666667
0.2294022162
0.2224574626
0.21312475919999999
0.21465981073333332
0.23234106926666662
0.21377274606666663
0.16186720926666665
0.13274859033333333
0.11209555486666668
0.139114433
0.16723054120000003
0.1902366824666667
0.21166039093333336
0.22286313100000002
0.25324711913333336
0.29894467140000003
0.3415334734666667
0.35656099706666666
0.35471789453333336
0.3289848206666667
0.30527655766666667
0.30513478853333337
0.30500017053333334
0.2982278832666667
0.26220077666666664
0.25825514993333326
0.2653025613333333
0.2541703454666666
0.23656986646666664
0.21437449306666664
0.19472418986666667
0.19528851893333338
0.22319221779999998
0.25700507733333333
0.2597831783333333
0.26814444793333336
0.26857664859999997
0.2689717572666666
0.27520894859999995
0.27731425759999995
0.27059638706666667
0.26607525453333325
0.29047861826666665
0.3234932894666666
0.3561233964666667
0.38668304113333335
0.37118555066666664
0.33225068560000004
0.29034190086666667
0.28832550493333337
0.2881929955333334
0.2903263776000001
0.3277736307333334
0.36210437433333337
0.3964853249333334
0.42777384179999994
0.44199175899999993
0.42418086273333333
0.3834686633999999
0.3375018149999999
0.2824632599333333
0.25351830686666665
0.24979222273333335
0.26153367086666673
0.28368775166666665
0.312751696
0.33925809306666665
0.32918726313333335
0.3081404500666667
0.28632837933333327
0.2570253836
0.2501369442
0.2513360037333333
0.2449757628666667
0.23822735779999998
0.24030500720000003
0.27501057160000003
0.3190990426666667
0.34889447526666667
0.35662448906666666
0.3503618524666667
0.36502741306666664
0.35633291286666663
0.3435084566
0.3251698272
0.3002149571333333
0.2637216555333334
0.2372805945333333
0.23738444506666667
0.23689802486666667
0.24446304646666664
0.2240085802
0.22106519286666665
0.2336308594
0.25047781453333334
0.25091059006666666
0.21601268693333334
0.20262064746666666
0.21501990486666667
0.2408267346
0.27839960866666663
0.30036366033333334
0.32502954466666656
0.33585413319999996
0.3479373157333333
0.347840298
0.3408051074
0.30296922913333335
0.2543402137333333
0.20601770386666668
0.18732528846666666
0.19374046346666668
0.2055156872
0.22106195066666662
0.2310090456
0.24885951346666665
0.2665662386
0.26953345819999996
0.28961049133333333
0.32492456439999995
0.30814247853333326
0.30844541933333336
0.3099450719333333
0.3009181310666667
0.3195813943333334
0.34590851426666674
0.3852252728666668
0.40906659840000004
