0.3075850475999999
0.28329383926666657
0.2571012915666666
0.23268177106666663
0.21026315156666664
0.211765761
0.23401912606666667
0.23238094503333334
0.2359828005
0.23380053976666665
0.23463736933333332
0.2330500324
0.22574580856666668
0.22621826226666672
0.23315078920000004
0.23540334063333335
0.23801978180000002
0.2514110234333334
0.2533101224666667
0.2520967260333334
0.2457262980666667
0.24352224296666672
0.2560635733
0.25283487373333335
0.24129507230000005
0.23115390643333333
0.22319869603333337
0.23171458663333339
0.24601899836666669
0.2541262555666667
0.24778328973333336
0.2435471704
0.23858644736666668
0.23398008086666666
0.2405364700333333
0.2531630994333333
0.25228532886666666
0.2631881712
0.27053491486666664
0.2726976832333333
0.26872874579999995
0.2664619386666666
0.2735194978333333
0.26445217856666664
0.23969148586666666
0.21985076770000003
0.21136332940000002
0.20684202996666665
0.22003192863333335
0.22957466016666667
0.2274998281666667
0.22197227440000003
0.2001909168
0.2077099553333334
0.21729072466666674
0.22639242816666674
0.2370911277666667
0.24407308443333336
0.25235040990000007
0.2641734438
0.2819954680333333
0.28484287813333337
0.28468885263333327
0.2806629449666666
0.2595246518666666
0.23350099889999998
0.21887438043333335
0.2051617190666667
0.20065760483333334
0.2127428455666667
0.22776962190000002
0.23291536820000003
0.22971649873333336
0.23381080610000002
0.24683443063333332
0.2684109962
0.2898766074333333
0.30586148593333334
0.29438399950000005
0.28671050280000004
0.2868557185666667
0.28698596390000003
0.2867184159333334
0.26975751713333335
0.26442576849999994
0.2656889079333333
0.27232448186666663
0.28003157796666667
0.2852489447666667
0.2907036155
0.2832370348
0.27772145169999995
0.27367348909999994
0.2740543416333333
0.27816872173333335
0.27945151309999994
0.29837269399999994
0.31865666146666666
0.3368997912666666
0.3491851144333334
0.3540335067666666
0.35732974050000005
0.35348097643333337
0.3468126057333334
0.33457315053333336
0.3123519287666667
0.29102145416666664
0.2759377858666667
0.28600662829999995
0.30047234576666665
0.3147922353333333
0.3284804469333333
0.3351224121999999
0.3414068521333334
0.3423996127
0.3460643516
0.3377584332333334
0.3142222131333333
0.28786458639999996
0.2613841335666666
0.2642644392333333
0.28444563269999995
0.30521407306666665
0.32015612036666663
0.3315567742333333
0.35214275306666665
0.342760088
0.3258244533333333
0.30574910326666666
0.27862017036666664
0.2569292998666666
0.24430829913333332
0.24118010396666667
0.23756269133333333
0.24238402683333335
0.2495095759
0.2700821177666667
0.29126266733333334
0.3035511518
0.3006362212666666
0.29052005
0.2794767801666667
0.27926418073333337
0.2829982809
0.2893072829
0.28204265793333333
0.2811550696
0.28661928913333334
0.2924176703
0.29615167223333333
0.2824068438
0.262017211
0.24398553656666666
0.22824775919999998
0.21911793926666664
0.20487657520000002
0.20406816733333333
0.21804092776666667
0.2359178901
0.26362956106666663
0.2834649494666666
0.29728150143333326
0.3127323122666666
0.3364309400666666
0.32799138826666663
0.32462526336666664
0.3064571505333334
0.27762917240000007
0.26279954910000003
0.2666169013666667
0.2894828681666667
0.3072911428
