0.5372623719
0.5130788921
0.4924068921
0.4771202141
0.46500718984999995
0.48007212274999994
0.50695035035
0.49436305945000003
0.50154256635
0.5041774276
0.5087626273000001
0.5096591446500001
0.5051079253500002
0.5000190421500001
0.4912280713000001
0.48929108955
0.4964033982
0.5172471936
0.5191256955500001
0.5181172263
0.5084341140499999
0.5095393913499999
0.5040085864999999
0.5022616872499999
0.5072590149999999
0.5112307855999999
0.5071086523999999
0.5228723306499999
0.5282918651999999
0.5178404277
0.5100570936000001
0.49943591400000004
0.5121225365
0.51656955625
0.51554121145
0.51146881375
0.50405255485
0.5144024201499999
0.5256905676
0.5301986117999999
0.5224223300999999
0.51673287065
0.51778155785
0.50858766695
0.4963999037000001
0.49858023705
0.50587654055
0.5102580810999999
0.52026440155
0.53085997465
0.5205486175
0.51426745415
0.504161425
0.49678342649999985
0.4888623106499999
0.4824363056
0.4810396895499999
0.47419323329999996
0.47599714434999996
0.47636593014999995
0.4802272668499999
0.47732571424999987
0.4655091586499999
0.47529338899999996
0.4786066272
0.4717317569
0.47172158680000004
0.47471435005
0.4888490936
0.5044385159
0.5283587843
0.52885895415
0.5148595684999999
0.5107990975000001
0.49942668239999993
0.4953360571
0.49196752475000005
0.4875377710000001
0.48082266570000004
0.48931660074999994
0.50915077765
0.5140787753
0.52202285905
0.50813762455
0.50689062935
0.51214794285
0.51691801755
0.5105241829
0.4862093829000001
0.4664031691
0.44706489000000005
0.45059616355000004
0.45730170984999996
0.45431681284999986
0.47188976029999985
0.4898352356999999
0.5095624393499999
0.53377862785
0.55312673915
0.5686253526
0.5592231856500001
0.55764237875
0.54735056855
0.5452606115
0.53342606995
0.51435275095
0.5053980870999999
0.51296172945
0.53620006775
0.5626258667999999
0.5876151917499999
0.59644957635
0.59703573825
0.6008407871499999
0.5916230311499999
0.5709618004000001
0.5552871570500001
0.5315182134
0.5136995452500001
0.5032098584000001
0.5131180165
0.5257046874
0.5376609834
0.5462646030999999
0.5517269230499999
0.5639842687999999
0.5625464946999997
0.5459763250499997
0.5280152397999999
0.50273948495
0.49320885724999997
0.5052752124000002
0.5175404191
0.5244235002
0.5260606118
0.5510702387499999
0.55223332225
0.5567357304
0.55211581685
0.5349480017
0.5189883996000002
0.5051369120000001
0.5043271737
0.48686864595
0.48345626860000007
0.4680783794500001
0.4731804297
0.49410898885000004
0.51497444775
0.5225469155000001
0.5133190270000001
0.4986778751500001
0.49345856710000013
0.49517976630000005
0.5050304111500001
0.4867593713500001
0.4934466392
0.4923674922500001
0.49579283180000006
0.5048548178499999
0.5079008703
0.5070680667999999
0.5064985734499999
0.5144640416499999
0.5099939133
0.511857222
0.49795718635
0.48977519545000003
0.48484441185000005
0.5025280382
0.5153890602500001
0.52432904355
0.5278437007000001
0.53502312055
0.5173762085499999
0.5225995715
0.5122242300000001
0.4986264966499999
0.5025492763
0.5094203752500001
0.53093865335
0.54807252525
