0.6372514707999998
0.62200292325
0.6084484862
0.5983921344500001
0.59148643865
0.6105987713
0.6349444388000001
0.6180771757000001
0.62880968135
0.6332788599
0.6362933593
0.6383628748000001
0.6369865382000002
0.6356475200000001
0.6293641211000001
0.6318796381500001
0.6372221669000002
0.6594513304000003
0.6577396113500001
0.6581626800500001
0.6436025860000001
0.6461273843500002
0.6432270507000001
0.6427015772000002
0.6462909545000002
0.6503123591000001
0.6478663811500001
0.66925748575
0.67441671735
0.6582592739500001
0.6564762517
0.6427267605
0.6474286662
0.6501176929
0.6518504183
0.6526607435
0.6502798911499998
0.6615522251999999
0.67082388185
0.6697621249499999
0.6600371441999999
0.6513314943
0.6545264184499999
0.6479307405000001
0.6349207109500001
0.6335366799
0.6415029192499999
0.64280294645
0.6524080031999999
0.6698367722999999
0.6525557347999998
0.6431495192499999
0.6373823630999998
0.6315778298999998
0.6246872749499998
0.6177429465499997
0.6180850853
0.6135629076499999
0.6139978487
0.6149497601
0.6252821736999999
0.6287861207000001
0.6085566056000001
0.6101339351500001
0.6168333045500001
0.6170147800000001
0.61717346785
0.6199059203500001
0.6341376972500001
0.6394092274500001
0.6586464452000002
0.6578641075
0.6464308763
0.6457053263000001
0.6302412116000001
0.6248781407999999
0.62206422045
0.6191026888
0.61861306635
0.6289575818499998
0.6448205492
0.6383692782999999
0.6501987807999997
0.6392519113499999
0.6385876108499998
0.6391655331999999
0.6396109780999999
0.6270962412
0.6049831417999999
0.5953068375999999
0.58584622165
0.5964581611499999
0.6013036757499999
0.5945614013999998
0.6117260570499999
0.6262594253
0.6379914917
0.65500079405
0.664953918
0.67606110425
0.6651419261000001
0.6761216773
0.6653481591999999
0.66679055935
0.66095469865
0.6468114576499999
0.6357782389500001
0.6481253757000001
0.66716816065
0.6836283859500001
0.7007403969
0.70365389515
0.7084835915500001
0.71162089495
0.70246765495
0.6844242301
0.67738291835
0.6580124545999999
0.64216494605
0.6356116869499999
0.6494982666
0.6532945739
0.6619233358999999
0.6693490146
0.6663305162500002
0.6699276205500001
0.6731619412500001
0.6612659325
0.65057597195
0.63268213305
0.6231981287500001
0.6347865297499999
0.6403782711999999
0.6452073110499998
0.63992443495
0.6607761813499999
0.6528973618
0.65904965795
0.66015907245
0.6481532935000002
0.6346242050500001
0.62555199395
0.6318651225
0.6123943153000001
0.61483782325
0.6031482794
0.6033441240000001
0.6155955334000001
0.6277304803000001
0.6311802455000001
0.6295351777
0.6231159295500001
0.6228685947500001
0.6261197117000001
0.6374117723
0.6154881243
0.6275865844000001
0.6228349964500001
0.62433693545
0.6323638074499999
0.6342315714
0.6306469415
0.6305896110999999
0.6419260197999999
0.63765188485
0.63886976625
0.6252707714000001
0.6213615544000001
0.6172732551000001
0.63140544475
0.6358732890000001
0.6431276003999999
0.6434668456999999
0.6455269548499999
0.6334169907499999
0.6514089587
0.6412619999
0.6275181486
0.63349729725
0.6357312447999999
0.6505748577
0.6620050556500001
