0.6635758555199999
0.6526247152799999
0.62673377408
0.5984602392
0.58460455772
0.59856888528
0.6195704051600001
0.6213153690000001
0.64857748244
0.6542138882
0.6551468850800001
0.65344235728
0.6419984893200001
0.6319414230800002
0.6194159266000001
0.6104090345600002
0.6172903527600002
0.6429048325600002
0.6516532747600001
0.6686320708400001
0.6740245661600001
0.6733154816000001
0.67538097372
0.6592799055200002
0.6380228259600002
0.6352708696
0.6257962625200001
0.6447965614000001
0.6656238916799999
0.66907113492
0.66824079244
0.66297597036
0.6616510389199999
0.66008251256
0.65173432968
0.6329350394
0.62857781468
0.638964903
0.64380617808
0.6500384955599999
0.66597184128
0.6696159095199999
0.6750416903199999
0.6670450463200001
0.6568594802000001
0.63706557016
0.6220227729999999
0.6192964632799999
0.6313527817199999
0.6422135357199998
0.6372541483199998
0.6432626301999999
0.6345584320799998
0.6311866371999998
0.6222138031199997
0.6110321835599998
0.6113827983199999
0.5965684073199999
0.59525422072
0.60769543924
0.63155394992
0.6422894883600001
0.6473452918400001
0.6560106117200002
0.6604502934000002
0.6571533824000001
0.6351117236
0.6221988071600001
0.6259906402000001
0.61053708716
0.6151120731200002
0.62639439116
0.61993469264
0.6208148263600001
0.62563004864
0.6326942656799999
0.62761015272
0.6258771058399999
0.61545747084
0.6266057198399999
0.6426606375199999
0.6509493742799998
0.6621770003199998
0.6518899770399998
0.6432291198399999
0.63221853572
0.6185394782399999
0.60731701148
0.59432960352
0.5883905508399999
0.5892024572
0.61049629852
0.62679062684
0.6362136997199999
0.66228596276
0.66490529392
0.6708561182000001
0.6628734821600001
0.65399946524
0.6522034132799999
0.6442533642800001
0.6488765428
0.6605182762399999
0.67422297648
0.67926173992
0.6814784266800001
0.66977381188
0.67242689176
0.67963980604
0.6741192047200001
0.66806486396
0.67523610428
0.67215764992
0.67429653544
0.6813944666799999
0.6834963669599999
0.68309858396
0.66841151564
0.6575155425199999
0.64441894288
0.6480819198400001
0.6465087539600001
0.65725249488
0.66125130656
0.6566436874400001
0.6625877635599999
0.66898044452
0.6662292081600001
0.6620711263600001
0.6391560439199999
0.63609349152
0.6346308775999999
0.63261050304
0.63312707744
0.63794297752
0.64365634692
0.64163384444
0.6474936499600001
0.63369903792
0.6277998519200002
0.6110019300800001
0.6065483940400002
0.6201902528800002
0.6279564791200002
0.62852347084
0.6302738092800001
0.6289436351600002
0.6355113379600001
0.64250611816
0.64293975532
0.62992548796
0.6288709213200001
0.61857588324
0.61643077696
0.63189447552
0.62242065896
0.6238335082
0.62472561248
0.6191125958
0.6193987249999999
0.61439837904
0.606323416
0.6117873984
0.63185963096
0.64177756804
0.65645381696
0.66077041628
0.6578083878
0.6567432978000001
0.64472915152
0.6474245127600001
0.6433877776
0.62229552632
0.6223328453999999
0.6305500535199999
0.65049004568
0.6513682851999999
