0.6558970510666666
0.6488655731666666
0.6407994833333333
0.6334724011333334
0.6239366696
0.6345948901666667
0.6488668620000001
0.6411105778666666
0.6568150886333334
0.6553222668333334
0.6463940045666666
0.6475755316666667
0.6447430418666666
0.6451513677333334
0.6486497999666666
0.6557084301333334
0.6590166246999999
0.6842891121
0.6777066924333334
0.6713093140333334
0.6712271496666666
0.6638202645666665
0.6669606584333333
0.6680937742666665
0.6644625181000001
0.6634347978666665
0.6606880094333333
0.6720901087000001
0.6865650828666666
0.6808849835999999
0.6633194336999999
0.6564810802333331
0.6564648491333333
0.6529448573333333
0.6521279197333333
0.6561185286333334
0.6616995701333334
0.6732380645
0.6745736663333334
0.6798943985333333
0.6777140871333333
0.6621443307333333
0.6631834578
0.6600110429
0.6499048884666666
0.6415967957
0.6410399135000001
0.6352822630000002
0.6466158494000002
0.6527397691333336
0.6430635886000002
0.6491313854000003
0.6323564151666667
0.6274403766
0.6294141970333332
0.6329346368
0.6400441570333332
0.6457315149666665
0.6506853639999998
0.6599517712999998
0.6769329603666665
0.6671593255999999
0.6587518028666666
0.6595442529666666
0.6462674354666665
0.6353416418999999
0.6274704195666665
0.6192663728333333
0.6245769008333333
0.6258973345333333
0.6390088472333333
0.6457710654666666
0.6415949240333333
0.6339719812333332
0.6395661717
0.6474239964666666
0.6536568900333334
0.6532108715
0.6431265013333332
0.6466332816666666
0.6512225282666666
0.6457674106666667
0.6543206215666667
0.6505459112
0.6448115014999998
0.6422080034999998
0.6411782934666665
0.6418087936666665
0.6429916465333334
0.6484304022333335
0.6417356190333335
0.6579634815666667
0.6531979103000001
0.6468571748333333
0.6609114196333333
0.6629579195666666
0.6636377821333334
0.6737107264333333
0.6760573388333334
0.6822323401999999
0.6868885598
0.6886181766666667
0.6923850266666667
0.6969603807666667
0.6852981005666667
0.6708499260999999
0.6658107723666666
0.6625465965333331
0.668469336333333
0.6754046370666664
0.6835153154333331
0.6936678444666664
0.6918736964333332
0.6946941444333332
0.6938176960666665
0.6886954837666667
0.6847241848666668
0.6760807934333334
0.6663085149333334
0.6543500548666668
0.660197066
0.6606397639333335
0.6750511363666668
0.6823393425666667
0.6699239379666667
0.6789092236000001
0.6749076479666667
0.6670260380999999
0.6610420289333335
0.6509738398000001
0.6404053698666667
0.6436337057
0.6424381455000001
0.6304280249000002
0.6380240625000001
0.6373041607333334
0.6371092460666667
0.6488244966666666
0.6564473203000001
0.6500789724666666
0.6464749428333333
0.6422287534333333
0.6514454295666667
0.6558413178333333
0.6542142236999999
0.6461138157666666
0.6484916313
0.6449182887333332
0.6459418950333333
0.6513372996000002
0.6473773597666668
0.6407286699333336
0.6367327028333334
0.6295065818
0.6385178503666666
0.6248874710666666
0.6216200193333334
0.6270502086
0.6310033802999999
0.6407850748666666
0.6467807702333331
0.6525946688999998
0.6570085319999998
0.6757840845999998
0.6643270932666666
0.6769816192999999
0.6730316582999999
0.6526174648333333
0.6509421553333333
0.6557981034666667
0.6611880842000001
0.6643163732333334
