0.8756917956000001
0.727098537
0.6687039092
0.4844028476
0.4013144166
0.4637829396
0.5594057297999999
0.572708945
0.7160181298000001
0.7668139300000001
0.75668229
0.726531702
0.579978789
0.5406890432
0.47764013799999994
0.4947399646
0.5216394324
0.6607433950000001
0.701659244
0.7713180144
0.7793228056
0.7817885708000001
0.707500754
0.6080566216
0.569058478
0.565162511
0.576729467
0.6551611078
0.7500085206
0.7574750405999999
0.7478788302
0.7271062699999999
0.6705704764
0.6244589726
0.589628
0.534577626
0.5516577478
0.594503729
0.6460358044000001
0.7267791288000001
0.8125688434
0.7951782601999999
0.8172552103999999
0.7360209914
0.6135972223999999
0.5878522818
0.5504612716
0.556772673
0.643981735
0.7302372388
0.7325686948000001
0.7629950400000001
0.7382774556000001
0.7188844732
0.6675932710000001
0.564470326
0.5514878918000001
0.5614095504
0.5482871673999999
0.5849326574
0.7046733998
0.7584172093999999
0.7712097686
0.7542318266
0.7562268727999999
0.664150977
0.5543263114000001
0.5341760888
0.5586600638
0.5468420683999999
0.5958650947999999
0.6685517568
0.6498480416000001
0.6556498303999999
0.6306065063999999
0.5966530392
0.599010103
0.539217586
0.5289288982
0.5902838062000001
0.6717949840000002
0.7084716698000001
0.8185280544000001
0.8583543976
0.8508187166000001
0.8284602674
0.7141789032
0.6395312778
0.6014405011999999
0.5028266424
0.455125489
0.5202837732
0.5342971884
0.5444277138
0.6340062672
0.686154209
0.6641301868
0.668147396
0.6150305461999999
0.6288550914
0.6463559902
0.7158667042
0.7195437264000001
0.710576951
0.6730091662
0.61944423
0.5516732268
0.5458760864000001
0.5734453574
0.5793531252
0.6177078354
0.6809369666
0.743457087
0.8130288095999999
0.8725321210000001
0.8256259606
0.8148900318000001
0.7078659775999999
0.624633671
0.5777127468
0.5824592922
0.5543295765999999
0.6573740852000001
0.7196286977999999
0.7619317905999999
0.8297380503999999
0.8140125539999999
0.7801931973999999
0.7404487978000001
0.6472496536
0.5501241880000001
0.5790222783999999
0.5405131456000001
0.5396306844
0.6136483852
0.695436566
0.7188156594
0.7218386858
0.730794206
0.6898314792
0.6487888454
0.627275009
0.648699669
0.6427150326000001
0.6357262737999999
0.654635454
0.6703835062000001
0.7016880351999999
0.7208186368
0.6711560454000001
0.6947322378
0.6399368808
0.6092234956
0.5918448159999999
0.6482312016
0.5987149279999999
0.6263689003999999
0.6326658418
0.5567647736000001
0.5695509898000001
0.5315169332
0.5398755206
0.5788312526
0.6957464568
0.685977845
0.7504612585999999
0.7495327036
0.7375642832
0.7271581912000001
0.7146429866
0.646622083
0.6648522761999999
0.609536824
0.5833184958
0.6184647292
0.662216718
0.623805738
0.6525745198
0.6222067574000001
0.5942393499999999
0.5597929056
0.5252849772
0.5511285302
0.600825607
0.6618345486
0.7300747230000001
0.8122167977999999
0.8124157822000001
0.8254489994
0.7108031001999999
0.7127220276
0.662497457
0.5524848496
0.5466948812
0.6348039062
0.6557000479999999
0.6972409932
