0.5344150906666667
0.5208634765666668
0.5057610718666667
0.4919715852333334
0.4776825482666666
0.4846511497333334
0.5017781988000001
0.49707826696666674
0.5081549694666667
0.5066199857333333
0.5018909848333333
0.5006548088333334
0.49525453076666676
0.49429571043333337
0.4979803025
0.5024115155333332
0.5051967351666665
0.5259101221666665
0.5244851152666666
0.5201367353333333
0.5162782384666665
0.5117681578333333
0.5189048347999999
0.5182711466666665
0.5113718959999999
0.5055822770666666
0.49984633513333326
0.5104378407666667
0.5242536369666666
0.5239674418666666
0.5109974533666666
0.5053706261666666
0.5037036190999999
0.5000081269666665
0.5014281907666666
0.5086042805333333
0.5115121633999999
0.5212507138333333
0.5252442526
0.5286319009
0.5243545741
0.5149201996999999
0.5190067271333333
0.5146189728333332
0.49910742643333333
0.4863859570666666
0.4824670265666666
0.47798510919999987
0.48939048973333327
0.4963177768333333
0.4911109021999999
0.49063049299999995
0.4726280338666666
0.47249068213333323
0.47680513459999985
0.48211290929999995
0.48995818469999985
0.4947920004333332
0.5006832699333332
0.5114585036333332
0.5283122102333332
0.5230042553666665
0.5170587342333332
0.5160932598666667
0.5011252788999999
0.4842231704333333
0.47319434936666666
0.4628382358
0.4630959991666667
0.46862219423333334
0.48351234230000006
0.49050470710000005
0.4845356565666667
0.4800601475000001
0.4888240137333334
0.5019206674666667
0.5138770700333335
0.5190126335000002
0.5074914289666668
0.5048166629333334
0.5062039590000001
0.5051845549
0.5115871017
0.5021088757666666
0.4966473676333333
0.4962921563
0.49842158439999995
0.502214421
0.5059477628666667
0.5114134186999999
0.5040886098666667
0.5096936568333333
0.5061963232666666
0.5030344901666666
0.5114902720999999
0.5145984633666666
0.5228307782666666
0.5359619391333333
0.5444096970000001
0.5536895069666666
0.5585135684
0.5600984222666666
0.5615956878333334
0.5639109841666666
0.5531356355
0.5355013946666667
0.5240010107333333
0.5162104413333333
0.5242745377666667
0.5359512115666667
0.5481240275333333
0.5597660060666667
0.5597691723
0.5643330170000002
0.5647150472666668
0.5640311521000002
0.5581534818333335
0.5440937372666668
0.5276686974333333
0.5097655952
0.5145040161333332
0.5251869780333333
0.5417222548666666
0.5500195766333332
0.5482253300666664
0.5599797198666665
0.5552245008333331
0.5453931086333331
0.5348850371666666
0.5174993015
0.5023728327666667
0.49889089650000007
0.4979634626000001
0.48835158953333335
0.4926038722333334
0.4954422048
0.5034156636
0.5191542542333333
0.5285186324333334
0.5226569666
0.5146380231333335
0.5071691032000002
0.5122539773333334
0.5159630187666667
0.5170943221333334
0.5084964549000002
0.5091579305000001
0.5096538867666668
0.5134034318333335
0.5189095234333334
0.5121675081333334
0.5000861327666668
0.4906022321666668
0.4817119505000001
0.4818927399000001
0.46930019363333336
0.46723157300000007
0.4745138976000001
0.4836710291000001
0.5010436576
0.5122384635666667
0.5199638575666667
0.5279316620000001
0.5480660018333334
0.5397076154333333
0.5448439162666667
0.5351871307000002
0.5126655586333334
0.5051199842000001
0.5101584966000001
0.5239139257000001
0.5330158995000001
