0.5582750082400001
0.5432433656000001
0.5136042445600001
0.48074709996000003
0.45829721516
0.46708079875999997
0.48735308656
0.48879948924000005
0.5108528554
0.51826378484
0.52151068276
0.52250806772
0.5117807714000001
0.4989483416800001
0.4826626550800001
0.47219137067999994
0.47540042144
0.4963224204
0.50950706728
0.5294074889599999
0.5374497391999998
0.5384671738399999
0.5379765953999999
0.5216844208399999
0.5005638054399999
0.49106877544
0.48134153747999997
0.50300707088
0.52287444732
0.52735481192
0.52367563192
0.51802279588
0.51921636724
0.51948556204
0.5138390874799998
0.4986963631199999
0.4916639993999999
0.49674991179999994
0.5010766443999999
0.51203363088
0.5295666376
0.5355368932
0.54297619108
0.53608659228
0.51944457316
0.49852304096
0.48706857887999994
0.48803834635999993
0.4976676963599999
0.50417231828
0.50157900152
0.5033058163199999
0.48887292468
0.4870276325199999
0.4824988624399999
0.47370312559999994
0.4702825269199999
0.4576353025999999
0.4607589015199999
0.47076004319999987
0.48901417903999983
0.4995278661199999
0.5085224248399999
0.5202957335999999
0.52587546292
0.5223458787599999
0.50545450976
0.49171953628
0.49009545312
0.47902568448
0.4814089532
0.4854658728
0.47557400148
0.47425902388000013
0.48286229452
0.4950747032400001
0.4967137955200001
0.49589900320000013
0.4864712856800001
0.49517980256
0.5145507198400001
0.5312017087600001
0.5445344442400001
0.5290285287200001
0.51611269644
0.5026123852400001
0.48855417116
0.4777894241200001
0.46246962851999995
0.4529866799999999
0.45059011431999996
0.47002866095999996
0.49070924895999996
0.5081211371999999
0.5382212306799999
0.54618440608
0.54925367872
0.54374924124
0.53802164232
0.53046737792
0.51871229848
0.5242571582
0.53728554056
0.5514784832799999
0.5607008863999999
0.56298618436
0.5521794181999999
0.5469986683999999
0.55417475192
0.55316256964
0.5497076426399999
0.55378145576
0.5500824518
0.55562732312
0.5632773091600001
0.5648106307200002
0.5621674771600002
0.5468551256800002
0.53253193348
0.51694863428
0.5225211649999999
0.5281804509599999
0.5361861457599999
0.5376821859199998
0.5361516183999998
0.5460710693999998
0.5520811184399999
0.5506616201199998
0.5447534978799999
0.5239103656399999
0.5204716802399999
0.5184084524800001
0.51784244552
0.51664734688
0.5179372856000001
0.52323191008
0.52204728112
0.52510229392
0.5110672140400001
0.5011457624400001
0.48648945536000016
0.4861610448000001
0.50134455012
0.51265006164
0.51280761236
0.5055388759600001
0.5009862228
0.5086474137600001
0.5184851190800002
0.5257431066000001
0.5153120915200001
0.5089455939200002
0.49770410404000015
0.49374281216000004
0.5009726504400001
0.48869641532
0.48591507676
0.4849125683600001
0.4809457938800001
0.48118249172
0.48078451328
0.48041726428000003
0.48970296752000003
0.51103067436
0.52806502804
0.5433874206
0.5419051138800001
0.5356351832400001
0.5345240573200002
0.5216065410400001
0.5227365271200002
0.5197826778
0.5018384476800001
0.49963842016
0.50448462172
0.52403984092
0.5296157856000001
