0.17143576329999993
0.1388033337666666
0.10393495346666669
0.07549144053333334
0.08752275446666667
0.07787859780000002
0.05906309726666667
0.03430644516666667
0.0071052201666666715
-0.017921815833333337
-0.010919447299999996
-0.007033043733333332
-0.0048589604333333335
-0.005185175066666666
-0.009941820433333335
-0.0056358419666666685
-0.005605667433333335
-0.0063971780999999995
-0.006918599399999999
-0.008513264566666668
-0.011493569066666666
-0.0082852962
-0.007264501466666668
-0.007146924733333333
-0.005654522533333332
-0.003324548466666666
-0.002503864433333333
-0.002629268266666666
-0.002472863733333332
-0.0034614372333333326
-0.003775040366666665
-0.003067191199999999
-0.0005890417666666659
0.0004601136000000006
0.0021082957333333346
0.0027979969000000004
0.0037909399333333335
0.005346212099999999
0.005480887333333333
0.0055038285666666655
0.004455825266666666
0.005088682866666666
0.007208408133333333
0.008680272699999998
0.009867636933333333
0.010768376433333334
0.010258170133333334
0.009923480633333334
0.009982963566666668
0.010736232
0.0107402408
0.01003031643333333
0.010024996733333335
0.009885147499999998
0.008003632733333333
0.007962650866666667
0.008880291333333333
0.0091599812
0.0105955
0.011355361233333333
0.009029709599999998
0.007936239233333335
0.006978387633333334
0.007625482866666668
0.009183507266666667
0.010755300500000002
0.0106960051
0.010118582300000002
0.010565892433333335
0.010420721066666668
0.011298404133333334
0.010993356033333335
0.009768737066666668
0.0097770901
0.008681710966666667
0.008306699866666666
0.008779749900000001
0.009326272200000001
0.009291709833333333
0.009326441100000001
0.010080887533333334
0.011553513900000001
0.011442974566666668
0.012287843900000001
0.011926645766666667
0.011159818999999998
0.010933167033333331
0.011005052666666664
0.0094990042
0.008572753266666669
0.009410393633333331
0.0094181543
0.008913067366666666
0.010259645800000002
0.008737066866666665
0.008223632566666665
0.007170325499999997
0.005846235766666666
0.005797154100000001
0.007442994066666665
0.006897700266666668
0.006217215266666667
0.005852533599999999
0.004647925999999998
0.0056928749666666665
0.006247291733333333
0.0072256693666666654
0.00806743973333333
0.008499435699999999
0.007474091066666666
0.007467939966666667
0.0059803282
0.005934690033333334
0.006694305666666667
0.007696885866666668
0.007851564600000001
0.007728807933333335
0.008938095933333334
0.009202471600000001
0.009267320500000002
0.009142469100000002
0.008451305133333335
0.009205388533333336
0.007967642066666667
0.008552937333333335
0.008513220266666668
0.008408499633333334
0.009343830333333332
0.009263918033333334
0.008176802966666669
0.008839827633333333
0.00901459266666667
0.008330381900000001
0.008596441233333333
0.008101547300000003
0.007806235366666668
0.0062354864666666655
0.005197629533333332
0.004813165833333332
0.004695905066666665
