1.2814418652666666
0.5810299964000001
0.5491559206666667
0.5262159633999999
0.5667213457333332
0.5552427085333332
0.5191155451999999
0.4930421750666666
0.46746603519999996
0.44810043653333337
0.4585564779333334
0.4547612544666667
0.4444960018666667
0.43688727413333334
0.4140208532666667
0.43472502693333337
0.4267864147333334
0.4084650356666667
0.40187957453333334
0.3922300253333333
0.38543641833333336
0.3966796916
0.38982765266666664
0.3822647330666666
0.3719469615333333
0.3839583383333333
0.377159032
0.3671858054
0.3667066816000001
0.35707472700000015
0.35044244613333336
0.3443775162
0.34931812040000004
0.34588483466666664
0.34589606233333325
0.3403157458
0.33533788639999995
0.33125192366666667
0.3176705095333333
0.3147998739333333
0.3125557238666667
0.31281595953333335
0.3176332347333333
0.3077945935333333
0.3053897936666667
0.3048958318
0.3093649582
0.3115411164
0.31156200659999994
0.30429356826666665
0.3004459881333333
0.2928731453333333
0.2925951754
0.29699027933333333
0.29422019400000005
0.28686850119999996
0.2766553908666667
0.27302070026666664
0.2762326305333333
0.2802044116
0.27407747879999994
0.2633461924666667
0.2567902675333333
0.251868496
0.2530287922666667
0.25366998426666665
0.2520199106666666
0.2468509053333333
0.24084503853333333
0.2372945002
0.23368736380000002
0.23158209266666668
0.2274421070666667
0.23049384160000003
0.2286343891333334
0.22454438680000002
0.2297658092
0.22860624546666666
0.2253137603333333
0.21975846486666664
0.21821152126666662
0.2190363463333333
0.21831792346666665
0.22201145699999997
0.20971156933333332
0.20829781360000002
0.2112167282
0.21065987346666665
0.2050282546
0.20010894266666662
0.20203036013333328
0.19778103599999997
0.19063781139999997
0.18902230006666668
0.19174700933333338
0.18967984226666668
0.18899175760000003
0.18173273513333335
0.17330719113333334
0.17826296286666668
0.17549547373333335
0.1744753014666667
0.17242346800000002
0.17183081840000003
0.17512883566666665
0.1736620507333333
0.17137162839999995
0.17612255353333334
0.17662180760000004
0.17368102253333334
0.17510167720000006
0.1689466768
0.1680011826
0.16984700006666667
0.17216230766666665
0.1683348542
0.16749186006666666
0.1689887354
0.16212720200000003
0.1598629734
0.15566239046666666
0.15677558653333332
0.15568631526666668
0.15272399953333335
0.1487450475333333
0.14646049346666662
0.14780984986666665
0.14891097839999998
0.15053619180000002
0.14759547366666667
0.14884189080000002
0.1442902318
0.14310023666666669
0.1472266952
0.14954652140000002
0.14973051393333334
0.14306008593333333
0.14130865586666666
0.13908593873333333
0.13612563613333334
0.1317666866
0.12984116299999998
0.13071569493333332
0.12661924979999997
0.12982169500000001
0.13199443733333333
0.13253306046666666
0.12571087346666665
0.12164659459999999
0.11584240606666667
0.11973168086666666
0.12128408113333333
0.11981882926666666
0.11778651106666668
0.11767862533333334
