2.6778415514000002
0.6365328786
0.6117995522000002
0.626673428
0.8087198717999999
0.6906118301999999
0.6340619076
0.5702137028
0.485383652
0.4628791064000001
0.4758722142000001
0.472495203
0.465454507
0.46659081019999993
0.42856505899999997
0.49924408119999997
0.4507895250000001
0.4434583154
0.4504236434
0.45285714419999995
0.4005531384
0.44099903539999996
0.4245751832
0.39364736879999995
0.3606403566
0.40437786119999997
0.3885706838
0.3573616083999999
0.3615677114
0.36319257520000003
0.3513782554
0.3604693556
0.38754616640000006
0.391579119
0.39200795279999995
0.39611889840000003
0.3824370566
0.3566496414
0.3469732144
0.31602365299999996
0.30383018459999994
0.2902261364
0.30375855339999996
0.2991021706
0.32965658119999997
0.3209981544
0.3333504662000001
0.33334757620000005
0.30693614360000004
0.2987193876
0.3128388326
0.314871276
0.3157935746
0.3173454664
0.2877934122
0.28085050840000003
0.2798731324
0.2854821984
0.3104044098
0.326367905
0.3076486234
0.2838750276
0.27650975319999993
0.2632209618
0.2684992648
0.27210637179999997
0.2662180126
0.25707014919999993
0.25507251999999997
0.245746065
0.2424774412
0.23994553719999998
0.23679090020000002
0.23731200619999998
0.24484104699999998
0.2464261398
0.2498961822
0.2466916666
0.2301505894
0.22129638859999998
0.21215851039999997
0.20490455859999995
0.1988437544
0.22401892920000002
0.2197657318
0.2150485102
0.23449668680000002
0.2402833154
0.22177176240000002
0.21821327419999997
0.2274275432
0.21770779359999998
0.2158267006
0.2202436794
0.191155702
0.1824173874
0.1814457042
0.17586960440000002
0.173069322
0.1909578518
0.19624614980000002
0.1941896102
0.18021712920000002
0.1737538988
0.1931274742
0.19037598960000002
0.1913399584
0.1891114718
0.1730983526
0.1507035626
0.1398642818
0.1378963358
0.14794180299999998
0.1686402038
0.1815554702
0.19074588080000002
0.18487859099999998
0.1913143858
0.1881268664
0.1887840348
0.194694869
0.1840651036
0.16474735899999998
0.15277393
0.146147418
0.11956381279999999
0.1335318856
0.1509044614
0.1454808096
0.14465746740000002
0.15272848960000002
0.1527297704
0.1514071254
0.15991725899999998
0.1554302572
0.16708917799999998
0.1571678936
0.1444213484
0.1462105068
0.1426986964
0.1267080048
0.1229730314
0.13347223619999998
0.1355523198
0.15051061059999998
0.15539435899999998
0.14903933279999998
0.146032383
0.1354949896
0.1151676014
0.11319769599999999
0.11751112479999999
0.11264246559999999
0.10881044
0.12378687299999999
0.127391257
0.1310487238
0.11845777180000001
0.12063435419999999
0.1085727438
0.11860608959999999
0.11529239479999998
0.12835625039999998
0.12391473899999998
0.1206762592
