0.5842607467333332
0.5462185267333333
0.5106383838
0.5431698864666665
0.5518871140666666
0.5297769549333332
0.4988277801333333
0.4460365689333334
0.40276271813333336
0.3659562449333333
0.35994822986666664
0.38682917766666663
0.39961563846666665
0.4143795057333333
0.4403576276
0.4485813401333333
0.45570465219999995
0.43568267306666664
0.42241220546666663
0.4009917914
0.4000836927333334
0.39537511059999997
0.40905483626666667
0.411160922
0.4196921776
0.42959232713333334
0.4331662332
0.43764797246666665
0.4055757372
0.386837468
0.36955052839999997
0.3605964664
0.3720721066666666
0.3816518609333333
0.3867950035333333
0.38786093106666664
0.38857881146666673
0.3980112384666667
0.3961740584
0.3888252960000001
0.38258292226666674
0.3782003396666667
0.3701207037333333
0.39757553513333327
0.411302805
0.42546831933333334
0.4294329
0.4317133350666666
0.4283054971333333
0.42759820993333336
0.41419661613333336
0.4004648553333334
0.3982715640000001
0.4027305628666668
0.4107025952000001
0.41022373693333347
0.41421051173333345
0.42731191546666675
0.4279194538666667
0.4124321816666667
0.4031542474
0.3929348873333333
0.39165645359999995
0.4077070129333333
0.4217151278666666
0.4375276562666666
0.4528422091333333
0.4614314441333333
0.4731782261333334
0.44815829726666667
0.44966898526666665
0.4521437048
0.44278870546666665
0.4383244244666667
0.4332586808
0.435914721
0.4430466841333334
0.4518674213333334
0.4463548662666667
0.44135486259999995
0.4326396708666667
0.4291142510666667
0.41441071320000006
0.4042273546666667
0.4288262259333334
0.43795927766666676
0.4282847995333333
0.41535642593333333
0.4076294921333333
0.41294553859999994
0.3944819450666666
0.38100515393333334
0.37464408833333335
0.3637047259333333
0.3560227398666667
0.36610488560000004
0.38945539339999996
0.41170002773333325
0.4323971547333333
0.42662743253333335
0.4155728651333333
0.41401218973333337
0.4252665100666667
0.4163610506666667
0.4205579362666667
0.4330095312666667
0.46036636813333326
0.47344669106666665
0.4852646243333334
0.5066822382666667
0.5044023174
0.4909558892666667
0.47588411413333337
0.4354930199333334
0.428295981
0.4308837412666667
0.4372555908666667
0.4270503147333334
0.44541889960000003
0.46826121946666677
0.4906484091333334
0.4900347696666668
0.4836716920666667
0.48012508806666676
0.43059772813333336
0.4142078874666667
0.4092982241333333
0.40703211419999996
0.42265442459999997
0.43417957533333323
0.4388845969333332
0.44663186946666666
0.4589621116666667
0.4571636258
0.43439470040000006
0.41865848273333334
0.4051800313333333
0.3854263257333333
0.3651092790666666
0.3897478370666666
0.4019593938666666
0.4056199646
0.41294316999999997
0.42155616939999996
0.4236067246
0.416286739
0.42296744680000004
0.43552091866666665
0.43825541380000005
0.4443973128
0.4436423324
0.4340888118
0.45148959653333337
0.4532003549333334
0.45600497606666673
0.4519060836666667
0.44844057733333337
0.4366591816666667
0.43143474140000004
0.4326982006666667
0.43862681099999995
0.42451949413333334
0.40187952913333336
0.40196825080000004
0.4006647423333333
0.38784491886666667
0.4001683588666667
0.4054006117333334
0.4234836280666666
0.4337590788
0.44529661426666667
0.43996504453333335
0.43200806913333334
0.4319442399333333
0.4259075513333333
0.41833382999999996
0.3938847757333333
0.4043153353333333
0.41663173386666663
0.4336478125333333
0.4594227140666666
0.4666733872666667
0.4688038152666667
0.47141975953333337
0.46024103873333344
0.4506945817333334
0.44843399480000007
