0.7990292846
0.7331695966
0.7630211723
0.7097477738
0.6502217003999999
0.5870110183999999
0.5302962835999999
0.47999363759999997
0.43435368509999994
0.3919944293
0.36271592449999995
0.37231892949999995
0.4174669916999999
0.38862427359999996
0.3920038691
0.3893734295
0.41242397750000004
0.43975708339999997
0.43669864300000005
0.41558402269999994
0.39461056110000003
0.4091421044
0.43594170050000003
0.46733524289999995
0.46329798189999993
0.46115871489999993
0.43120129769999993
0.424308466
0.4259369149
0.4136145954
0.3949752948
0.39286621730000004
0.4165591021
0.4464762601
0.42768509670000004
0.44264088569999993
0.47842990529999996
0.44705448680000004
0.4061247688
0.4031504213
0.4414950135000001
0.47873261019999996
0.46796764380000005
0.4612842035000001
0.49707033980000004
0.4755679929
0.4198909108000001
0.40711617359999996
0.44948528939999993
0.490342959
0.4992687075999999
0.48342488649999993
0.46589752129999995
0.43259078440000004
0.3995616944
0.4095521218
0.4502240025
0.47352515139999996
0.4364125981
0.3937953104
0.3738674582
0.3734726357
0.39241135580000003
0.4399914115
0.4691891052
0.44941187360000007
0.42332374790000005
0.45936112510000005
0.5185170633
0.5568699475999999
0.568380798
0.5696253600999999
0.5735458170000001
0.5660438849
0.5649863851000001
0.5739058346999999
0.5478637292999999
0.4669050051
0.4091988139999999
0.42887735769999996
0.4345310871
0.4094509208
0.39318147140000004
0.41228532180000005
0.446025936
0.5087139925
0.5704111366000001
0.6025485920000001
0.6429201101
0.6322117318
0.6103637013000001
0.5949621269
0.5529480815
0.4794361922
0.4164726915000001
0.38253496820000005
0.40245963520000005
0.3977194424
0.3622222538
0.3579605425
0.3728043571
0.40883348389999996
0.4908683374000001
0.5711018739000001
0.6057482472000001
0.5673391364
0.49243653840000007
0.4962837636
0.49674897380000005
0.46365402459999994
0.4579424863
0.42428619310000004
0.3849041661
0.38061647730000003
0.3998075908
0.45656690729999994
0.48562830860000006
0.4831451274
0.535152197
0.5271438775
0.4749356776999999
0.4530422982999999
0.44482932669999997
0.42529578170000004
0.40954470680000005
0.41396434410000005
0.44969520249999995
0.47670963730000004
0.45844413610000007
0.521948099
0.5686189329
0.5584650727
0.5114935445
0.4719292984999999
0.5147057363
0.5384876067
0.5326073831
0.5143319804
0.4725792448000001
0.4098258023
0.3804437638
0.42940186779999995
0.50278902
0.5207289277
0.4437671043
0.37256638249999996
0.3550188787
0.38139696
0.4162313032
0.4384883672
0.4848755076
0.5101135895000001
0.5243514824
0.5641865275
0.5753254778
0.5757148161999999
0.5772964032999999
0.5799647207999999
0.581835838
0.5471162804000002
0.4780986116000001
0.39935455559999994
0.35341684349999997
0.3454932495
0.40107296119999997
0.4367570839
0.42390823390000004
0.3781661016
0.36960584609999997
0.41979006859999995
0.48305380310000007
0.5404141916
0.5723417892
0.5962993495
0.569903274
0.5378934373
0.5299267199000001
0.5393262254
0.5038626485
0.44658811479999994
0.38911767370000006
0.3877786679
0.3837486692
0.3620744482
0.3729772898
0.4246372075
0.46624025519999995
0.48187982709999994
0.5201005483
0.5914932289999999
0.6262655673
0.5677802048999999
