0.6444161970400002
0.6336230994800001
0.681845416
0.6776184782400001
0.66645351216
0.6562705115200003
0.6469800520800001
0.6329624504
0.6031659676400001
0.57714985864
0.5637698918
0.5727984655600001
0.6031578474000001
0.6117395485600001
0.6097268899600001
0.60825111064
0.61165368332
0.61441109872
0.6078613821999999
0.587686513
0.57806270372
0.58435078896
0.5877369099599999
0.6120834438
0.61003735908
0.6163605961999999
0.62460103484
0.6221975898000001
0.61784340668
0.6129158422400001
0.5985630889200001
0.59040540892
0.58334885564
0.595877311
0.6140333423200001
0.6230724788800001
0.6322935268400001
0.6347339219600001
0.62998528556
0.62030816064
0.6108732161600002
0.6050938992000002
0.59459755028
0.5918299800000001
0.6046952131200001
0.6093138376400001
0.613519063
0.6237574263600001
0.6349435928400001
0.6392251727200001
0.6219430848000002
0.6000805346000001
0.6036494868800001
0.6120168209200001
0.61896123568
0.63644020276
0.6471600784
0.6609600050800002
0.6681711691600001
0.6605137212000001
0.64069646464
0.6194137805600001
0.60703549768
0.60004303192
0.622047872
0.63817950896
0.6429614549600001
0.6508534406799998
0.6605578965999999
0.6704980888799998
0.67733799268
0.67154540088
0.65521864524
0.6465080860799999
0.65135977552
0.6677054058
0.6759785114799999
0.66114107208
0.6437982460399999
0.6326579594399999
0.6221692878799999
0.62483029868
0.6128244603199999
0.59826364304
0.5979354796399999
0.61580029468
0.63461997684
0.6563194598
0.6755400187600001
0.6652092986400001
0.6540941638400001
0.6418355108
0.6387942269200001
0.6292248845599999
0.6119577862800001
0.60314275104
0.6037007360400001
0.61392752248
0.62475072328
0.6255794489200001
0.6254834649200001
0.62584863832
0.6260892175200001
0.6437384669200001
0.6428353190400001
0.63915490216
0.6226175434000001
0.62461586668
0.63947926052
0.645073785
0.6451811892000001
0.6477776227600001
0.6346778798400001
0.6238999233600001
0.6336862064000001
0.6383341442
0.63488611072
0.6251715741599999
0.6200807040799999
0.6425353627199999
0.6544546508399999
0.65659952344
0.6581343278799998
0.6355556034799998
0.62459281132
0.6154285234399999
0.62184600608
0.6311883429599999
0.6160637816
0.61963695616
0.6249965187600001
0.6349233246
0.64385735352
0.6409359890799999
0.63200576264
0.6284571538
0.62989995072
0.6400555508800001
0.6500518718000001
0.6350192900400001
0.63303309228
0.6445426978800001
0.6553471783600001
0.6691089313200002
0.64294835344
0.62177280096
0.60611649688
0.6059121380000001
0.6253648182
0.63875097712
0.64460807184
0.63643124088
0.62993430856
0.6360277247999998
0.64104367296
0.6449678371199999
0.6428768659199998
0.6413332842799998
0.6518496187999999
0.6596756213199998
0.6558553029599998
0.6419035635999998
0.6236669561599999
0.6080263637599999
0.6069430125999998
0.5956771217199999
0.5945380669199999
0.5949138943999999
0.5979842149999999
0.6189898367999999
0.63744136668
0.65272900432
0.64975276644
0.6477600985999998
0.64460033344
0.6387223743199999
0.62684041164
