0.7244815443666666
0.7180543314999998
0.7533575258999998
0.7321903930999998
0.7135760526666665
0.7072585588999998
0.6981524151999997
0.6874476146
0.6783897089333332
0.6702146884999999
0.6633238633666666
0.6798260071666665
0.7066187563666665
0.7083044930333333
0.6936916203999998
0.6890829948666665
0.6850122021666664
0.6785626999
0.6751008836999998
0.6726066149666665
0.6689975497666666
0.6816801800333333
0.6892559232666665
0.7168897585999999
0.7095648466333332
0.6993956170666666
0.6971232768
0.6866147834333334
0.6772016081666669
0.6802080432000002
0.6827754740666666
0.6846112077666667
0.6892149870666666
0.7046603322999998
0.7066212503333333
0.6929367748333333
0.6910033582333334
0.6869945117666667
0.6852743772000002
0.6848848396
0.6854851993
0.6833160538333333
0.6855048914999998
0.6960583177666666
0.7103010515666666
0.7038437643666667
0.6946687110666667
0.7023784677666666
0.7074772188999998
0.7087103034666666
0.7106257835
0.7073451209666667
0.7091094180333334
0.7128582540333334
0.7181660881333333
0.7180714358333333
0.7086209390333332
0.7112367278333331
0.7065601933333332
0.7079775956999997
0.7044511792666666
0.7041553100666665
0.7027126201333334
0.7047962084333333
0.7185173567
0.7357708592000002
0.7365021470333334
0.7323564467666668
0.7299154336000001
0.7339225345000001
0.7359736905333334
0.7317906302
0.7255677782
0.7157322046333332
0.7097336970333333
0.7116374269666665
0.7275237115999998
0.7184169678666665
0.7043487710333332
0.6984309339999999
0.6995000296999999
0.6972727584666666
0.7010441985333333
0.7013509091666668
0.7015543022666667
0.7094949748666667
0.716525127
0.7199960500333334
0.7284594351333334
0.7110038553333332
0.7070552504333334
0.7057424655333333
0.7010531385666668
0.7050642537999999
0.7060939251000001
0.7015620830000002
0.7020393893333334
0.7080269117333334
0.7171606601666668
0.7051212300666666
0.6971681264333333
0.6940305366666666
0.6905660082666666
0.6987383450999999
0.7075712422999997
0.7183117570666664
0.7169449515666664
0.7201205455666665
0.7241169592333332
0.7332611094333333
0.7245226310666666
0.7149978962333333
0.701328508
0.6887119797000002
0.6972715140000001
0.7069384841000002
0.7102142236333334
0.7133061670000002
0.7008593922666667
0.7123478411333334
0.7088863344666668
0.7111059068666667
0.7131333240666667
0.7006128818666667
0.6929200053666666
0.6920052214333334
0.6959037567
0.7029762237666666
0.6996404867999999
0.7016026703999999
0.7055081860666664
0.7154723440999998
0.7262160466333332
0.7266748852999999
0.7183094249333332
0.7136134966666666
0.7085794713333334
0.7083481597333334
0.7173423176666668
0.6990293419000003
0.7012079454333335
0.7002531592333335
0.7086200327333336
0.7200467627666669
0.7181697891666668
0.7090389602666666
0.7061599457
0.7020317332000001
0.7154029966666666
0.7119412151
0.7143218505333334
0.7085197520000002
0.7092246491333335
0.7237032643000002
0.7276184729333335
0.7300290550666669
0.7229625491000002
0.7119526680666669
0.7059274759333334
0.7087155634000002
0.6978371830000002
0.6882277670333335
0.6808737735666668
0.681240261
0.6901416663333335
0.6973111799000001
0.6977928914333335
0.6977565585333335
0.6978643235000003
0.7142342069333335
0.7086316843666668
0.7072016462333334
