0.6912369446
0.6886763995999999
0.9546175566
0.9766483887999999
0.9872478246
0.9866912323999999
0.8661456383999999
0.66683442
0.5742059721999999
0.5302842036000001
0.49679061860000007
0.5836777158
0.7495441024
0.8090704338000002
0.8175068231999999
0.839233517
0.7870436279999999
0.7397081167999999
0.554842321
0.5393987572000001
0.5054042786
0.551497663
0.6089950926000001
0.7981834612
0.8081192766
0.8275326750000002
0.8312849442000001
0.8004458669999999
0.6801917815999999
0.5988994308000001
0.5878990318
0.5692649018
0.5591580888000001
0.6538442838
0.7270796396
0.7230830592
0.7561871902
0.7818612706
0.7536946768
0.6711457949999999
0.6513454076
0.6147948858000001
0.5812077635999999
0.6098487778000001
0.6909967906000001
0.7187208464000001
0.7670514952
0.8038674570000002
0.8055755703999999
0.7611481471999999
0.6877926824
0.6441562436
0.5931482536
0.5600545586
0.631978456
0.727811817
0.75621253
0.8160470887999999
0.8449441264
0.7573786736
0.6488668364000001
0.6076178046
0.545835237
0.5375285532
0.5966611752000001
0.678373606
0.7100633638
0.772923549
0.8183983202
0.8236430668000001
0.761496798
0.6829108292
0.6824492212
0.6783621846
0.681452302
0.7594129612
0.8431099546
0.8442531585999999
0.8378617812
0.8178828552
0.7324665963999999
0.6518111519999998
0.6059121124
0.5222661944
0.5708475014000001
0.6460902776
0.7294187562
0.7649024426000001
0.8343602169999998
0.8206172396
0.836784916
0.8016988264
0.7236981968
0.6882439041999999
0.6890922420000001
0.679590594
0.6817942628
0.7321915376
0.7332989463999999
0.6785100419999999
0.6154792166
0.6573093176
0.6395443592000001
0.610061583
0.6136357238000001
0.6865885776
0.6616042357999999
0.7400165426
0.81987461
0.8366230648
0.7924362674000001
0.7673253632
0.7196232214000001
0.6849173502
0.6275448198
0.631451931
0.6647227874
0.6512449738
0.693989129
0.7911576582000001
0.8038259114
0.7794803692
0.7655408358
0.7608223424
0.6832560718
0.6532268546
0.6337411468
0.6274261167999999
0.622765056
0.6932101154000001
0.7423410004
0.7947958070000001
0.816871583
0.7623332678000001
0.7677749265999999
0.7238538215999999
0.6499219037999999
0.6272643172000001
0.6074447328
0.6206854922
0.6869313856000001
0.7386233276
0.7914891754
0.7578018256
0.7180027826
0.6431390332
0.6700728868
0.6502079162
0.6925100665999999
0.6745906436
0.7025392332
0.6882674682000001
0.704598234
0.754987972
0.735352062
0.7342446424
0.7511526712000001
0.7668650539999999
0.784971447
0.7934506426000001
0.790972864
0.7534385704
0.7096642616
0.706337862
0.6520944284000001
0.6494205142
0.5999640312000001
0.6288955552
0.6236714034
0.7355281758
0.7339174745999999
0.7740640464
0.7519593781999999
0.729939229
0.6806313382000001
0.6748363748000001
0.6842317245999999
0.6933654118
0.7423116724
0.7686541906
0.7967824604
0.7749242507999999
0.7209663475999999
0.6483332418
0.6219346048
0.54109341
0.5427439788
0.580391687
0.6368481574
0.6820072602
0.7878168454000001
0.8108293168000001
0.8109609713999999
0.806082237
0.7966496719999999
0.717343541
0.65641656
