0.7295124699333333
0.7182298222666667
0.7964118323333333
0.7930929846
0.7850429032000001
0.7813427105333335
0.7525075695333335
0.7266185331333332
0.6538852531333332
0.6373495775333333
0.6233763462666667
0.6510304628666668
0.7093210744666667
0.7311527555333334
0.7312640261999999
0.7328834608666666
0.7314709593999998
0.7246338579333333
0.6853535833999999
0.6565493621999999
0.6482050634666666
0.6598572211999999
0.6643591342666666
0.7193525504666666
0.7211455830666667
0.7225608188666667
0.7284099176000001
0.7229871382666668
0.7040518908666668
0.6738303335999999
0.6617736905333333
0.6542466913333335
0.6484987118
0.6822560370666666
0.7070660131333333
0.7080706490666665
0.7220295302666665
0.7317960596666666
0.7329731883999998
0.7157251476666667
0.6933968219333333
0.6827551516666666
0.6673339947999999
0.6664320300666664
0.7023564731999999
0.7192244125999998
0.7305575510666666
0.7459200094
0.7441391965333332
0.7235166380666667
0.6942764515333334
0.6754407124666667
0.6577264874
0.6541551491333334
0.6710527099333334
0.6937974314000002
0.6995331899333334
0.7197280479333334
0.7425714118000001
0.7347757095333333
0.7059583328
0.6763061717333334
0.6754623622
0.6857095874000001
0.7082705630666667
0.7418613600666667
0.7543553449333333
0.7758234810666667
0.7868305123333333
0.7811262470666667
0.7574945214
0.7331001720000001
0.7184996928666667
0.6864403786000002
0.6967530536000002
0.7184834675333335
0.7483869560666669
0.7460625191333334
0.7392935933333333
0.7439717987333333
0.7450610092666667
0.7342414029333334
0.7047652762666666
0.687630707
0.6996081917999999
0.7275944061333333
0.7441865751333334
0.7477932299333333
0.7612203226666666
0.7394648220666667
0.7201137900666665
0.7219918334
0.7065133123999999
0.6853496144666665
0.6682365003333331
0.6690239932666666
0.6751561119333334
0.7118869243333334
0.7289436280000001
0.7174746384666668
0.7062983027333334
0.7051521523333333
0.7080138923333332
0.7130369134666665
0.6993975774
0.7105506969333334
0.7059689693333334
0.7114104574666668
0.7404436848666669
0.7596240496000001
0.7498708940666668
0.7447998367333334
0.7206570970666667
0.7217405182000001
0.7099767252666667
0.7052925487333331
0.7000358413999999
0.6881634541999998
0.6984896969999999
0.7296396890666664
0.7402680172
0.7420836583333333
0.7430243168666666
0.7216245024666667
0.7206551038000001
0.7124286432666668
0.6991490486
0.6966052902000002
0.6713493937333334
0.6998969563333334
0.7229911017999999
0.7327207887333332
0.7514178894666668
0.714201573
0.7075153898
0.6900410389333334
0.6927168738666667
0.6958605069333333
0.6921734554
0.6796592927333334
0.6877451692
0.7089301519333334
0.7246954397333333
0.7438701186666666
0.7183858602
0.7022181368000001
0.7121853404
0.7151145990666667
0.7527047332
0.7424820867333334
0.7524207474666669
0.7403845540666668
0.7365193899333334
0.7590827812000001
0.7346325340666666
0.7323461824666667
0.7088843114666666
0.7099656107999999
0.7124966865333333
0.7342017733333334
0.7324006692
0.718083553
0.7074691810666667
0.6975792675333333
0.6999401866666665
0.6944098111333332
0.6940962037999999
0.6993469443999999
0.7056622163333333
0.7358537547333334
0.7423070276666667
0.7515188834
0.7288216013333334
0.7151301077333334
0.6998225676666666
0.6810804479333332
0.6757285414666666
0.6715916033999999
0.6823709787333333
0.6972958166
0.7153860122666665
0.7160634309999999
0.7114080338666665
0.7053628477333334
0.7081765785999999
0.6890415783333332
0.6778632345333334
